1.320330000000000046e+67
3.603610000000000158e+70
7.201269999999999618e+73
4.167760000000000058e+78
4.757879999999999998e+79
3.456030000000000180e+84
5.788430000000000014e+81
1.397700000000000035e+83
1.718369999999999855e+82
4.244099999999999972e+82
7.055979999999999919e+81
9.117489999999999633e+81
1.881999999999999987e+83
7.224839999999999538e+80
1.771220000000000133e+82
5.633599999999999766e+80
1.362419999999999999e+80
4.097939999999999639e+78
1.314880000000000066e+82
5.681549999999999940e+81
8.684730000000000234e+82
9.885409999999999396e+82
4.789620000000000076e+82
7.619780000000000074e+81
1.833629999999999939e+82
8.273729999999999611e+81
1.010900000000000026e+82
1.350170000000000055e+81
2.127059999999999987e+77
2.220949999999999997e+79
1.751919999999999920e+78
2.276320000000000146e+74
1.330380000000000088e+75
1.794569999999999948e+74
8.447660000000000124e+73
1.886069999999999833e+75
3.147599999999999757e+74
4.359329999999999884e+73
1.198559999999999999e+76
5.944679999999999890e+77
6.032360000000000516e+76
6.425680000000000040e+81
3.347849999999999680e+82
3.627099999999999891e+80
3.389360000000000054e+81
2.956230000000000142e+82
3.229150000000000197e+81
3.516610000000000138e+77
1.721279999999999854e+79
5.135250000000000156e+81
5.347170000000000267e+83
4.170800000000000238e+83
2.950430000000000019e+82
3.473079999999999820e+84
1.819719999999999859e+85
7.196369999999999936e+85
5.209359999999999873e+81
1.031610000000000028e+80
3.897260000000000183e+80
1.327379999999999892e+83
2.407260000000000131e+79
2.893189999999999775e+80
1.031999999999999968e+81
4.470550000000000151e+77
1.426130000000000009e+78
1.357589999999999941e+76
2.468180000000000190e+78
2.643769999999999966e+77
2.883970000000000074e+79
6.312820000000000033e+77
5.899040000000000422e+76
5.020520000000000134e+76
4.274449999999999812e+76
1.219680000000000123e+80
1.362100000000000000e+79
1.163890000000000027e+86
2.116160000000000039e+88
9.240080000000000838e+87
2.492489999999999966e+87
3.110270000000000077e+84
4.113479999999999900e+81
2.039030000000000036e+76
6.537290000000000149e+76
5.305280000000000341e+75
2.029349999999999884e+77
6.610060000000000064e+74
5.691929999999999787e+72
1.115539999999999992e+74
8.043069999999999706e+77
1.067420000000000065e+79
2.210879999999999843e+76
6.418349999999999795e+77
5.373500000000000282e+78
8.513989999999999980e+78
3.556090000000000134e+81
1.471820000000000069e+84
1.848539999999999903e+86
1.338389999999999960e+88
1.733639999999999889e+85
1.014880000000000050e+84
1.750380000000000096e+83
1.319149999999999988e+82
5.801019999999999607e+81
1.168260000000000025e+83
1.351170000000000024e+80
1.860850000000000053e+81
3.038449999999999947e+81
6.188699999999999742e+78
4.409319999999999783e+79
6.221139999999999749e+81
4.063970000000000030e+82
7.371170000000000028e+82
2.472360000000000125e+84
1.345650000000000044e+82
3.221799999999999941e+83
6.922570000000000361e+83
5.668040000000000032e+80
2.289620000000000039e+78
1.914010000000000187e+75
5.173620000000000007e+76
2.372240000000000032e+75
1.367479999999999926e+77
1.316829999999999917e+78
4.008660000000000078e+77
3.308260000000000073e+79
1.848740000000000039e+78
2.696340000000000085e+78
2.227939999999999991e+76
4.787820000000000082e+76
1.699329999999999920e+78
8.241779999999999920e+76
5.135110000000000098e+76
5.366770000000000341e+77
1.037980000000000021e+77
2.001970000000000074e+80
2.074559999999999938e+80
1.247760000000000025e+83
3.759699999999999843e+84
6.322829999999999849e+83
3.223670000000000081e+84
2.989089999999999981e+85
7.941089999999999468e+85
1.014819999999999941e+82
1.974619999999999995e+83
6.947049999999999801e+82
1.669670000000000087e+81
8.545749999999999985e+80
6.747449999999999573e+79
1.310649999999999984e+78
3.688260000000000229e+79
4.773909999999999517e+77
1.468029999999999894e+77
1.124500000000000024e+76
9.946549999999999870e+78
4.884540000000000066e+82
1.233529999999999942e+81
3.872579999999999981e+79
3.787769999999999905e+81
1.092690000000000066e+85
1.052069999999999977e+80
1.879569999999999902e+81
2.794659999999999890e+79
4.325349999999999814e+79
7.955680000000000116e+82
7.555260000000000344e+86
2.176900000000000104e+84
2.433010000000000060e+86
7.763209999999999845e+84
9.759950000000000444e+82
1.358669999999999920e+80
2.400510000000000054e+80
5.796160000000000013e+77
2.010189999999999848e+75
4.211479999999999927e+72
1.991790000000000090e+76
4.111400000000000319e+76
1.385910000000000022e+78
2.607289999999999974e+77
7.466890000000000732e+78
1.887550000000000132e+79
4.522420000000000232e+79
4.284989999999999823e+74
1.669910000000000137e+76
1.204910000000000080e+74
6.168640000000000170e+78
3.712700000000000152e+78
9.520920000000000793e+78
1.212710000000000009e+79
2.199339999999999918e+80
2.315099999999999865e+82
2.707549999999999882e+87
3.437510000000000052e+85
7.750540000000000284e+83
4.835560000000000376e+81
2.792170000000000035e+82
1.697320000000000041e+81
7.758830000000000072e+79
4.565560000000000172e+77
1.244939999999999923e+79
1.261749999999999887e+80
1.178300000000000035e+82
8.520889999999999458e+82
2.490599999999999951e+85
3.997440000000000069e+83
3.055859999999999726e+82
7.302209999999999810e+77
1.409969999999999940e+77
3.335290000000000109e+77
6.861559999999999921e+75
2.465659999999999941e+71
1.432239999999999882e+70
7.327950000000000211e+73
7.840830000000000134e+73
2.930080000000000146e+73
8.410580000000000488e+71
8.011190000000000027e+75
8.512959999999999854e+76
2.174269999999999855e+78
6.292179999999999739e+81
2.991609999999999839e+80
7.797060000000000377e+79
1.129930000000000024e+77
7.890899999999999502e+76
1.354440000000000036e+76
2.887760000000000100e+77
4.077630000000000119e+76
5.097310000000000322e+78
1.489839999999999940e+81
7.031819999999999717e+85
1.496940000000000062e+85
2.143239999999999943e+84
4.127489999999999759e+83
7.223930000000000109e+81
4.204189999999999916e+79
5.044480000000000109e+78
5.853810000000000131e+79
9.249470000000000902e+74
5.349579999999999810e+71
8.132640000000000322e+74
5.348810000000000462e+74
3.346249999999999898e+77
1.190649999999999991e+78
1.089969999999999964e+80
5.411390000000000280e+80
8.253260000000000802e+84
5.082480000000000323e+87
1.785140000000000000e+91
3.415409999999999725e+88
1.572870000000000101e+87
3.906750000000000161e+86
3.787249999999999827e+84
1.839160000000000131e+86
1.588850000000000035e+84
7.544930000000000172e+81
1.875309999999999946e+83
3.780720000000000177e+81
1.518359999999999945e+80
1.099939999999999926e+75
1.098629999999999982e+76
6.368179999999999535e+74
1.275569999999999955e+75
7.254189999999999685e+77
7.049929999999999686e+78
1.555460000000000099e+80
7.883600000000000063e+79
1.747350000000000004e+79
3.238340000000000224e+82
6.787780000000000343e+79
2.112589999999999807e+78
4.572919999999999978e+76
1.086439999999999936e+77
1.893730000000000094e+73
4.709090000000000193e+75
1.331050000000000053e+76
5.223249999999999994e+79
1.782039999999999890e+83
8.178320000000000285e+80
2.333400000000000063e+80
5.820399999999999937e+77
1.219379999999999906e+80
1.967469999999999924e+76
3.236179999999999979e+78
1.032049999999999984e+77
4.065200000000000053e+78
5.019349999999999780e+79
1.666669999999999960e+77
1.293060000000000027e+79
8.283590000000000126e+79
1.213010000000000055e+81
1.354540000000000035e+79
2.255980000000000118e+77
2.061080000000000008e+76
3.787120000000000164e+76
7.232579999999999954e+76
1.085510000000000011e+77
1.297860000000000010e+79
6.071310000000000449e+82
6.210040000000000188e+82
4.202469999999999636e+84
2.630729999999999983e+84
1.555719999999999989e+81
4.887109999999999783e+81
1.486760000000000103e+83
9.744859999999999956e+82
3.381259999999999777e+80
7.936650000000000344e+80
1.208829999999999965e+79
3.928339999999999901e+78
1.106549999999999968e+80
9.752339999999999332e+78
5.317910000000000252e+79
3.580699999999999855e+80
2.787550000000000139e+83
3.733499999999999934e+82
2.390409999999999945e+81
9.004459999999999991e+77
1.318139999999999882e+80
8.774169999999999850e+77
4.709709999999999946e+79
1.664409999999999976e+78
1.075640000000000008e+80
2.096180000000000006e+80
2.978820000000000136e+80
5.602780000000000503e+80
4.501219999999999861e+81
2.362579999999999860e+81
2.113920000000000130e+80
4.566730000000000182e+77
4.118509999999999869e+78
1.947699999999999932e+79
1.079849999999999929e+81
4.317749999999999759e+79
4.576730000000000135e+80
4.544389999999999676e+79
4.228150000000000272e+76
8.047730000000000329e+76
5.347669999999999731e+75
9.933480000000000128e+78
1.340210000000000013e+80
1.980680000000000142e+78
1.603899999999999938e+78
1.331679999999999916e+81
4.187150000000000282e+82
1.543799999999999964e+83
3.222329999999999716e+82
3.222820000000000042e+80
2.112510000000000005e+80
2.512300000000000169e+81
7.152130000000000062e+80
2.868740000000000141e+82
3.194049999999999925e+83
2.225760000000000048e+85
6.407889999999999789e+86
2.907440000000000099e+85
1.585559999999999910e+85
9.781879999999999870e+86
1.261710000000000137e+86
8.893799999999999508e+86
3.701419999999999928e+82
5.274880000000000082e+81
5.371759999999999972e+77
1.343319999999999987e+77
6.242460000000000215e+76
3.328270000000000047e+77
6.019109999999999894e+76
2.970509999999999863e+77
1.796700000000000047e+78
2.602400000000000132e+76
7.467219999999999997e+78
9.479780000000000332e+78
1.073980000000000005e+76
3.452200000000000032e+77
1.500389999999999927e+79
2.570760000000000075e+78
4.367530000000000321e+78
8.247210000000000161e+74
6.937219999999999633e+73
1.418950000000000026e+74
5.323769999999999668e+78
1.509989999999999935e+78
2.868809999999999974e+81
1.138949999999999917e+81
1.447760000000000002e+79
5.039839999999999932e+76
1.751950000000000062e+81
2.373499999999999887e+79
2.593930000000000025e+80
7.907089999999999650e+77
1.654690000000000064e+81
5.345579999999999896e+81
9.910790000000000439e+80
5.135120000000000238e+80
6.502460000000000320e+81
1.321720000000000094e+77
3.633280000000000170e+75
8.750890000000000184e+74
7.491790000000000349e+74
3.447580000000000188e+79
2.930220000000000056e+75
1.620159999999999976e+78
1.406929999999999879e+80
2.267100000000000027e+80
3.130869999999999884e+80
6.221320000000000090e+81
2.544459999999999840e+81
3.300349999999999684e+82
1.500739999999999961e+81
3.949400000000000298e+81
3.383350000000000096e+82
8.022850000000000697e+81
8.584029999999999785e+82
2.729350000000000119e+83
6.440239999999999918e+84
2.510340000000000097e+85
1.120099999999999942e+87
3.063499999999999888e+82
2.368420000000000119e+83
1.552750000000000012e+84
7.855899999999999686e+80
5.830829999999999886e+79
5.197409999999999788e+77
1.445490000000000057e+78
1.625650000000000070e+80
6.784650000000000019e+78
1.293159999999999958e+75
2.290030000000000009e+77
8.546330000000000513e+77
5.884639999999999721e+77
2.691469999999999944e+79
2.126409999999999946e+76
2.583960000000000044e+76
1.471330000000000060e+76
1.131259999999999974e+79
7.059190000000000365e+78
6.664050000000000379e+74
4.769249999999999672e+72
9.396279999999999823e+74
1.170990000000000068e+75
1.294390000000000086e+75
3.101010000000000153e+75
4.058569999999999695e+76
2.651369999999999857e+79
2.652160000000000227e+80
1.172510000000000026e+79
1.749620000000000072e+78
5.773219999999999860e+81
9.448240000000000167e+79
2.087259999999999961e+77
2.697979999999999758e+77
1.026050000000000031e+78
5.393809999999999596e+78
4.837160000000000067e+79
3.534120000000000005e+81
2.044860000000000204e+81
9.086870000000000332e+82
6.383089999999999812e+81
1.857189999999999967e+83
1.688309999999999892e+83
1.053220000000000080e+81
3.721900000000000366e+78
4.022520000000000331e+82
4.594739999999999990e+82
8.835319999999999887e+81
1.229519999999999973e+80
3.729860000000000063e+77
4.735900000000000038e+79
5.406720000000000012e+82
2.883549999999999950e+82
2.664890000000000205e+77
1.317980000000000047e+79
1.103510000000000034e+83
1.062789999999999980e+83
3.378350000000000141e+86
1.203039999999999995e+88
3.371699999999999815e+83
8.354980000000000450e+84
5.221690000000000060e+84
1.345919999999999970e+85
1.700419999999999896e+81
1.614890000000000116e+80
1.483970000000000021e+79
3.686960000000000254e+79
1.526360000000000114e+80
1.859210000000000060e+81
1.471669999999999884e+83
3.175300000000000128e+84
1.772069999999999940e+81
8.587190000000000136e+79
7.722500000000000439e+79
4.260980000000000025e+79
5.061619999999999665e+75
3.607590000000000308e+73
2.214279999999999888e+72
1.337619999999999991e+74
1.298920000000000060e+78
2.997420000000000100e+77
9.731290000000000051e+75
3.720429999999999678e+78
1.441420000000000094e+80
2.296619999999999895e+81
1.557300000000000043e+80
4.881399999999999963e+79
7.720019999999999485e+76
6.030789999999999551e+77
3.046949999999999708e+73
1.513529999999999935e+71
9.578870000000000538e+73
7.386630000000000455e+76
6.918770000000000481e+77
1.303670000000000095e+78
3.337400000000000268e+76
9.567780000000000473e+72
3.100090000000000065e+77
1.006589999999999939e+75
1.318679999999999944e+76
3.663170000000000246e+75
2.401329999999999837e+77
8.435179999999999821e+79
2.557199999999999857e+81
1.501460000000000077e+84
6.170140000000000057e+84
5.090529999999999960e+85
7.607350000000000033e+84
5.457329999999999905e+82
1.030930000000000071e+81
7.644459999999999653e+83
6.779889999999999844e+84
8.427779999999999944e+83
4.334200000000000028e+81
5.645350000000000015e+80
5.011240000000000217e+78
5.889410000000000385e+80
9.668139999999999667e+79
6.450950000000000134e+79
2.854099999999999897e+79
8.571610000000000503e+76
4.760170000000000294e+81
6.906199999999999778e+80
4.722000000000000395e+78
3.398459999999999800e+77
3.795539999999999706e+79
3.514510000000000179e+81
1.745030000000000083e+82
1.964040000000000007e+77
2.569669999999999998e+77
4.087000000000000039e+77
8.773030000000000689e+78
6.981430000000000233e+76
9.913500000000000271e+75
1.639060000000000095e+78
1.316040000000000048e+81
9.799460000000000270e+80
6.160839999999999827e+78
2.177710000000000123e+80
1.323749999999999917e+82
1.181449999999999936e+85
2.109609999999999992e+83
1.076790000000000074e+82
1.921810000000000123e+81
1.301149999999999985e+81
4.461569999999999837e+79
1.417729999999999956e+79
1.914389999999999882e+79
4.903479999999999984e+78
1.998309999999999819e+78
2.012580000000000051e+79
2.136709999999999912e+79
2.991919999999999914e+79
7.644700000000000320e+76
8.925149999999999854e+77
4.319139999999999744e+75
5.031209999999999915e+78
5.877239999999999922e+76
4.207779999999999799e+77
4.809980000000000208e+78
1.042929999999999904e+81
1.884390000000000088e+81
2.686719999999999990e+82
3.907779999999999858e+79
1.749450000000000140e+79
6.962409999999999738e+75
2.355430000000000159e+76
2.795469999999999870e+75
8.853709999999999848e+77
7.517189999999999837e+80
3.040909999999999847e+83
2.261790000000000050e+83
3.455970000000000343e+85
9.501500000000000579e+88
4.345550000000000215e+84
1.868929999999999995e+86
2.762939999999999988e+83
2.276260000000000053e+81
3.632179999999999914e+80
6.789909999999999725e+79
3.312040000000000122e+80
5.507989999999999693e+76
1.676479999999999928e+77
8.187860000000000042e+76
2.873490000000000115e+77
1.158190000000000046e+76
1.303239999999999909e+75
8.659249999999999465e+76
3.862990000000000112e+74
9.279019999999998984e+77
1.908670000000000124e+79
1.076240000000000008e+77
2.136230000000000013e+80
5.736130000000000196e+77
2.118310000000000141e+79
1.179820000000000068e+82
5.693290000000000357e+81
1.957389999999999866e+82
3.978600000000000074e+81
2.615830000000000068e+80
1.516669999999999894e+83
1.951090000000000002e+83
6.810190000000000257e+84
5.516649999999999815e+81
8.688680000000000149e+82
3.173039999999999851e+82
1.309839999999999898e+87
1.029559999999999940e+89
4.824680000000000152e+87
1.732680000000000002e+87
6.472830000000000429e+85
5.542139999999999580e+83
7.168929999999999786e+82
6.861899999999999698e+77
1.886240000000000011e+76
1.989649999999999904e+76
2.485350000000000019e+81
5.770120000000000300e+82
3.182080000000000042e+82
6.695350000000000330e+83
8.757229999999999412e+82
8.407369999999999478e+83
6.232569999999999486e+82
2.056309999999999941e+82
5.837900000000000052e+82
2.533650000000000200e+81
3.315939999999999846e+82
6.535870000000000017e+81
2.655639999999999795e+80
2.012440000000000064e+80
5.992339999999999744e+80
1.146189999999999970e+79
3.638060000000000116e+78
3.949820000000000203e+76
5.333289999999999746e+73
1.992730000000000156e+72
7.442379999999999386e+75
8.939829999999999603e+76
6.280760000000000098e+75
1.877290000000000155e+78
3.765329999999999913e+78
5.363699999999999864e+79
6.566400000000000158e+81
1.897009999999999935e+82
5.050630000000000385e+81
2.083249999999999838e+82
7.425449999999999831e+81
3.057399999999999927e+81
2.973929999999999917e+78
2.044579999999999861e+81
2.971909999999999735e+76
2.653490000000000039e+79
2.048060000000000019e+76
1.113100000000000046e+78
4.028130000000000006e+73
1.827469999999999961e+73
1.714149999999999991e+76
1.253409999999999970e+79
1.882229999999999879e+77
8.340840000000000450e+76
4.400199999999999881e+75
4.355369999999999878e+75
1.068939999999999997e+77
1.486560000000000062e+77
5.369170000000000209e+78
1.111530000000000095e+81
1.177719999999999915e+84
1.601560000000000109e+83
1.047060000000000005e+86
4.747199999999999978e+85
2.020939999999999899e+83
1.589900000000000070e+85
1.845940000000000032e+82
6.757219999999999759e+79
7.837210000000000257e+75
1.849829999999999877e+74
2.045419999999999977e+73
1.415810000000000152e+73
1.834749999999999990e+74
5.791449999999999945e+78
2.902050000000000110e+80
1.564529999999999897e+83
5.736129999999999748e+81
3.435529999999999854e+80
1.925799999999999972e+83
9.289259999999999409e+79
2.011599999999999878e+80
7.500510000000000410e+81
8.939459999999999736e+82
5.940090000000000027e+82
6.986370000000000245e+79
3.722759999999999759e+77
1.411520000000000079e+79
6.200809999999999661e+76
4.555440000000000100e+76
1.642190000000000049e+79
1.794029999999999939e+78
1.403420000000000078e+80
3.325980000000000059e+81
2.519510000000000061e+85
1.732700000000000044e+84
8.821660000000000609e+82
9.866609999999999956e+79
5.098209999999999887e+79
8.048569999999999378e+79
2.522860000000000057e+78
1.823500000000000104e+81
5.330660000000000127e+80
6.104189999999999583e+77
5.703500000000000036e+79
2.328609999999999983e+82
3.687640000000000079e+80
2.733210000000000049e+80
4.153779999999999806e+80
7.550189999999999681e+78
3.396749999999999721e+79
2.518759999999999927e+79
1.868990000000000122e+77
1.759759999999999901e+80
6.087569999999999842e+78
1.071520000000000047e+80
1.127580000000000014e+81
3.016990000000000108e+79
5.039289999999999739e+79
1.508180000000000042e+78
1.450420000000000136e+76
2.353739999999999923e+77
1.290310000000000067e+79
2.246090000000000036e+76
6.512639999999999690e+76
2.654049999999999896e+75
1.168659999999999951e+74
2.749740000000000032e+72
9.568370000000000067e+72
3.468289999999999932e+74
4.475879999999999913e+77
2.180690000000000143e+76
5.718260000000000306e+78
1.780060000000000015e+78
1.163340000000000043e+79
2.247249999999999926e+78
1.775090000000000059e+77
1.942050000000000024e+77
7.261719999999999788e+78
1.806320000000000018e+77
9.438430000000000302e+77
6.877950000000000022e+81
4.305079999999999748e+81
6.457569999999999786e+78
3.398880000000000173e+77
8.302759999999999826e+78
1.174939999999999954e+80
1.932770000000000187e+81
6.806619999999999689e+82
4.815380000000000088e+85
1.566550000000000008e+84
1.318549999999999874e+83
4.507890000000000003e+83
8.164669999999999794e+83
3.004269999999999934e+84
2.844759999999999991e+80
7.380080000000000470e+80
1.512600000000000044e+82
2.907359999999999948e+86
1.344810000000000026e+82
5.254629999999999864e+80
5.145770000000000042e+79
1.946560000000000000e+77
1.841970000000000130e+76
8.326630000000000261e+76
1.524399999999999933e+76
1.759199999999999921e+77
6.619899999999999555e+79
1.738370000000000111e+77
5.395149999999999826e+78
1.647619999999999975e+79
1.928680000000000077e+79
1.585340000000000052e+78
1.114810000000000099e+75
2.302379999999999987e+78
2.121369999999999971e+75
2.131729999999999934e+78
1.213930000000000001e+80
8.988609999999999514e+80
1.555859999999999950e+81
