1.320330000000000046e+67
3.603610000000000158e+70
7.201269999999999618e+73
4.167760000000000058e+78
4.757879999999999998e+79
3.456030000000000180e+84
5.788430000000000014e+81
1.397700000000000035e+83
1.718369999999999855e+82
4.244099999999999972e+82
7.055979999999999919e+81
9.117489999999999633e+81
1.881999999999999987e+83
7.224839999999999538e+80
1.771220000000000133e+82
5.633599999999999766e+80
1.362419999999999999e+80
4.097939999999999639e+78
1.314880000000000066e+82
5.681549999999999940e+81
8.684730000000000234e+82
9.885409999999999396e+82
4.789620000000000076e+82
7.619780000000000074e+81
1.833629999999999939e+82
8.273729999999999611e+81
1.010900000000000026e+82
1.350170000000000055e+81
2.127059999999999987e+77
2.220949999999999997e+79
1.751919999999999920e+78
2.276320000000000146e+74
1.330380000000000088e+75
1.794569999999999948e+74
8.447660000000000124e+73
1.886069999999999833e+75
3.147599999999999757e+74
4.359329999999999884e+73
1.198559999999999999e+76
5.944679999999999890e+77
6.032360000000000516e+76
6.425680000000000040e+81
3.347849999999999680e+82
3.627099999999999891e+80
3.389360000000000054e+81
2.956230000000000142e+82
3.229150000000000197e+81
3.516610000000000138e+77
1.721279999999999854e+79
5.135250000000000156e+81
5.347170000000000267e+83
4.170800000000000238e+83
2.950430000000000019e+82
3.473079999999999820e+84
1.819719999999999859e+85
7.196369999999999936e+85
5.209359999999999873e+81
1.031610000000000028e+80
3.897260000000000183e+80
1.327379999999999892e+83
2.407260000000000131e+79
2.893189999999999775e+80
1.031999999999999968e+81
4.470550000000000151e+77
1.426130000000000009e+78
1.357589999999999941e+76
2.468180000000000190e+78
2.643769999999999966e+77
2.883970000000000074e+79
6.312820000000000033e+77
5.899040000000000422e+76
5.020520000000000134e+76
4.274449999999999812e+76
1.219680000000000123e+80
1.362100000000000000e+79
1.163890000000000027e+86
2.116160000000000039e+88
9.240080000000000838e+87
2.492489999999999966e+87
3.110270000000000077e+84
