1.223329999999999984e+01
1.805880000000000152e+01
1.754949999999999832e+01
3.074429999999999907e+01
2.970159999999999911e+01
2.496529999999999916e+01
1.837610000000000099e+01
2.337059999999999960e+01
2.667040000000000077e+01
3.232529999999999859e+01
3.910889999999999844e+01
4.593769999999999953e+01
5.335719999999999885e+01
5.589280000000000115e+01
5.732580000000000098e+01
4.571589999999999776e+01
4.075750000000000028e+01
3.326270000000000238e+01
3.752459999999999951e+01
3.614419999999999789e+01
4.030619999999999692e+01
4.972890000000000299e+01
5.236650000000000205e+01
6.130369999999999919e+01
6.231669999999999732e+01
6.281810000000000116e+01
5.682920000000000016e+01
4.652729999999999677e+01
5.507909999999999684e+01
5.240100000000000335e+01
5.000450000000000017e+01
4.829240000000000066e+01
5.625930000000000319e+01
5.495349999999999824e+01
5.576310000000000144e+01
5.814560000000000173e+01
5.282800000000000296e+01
4.987960000000000349e+01
5.119369999999999976e+01
4.698980000000000246e+01
4.689260000000000161e+01
4.338660000000000139e+01
4.401469999999999771e+01
4.494610000000000127e+01
4.773319999999999652e+01
4.949289999999999878e+01
4.562950000000000017e+01
5.303020000000000067e+01
4.875569999999999737e+01
4.439500000000000313e+01
4.786509999999999820e+01
5.189750000000000085e+01
5.127190000000000225e+01
4.602499999999999858e+01
4.354440000000000310e+01
5.273479999999999990e+01
5.939589999999999748e+01
5.247050000000000125e+01
4.737720000000000198e+01
4.033950000000000102e+01
4.693970000000000198e+01
3.887550000000000239e+01
3.760090000000000288e+01
2.919650000000000034e+01
3.140360000000000085e+01
4.240299999999999869e+01
5.168710000000000093e+01
4.500900000000000034e+01
3.746659999999999968e+01
3.655060000000000286e+01
3.374490000000000123e+01
3.580499999999999972e+01
3.423949999999999960e+01
3.034979999999999833e+01
2.653760000000000119e+01
2.695149999999999935e+01
3.563250000000000028e+01
3.907509999999999906e+01
4.706640000000000157e+01
5.341429999999999723e+01
5.841340000000000288e+01
5.656629999999999825e+01
6.067470000000000141e+01
5.558619999999999806e+01
5.249949999999999761e+01
4.588479999999999848e+01
4.183229999999999649e+01
4.828900000000000148e+01
4.842099999999999937e+01
5.951140000000000185e+01
6.290859999999999985e+01
6.406510000000000105e+01
6.575130000000000052e+01
6.582150000000000034e+01
5.975269999999999726e+01
5.448640000000000327e+01
5.470009999999999906e+01
5.163210000000000122e+01
5.053090000000000259e+01
5.405069999999999908e+01
4.448080000000000211e+01
3.875070000000000192e+01
3.690050000000000097e+01
3.502600000000000335e+01
2.591059999999999874e+01
2.453910000000000124e+01
2.565759999999999863e+01
2.108980000000000032e+01
2.190569999999999951e+01
2.160399999999999920e+01
3.204290000000000305e+01
2.866550000000000153e+01
3.645739999999999981e+01
3.588479999999999848e+01
3.810049999999999670e+01
3.911540000000000106e+01
2.856700000000000017e+01
2.703430000000000177e+01
3.112770000000000081e+01
2.555890000000000128e+01
3.163690000000000069e+01
3.171849999999999881e+01
3.323360000000000269e+01
4.671329999999999671e+01
5.339350000000000307e+01
5.060549999999999926e+01
4.555210000000000292e+01
4.437389999999999901e+01
4.462789999999999679e+01
4.568180000000000263e+01
4.764909999999999712e+01
4.914410000000000167e+01
5.087689999999999912e+01
4.050489999999999924e+01
3.604509999999999792e+01
4.191190000000000282e+01
3.944380000000000308e+01
4.578170000000000073e+01
5.099819999999999709e+01
4.889679999999999893e+01
4.495940000000000225e+01
5.513790000000000191e+01
5.138909999999999911e+01
4.249479999999999791e+01
4.756869999999999976e+01
3.985040000000000049e+01
4.407070000000000221e+01
4.381289999999999907e+01
3.644480000000000075e+01
3.857180000000000319e+01
4.422070000000000078e+01
4.255180000000000007e+01
3.419650000000000034e+01
4.153099999999999881e+01
3.964789999999999992e+01
4.504050000000000153e+01
4.182309999999999661e+01
3.435139999999999816e+01
3.278090000000000259e+01
3.772950000000000159e+01
2.899099999999999966e+01
3.856629999999999825e+01
3.626899999999999835e+01
3.878549999999999898e+01
3.822639999999999816e+01
4.424519999999999698e+01
3.730859999999999843e+01
3.584470000000000312e+01
4.395069999999999766e+01
3.718169999999999931e+01
3.021300000000000097e+01
3.491530000000000200e+01
3.410779999999999745e+01
2.941229999999999833e+01
3.160490000000000066e+01
3.406560000000000343e+01
3.146770000000000067e+01
3.216550000000000153e+01
3.803320000000000078e+01
3.487960000000000349e+01
4.251780000000000115e+01
4.142049999999999699e+01
4.620470000000000255e+01
5.442600000000000193e+01
6.021090000000000231e+01
5.568919999999999959e+01
6.039970000000000283e+01
6.219330000000000069e+01
6.161200000000000188e+01
6.064820000000000277e+01
5.662660000000000338e+01
6.334640000000000271e+01
5.831369999999999720e+01
6.219650000000000034e+01
6.590240000000000009e+01
5.948559999999999803e+01
5.479610000000000269e+01
6.246329999999999671e+01
6.149819999999999709e+01
6.240659999999999741e+01
6.409520000000000550e+01
6.453249999999999886e+01
6.321399999999999864e+01
5.927740000000000009e+01
5.290500000000000114e+01
4.916149999999999665e+01
4.788329999999999842e+01
4.572590000000000288e+01
4.111990000000000123e+01
4.134759999999999991e+01
4.554740000000000322e+01
4.937290000000000134e+01
5.232240000000000180e+01
5.315019999999999811e+01
5.340789999999999793e+01
5.009199999999999875e+01
5.438830000000000098e+01
4.194700000000000273e+01
4.826680000000000348e+01
4.865520000000000067e+01
3.353730000000000189e+01
3.767490000000000094e+01
3.488389999999999702e+01
4.008059999999999690e+01
4.030989999999999895e+01
5.556510000000000105e+01
5.666749999999999687e+01
6.134380000000000166e+01
5.864050000000000296e+01
5.619959999999999667e+01
6.024940000000000140e+01
5.219360000000000355e+01
5.030669999999999931e+01
4.580440000000000111e+01
4.153670000000000329e+01
4.530539999999999878e+01
4.558659999999999712e+01
4.567799999999999727e+01
4.616020000000000323e+01
4.964759999999999707e+01
5.011019999999999897e+01
4.499069999999999681e+01
4.482880000000000109e+01
4.310560000000000258e+01
3.971479999999999677e+01
4.296430000000000149e+01
4.356989999999999696e+01
4.582350000000000279e+01
4.509049999999999869e+01
4.677510000000000190e+01
4.286789999999999878e+01
4.261990000000000123e+01
4.837199999999999989e+01
4.712049999999999983e+01
5.108979999999999677e+01
4.609579999999999700e+01
4.756479999999999819e+01
4.955519999999999925e+01
3.789030000000000342e+01
3.624340000000000117e+01
3.386070000000000135e+01
4.298550000000000182e+01
4.201709999999999923e+01
4.673780000000000001e+01
4.769210000000000349e+01
5.201700000000000301e+01
4.701780000000000115e+01
4.295850000000000080e+01
3.382079999999999842e+01
3.725820000000000221e+01
3.177629999999999910e+01
3.359170000000000300e+01
2.833630000000000138e+01
2.842399999999999949e+01
3.764309999999999690e+01
4.391479999999999961e+01
5.452009999999999934e+01
5.165550000000000352e+01
4.303730000000000189e+01
4.940149999999999864e+01
4.735969999999999658e+01
4.291369999999999862e+01
3.972440000000000282e+01
3.538870000000000005e+01
3.010320000000000107e+01
2.581859999999999999e+01
2.656749999999999901e+01
2.543390000000000128e+01
1.672680000000000078e+01
2.745039999999999836e+01
3.026940000000000097e+01
3.345300000000000296e+01
3.383449999999999847e+01
3.023930000000000007e+01
4.522480000000000189e+01
5.215619999999999834e+01
4.126279999999999859e+01
3.982719999999999771e+01
4.430469999999999686e+01
4.300690000000000168e+01
3.875280000000000058e+01
3.774419999999999931e+01
3.812919999999999732e+01
4.274260000000000304e+01
4.702689999999999770e+01
4.589600000000000080e+01
4.365780000000000172e+01
5.070870000000000033e+01
4.329220000000000113e+01
3.993469999999999942e+01
3.838589999999999947e+01
4.456779999999999831e+01
5.452770000000000294e+01
4.879610000000000269e+01
4.984960000000000235e+01
4.618039999999999878e+01
4.742580000000000240e+01
3.723919999999999675e+01
2.969450000000000145e+01
3.095919999999999916e+01
2.663119999999999976e+01
2.455359999999999943e+01
3.174259999999999948e+01
3.385430000000000206e+01
3.891170000000000329e+01
4.426089999999999947e+01
4.274329999999999785e+01
4.659680000000000177e+01
4.894789999999999708e+01
4.260370000000000346e+01
3.632169999999999987e+01
3.865829999999999700e+01
2.976719999999999899e+01
3.390780000000000172e+01
3.339730000000000132e+01
2.926749999999999829e+01
3.542710000000000292e+01
4.100370000000000203e+01
4.953990000000000293e+01
4.980660000000000309e+01
5.995839999999999748e+01
6.258659999999999712e+01
6.142060000000000031e+01
5.797209999999999752e+01
5.764779999999999660e+01
4.478199999999999648e+01
3.646549999999999869e+01
3.421759999999999735e+01
2.659590000000000032e+01
2.575009999999999977e+01
2.540569999999999951e+01
2.786880000000000024e+01
3.939829999999999899e+01
3.984599999999999653e+01
4.010470000000000113e+01
4.322259999999999991e+01
4.420609999999999928e+01
5.165229999999999677e+01
5.629749999999999943e+01
5.490769999999999840e+01
4.866429999999999723e+01
5.327190000000000225e+01
5.275719999999999743e+01
5.734199999999999875e+01
5.471970000000000312e+01
4.668789999999999907e+01
5.200119999999999720e+01
5.102069999999999794e+01
4.588810000000000144e+01
3.987149999999999750e+01
4.563219999999999743e+01
4.990290000000000248e+01
5.346430000000000149e+01
4.936910000000000309e+01
4.479610000000000269e+01
5.936599999999999966e+01
5.901160000000000139e+01
5.016100000000000136e+01
4.971699999999999875e+01
5.143540000000000134e+01
5.380740000000000123e+01
5.549539999999999651e+01
5.503549999999999898e+01
5.800030000000000285e+01
6.165749999999999886e+01
5.216060000000000230e+01
5.685669999999999646e+01
5.040729999999999933e+01
4.994830000000000325e+01
4.939719999999999800e+01
4.416579999999999728e+01
4.613580000000000325e+01
4.518169999999999931e+01
3.834360000000000213e+01
4.292519999999999669e+01
4.274799999999999756e+01
4.357090000000000174e+01
4.934309999999999974e+01
4.620819999999999794e+01
5.357039999999999935e+01
4.957829999999999870e+01
4.883359999999999701e+01
4.536039999999999850e+01
4.245589999999999975e+01
3.490169999999999817e+01
4.054059999999999775e+01
4.358420000000000272e+01
3.810470000000000113e+01
3.722800000000000153e+01
3.774260000000000304e+01
3.768399999999999750e+01
3.958709999999999951e+01
4.281609999999999872e+01
4.290789999999999793e+01
4.128679999999999950e+01
3.791530000000000200e+01
3.183530000000000015e+01
2.796420000000000172e+01
3.064290000000000092e+01
2.474510000000000076e+01
2.910800000000000054e+01
3.549099999999999966e+01
3.574799999999999756e+01
3.121620000000000061e+01
4.339589999999999748e+01
4.304209999999999781e+01
4.683279999999999887e+01
3.909759999999999991e+01
3.274569999999999936e+01
3.322630000000000194e+01
4.011419999999999675e+01
3.762639999999999674e+01
4.030590000000000117e+01
3.962859999999999872e+01
5.020539999999999736e+01
5.164920000000000044e+01
5.082979999999999876e+01
4.546479999999999677e+01
4.604359999999999786e+01
4.564379999999999882e+01
4.143569999999999709e+01
4.160900000000000176e+01
4.478520000000000323e+01
5.132099999999999795e+01
5.590120000000000289e+01
5.768439999999999657e+01
6.133189999999999742e+01
5.918509999999999849e+01
5.605949999999999989e+01
5.210540000000000305e+01
3.810810000000000031e+01
3.664220000000000255e+01
3.678949999999999676e+01
3.620250000000000057e+01
3.468730000000000047e+01
4.948940000000000339e+01
5.487939999999999685e+01
5.628119999999999834e+01
5.566879999999999740e+01
4.424000000000000199e+01
4.784089999999999776e+01
5.186889999999999645e+01
5.452709999999999724e+01
4.958050000000000068e+01
4.635370000000000346e+01
4.648930000000000007e+01
4.939079999999999870e+01
5.295580000000000354e+01
4.632150000000000034e+01
4.300930000000000319e+01
3.872930000000000206e+01
4.006770000000000209e+01
4.282009999999999650e+01
4.819590000000000174e+01
4.257200000000000273e+01
3.364370000000000260e+01
3.280259999999999820e+01
3.185109999999999886e+01
2.398270000000000124e+01
2.804909999999999926e+01
3.188370000000000104e+01
3.707110000000000127e+01
3.448930000000000007e+01
4.110669999999999646e+01
4.094809999999999661e+01
4.677089999999999748e+01
5.101910000000000167e+01
4.363839999999999719e+01
4.150540000000000163e+01
4.313779999999999859e+01
5.219610000000000127e+01
5.376959999999999695e+01
5.239829999999999899e+01
4.606329999999999814e+01
4.115090000000000003e+01
4.065350000000000108e+01
3.486010000000000275e+01
3.039179999999999993e+01
2.590569999999999951e+01
3.088250000000000028e+01
2.723679999999999879e+01
2.886589999999999989e+01
3.894870000000000232e+01
4.465429999999999922e+01
4.205810000000000315e+01
4.036460000000000292e+01
4.425909999999999656e+01
5.094669999999999987e+01
4.783070000000000022e+01
5.099739999999999895e+01
5.335079999999999956e+01
4.859009999999999962e+01
4.469409999999999883e+01
4.453799999999999670e+01
4.209749999999999659e+01
3.878880000000000194e+01
4.569189999999999685e+01
3.602369999999999806e+01
3.551460000000000150e+01
4.121970000000000312e+01
4.104990000000000094e+01
4.067750000000000199e+01
4.685099999999999909e+01
4.771869999999999834e+01
5.657930000000000348e+01
5.549750000000000227e+01
5.893480000000000274e+01
5.893480000000000274e+01
5.669060000000000343e+01
5.683570000000000277e+01
5.205490000000000350e+01
5.750300000000000011e+01
5.441380000000000194e+01
5.811359999999999815e+01
5.695409999999999684e+01
5.331989999999999696e+01
5.315829999999999700e+01
5.700160000000000338e+01
5.859239999999999782e+01
5.129899999999999949e+01
4.630799999999999983e+01
3.408359999999999701e+01
3.233570000000000277e+01
3.360029999999999717e+01
3.424130000000000251e+01
3.133370000000000033e+01
3.261460000000000292e+01
3.316799999999999926e+01
3.222979999999999734e+01
2.973949999999999960e+01
3.074139999999999873e+01
2.668850000000000122e+01
3.035910000000000153e+01
3.617049999999999699e+01
4.000019999999999953e+01
4.717560000000000286e+01
5.929789999999999850e+01
5.895360000000000156e+01
5.713739999999999952e+01
5.465370000000000061e+01
4.688680000000000092e+01
4.639929999999999666e+01
3.804240000000000066e+01
4.473780000000000001e+01
5.189059999999999917e+01
5.417589999999999861e+01
5.334740000000000038e+01
4.286820000000000164e+01
3.720089999999999719e+01
3.285199999999999676e+01
3.175799999999999912e+01
3.343249999999999744e+01
3.656810000000000116e+01
4.325390000000000157e+01
4.565240000000000009e+01
5.266120000000000090e+01
5.530919999999999703e+01
5.694129999999999825e+01
5.655290000000000106e+01
5.141069999999999851e+01
5.056289999999999907e+01
4.801149999999999807e+01
4.949069999999999681e+01
4.736180000000000234e+01
5.050909999999999656e+01
4.911760000000000304e+01
4.741980000000000217e+01
4.828909999999999769e+01
4.401129999999999853e+01
4.003379999999999939e+01
4.716259999999999764e+01
4.536079999999999757e+01
4.047339999999999804e+01
3.612060000000000315e+01
3.759700000000000131e+01
2.837679999999999936e+01
2.903969999999999985e+01
2.466819999999999879e+01
1.728440000000000154e+01
2.299259999999999948e+01
2.873160000000000025e+01
3.336419999999999675e+01
4.363810000000000144e+01
4.488259999999999650e+01
4.725209999999999866e+01
4.559120000000000061e+01
4.829860000000000042e+01
5.223729999999999762e+01
5.643750000000000000e+01
5.205969999999999942e+01
5.865250000000000341e+01
5.461970000000000169e+01
5.414920000000000044e+01
5.998720000000000141e+01
4.990990000000000038e+01
4.623769999999999669e+01
4.226559999999999917e+01
4.766599999999999682e+01
5.070120000000000005e+01
4.694169999999999732e+01
3.906099999999999994e+01
3.583720000000000283e+01
3.197840000000000060e+01
3.510510000000000019e+01
3.771860000000000213e+01
3.988850000000000051e+01
3.751899999999999835e+01
3.337630000000000052e+01
4.238400000000000034e+01
4.460179999999999723e+01
3.794539999999999935e+01
3.940039999999999765e+01
3.144300000000000139e+01
3.159019999999999939e+01
3.481929999999999836e+01
2.906319999999999837e+01
2.522530000000000072e+01
3.240859999999999985e+01
3.377909999999999968e+01
3.333180000000000121e+01
2.837979999999999947e+01
3.085640000000000072e+01
3.588219999999999743e+01
3.637980000000000302e+01
3.432569999999999766e+01
3.903820000000000334e+01
4.205749999999999744e+01
4.079999999999999716e+01
2.993100000000000094e+01
3.178419999999999845e+01
3.322440000000000282e+01
2.417480000000000118e+01
3.307000000000000028e+01
2.515589999999999904e+01
3.357670000000000243e+01
3.540379999999999683e+01
3.591599999999999682e+01
4.242069999999999652e+01
4.781269999999999953e+01
3.937950000000000017e+01
4.188450000000000273e+01
4.365979999999999706e+01
4.363300000000000267e+01
3.877409999999999712e+01
3.814280000000000115e+01
4.042799999999999727e+01
5.102439999999999998e+01
5.200869999999999749e+01
4.700769999999999982e+01
4.434830000000000183e+01
4.494239999999999924e+01
4.468299999999999983e+01
4.358650000000000091e+01
4.554930000000000234e+01
4.748769999999999669e+01
4.591199999999999903e+01
4.490610000000000213e+01
4.398919999999999675e+01
4.180290000000000106e+01
4.394919999999999760e+01
4.180729999999999791e+01
4.156940000000000168e+01
4.330939999999999657e+01
4.768099999999999739e+01
4.548290000000000077e+01
4.934819999999999851e+01
4.927159999999999940e+01
5.226010000000000133e+01
4.687449999999999761e+01
4.838790000000000191e+01
4.359830000000000183e+01
3.888709999999999667e+01
4.183590000000000231e+01
3.939549999999999841e+01
4.402969999999999828e+01
4.509879999999999711e+01
3.943379999999999797e+01
3.860920000000000130e+01
3.026060000000000016e+01
3.074630000000000152e+01
3.159570000000000078e+01
3.020039999999999836e+01
3.148689999999999856e+01
3.569740000000000180e+01
4.029129999999999967e+01
4.087100000000000222e+01
4.541149999999999665e+01
5.022520000000000095e+01
5.216910000000000025e+01
4.608250000000000313e+01
4.781170000000000186e+01
5.007820000000000249e+01
5.898859999999999815e+01
6.375600000000000023e+01
6.829619999999999891e+01
6.039030000000000342e+01
5.658890000000000242e+01
5.874589999999999890e+01
4.554529999999999745e+01
4.087980000000000302e+01
4.417510000000000048e+01
4.465129999999999910e+01
5.330789999999999651e+01
4.460909999999999798e+01
3.755720000000000169e+01
3.502219999999999800e+01
3.669689999999999941e+01
3.594680000000000319e+01
3.236910000000000309e+01
2.841049999999999898e+01
3.321670000000000300e+01
3.748740000000000094e+01
3.907099999999999795e+01
3.974539999999999651e+01
2.998339999999999961e+01
4.146770000000000067e+01
4.990229999999999677e+01
5.165500000000000114e+01
5.061540000000000106e+01
4.721679999999999922e+01
4.742249999999999943e+01
3.777660000000000196e+01
3.260640000000000072e+01
2.892650000000000077e+01
3.212480000000000047e+01
3.297590000000000288e+01
4.004099999999999682e+01
4.481719999999999970e+01
4.843610000000000326e+01
5.394809999999999661e+01
5.655799999999999983e+01
4.795259999999999678e+01
5.408529999999999660e+01
5.074080000000000013e+01
5.062480000000000047e+01
4.453810000000000002e+01
4.312080000000000268e+01
4.508010000000000161e+01
4.290590000000000259e+01
3.962780000000000058e+01
3.805760000000000076e+01
3.861769999999999925e+01
4.269729999999999848e+01
3.445020000000000238e+01
4.384100000000000108e+01
4.423100000000000165e+01
4.162919999999999732e+01
4.759850000000000136e+01
5.380299999999999727e+01
5.501200000000000045e+01
5.452369999999999806e+01
5.115169999999999817e+01
5.013300000000000267e+01
4.803770000000000095e+01
4.729569999999999652e+01
4.450310000000000343e+01
4.597599999999999909e+01
4.428499999999999659e+01
4.447879999999999967e+01
4.507099999999999795e+01
4.079630000000000223e+01
4.803099999999999881e+01
5.463199999999999790e+01
4.992799999999999727e+01
5.468849999999999767e+01
5.056089999999999662e+01
4.572840000000000060e+01
5.230850000000000222e+01
4.996459999999999724e+01
4.873420000000000130e+01
4.586319999999999908e+01
4.665129999999999910e+01
4.389150000000000063e+01
4.107090000000000174e+01
3.683529999999999660e+01
3.809969999999999857e+01
3.794919999999999760e+01
3.215650000000000119e+01
3.220250000000000057e+01
2.974409999999999954e+01
