     0.0000000        0.61330736        0.02085627
     0.1000000        0.49907598        0.01996380
     0.2000000        0.41279695        0.01851522
     0.3000000        0.34853790        0.01788308
     0.4000000        0.29905181        0.01715834
     0.5000000        0.26016215        0.01656310
     0.6000000        0.22982666        0.01655348
     0.7000000        0.20483420        0.01660353
     0.8000000        0.18455535        0.01615717
     0.9000000        0.16745441        0.01641570
     1.0000000        0.15033837        0.01751501
     1.1000000        0.13599114        0.01808289
     1.2000000        0.12280287        0.01749873
     1.3000000        0.11332141        0.01669762
     1.4000000        0.10733702        0.01563707
     1.5000000        0.10297662        0.01479027
     1.6000000        0.09638060        0.01498925
     1.7000000        0.08930038        0.01435815
     1.8000000        0.08168102        0.01379619
     1.9000000        0.07410663        0.01337929
     2.0000000        0.06860423        0.01352859
     2.1000000        0.06290796        0.01362248
     2.2000000        0.05920695        0.01330753
     2.3000000        0.05635287        0.01322456
     2.4000000        0.05356470        0.01302091
     2.5000000        0.04683938        0.01204565
     2.6000000        0.04355274        0.01130654
     2.7000000        0.04242230        0.01071208
     2.8000000        0.03807705        0.01081355
     2.9000000        0.03626363        0.01116774
     3.0000000        0.03506290        0.01162106
     3.1000000        0.03175314        0.01189004
     3.2000000        0.02999774        0.01182819
     3.3000000        0.02729653        0.01152367
     3.4000000        0.02526574        0.01128338
     3.5000000        0.02410862        0.01126714
     3.6000000        0.02406612        0.01078237
     3.7000000        0.02394220        0.01051853
     3.8000000        0.02445304        0.00992910
     3.9000000        0.02376605        0.01008744
     4.0000000        0.02263285        0.00969709
     4.1000000        0.02359348        0.00966916
     4.2000000        0.02244773        0.00915377
     4.3000000        0.02138928        0.00890581
     4.4000000        0.01877018        0.00848340
     4.5000000        0.01622455        0.00841576
     4.6000000        0.01523132        0.00883230
     4.7000000        0.01582089        0.00899988
     4.8000000        0.01657414        0.00882989
     4.9000000        0.01629842        0.00897873
     5.0000000        0.01437517        0.00912732
     5.1000000        0.01326791        0.00916274
     5.2000000        0.01359307        0.00919649
     5.3000000        0.01611190        0.00921105
     5.4000000        0.01689516        0.00872413
     5.5000000        0.01485648        0.00841121
     5.6000000        0.01367703        0.00783426
     5.7000000        0.01463619        0.00783645
     5.8000000        0.01799047        0.00779537
     5.9000000        0.01763269        0.00767159
     6.0000000        0.02019503        0.00766365
     6.1000000        0.02332045        0.00743719
     6.2000000        0.02727110        0.00747048
     6.3000000        0.03045838        0.00659127
     6.4000000        0.03161682        0.00662053
     6.5000000        0.03249779        0.00690236
     6.6000000        0.03343548        0.00673682
     6.7000000        0.03428778        0.00701004
     6.8000000        0.03665844        0.00722629
     6.9000000        0.03797158        0.00769618
     7.0000000        0.04072633        0.00693705
     7.1000000        0.04209383        0.00684177
     7.2000000        0.04456277        0.00600650
     7.3000000        0.04664317        0.00588619
     7.4000000        0.04936831        0.00625379
     7.5000000        0.05190531        0.00601879
     7.6000000        0.05752231        0.00681249
     7.7000000        0.06340519        0.00815814
     7.8000000        0.06877115        0.00905878
     7.9000000        0.07600063        0.00972531
     8.0000000        0.08267958        0.00950030
     8.1000000        0.08810361        0.00998950
     8.2000000        0.09482087        0.01155195
     8.3000000        0.10119256        0.01187539
     8.4000000        0.10993605        0.01227179
     8.5000000        0.11778635        0.01225215
     8.6000000        0.12706702        0.01320337
     8.7000000        0.13538354        0.01455814
     8.8000000        0.14572523        0.01498626
     8.9000000        0.15658582        0.01523200
     9.0000000        0.16799427        0.01576017
     9.1000000        0.18459570        0.01569798
     9.2000000        0.20302068        0.01676110
     9.3000000        0.22454604        0.01725450
     9.4000000        0.24714956        0.01734420
     9.5000000        0.27581863        0.01802576
     9.6000000        0.31083557        0.01868812
     9.7000000        0.35570420        0.01905442
     9.8000000        0.41934938        0.02003414
     9.9000000        0.50122039        0.02073022
    10.0000000        0.61330736        0.02085627
