     0.0000000        0.38028658        0.05185130
     0.1000000        0.29487168        0.04038262
     0.2000000        0.25599559        0.02748940
     0.3000000        0.22086822        0.04042423
     0.4000000        0.20475687        0.01789703
     0.5000000        0.18524137        0.02025771
     0.6000000        0.15754991        0.04202033
     0.7000000        0.11532764        0.03589512
     0.8000000        0.11724867        0.03758676
     0.9000000        0.09428085        0.05172862
     1.0000000        0.09965570        0.04254374
     1.1000000        0.04055962        0.07127126
     1.2000000        0.07227946        0.05024738
     1.3000000        0.00689059        0.08132570
     1.4000000        0.08448312        0.06332690
     1.5000000        0.08195025        0.07386302
     1.6000000        0.32778246        0.22280109
     1.7000000        0.77216724        0.50720558
     1.8000000        0.41437585        0.22693611
     1.9000000        0.04139276        0.03741328
     2.0000000        0.09216437        0.07955073
     2.1000000       -0.06269024        0.16138125
     2.2000000        0.00271179        0.22009260
     2.3000000        0.05719261        0.07703854
     2.4000000       -0.03161632        0.05611652
     2.5000000       -0.13751934        0.12098067
     2.6000000       -0.29128166        0.31153685
     2.7000000       -0.63779307        0.67342674
     2.8000000       -0.07720789        0.08631158
     2.9000000       -0.00640912        0.05997899
     3.0000000        0.01078479        0.08508845
     3.1000000        0.08703612        0.08398993
     3.2000000       -0.07619966        0.08198187
     3.3000000        0.04711071        0.11240449
     3.4000000       -0.22524840        0.22645128
     3.5000000       -0.22128562        0.23025440
     3.6000000       -0.17368516        0.09202296
     3.7000000       -0.10763894        0.05772809
     3.8000000       -0.06624662        0.20597107
     3.9000000        0.24505118        0.17182875
     4.0000000       -0.25219980        0.17219151
     4.1000000       -0.05592754        0.08979627
     4.2000000        0.02459579        0.04546034
     4.3000000        0.07984859        0.12345988
     4.4000000       -0.07749946        0.08770268
     4.5000000       -0.06612220        0.08140624
     4.6000000       -0.01664848        0.05498195
     4.7000000       -0.06255578        0.03477030
     4.8000000       -0.20199476        0.09616266
     4.9000000        0.12202723        0.20631974
     5.0000000        0.00467151        0.03935792
     5.1000000       -0.10146486        0.10391402
     5.2000000       -0.11875233        0.17161714
     5.3000000       -0.10463853        0.09089365
     5.4000000       -0.02595812        0.06296976
     5.5000000        0.06983782        0.08275282
     5.6000000        0.03366323        0.03486384
     5.7000000       -0.01181928        0.04799431
     5.8000000        0.00619180        0.02152999
     5.9000000        0.06668707        0.07596182
     6.0000000        0.01489875        0.05359272
     6.1000000        0.08023721        0.13610084
     6.2000000       -0.02470693        0.08720048
     6.3000000        0.00307413        0.02797122
     6.4000000       -0.00941143        0.13707493
     6.5000000       -0.19918563        0.24222778
     6.6000000       -0.03251681        0.03394577
     6.7000000       -0.02029272        0.03515889
     6.8000000        0.03069763        0.09595070
     6.9000000        0.01514029        0.07560308
     7.0000000        0.07938063        0.06764612
     7.1000000        0.03711210        0.07884077
     7.2000000        0.02638829        0.03162169
     7.3000000       -0.03232624        0.04120680
     7.4000000        0.03561759        0.04163556
     7.5000000        0.10205439        0.08328302
     7.6000000        0.03857175        0.06093776
     7.7000000        0.12817097        0.14366893
     7.8000000        0.06617390        0.13397735
     7.9000000        0.01603429        0.03282546
     8.0000000       -0.00723542        0.02195125
     8.1000000       -0.01888855        0.04395303
     8.2000000       -0.01525434        0.05635037
     8.3000000        0.03818711        0.03810739
     8.4000000        0.07793889        0.04735338
     8.5000000        0.10490618        0.05591859
     8.6000000        0.12552216        0.09431459
     8.7000000        0.13436226        0.08484879
     8.8000000        0.15060558        0.04582032
     8.9000000        0.07690820        0.04024416
     9.0000000        0.00427551        0.14319177
     9.1000000        0.11482525        0.06397888
     9.2000000        0.12835296        0.02032449
     9.3000000        0.16220466        0.03412599
     9.4000000        0.24675346        0.06197885
     9.5000000        0.20140827        0.02389974
     9.6000000        0.19943281        0.04415465
     9.7000000        0.29424520        0.04455881
     9.8000000        0.32312741        0.02131160
     9.9000000        0.33633015        0.03745245
    10.0000000        0.38028658        0.05185130
