2.607960082999999981e-03
2.607960082999999981e-03
2.607960082999999981e-03
3.228823396000000175e-03
1.926451030999999908e-03
1.926451030999999908e-03
1.926451030999999908e-03
1.926451030999999908e-03
1.926451030999999908e-03
1.926451030999999908e-03
1.926451030999999908e-03
1.926451030999999908e-03
1.926451030999999908e-03
1.926451030999999908e-03
1.926451030999999908e-03
1.926451030999999908e-03
1.926451030999999908e-03
2.824126438000000138e-03
2.061681522000000186e-03
2.061681522000000186e-03
2.061681522000000186e-03
2.061681522000000186e-03
2.061681522000000186e-03
2.061681522000000186e-03
2.061681522000000186e-03
2.061681522000000186e-03
2.061681522000000186e-03
2.061681522000000186e-03
2.061681522000000186e-03
2.061681522000000186e-03
2.937854268999999952e-03
2.362811884000000189e-03
2.362811884000000189e-03
2.362811884000000189e-03
2.362811884000000189e-03
2.362811884000000189e-03
2.362811884000000189e-03
2.661798694000000205e-03
1.822301022000000041e-03
1.822301022000000041e-03
1.822301022000000041e-03
1.822301022000000041e-03
1.822301022000000041e-03
1.822301022000000041e-03
1.822301022000000041e-03
1.822301022000000041e-03
2.251564226000000134e-03
1.447678083000000088e-03
1.684141397000000042e-03
9.588717723000000220e-04
9.588717723000000220e-04
9.588717723000000220e-04
9.588717723000000220e-04
9.588717723000000220e-04
9.588717723000000220e-04
9.588717723000000220e-04
9.588717723000000220e-04
9.588717723000000220e-04
9.588717723000000220e-04
9.588717723000000220e-04
9.588717723000000220e-04
9.588717723000000220e-04
9.588717723000000220e-04
9.588717723000000220e-04
9.588717723000000220e-04
9.588717723000000220e-04
9.588717723000000220e-04
9.588717723000000220e-04
9.588717723000000220e-04
9.588717723000000220e-04
9.605019745000000072e-04
5.238867740000000429e-04
5.238867740000000429e-04
5.238867740000000429e-04
5.238867740000000429e-04
5.238867740000000429e-04
5.238867740000000429e-04
5.238867740000000429e-04
5.238867740000000429e-04
5.238867740000000429e-04
5.238867740000000429e-04
5.238867740000000429e-04
5.238867740000000429e-04
5.238867740000000429e-04
5.238867740000000429e-04
6.622553566000000114e-04
4.601996323000000135e-04
4.601996323000000135e-04
4.601996323000000135e-04
4.601996323000000135e-04
4.601996323000000135e-04
4.601996323000000135e-04
4.601996323000000135e-04
4.601996323000000135e-04
4.601996323000000135e-04
4.601996323000000135e-04
4.601996323000000135e-04
4.601996323000000135e-04
4.601996323000000135e-04
4.601996323000000135e-04
4.601996323000000135e-04
4.601996323000000135e-04
4.601996323000000135e-04
4.601996323000000135e-04
4.601996323000000135e-04
4.601996323000000135e-04
4.601996323000000135e-04
4.601996323000000135e-04
4.601996323000000135e-04
4.601996323000000135e-04
4.601996323000000135e-04
4.601996323000000135e-04
4.601996323000000135e-04
4.601996323000000135e-04
4.601996323000000135e-04
6.197465606000000272e-04
4.477446788999999935e-04
4.477446788999999935e-04
4.477446788999999935e-04
6.708922757999999983e-04
5.037118794999999576e-04
5.037118794999999576e-04
5.037118794999999576e-04
5.037118794999999576e-04
5.037118794999999576e-04
5.037118794999999576e-04
5.037118794999999576e-04
5.037118794999999576e-04
5.037118794999999576e-04
5.037118794999999576e-04
5.037118794999999576e-04
5.037118794999999576e-04
5.037118794999999576e-04
5.037118794999999576e-04
5.037118794999999576e-04
5.037118794999999576e-04
5.037118794999999576e-04
5.037118794999999576e-04
5.037118794999999576e-04
5.037118794999999576e-04
5.037118794999999576e-04
5.037118794999999576e-04
5.037118794999999576e-04
5.037118794999999576e-04
5.037118794999999576e-04
5.037118794999999576e-04
5.037118794999999576e-04
5.037118794999999576e-04
5.188959298000000260e-04
2.981882614000000192e-04
2.981882614000000192e-04
2.981882614000000192e-04
2.981882614000000192e-04
2.981882614000000192e-04
2.981882614000000192e-04
2.981882614000000192e-04
2.981882614000000192e-04
2.981882614000000192e-04
2.981882614000000192e-04
2.981882614000000192e-04
2.981882614000000192e-04
2.981882614000000192e-04
2.981882614000000192e-04
2.981882614000000192e-04
2.981882614000000192e-04
2.981882614000000192e-04
2.981882614000000192e-04
2.981882614000000192e-04
2.981882614000000192e-04
2.981882614000000192e-04
2.981882614000000192e-04
2.981882614000000192e-04
2.981882614000000192e-04
2.981882614000000192e-04
2.981882614000000192e-04
2.981882614000000192e-04
2.981882614000000192e-04
2.981882614000000192e-04
2.981882614000000192e-04
2.981882614000000192e-04
2.981882614000000192e-04
2.981882614000000192e-04
2.981882614000000192e-04
2.981882614000000192e-04
2.981882614000000192e-04
2.981882614000000192e-04
2.981882614000000192e-04
2.981882614000000192e-04
2.981882614000000192e-04
2.981882614000000192e-04
2.981882614000000192e-04
2.981882614000000192e-04
2.981882614000000192e-04
2.981882614000000192e-04
2.981882614000000192e-04
2.981882614000000192e-04
2.981882614000000192e-04
2.981882614000000192e-04
2.981882614000000192e-04
2.981882614000000192e-04
2.981882614000000192e-04
2.981882614000000192e-04
2.981882614000000192e-04
2.981882614000000192e-04
2.981882614000000192e-04
2.981882614000000192e-04
2.981882614000000192e-04
2.981882614000000192e-04
2.981882614000000192e-04
2.981882614000000192e-04
2.981882614000000192e-04
2.981882614000000192e-04
2.981882614000000192e-04
2.981882614000000192e-04
2.981882614000000192e-04
2.981882614000000192e-04
2.981882614000000192e-04
2.981882614000000192e-04
2.981882614000000192e-04
2.981882614000000192e-04
2.981882614000000192e-04
2.981882614000000192e-04
2.981882614000000192e-04
2.981882614000000192e-04
2.981882614000000192e-04
2.981882614000000192e-04
2.981882614000000192e-04
2.981882614000000192e-04
2.981882614000000192e-04
2.981882614000000192e-04
2.981882614000000192e-04
2.981882614000000192e-04
2.981882614000000192e-04
2.981882614000000192e-04
2.981882614000000192e-04
2.981882614000000192e-04
2.981882614000000192e-04
2.981882614000000192e-04
2.981882614000000192e-04
2.981882614000000192e-04
2.981882614000000192e-04
2.981882614000000192e-04
2.981882614000000192e-04
2.981882614000000192e-04
2.981882614000000192e-04
2.981882614000000192e-04
2.981882614000000192e-04
2.981882614000000192e-04
2.981882614000000192e-04
2.981882614000000192e-04
2.981882614000000192e-04
2.981882614000000192e-04
2.981882614000000192e-04
2.981882614000000192e-04
2.981882614000000192e-04
2.981882614000000192e-04
2.981882614000000192e-04
2.981882614000000192e-04
2.981882614000000192e-04
2.981882614000000192e-04
2.981882614000000192e-04
2.981882614000000192e-04
2.981882614000000192e-04
2.981882614000000192e-04
2.981882614000000192e-04
2.981882614000000192e-04
2.981882614000000192e-04
2.981882614000000192e-04
2.981882614000000192e-04
2.981882614000000192e-04
2.981882614000000192e-04
2.981882614000000192e-04
2.981882614000000192e-04
2.981882614000000192e-04
2.981882614000000192e-04
2.981882614000000192e-04
2.981882614000000192e-04
2.981882614000000192e-04
2.981882614000000192e-04
2.981882614000000192e-04
2.981882614000000192e-04
2.981882614000000192e-04
2.981882614000000192e-04
2.981882614000000192e-04
2.981882614000000192e-04
2.981882614000000192e-04
2.981882614000000192e-04
2.981882614000000192e-04
2.981882614000000192e-04
2.981882614000000192e-04
2.981882614000000192e-04
2.981882614000000192e-04
2.981882614000000192e-04
2.981882614000000192e-04
2.981882614000000192e-04
2.981882614000000192e-04
2.981882614000000192e-04
2.981882614000000192e-04
2.981882614000000192e-04
2.981882614000000192e-04
2.981882614000000192e-04
2.981882614000000192e-04
2.981882614000000192e-04
2.981882614000000192e-04
2.981882614000000192e-04
2.981882614000000192e-04
2.981882614000000192e-04
2.981882614000000192e-04
3.866562156000000173e-04
3.435992385000000105e-04
3.435992385000000105e-04
3.435992385000000105e-04
3.435992385000000105e-04
3.435992385000000105e-04
3.435992385000000105e-04
3.435992385000000105e-04
3.435992385000000105e-04
3.435992385000000105e-04
3.435992385000000105e-04
3.435992385000000105e-04
3.435992385000000105e-04
3.435992385000000105e-04
3.435992385000000105e-04
3.435992385000000105e-04
3.435992385000000105e-04
3.435992385000000105e-04
3.435992385000000105e-04
3.435992385000000105e-04
3.435992385000000105e-04
3.435992385000000105e-04
3.603437244000000025e-04
2.940501162999999770e-04
2.940501164000000091e-04
2.940501162999999770e-04
2.940501164000000091e-04
2.940501162999999770e-04
2.940501164000000091e-04
2.940501162999999770e-04
2.940501164000000091e-04
2.940501162999999770e-04
2.940501164000000091e-04
2.940501162999999770e-04
2.940501164000000091e-04
2.940501162999999770e-04
2.940501164000000091e-04
2.940501162999999770e-04
2.940501164000000091e-04
2.940501162999999770e-04
2.940501164000000091e-04
2.940501162999999770e-04
2.940501164000000091e-04
2.940501162999999770e-04
2.940501164000000091e-04
2.940501162999999770e-04
2.940501164000000091e-04
2.940501162999999770e-04
2.940501164000000091e-04
2.940501162999999770e-04
2.940501164000000091e-04
2.940501162999999770e-04
2.940501164000000091e-04
2.940501162999999770e-04
2.940501164000000091e-04
2.940501162999999770e-04
2.940501164000000091e-04
2.940501162999999770e-04
2.940501164000000091e-04
2.940501162999999770e-04
2.940501164000000091e-04
2.940501162999999770e-04
2.940501164000000091e-04
2.940501162999999770e-04
2.940501164000000091e-04
2.940501162999999770e-04
2.940501164000000091e-04
2.940501162999999770e-04
2.940501164000000091e-04
2.940501162999999770e-04
2.940501164000000091e-04
2.940501162999999770e-04
2.940501164000000091e-04
2.940501162999999770e-04
2.940501164000000091e-04
2.940501162999999770e-04
2.940501164000000091e-04
2.940501162999999770e-04
2.940501164000000091e-04
2.940501162999999770e-04
2.940501164000000091e-04
2.940501162999999770e-04
2.940501164000000091e-04
3.423523396999999862e-04
2.153935088999999966e-04
2.153935088999999966e-04
2.153935088999999966e-04
2.153935088999999966e-04
2.153935088999999966e-04
2.153935088999999966e-04
2.153935088999999966e-04
2.153935088999999966e-04
2.153935088999999966e-04
2.153935088999999966e-04
2.153935088999999966e-04
2.153935088999999966e-04
2.153935088999999966e-04
2.153935088999999966e-04
2.153935088999999966e-04
2.153935088999999966e-04
2.153935088999999966e-04
2.153935088999999966e-04
2.153935088999999966e-04
2.153935088999999966e-04
2.153935088999999966e-04
2.153935088999999966e-04
2.153935088999999966e-04
2.153935088999999966e-04
2.153935088999999966e-04
2.153935088999999966e-04
2.153935088999999966e-04
2.153935088999999966e-04
2.153935088999999966e-04
2.153935088999999966e-04
2.153935088999999966e-04
2.153935088999999966e-04
2.153935088999999966e-04
2.153935088999999966e-04
2.153935088999999966e-04
2.153935088999999966e-04
2.153935088999999966e-04
2.153935088999999966e-04
2.153935088999999966e-04
2.153935088999999966e-04
2.153935088999999966e-04
2.153935088999999966e-04
2.153935088999999966e-04
2.153935088999999966e-04
2.153935088999999966e-04
2.153935088999999966e-04
2.153935088999999966e-04
2.153935088999999966e-04
2.153935088999999966e-04
2.516725745000000206e-04
2.145887363999999923e-04
2.145887363999999923e-04
2.145887363999999923e-04
2.145887363999999923e-04
2.145887363999999923e-04
2.145887363999999923e-04
2.145887363999999923e-04
2.145887363999999923e-04
2.145887363999999923e-04
2.145887363999999923e-04
2.145887363999999923e-04
2.145887363999999923e-04
2.145887363999999923e-04
2.145887363999999923e-04
2.145887363999999923e-04
2.145887363999999923e-04
2.145887363999999923e-04
2.145887363999999923e-04
2.145887363999999923e-04
2.145887363999999923e-04
2.145887363999999923e-04
2.145887363999999923e-04
2.073790974000000063e-04
1.854648146999999928e-04
1.854648146999999928e-04
1.854648146999999928e-04
1.854648146999999928e-04
1.854648146999999928e-04
1.854648146999999928e-04
1.854648146999999928e-04
1.854648146999999928e-04
1.854648146999999928e-04
1.854648146999999928e-04
1.854648146999999928e-04
1.854648146999999928e-04
1.854648146999999928e-04
1.854648146999999928e-04
1.854648146999999928e-04
1.854648146999999928e-04
1.854648146999999928e-04
1.854648146999999928e-04
1.854648146999999928e-04
1.854648146999999928e-04
1.854648146999999928e-04
1.854648146999999928e-04
1.854648146999999928e-04
1.854648146999999928e-04
1.854648146999999928e-04
1.854648146999999928e-04
1.854648146999999928e-04
1.854648146999999928e-04
1.854648146999999928e-04
1.854648146999999928e-04
1.854648146999999928e-04
1.854648146999999928e-04
1.854648146999999928e-04
1.854648146999999928e-04
1.854648146999999928e-04
1.854648146999999928e-04
1.854648146999999928e-04
1.854648146999999928e-04
1.854648146999999928e-04
1.854648146999999928e-04
1.854648146999999928e-04
1.854648146999999928e-04
1.854648146999999928e-04
1.854648146999999928e-04
1.854648146999999928e-04
1.854648146999999928e-04
1.854648146999999928e-04
1.854648146999999928e-04
1.854648146999999928e-04
1.854648146999999928e-04
1.854648146999999928e-04
1.854648146999999928e-04
1.854648146999999928e-04
1.854648146999999928e-04
1.854648146999999928e-04
1.854648146999999928e-04
1.854648146999999928e-04
1.854648146999999928e-04
1.854648146999999928e-04
1.854648146999999928e-04
1.854648146999999928e-04
1.854648146999999928e-04
1.854648146999999928e-04
1.854648146999999928e-04
1.854648146999999928e-04
1.854648146999999928e-04
1.854648146999999928e-04
1.854648146999999928e-04
1.854648146999999928e-04
1.854648146999999928e-04
1.854648146999999928e-04
1.854648146999999928e-04
1.854648146999999928e-04
1.854648146999999928e-04
1.854648146999999928e-04
1.854648146999999928e-04
1.854648146999999928e-04
1.854648146999999928e-04
4.015896509000000162e-04
3.939991841000000218e-04
3.939991841000000218e-04
3.939991841000000218e-04
3.939991841000000218e-04
3.939991841000000218e-04
3.939991841000000218e-04
3.939991841000000218e-04
3.939991841000000218e-04
3.939991841000000218e-04
3.939991841000000218e-04
3.939991841000000218e-04
3.939991841000000218e-04
3.939991841000000218e-04
3.939991841000000218e-04
3.939991841000000218e-04
3.939991841000000218e-04
3.939991841000000218e-04
3.939991841000000218e-04
3.939991841000000218e-04
3.939991841000000218e-04
1.048947107999999946e-03
1.048947107999999946e-03
1.048947107999999946e-03
1.673520611999999895e-03
1.417546747000000048e-03
1.417546747000000048e-03
1.417546747000000048e-03
1.417546747000000048e-03
1.417546747000000048e-03
1.417546747000000048e-03
1.417546747000000048e-03
1.885595094999999947e-03
1.473965633999999893e-03
1.473965633999999893e-03
1.473965633999999893e-03
1.473965633999999893e-03
1.473965633999999893e-03
1.473965633999999893e-03
1.607642305999999917e-03
9.273831176999999685e-04
9.273831176999999685e-04
9.273831176999999685e-04
9.273831176999999685e-04
9.273831176999999685e-04
1.326055151000000076e-03
1.011241751999999994e-03
1.011241751999999994e-03
1.011241751999999994e-03
1.011241751999999994e-03
1.011241751999999994e-03
1.236783472000000045e-03
9.341651238000000211e-04
9.341651238000000211e-04
9.341651238000000211e-04
9.341651238000000211e-04
9.341651238000000211e-04
9.341651238000000211e-04
9.341651238000000211e-04
9.341651238000000211e-04
9.341651238000000211e-04
9.341651238000000211e-04
9.341651238000000211e-04
9.341651238000000211e-04
9.341651238000000211e-04
9.341651238000000211e-04
9.341651238000000211e-04
1.609839876000000031e-03
1.423362316000000103e-03
1.423362316000000103e-03
1.423362316000000103e-03
1.423362316000000103e-03
1.423362316000000103e-03
1.423362316000000103e-03
1.423362316000000103e-03
1.423362316000000103e-03
1.423362316000000103e-03
1.423362316000000103e-03
1.423362316000000103e-03
1.847280324999999975e-03
1.282102174999999976e-03
1.282102174999999976e-03
1.282102174999999976e-03
2.911866564999999844e-03
2.409049002999999901e-03
3.154898209000000196e-03
2.676411657000000045e-03
2.676411657000000045e-03
2.676411657000000045e-03
5.312348544999999714e-03
3.153092569000000029e-03
3.153092569000000029e-03
3.153092569000000029e-03
3.153092569000000029e-03
3.153092569000000029e-03
3.153092569000000029e-03
4.826180961999999852e-03
3.239160553999999997e-03
3.239160553999999997e-03
3.239160553999999997e-03
3.388933705000000008e-03
3.775774498000000149e-03
2.555237124000000071e-03
1.984463616999999815e-03
1.616474724000000049e-03
7.159773152000000179e-04
7.159773152000000179e-04
7.159773152000000179e-04
7.159773152000000179e-04
7.159773152000000179e-04
7.159773152000000179e-04
7.159773152000000179e-04
7.159773152000000179e-04
7.159773152000000179e-04
7.159773152000000179e-04
7.159773152000000179e-04
7.159773152000000179e-04
7.159773152000000179e-04
7.159773152000000179e-04
7.159773152000000179e-04
7.159773152000000179e-04
7.159773152000000179e-04
7.159773152000000179e-04
7.159773152000000179e-04
7.159773152000000179e-04
7.159773152000000179e-04
7.159773152000000179e-04
7.159773152000000179e-04
7.159773152000000179e-04
7.159773152000000179e-04
7.159773152000000179e-04
7.159773152000000179e-04
7.159773152000000179e-04
7.159773152000000179e-04
7.159773152000000179e-04
7.159773152000000179e-04
7.159773152000000179e-04
7.159773152000000179e-04
7.159773152000000179e-04
7.159773152000000179e-04
7.159773152000000179e-04
7.159773152000000179e-04
7.159773152000000179e-04
7.713588990999999465e-04
6.731671404000000173e-04
6.731671404000000173e-04
6.731671404000000173e-04
6.731671404000000173e-04
6.731671404000000173e-04
6.731671404000000173e-04
6.731671404000000173e-04
6.731671404000000173e-04
6.731671404000000173e-04
6.731671404000000173e-04
6.731671404000000173e-04
6.731671404000000173e-04
6.731671404000000173e-04
6.724044414000000282e-04
3.205603019000000152e-04
3.205603019000000152e-04
3.205603019000000152e-04
3.205603019000000152e-04
3.205603019000000152e-04
3.205603019000000152e-04
3.205603019000000152e-04
3.205603019000000152e-04
3.205603019000000152e-04
3.205603019000000152e-04
3.205603019000000152e-04
3.205603019000000152e-04
3.205603019000000152e-04
3.205603019000000152e-04
3.205603019000000152e-04
3.205603019000000152e-04
3.205603019000000152e-04
3.205603019000000152e-04
3.205603019000000152e-04
3.205603019000000152e-04
3.205603019000000152e-04
3.205603019000000152e-04
3.205603019000000152e-04
3.205603019000000152e-04
3.205603019000000152e-04
3.205603019000000152e-04
3.205603019000000152e-04
3.205603019000000152e-04
3.205603019000000152e-04
3.205603019000000152e-04
3.205603019000000152e-04
3.205603019000000152e-04
3.205603019000000152e-04
3.205603019000000152e-04
3.205603019000000152e-04
3.205603019000000152e-04
3.205603019000000152e-04
3.205603019000000152e-04
3.205603019000000152e-04
3.205603019000000152e-04
3.205603019000000152e-04
3.205603019000000152e-04
3.205603019000000152e-04
3.205603019000000152e-04
3.205603019000000152e-04
3.205603019000000152e-04
3.205603019000000152e-04
3.205603019000000152e-04
3.205603019000000152e-04
3.205603019000000152e-04
3.205603019000000152e-04
3.205603019000000152e-04
3.205603019000000152e-04
3.205603019000000152e-04
3.205603019000000152e-04
3.205603019000000152e-04
3.205603019000000152e-04
3.205603019000000152e-04
3.205603019000000152e-04
3.205603019000000152e-04
3.205603019000000152e-04
3.205603019000000152e-04
3.205603019000000152e-04
3.205603019000000152e-04
3.205603019000000152e-04
3.205603019000000152e-04
3.205603019000000152e-04
3.205603019000000152e-04
3.205603019000000152e-04
3.205603019000000152e-04
3.205603019000000152e-04
5.557242195000000520e-04
4.931993000000000401e-04
4.931993000000000401e-04
5.779164407999999500e-04
3.636245965000000019e-04
3.636245965000000019e-04
3.636245965000000019e-04
3.636245965000000019e-04
3.636245965000000019e-04
3.636245965000000019e-04
3.636245965000000019e-04
3.636245965000000019e-04
3.636245965000000019e-04
3.636245965000000019e-04
3.636245965000000019e-04
3.636245965000000019e-04
3.636245965000000019e-04
3.636245965000000019e-04
3.636245965000000019e-04
3.636245965000000019e-04
3.636245965000000019e-04
3.636245965000000019e-04
3.636245965000000019e-04
3.636245965000000019e-04
3.636245965000000019e-04
3.636245965000000019e-04
3.636245965000000019e-04
3.636245965000000019e-04
3.636245965000000019e-04
3.636245965000000019e-04
3.636245965000000019e-04
3.636245965000000019e-04
3.636245965000000019e-04
3.636245965000000019e-04
3.636245965000000019e-04
3.636245965000000019e-04
3.636245965000000019e-04
3.636245965000000019e-04
3.636245965000000019e-04
3.636245965000000019e-04
3.636245965000000019e-04
3.636245965000000019e-04
3.636245965000000019e-04
3.636245965000000019e-04
3.636245965000000019e-04
3.636245965000000019e-04
3.636245965000000019e-04
3.636245965000000019e-04
3.636245965000000019e-04
3.636245965000000019e-04
3.636245965000000019e-04
3.636245965000000019e-04
3.636245965000000019e-04
3.636245965000000019e-04
3.636245965000000019e-04
3.636245965000000019e-04
3.636245965000000019e-04
3.636245965000000019e-04
3.636245965000000019e-04
3.636245965000000019e-04
3.636245965000000019e-04
3.636245965000000019e-04
3.636245965000000019e-04
3.636245965000000019e-04
3.636245965000000019e-04
3.636245965000000019e-04
3.636245965000000019e-04
3.636245965000000019e-04
3.636245965000000019e-04
3.636245965000000019e-04
3.636245965000000019e-04
3.636245965000000019e-04
3.636245965000000019e-04
3.636245965000000019e-04
3.636245965000000019e-04
3.636245965000000019e-04
3.636245965000000019e-04
3.636245965000000019e-04
4.647637908999999873e-04
2.857606472999999793e-04
2.857606472999999793e-04
2.857606472999999793e-04
2.857606472999999793e-04
2.857606472999999793e-04
2.857606472999999793e-04
2.857606472999999793e-04
2.857606472999999793e-04
2.857606472999999793e-04
2.857606472999999793e-04
2.857606472999999793e-04
2.857606472999999793e-04
2.857606472999999793e-04
2.857606472999999793e-04
2.857606472999999793e-04
2.857606472999999793e-04
2.857606472999999793e-04
2.857606472999999793e-04
2.857606472999999793e-04
2.857606472999999793e-04
2.857606472999999793e-04
2.857606472999999793e-04
2.857606472999999793e-04
2.857606472999999793e-04
2.857606472999999793e-04
2.857606472999999793e-04
2.857606472999999793e-04
2.857606472999999793e-04
2.857606472999999793e-04
2.857606472999999793e-04
2.857606472999999793e-04
2.857606472999999793e-04
2.857606472999999793e-04
2.857606472999999793e-04
2.857606472999999793e-04
2.857606472999999793e-04
2.857606472999999793e-04
2.857606472999999793e-04
2.857606472999999793e-04
2.857606472999999793e-04
2.857606472999999793e-04
2.857606472999999793e-04
2.857606472999999793e-04
2.857606472999999793e-04
2.857606472999999793e-04
2.857606472999999793e-04
2.857606472999999793e-04
2.857606472999999793e-04
2.857606472999999793e-04
2.857606472999999793e-04
2.857606472999999793e-04
2.857606472999999793e-04
2.857606472999999793e-04
2.857606472999999793e-04
2.857606472999999793e-04
2.857606472999999793e-04
2.857606472999999793e-04
2.857606472999999793e-04
2.857606472999999793e-04
2.857606472999999793e-04
2.857606472999999793e-04
2.857606472999999793e-04
2.857606472999999793e-04
2.857606472999999793e-04
2.857606472999999793e-04
2.857606472999999793e-04
2.857606472999999793e-04
2.857606472999999793e-04
2.857606472999999793e-04
2.857606472999999793e-04
2.857606472999999793e-04
4.144615411000000132e-04
2.893306356000000098e-04
2.893306356000000098e-04
2.893306356000000098e-04
2.893306356000000098e-04
2.893306356000000098e-04
2.893306356000000098e-04
2.893306356000000098e-04
2.893306356000000098e-04
2.893306356000000098e-04
2.893306356000000098e-04
2.893306356000000098e-04
2.893306356000000098e-04
2.893306356000000098e-04
2.893306356000000098e-04
2.893306356000000098e-04
2.893306356000000098e-04
2.893306356000000098e-04
2.893306356000000098e-04
2.893306356000000098e-04
2.893306356000000098e-04
2.893306356000000098e-04
2.893306356000000098e-04
2.893306356000000098e-04
2.893306356000000098e-04
2.893306356000000098e-04
2.893306356000000098e-04
2.893306356000000098e-04
2.893306356000000098e-04
2.893306356000000098e-04
2.893306356000000098e-04
2.893306356000000098e-04
2.893306356000000098e-04
2.893306356000000098e-04
2.893306356000000098e-04
2.893306356000000098e-04
2.893306356000000098e-04
2.893306356000000098e-04
2.893306356000000098e-04
2.893306356000000098e-04
2.893306356000000098e-04
2.893306356000000098e-04
2.893306356000000098e-04
2.893306356000000098e-04
2.893306356000000098e-04
2.893306356000000098e-04
2.893306356000000098e-04
2.893306356000000098e-04
2.893306356000000098e-04
2.893306356000000098e-04
2.893306356000000098e-04
2.893306356000000098e-04
2.893306356000000098e-04
4.068616228999999787e-04
2.765569137999999831e-04
2.765569137999999831e-04
2.765569137999999831e-04
2.765569137999999831e-04
2.765569137999999831e-04
2.765569137999999831e-04
2.765569137999999831e-04
2.765569137999999831e-04
2.765569137999999831e-04
2.765569137999999831e-04
2.765569137999999831e-04
2.765569137999999831e-04
2.765569137999999831e-04
2.765569137999999831e-04
2.765569137999999831e-04
2.765569137999999831e-04
2.765569137999999831e-04
2.765569137999999831e-04
2.765569137999999831e-04
2.765569137999999831e-04
2.765569137999999831e-04
2.765569137999999831e-04
2.765569137999999831e-04
2.765569137999999831e-04
2.765569137999999831e-04
2.765569137999999831e-04
3.809573052999999806e-04
2.674598198000000221e-04
2.674598198000000221e-04
2.674598198000000221e-04
2.674598198000000221e-04
2.674598198000000221e-04
2.674598198000000221e-04
2.674598198000000221e-04
2.674598198000000221e-04
2.674598198000000221e-04
2.674598198000000221e-04
2.674598198000000221e-04
2.674598198000000221e-04
2.674598198000000221e-04
2.674598198000000221e-04
2.674598198000000221e-04
2.674598198000000221e-04
2.674598198000000221e-04
2.674598198000000221e-04
2.674598198000000221e-04
2.674598198000000221e-04
2.674598198000000221e-04
2.674598198000000221e-04
2.674598198000000221e-04
2.674598198000000221e-04
2.674598198000000221e-04
3.414104214000000174e-04
2.789740256999999920e-04
2.789740256999999920e-04
2.789740256999999920e-04
2.789740256999999920e-04
2.789740256999999920e-04
2.789740256999999920e-04
2.789740256999999920e-04
2.789740256999999920e-04
2.789740256999999920e-04
2.789740256999999920e-04
2.789740256999999920e-04
2.789740256999999920e-04
2.789740256999999920e-04
2.789740256999999920e-04
2.789740256999999920e-04
2.789740256999999920e-04
2.789740256999999920e-04
2.789740256999999920e-04
2.789740256999999920e-04
2.789740256999999920e-04
3.847549129999999935e-04
3.243762089000000264e-04
3.243762089000000264e-04
3.243762089000000264e-04
3.243762089000000264e-04
3.243762089000000264e-04
3.243762089000000264e-04
3.243762089000000264e-04
3.243762089000000264e-04
3.243762089000000264e-04
3.243762089000000264e-04
3.243762089000000264e-04
3.243762089000000264e-04
3.243762089000000264e-04
3.243762089000000264e-04
3.243762089000000264e-04
3.243762089000000264e-04
3.243762089000000264e-04
3.243762089000000264e-04
3.243762089000000264e-04
3.243762089000000264e-04
3.243762089000000264e-04
3.243762089000000264e-04
3.243762089000000264e-04
3.243762089000000264e-04
4.539168358000000196e-04
3.702127149000000099e-04
3.702127149000000099e-04
3.702127149000000099e-04
3.702127149000000099e-04
3.702127149000000099e-04
3.702127149000000099e-04
3.702127149000000099e-04
3.702127149000000099e-04
3.702127149000000099e-04
3.702127149000000099e-04
3.702127149000000099e-04
3.702127149000000099e-04
3.702127149000000099e-04
3.702127149000000099e-04
3.702127149000000099e-04
3.702127149000000099e-04
3.702127149000000099e-04
3.702127149000000099e-04
3.702127149000000099e-04
3.702127149000000099e-04
3.702127149000000099e-04
3.702127149000000099e-04
3.702127149000000099e-04
3.702127149000000099e-04
3.702127149000000099e-04
3.702127149000000099e-04
3.702127149000000099e-04
3.702127149000000099e-04
3.702127149000000099e-04
3.702127149000000099e-04
3.702127149000000099e-04
3.702127149000000099e-04
3.702127149000000099e-04
3.702127149000000099e-04
3.702127149000000099e-04
3.702127149000000099e-04
3.702127149000000099e-04
3.702127149000000099e-04
3.702127149000000099e-04
3.702127149000000099e-04
3.702127149000000099e-04
3.702127149000000099e-04
3.702127149000000099e-04
3.702127149000000099e-04
3.702127149000000099e-04
3.702127149000000099e-04
3.702127149000000099e-04
3.702127149000000099e-04
3.702127149000000099e-04
3.702127149000000099e-04
3.702127149000000099e-04
3.702127149000000099e-04
3.702127149000000099e-04
3.702127149000000099e-04
3.702127149000000099e-04
3.702127149000000099e-04
3.702127149000000099e-04
3.702127149000000099e-04
3.702127149000000099e-04
5.376352571999999707e-04
4.488800452999999963e-04
4.488800452999999963e-04
4.488800452999999963e-04
4.488800452999999963e-04
4.488800452999999963e-04
4.488800452999999963e-04
4.488800452999999963e-04
4.488800452999999963e-04
4.488800452999999963e-04
4.488800452999999963e-04
4.488800452999999963e-04
4.488800452999999963e-04
5.103621153999999844e-04
3.512217404000000215e-04
3.512217404000000215e-04
3.512217404000000215e-04
3.512217404000000215e-04
3.512217404000000215e-04
3.512217404000000215e-04
3.512217404000000215e-04
3.512217404000000215e-04
3.512217404000000215e-04
3.512217404000000215e-04
3.512217404000000215e-04
3.512217404000000215e-04
3.512217404000000215e-04
3.512217404000000215e-04
3.512217404000000215e-04
3.512217404000000215e-04
3.512217404000000215e-04
3.512217404000000215e-04
3.512217404000000215e-04
3.512217404000000215e-04
3.512217404000000215e-04
3.512217404000000215e-04
3.512217404000000215e-04
3.512217404000000215e-04
3.512217404000000215e-04
3.512217404000000215e-04
3.512217404000000215e-04
3.512217404000000215e-04
3.512217404000000215e-04
3.512217404000000215e-04
3.512217404000000215e-04
3.512217404000000215e-04
3.512217404000000215e-04
3.512217404000000215e-04
3.512217404000000215e-04
3.512217404000000215e-04
3.512217404000000215e-04
3.512217404000000215e-04
3.512217404000000215e-04
3.512217404000000215e-04
3.512217404000000215e-04
3.512217404000000215e-04
3.512217404000000215e-04
3.512217404000000215e-04
3.512217404000000215e-04
3.512217404000000215e-04
3.512217404000000215e-04
3.512217404000000215e-04
3.512217404000000215e-04
3.512217404000000215e-04
3.512217404000000215e-04
3.512217404000000215e-04
3.512217404000000215e-04
3.512217404000000215e-04
3.512217404000000215e-04
3.512217404000000215e-04
3.512217404000000215e-04
3.512217404000000215e-04
3.512217404000000215e-04
3.512217404000000215e-04
3.512217404000000215e-04
3.512217404000000215e-04
3.512217404000000215e-04
3.512217404000000215e-04
3.512217404000000215e-04
3.512217404000000215e-04
3.512217404000000215e-04
3.512217404000000215e-04
3.512217404000000215e-04
3.512217404000000215e-04
3.512217404000000215e-04
3.512217404000000215e-04
3.512217404000000215e-04
3.512217404000000215e-04
3.512217404000000215e-04
3.512217404000000215e-04
4.120234576999999934e-04
4.148437301000000143e-04
4.148437301000000143e-04
5.035000941999999468e-04
7.879973516000000075e-04
7.879973516000000075e-04
7.879973516000000075e-04
7.879973516000000075e-04
7.879973516000000075e-04
7.879973516000000075e-04
7.879973516000000075e-04
7.879973516000000075e-04
1.162043917999999992e-03
1.788410621999999943e-03
1.788410621999999943e-03
1.788410621999999943e-03
1.788410621999999943e-03
1.788410621999999943e-03
1.788410621999999943e-03
1.788410621999999943e-03
1.461161845999999973e-03
8.223339877999999610e-04
8.223339877999999610e-04
8.223339877999999610e-04
8.223339877999999610e-04
8.223339877999999610e-04
8.223339877999999610e-04
8.223339877999999610e-04
8.223339877999999610e-04
8.223339877999999610e-04
8.223339877999999610e-04
1.307357912999999915e-03
1.213505266999999940e-03
1.213505266999999940e-03
1.213505266999999940e-03
1.213505266999999940e-03
1.213505266999999940e-03
1.213505266999999940e-03
1.213505266999999940e-03
1.213505266999999940e-03
1.213505266999999940e-03
1.213505266999999940e-03
1.213505266999999940e-03
1.221208738999999968e-03
8.946433828999999886e-04
8.946433828999999886e-04
8.946433828999999886e-04
8.946433828999999886e-04
8.946433828999999886e-04
8.946433828999999886e-04
8.946433828999999886e-04
8.946433828999999886e-04
8.946433828999999886e-04
9.933582719999999554e-04
6.420259479999999592e-04
6.420259479999999592e-04
6.420259479999999592e-04
6.420259479999999592e-04
6.420259479999999592e-04
6.420259479999999592e-04
6.420259479999999592e-04
6.420259479999999592e-04
6.420259479999999592e-04
6.420259479999999592e-04
6.420259479999999592e-04
6.420259479999999592e-04
6.420259479999999592e-04
6.420259479999999592e-04
6.420259479999999592e-04
6.420259479999999592e-04
6.420259479999999592e-04
6.420259479999999592e-04
6.420259479999999592e-04
6.420259479999999592e-04
6.420259479999999592e-04
6.420259479999999592e-04
6.420259479999999592e-04
6.420259479999999592e-04
9.163922896000000450e-04
7.038226970000000318e-04
7.038226970000000318e-04
7.038226970000000318e-04
7.038226970000000318e-04
7.038226970000000318e-04
8.391352597999999488e-04
6.054199027999999580e-04
6.054199027999999580e-04
6.054199027999999580e-04
6.054199027999999580e-04
6.054199027999999580e-04
6.054199027999999580e-04
6.054199027999999580e-04
6.054199027999999580e-04
6.054199027999999580e-04
6.054199027999999580e-04
6.054199027999999580e-04
6.054199027999999580e-04
6.054199027999999580e-04
6.054199027999999580e-04
6.054199027999999580e-04
6.054199027999999580e-04
6.054199027999999580e-04
6.054199027999999580e-04
6.054199027999999580e-04
6.054199027999999580e-04
6.054199027999999580e-04
6.054199027999999580e-04
6.054199027999999580e-04
6.054199027999999580e-04
6.054199027999999580e-04
6.054199027999999580e-04
1.056316802999999896e-03
1.012022379000000012e-03
1.012022379000000012e-03
1.012022379000000012e-03
1.012022379000000012e-03
1.294246772999999929e-03
1.116857487999999964e-03
1.116857487999999964e-03
1.116857487999999964e-03
1.116857487999999964e-03
1.116857487999999964e-03
1.116857487999999964e-03
1.116857487999999964e-03
1.116857487999999964e-03
1.116857487999999964e-03
1.116857487999999964e-03
1.116857487999999964e-03
1.116857487999999964e-03
1.116857487999999964e-03
1.116857487999999964e-03
1.116857487999999964e-03
1.116857487999999964e-03
1.116857487999999964e-03
1.116857487999999964e-03
1.116857487999999964e-03
1.116857487999999964e-03
1.116857487999999964e-03
1.241947858000000014e-03
6.348296653000000444e-04
6.348296653000000444e-04
6.348296653000000444e-04
6.348296653000000444e-04
6.348296653000000444e-04
6.348296653000000444e-04
6.348296653000000444e-04
6.348296653000000444e-04
6.348296653000000444e-04
6.348296653000000444e-04
6.348296653000000444e-04
6.348296653000000444e-04
6.348296653000000444e-04
6.348296653000000444e-04
6.348296653000000444e-04
6.348296653000000444e-04
6.348296653000000444e-04
6.348296653000000444e-04
6.348296653000000444e-04
6.348296653000000444e-04
6.348296653000000444e-04
6.348296653000000444e-04
6.348296653000000444e-04
6.348296653000000444e-04
6.348296653000000444e-04
6.348296653000000444e-04
6.348296653000000444e-04
6.348296653000000444e-04
6.348296653000000444e-04
6.348296653000000444e-04
6.348296653000000444e-04
6.348296653000000444e-04
6.348296653000000444e-04
6.348296653000000444e-04
6.348296653000000444e-04
6.348296653000000444e-04
6.348296653000000444e-04
6.348296653000000444e-04
6.348296653000000444e-04
6.348296653000000444e-04
6.348296653000000444e-04
6.348296653000000444e-04
6.348296653000000444e-04
6.348296653000000444e-04
6.348296653000000444e-04
6.348296653000000444e-04
6.348296653000000444e-04
6.348296653000000444e-04
6.348296653000000444e-04
6.348296653000000444e-04
6.348296653000000444e-04
6.348296653000000444e-04
6.348296653000000444e-04
6.348296653000000444e-04
6.348296653000000444e-04
6.348296653000000444e-04
6.348296653000000444e-04
6.348296653000000444e-04
6.348296653000000444e-04
6.348296653000000444e-04
6.348296653000000444e-04
6.348296653000000444e-04
6.348296653000000444e-04
6.348296653000000444e-04
6.348296653000000444e-04
6.348296653000000444e-04
6.348296653000000444e-04
6.348296653000000444e-04
6.348296653000000444e-04
6.348296653000000444e-04
6.348296653000000444e-04
6.348296653000000444e-04
6.348296653000000444e-04
6.348296653000000444e-04
6.348296653000000444e-04
6.348296653000000444e-04
6.348296653000000444e-04
6.348296653000000444e-04
6.348296653000000444e-04
6.348296653000000444e-04
6.348296653000000444e-04
6.348296653000000444e-04
6.348296653000000444e-04
6.348296653000000444e-04
6.348296653000000444e-04
6.348296653000000444e-04
6.348296653000000444e-04
6.348296653000000444e-04
6.348296653000000444e-04
6.348296653000000444e-04
6.348296653000000444e-04
6.348296653000000444e-04
6.348296653000000444e-04
6.348296653000000444e-04
6.348296653000000444e-04
6.348296653000000444e-04
6.348296653000000444e-04
6.348296653000000444e-04
6.348296653000000444e-04
6.348296653000000444e-04
6.348296653000000444e-04
6.348296653000000444e-04
6.348296653000000444e-04
6.348296653000000444e-04
1.235653822999999932e-03
1.140954492999999995e-03
1.140954492999999995e-03
1.140954492999999995e-03
1.140954492999999995e-03
1.140954492999999995e-03
1.140954492999999995e-03
1.140954492999999995e-03
1.140954492999999995e-03
1.140954492999999995e-03
1.140954492999999995e-03
1.140954492999999995e-03
1.140954492999999995e-03
1.140954492999999995e-03
1.140954492999999995e-03
1.140954492999999995e-03
1.140954492999999995e-03
1.140954492999999995e-03
1.140954492999999995e-03
1.140954492999999995e-03
1.508013057000000094e-03
1.994955369999999902e-03
1.315475207000000018e-03
1.315475207000000018e-03
1.315475207000000018e-03
1.315475207000000018e-03
1.315475207000000018e-03
1.315475207000000018e-03
1.315475207000000018e-03
1.315475207000000018e-03
1.315475207000000018e-03
1.315475207000000018e-03
1.315475207000000018e-03
1.315475207000000018e-03
1.315475207000000018e-03
1.315475207000000018e-03
1.315475207000000018e-03
1.315475207000000018e-03
1.315475207000000018e-03
1.315475207000000018e-03
1.315475207000000018e-03
1.315475207000000018e-03
1.315475207000000018e-03
1.315475207000000018e-03
1.315475207000000018e-03
1.315475207000000018e-03
1.315475207000000018e-03
1.315475207000000018e-03
1.315475207000000018e-03
1.315475207000000018e-03
1.315475207000000018e-03
1.315475207000000018e-03
1.315475207000000018e-03
1.315475207000000018e-03
1.315475207000000018e-03
1.315475207000000018e-03
1.315475207000000018e-03
1.542156389000000002e-03
1.703145801999999924e-03
1.703145801999999924e-03
1.703145801999999924e-03
1.703145801999999924e-03
1.703145801999999924e-03
1.703145801999999924e-03
1.703145801999999924e-03
1.703145801999999924e-03
1.703145801999999924e-03
1.703145801999999924e-03
2.176795565999999939e-03
2.621802745999999955e-03
3.725706926999999835e-03
3.520004953999999846e-03
3.926071522999999806e-03
3.655046122999999845e-03
2.807160815000000163e-03
2.807160815000000163e-03
2.807160815000000163e-03
2.807160815000000163e-03
2.807160815000000163e-03
2.807160815000000163e-03
4.168959419999999916e-03
3.393703629000000173e-03
9.795445411999999935e-03
9.795445411999999935e-03
1.538073271999999998e-02
1.211983083000000086e-02
4.644677897999999715e-03
4.644677897999999715e-03
4.644677897999999715e-03
4.644677897999999715e-03
4.644677897999999715e-03
4.644677897999999715e-03
4.644677897999999715e-03
5.696828844000000232e-03
4.079597251000000209e-03
4.079597251000000209e-03
4.079597251000000209e-03
4.079597251000000209e-03
4.079597251000000209e-03
4.079597251000000209e-03
4.079597251000000209e-03
6.708235001000000322e-03
3.898420580999999944e-03
7.849398287000000640e-03
7.366118082000000164e-03
7.366118082000000164e-03
9.609232522999999748e-03
8.355446399999999149e-03
8.355446399999999149e-03
1.439113912000000023e-02
1.595865938000000026e-02
1.332350239000000026e-02
1.263136471999999969e-02
6.838018817999999728e-03
1.177710707000000079e-02
1.538329077999999947e-02
1.538329077999999947e-02
3.621405302999999853e-02
1.653183133999999999e-01
6.584049850999999787e-02
1.371168429999999883e-01
4.185422820999999682e-02
3.400540721999999877e-02
6.141302948999999983e-02
1.682907148999999991e-02
1.520900472999999961e-02
4.378566722999999855e-02
1.045589759999999979e-01
7.870233745999999364e-02
9.092007737000000478e-02
1.097714199000000002e-01
9.102307755999999861e-02
2.858944346999999775e-01
9.274778739000000272e-02
4.404361209000000332e-02
1.009718301000000068e-01
6.379542980999999835e-02
7.908695811999999492e-02
3.267550248000000157e-01
1.651384166000000042e-01
4.811987490999999895e-02
1.325124366000000053e-01
5.347230081999999884e-02
4.190243253999999945e-02
4.860376481999999915e-02
3.707089804000000127e-02
1.291272509999999950e-02
8.552463826000000768e-03
1.284645140999999928e-02
1.859685721000000139e-02
1.511614987000000077e-01
1.260783313000000128e-01
3.207585540999999818e-01
1.909526085999999900e-01
1.572392532999999926e-01
2.553155892999999788e-01
9.686539321999999841e-02
2.106810913999999924e-01
1.922646906999999836e-02
3.957778339999999673e-02
2.749487899999999985e-02
7.383251416000000122e-02
6.500476578000000116e-02
8.117587292000000287e-02
5.315164339000000293e-02
7.498784944000000396e-02
2.980124308000000125e-02
8.558447001000000706e-03
8.558447001000000706e-03
8.558447001000000706e-03
8.558447001000000706e-03
1.205831004999999984e-02
5.402286836000000196e-03
5.402286836000000196e-03
5.402286836000000196e-03
5.402286836000000196e-03
5.402286836000000196e-03
5.402286836000000196e-03
5.402286836000000196e-03
5.402286836000000196e-03
5.402286836000000196e-03
5.402286836000000196e-03
5.402286836000000196e-03
5.402286836000000196e-03
5.402286836000000196e-03
5.402286836000000196e-03
5.402286836000000196e-03
6.999347678999999836e-03
4.623099466999999740e-03
4.623099466999999740e-03
4.623099466999999740e-03
4.623099466999999740e-03
4.623099466999999740e-03
4.623099466999999740e-03
4.623099466999999740e-03
4.623099466999999740e-03
4.623099466999999740e-03
4.623099466999999740e-03
4.623099466999999740e-03
4.623099466999999740e-03
4.623099466999999740e-03
6.112618285000000380e-03
4.023014525000000174e-03
4.023014525000000174e-03
4.023014525000000174e-03
4.023014525000000174e-03
6.119761609000000206e-03
4.682093858999999622e-03
7.252605462000000398e-03
5.791901510999999600e-03
8.145590226999999822e-03
1.422966139999999949e-02
2.641847230999999976e-02
3.038786375000000067e-02
1.546458501999999936e-02
1.546458501999999936e-02
1.929711405000000130e-02
4.450466288999999770e-02
2.781937354999999834e-02
3.953338339999999673e-02
1.579454133000000038e-01
3.475560348000000105e-02
2.821643817000000012e-02
1.290832427999999941e-02
1.194165900000000030e-02
1.574533742000000167e-02
1.613553079000000154e-02
1.500561299000000015e-02
1.500561299000000015e-02
1.500561299000000015e-02
1.500561299000000015e-02
1.568308846000000117e-02
2.711454044999999854e-02
1.537939638000000026e-02
2.484444812000000113e-02
1.948968326999999875e-02
9.231131232999999561e-03
1.246349461999999957e-02
1.425469017000000060e-02
1.128691679999999954e-02
1.128691679999999954e-02
1.904593553999999953e-02
2.255918387999999997e-02
1.644906510000000016e-02
2.231248556000000119e-02
9.164373228000000787e-03
5.941378899000000074e-03
5.492414442999999681e-03
5.492414442999999681e-03
7.710610336000000078e-03
3.025789853000000144e-03
3.025789853000000144e-03
3.025789853000000144e-03
3.025789853000000144e-03
3.025789853000000144e-03
3.025789853000000144e-03
3.025789853000000144e-03
3.025789853000000144e-03
3.025789853000000144e-03
3.025789853000000144e-03
2.255627512000000189e-03
1.834984630000000092e-03
1.834984630000000092e-03
1.760312648000000001e-03
1.448777305999999912e-03
1.448777305999999912e-03
1.448777305999999912e-03
1.448777305999999912e-03
1.448777305999999912e-03
1.448777305999999912e-03
1.448777305999999912e-03
1.448777305999999912e-03
1.448777305999999912e-03
1.448777305999999912e-03
1.448777305999999912e-03
1.448777305999999912e-03
1.448777305999999912e-03
1.448777305999999912e-03
1.448777305999999912e-03
1.448777305999999912e-03
1.448777305999999912e-03
1.448777305999999912e-03
1.448777305999999912e-03
1.448777305999999912e-03
1.448777305999999912e-03
1.448777305999999912e-03
1.448777305999999912e-03
1.448777305999999912e-03
1.448777305999999912e-03
1.448777305999999912e-03
1.448777305999999912e-03
1.448777305999999912e-03
1.448777305999999912e-03
1.448777305999999912e-03
1.448777305999999912e-03
1.448777305999999912e-03
1.448777305999999912e-03
1.448777305999999912e-03
1.448777305999999912e-03
1.448777305999999912e-03
1.448777305999999912e-03
1.448777305999999912e-03
1.448777305999999912e-03
1.448777305999999912e-03
1.448777305999999912e-03
1.448777305999999912e-03
1.448777305999999912e-03
1.448777305999999912e-03
1.448777305999999912e-03
1.448777305999999912e-03
1.558556116999999970e-03
3.454775566000000114e-03
4.352898717000000181e-03
2.080391104000000029e-03
2.080391104000000029e-03
2.080391104000000029e-03
2.080391104000000029e-03
2.080391104000000029e-03
3.120373683999999939e-03
2.459913317999999800e-03
2.459913317999999800e-03
2.459913317999999800e-03
2.459913317999999800e-03
2.459913317999999800e-03
2.459913317999999800e-03
2.459913317999999800e-03
2.459913317999999800e-03
2.504724425999999872e-03
1.159136727999999974e-03
1.159136727999999974e-03
1.159136727999999974e-03
1.159136727999999974e-03
1.159136727999999974e-03
1.159136727999999974e-03
1.159136727999999974e-03
1.159136727999999974e-03
1.881540795999999977e-03
1.616696662000000105e-03
1.616696662000000105e-03
1.616696662000000105e-03
1.616696662000000105e-03
2.231699795000000042e-03
1.828729916000000101e-03
1.828729916000000101e-03
1.828729916000000101e-03
1.828729916000000101e-03
1.828729916000000101e-03
1.828729916000000101e-03
1.828729916000000101e-03
1.828729916000000101e-03
1.828729916000000101e-03
1.828729916000000101e-03
1.828729916000000101e-03
1.828729916000000101e-03
1.828729916000000101e-03
1.828729916000000101e-03
1.828729916000000101e-03
1.828729916000000101e-03
1.828729916000000101e-03
1.828729916000000101e-03
3.858025922999999951e-03
4.007601549999999929e-03
4.761482531999999650e-03
4.260792904999999645e-03
4.260792904999999645e-03
4.260792904999999645e-03
4.260792904999999645e-03
7.176150344000000424e-03
7.147537837000000373e-03
7.147537837000000373e-03
7.147537837000000373e-03
7.147537837000000373e-03
8.731078652000000620e-03
6.114500267999999940e-03
9.693520046999999987e-03
1.048098327999999989e-02
6.972534437000000272e-03
6.972534437000000272e-03
6.972534437000000272e-03
1.004775821000000041e-02
1.065774589999999959e-02
1.101122528999999919e-02
1.213609950000000062e-02
6.362067649000000338e-03
6.362067649000000338e-03
9.634807972000000026e-03
8.663379173000000308e-03
8.663379173000000308e-03
8.663379173000000308e-03
8.663379173000000308e-03
8.663379173000000308e-03
8.663379173000000308e-03
8.663379173000000308e-03
8.663379173000000308e-03
8.663379173000000308e-03
9.901690474000000158e-03
7.176836827000000404e-03
7.466998310999999923e-03
4.070781047999999687e-03
5.287830579999999725e-03
5.698585122000000315e-03
5.990894469000000375e-03
4.616304526000000394e-03
4.616304526000000394e-03
4.616304526000000394e-03
6.135715122000000299e-03
4.732517959000000392e-03
4.732517959000000392e-03
6.527303215000000366e-03
5.112832510999999573e-03
5.112832510999999573e-03
5.112832510999999573e-03
5.112832510999999573e-03
5.112832510999999573e-03
6.779116447000000344e-03
5.639024484999999656e-03
5.639024484999999656e-03
9.206120475999999761e-03
7.688805475000000215e-03
7.688805475000000215e-03
7.688805475000000215e-03
7.688805475000000215e-03
7.688805475000000215e-03
7.991456656000000061e-03
8.072065241999999696e-03
4.703829490999999856e-03
4.703829490999999856e-03
4.703829490999999856e-03
4.703829490999999856e-03
4.703829490999999856e-03
4.703829490999999856e-03
4.703829490999999856e-03
7.465487084000000349e-03
7.061818158999999887e-03
7.061818158999999887e-03
7.061818158999999887e-03
7.061818158999999887e-03
1.549845394000000029e-02
1.059261509999999927e-02
6.277735682000000310e-03
6.277735682000000310e-03
6.277735682000000310e-03
6.277735682000000310e-03
6.455865556999999810e-03
5.327547309999999814e-03
5.327547309999999814e-03
5.327547309999999814e-03
5.327547309999999814e-03
5.327547309999999814e-03
5.327547309999999814e-03
5.327547309999999814e-03
5.327547309999999814e-03
5.327547309999999814e-03
5.868706855000000062e-03
4.349100780999999756e-03
4.349100780999999756e-03
4.349100780999999756e-03
4.349100780999999756e-03
4.349100780999999756e-03
4.349100780999999756e-03
4.349100780999999756e-03
9.305387527999999658e-03
9.022817186000000808e-03
5.232201734000000229e-03
5.232201734000000229e-03
5.274885334999999953e-03
6.234875376000000198e-03
3.259842731999999885e-03
5.276881669999999684e-03
1.521650104000000061e-03
1.521650104000000061e-03
2.025826495999999855e-03
1.689974039999999960e-03
1.689974039999999960e-03
1.689974039999999960e-03
2.707041060000000068e-03
2.239516191000000093e-03
2.239516191000000093e-03
2.239516191000000093e-03
2.239516191000000093e-03
2.239516191000000093e-03
2.239516191000000093e-03
2.239516191000000093e-03
2.239516191000000093e-03
2.239516191000000093e-03
2.239516191000000093e-03
2.239516191000000093e-03
2.239516191000000093e-03
2.239516191000000093e-03
3.585487350999999948e-03
4.453685419000000256e-03
4.997076177000000195e-03
3.818110036999999846e-03
3.818110036999999846e-03
1.016161749000000017e-02
8.546755548999999605e-03
8.546755548999999605e-03
1.818862532999999948e-02
1.341651634000000023e-02
2.316950836000000041e-02
5.687992974000000146e-02
3.755231342999999777e-02
2.163608142000000151e-02
2.380744400000000052e-02
2.101525925000000128e-02
2.263748050000000123e-02
2.413638511999999930e-02
7.754219803000000390e-03
1.734476688000000100e-02
1.022711253999999959e-02
5.557124640999999698e-03
5.557124640999999698e-03
5.557124640999999698e-03
5.557124640999999698e-03
5.557124640999999698e-03
5.557124640999999698e-03
5.557124640999999698e-03
6.636318046999999803e-03
4.348146338999999728e-03
2.119487553000000152e-03
2.119487553000000152e-03
2.119487553000000152e-03
2.119487553000000152e-03
2.119487553000000152e-03
2.119487553000000152e-03
2.119487553000000152e-03
4.147409789999999784e-03
3.718374553999999940e-03
3.895442676000000163e-03
1.708892916000000076e-03
1.708892916000000076e-03
1.708892916000000076e-03
1.708892916000000076e-03
1.708892916000000076e-03
1.708892916000000076e-03
1.708892916000000076e-03
1.708892916000000076e-03
1.708892916000000076e-03
1.708892916000000076e-03
1.708892916000000076e-03
1.708892916000000076e-03
1.708892916000000076e-03
1.708892916000000076e-03
3.697082012999999921e-03
3.564827889999999926e-03
3.564827889999999926e-03
4.212453918999999915e-03
7.957999563999999804e-03
5.081755432999999871e-03
5.081755432999999871e-03
8.249722144000000423e-03
6.541509796000000328e-03
6.541509796000000328e-03
6.541509796000000328e-03
6.541509796000000328e-03
6.541509796000000328e-03
6.541509796000000328e-03
6.541509796000000328e-03
7.913360285999999216e-03
5.330551301999999873e-03
5.330551301999999873e-03
5.330551301999999873e-03
5.330551301999999873e-03
5.330551301999999873e-03
7.200508966000000038e-03
5.201604127999999785e-03
7.548938677999999722e-03
5.626587849000000245e-03
5.626587849000000245e-03
6.746849442000000044e-03
8.740234984999999471e-03
8.632072590999999989e-03
9.120481846000000684e-03
6.113086620999999901e-03
6.606127798000000113e-03
6.606127798000000113e-03
6.606127798000000113e-03
1.035199141000000059e-02
1.122613364999999926e-02
1.227191704000000008e-02
1.126241841999999979e-02
