   -1.000000      0.000000
  1    1       -0.00490351        0.00005443       -0.00000000        0.00000000
  1    2       -0.00236081        0.00003342       -0.00000000        0.00000000
  2    1       -0.00229350        0.00005362       -0.00000000        0.00000000
  2    2       -0.00491538        0.00001911       -0.00000000        0.00000000
   -0.500000      0.866025
  1    1       -0.00492194        0.00004018       -0.00000000        0.00000000
  1    2       -0.06451524        0.00029840       -0.00000000        0.00000000
  2    1       -0.00228230        0.00002736       -0.00000000        0.00000000
  2    2       -0.00489348        0.00002183       -0.00000000        0.00000000
    0.000000      1.732051
  1    1       -0.00284687        0.00005022        0.00000000        0.00000000
  1    2       -0.00230513        0.00001011        0.00000000        0.00000000
  2    1       -0.00235089        0.00006509        0.00000000        0.00000000
  2    2       -0.00286488        0.00000827        0.00000000        0.00000000
   -0.500000     -0.866025
  1    1       -0.00489817        0.00004468       -0.00000000        0.00000000
  1    2       -0.00231266        0.00004615       -0.00000000        0.00000000
  2    1       -0.06429402        0.00024020       -0.00000000        0.00000000
  2    2       -0.00487041        0.00001864       -0.00000000        0.00000000
    0.000000      0.000000
  1    1        0.24225127        0.00040860        0.00000000        0.00000000
  1    2       -0.06404578        0.00032313        0.00000000        0.00000000
  2    1       -0.06404578        0.00032313        0.00000000        0.00000000
  2    2        0.24217886        0.00026353        0.00000000        0.00000000
    0.500000      0.866025
  1    1       -0.00489817        0.00004468       -0.00000000        0.00000000
  1    2       -0.06429402        0.00024020       -0.00000000        0.00000000
  2    1       -0.00231266        0.00004615       -0.00000000        0.00000000
  2    2       -0.00487041        0.00001864       -0.00000000        0.00000000
    0.500000     -0.866025
  1    1       -0.00492194        0.00004018       -0.00000000        0.00000000
  1    2       -0.00228230        0.00002736       -0.00000000        0.00000000
  2    1       -0.06451524        0.00029840       -0.00000000        0.00000000
  2    2       -0.00489348        0.00002183       -0.00000000        0.00000000
    1.000000      0.000000
  1    1       -0.00490351        0.00005443       -0.00000000        0.00000000
  1    2       -0.00229350        0.00005362       -0.00000000        0.00000000
  2    1       -0.00236081        0.00003342       -0.00000000        0.00000000
  2    2       -0.00491538        0.00001911       -0.00000000        0.00000000
    1.500000      0.866025
  1    1       -0.00284687        0.00005022        0.00000000        0.00000000
  1    2       -0.00235089        0.00006509        0.00000000        0.00000000
  2    1       -0.00230513        0.00001011        0.00000000        0.00000000
  2    2       -0.00286488        0.00000827        0.00000000        0.00000000
