   -2.094395     -1.209200
  1    1        0.24505594        0.00039439        0.00000000        0.00000000
  1    2       -0.09288481        0.00028114       -0.05357951        0.00018946
  2    1       -0.09288481        0.00028114        0.05357951        0.00018946
  2    2        0.24504256        0.00030479        0.00000000        0.00000000
   -2.094395      1.209200
  1    1        0.24512725        0.00041733       -0.00000000        0.00000000
  1    2       -0.09259853        0.00034718        0.05391398        0.00026912
  2    1       -0.09259853        0.00034718       -0.05391398        0.00026912
  2    2        0.24511178        0.00026040       -0.00000000        0.00000000
    0.000000     -2.418399
  1    1        0.24511123        0.00052525        0.00000000        0.00000000
  1    2        0.00033002        0.00059236       -0.10761237        0.00046790
  2    1        0.00033002        0.00059236        0.10761237        0.00046790
  2    2        0.24497686        0.00024583        0.00000000        0.00000000
    0.000000      0.000000
  1    1        0.20711030        0.00025534        0.00000000        0.00000000
  1    2       -0.20676033        0.00024901        0.00000000        0.00000000
  2    1       -0.20676033        0.00024901        0.00000000        0.00000000
  2    2        0.20709055        0.00023829        0.00000000        0.00000000
    0.000000      2.418399
  1    1        0.24511123        0.00052525       -0.00000000        0.00000000
  1    2        0.00033002        0.00059236        0.10761237        0.00046790
  2    1        0.00033002        0.00059236       -0.10761237        0.00046790
  2    2        0.24497686        0.00024583       -0.00000000        0.00000000
    2.094395     -1.209200
  1    1        0.24512725        0.00041733        0.00000000        0.00000000
  1    2       -0.09259853        0.00034718       -0.05391398        0.00026912
  2    1       -0.09259853        0.00034718        0.05391398        0.00026912
  2    2        0.24511178        0.00026040        0.00000000        0.00000000
    2.094395      1.209200
  1    1        0.24505594        0.00039439       -0.00000000        0.00000000
  1    2       -0.09288481        0.00028114        0.05357951        0.00018946
  2    1       -0.09288481        0.00028114       -0.05357951        0.00018946
  2    2        0.24504256        0.00030479       -0.00000000        0.00000000
    2.094395      3.627599
  1    1        0.25128113        0.00044155        0.00000000        0.00000000
  1    2        0.00032748        0.00048702        0.00015958        0.00018628
  2    1        0.00032748        0.00048702       -0.00015958        0.00018628
  2    2        0.25112838        0.00027259        0.00000000        0.00000000
    4.188790      0.000000
  1    1        0.25128113        0.00044155        0.00000000        0.00000000
  1    2        0.00032748        0.00048702       -0.00015958        0.00018628
  2    1        0.00032748        0.00048702        0.00015958        0.00018628
  2    2        0.25112838        0.00027259        0.00000000        0.00000000
