           2 ( -14.209642735886487     ,  0.0000000000000000     )   1.0000000000000000     
           2 ( -14.172620276779236     ,  0.0000000000000000     )   1.0000000000000000     
           2 ( -14.184070269041591     ,  0.0000000000000000     )   1.0000000000000000     
           2 ( -14.178898531144977     ,  0.0000000000000000     )   1.0000000000000000     
           2 ( -14.156845673760287     ,  0.0000000000000000     )   1.0000000000000000     
           2 ( -14.178894467470176     ,  0.0000000000000000     )   1.0000000000000000     
           2 ( -14.144145888120262     ,  0.0000000000000000     )   1.0000000000000000     
           2 ( -14.122879179406118     ,  0.0000000000000000     )   1.0000000000000000     
           2 ( -14.154783062201250     ,  0.0000000000000000     )   1.0000000000000000     
           2 ( -14.160323969985406     ,  0.0000000000000000     )   1.0000000000000000     
