   1.0000000000000000                2           9
 (  0.0000000000000000     ,  0.0000000000000000     )
 (  0.0000000000000000     ,  0.0000000000000000     )
  -2.0943951023931953       -1.2091995761561449     
 (  1.0000000000000475     ,  4.2185528212678961E-003)
 ( 0.72907935799329371     , 0.42270897612581299     )
 ( 0.72907935799283630     ,-0.42270897612596747     )
 (  1.0000000000000742     , -1.2851150107324508E-003)
  -2.0943951023931953        1.2091995761561449     
 ( 0.99999999999977318     , -9.3883776925642016E-004)
 ( 0.73057500188801250     ,-0.41588409226121636     )
 ( 0.73057500188793201     , 0.41588409226121636     )
 ( 0.99999999999987765     , -2.2173752892911780E-003)
   0.0000000000000000       -2.4183991523122899     
 ( 0.99999999999994826     ,  4.4837353337198287E-003)
 ( -1.9081483870574708E-003, 0.84547806049219332     )
 ( -1.9081483869371968E-003,-0.84547806049184593     )
 (  1.0000000000001095     ,  1.2918232630790398E-003)
   0.0000000000000000        0.0000000000000000     
 ( 0.99999999999992617     ,  0.0000000000000000     )
 ( 0.90948953786247011     ,  0.0000000000000000     )
 ( 0.90948953786236231     ,  0.0000000000000000     )
 (  1.0000000000002163     ,  0.0000000000000000     )
   0.0000000000000000        2.4183991523122899     
 ( 0.99999999999994826     , -4.4837353337198287E-003)
 ( -1.9081483870574708E-003,-0.84547806049219332     )
 ( -1.9081483869371968E-003, 0.84547806049184593     )
 (  1.0000000000001095     , -1.2918232630790398E-003)
   2.0943951023931953       -1.2091995761561449     
 ( 0.99999999999977318     ,  9.3883776925642016E-004)
 ( 0.73057500188801250     , 0.41588409226121636     )
 ( 0.73057500188793201     ,-0.41588409226121636     )
 ( 0.99999999999987765     ,  2.2173752892911780E-003)
   2.0943951023931953        1.2091995761561449     
 (  1.0000000000000475     , -4.2185528212678961E-003)
 ( 0.72907935799329371     ,-0.42270897612581299     )
 ( 0.72907935799283630     , 0.42270897612596747     )
 (  1.0000000000000742     ,  1.2851150107324508E-003)
   2.0943951023931953        3.6275987284684348     
 ( 0.99999999999993783     ,  1.6247059859212771E-003)
 ( -1.0672654378859534E-002,  3.3348252565487256E-002)
 ( -1.0672654378835486E-002, -3.3348252565828157E-002)
 (  1.0000000000001679     ,  8.4669846229615889E-003)
   4.1887902047863905        0.0000000000000000     
 ( 0.99999999999993783     , -1.6247059859212812E-003)
 ( -1.0672654378859095E-002, -3.3348252565487999E-002)
 ( -1.0672654378835003E-002,  3.3348252565828435E-002)
 (  1.0000000000001679     , -8.4669846229615889E-003)
   1.0000000000000000                2           9
 (  0.0000000000000000     ,  0.0000000000000000     )
 (  0.0000000000000000     ,  0.0000000000000000     )
  -2.0943951023931953       -1.2091995761561449     
 ( 0.99999999999988853     , -3.3053224645697961E-003)
 ( 0.72764951460951977     , 0.42375761322299133     )
 ( 0.72764951460950933     ,-0.42375761322271083     )
 (  1.0000000000000007     ,  4.9742156396901443E-003)
  -2.0943951023931953        1.2091995761561449     
 ( 0.99999999999991851     , -5.1512552008470816E-003)
 ( 0.73057511754266935     ,-0.41710201483479414     )
 ( 0.73057511754247295     , 0.41710201483476594     )
 (  1.0000000000003859     ,  1.2836470461296972E-003)
   0.0000000000000000       -2.4183991523122899     
 ( 0.99999999999986244     , -8.0627435622593465E-004)
 (  2.0441404063316192E-003, 0.83962241144939798     )
 (  2.0441404063593813E-003,-0.83962241144929339     )
 ( 0.99999999999994849     , -2.9486783215713956E-004)
   0.0000000000000000        0.0000000000000000     
 (  1.0000000000000939     ,  0.0000000000000000     )
 ( 0.90637233436040887     ,  0.0000000000000000     )
 ( 0.90637233436082199     ,  0.0000000000000000     )
 ( 0.99999999999973810     ,  0.0000000000000000     )
   0.0000000000000000        2.4183991523122899     
 ( 0.99999999999986244     ,  8.0627435622593465E-004)
 (  2.0441404063316192E-003,-0.83962241144939798     )
 (  2.0441404063593813E-003, 0.83962241144929339     )
 ( 0.99999999999994849     ,  2.9486783215713956E-004)
   2.0943951023931953       -1.2091995761561449     
 ( 0.99999999999991851     ,  5.1512552008470816E-003)
 ( 0.73057511754266935     , 0.41710201483479414     )
 ( 0.73057511754247295     ,-0.41710201483476594     )
 (  1.0000000000003859     , -1.2836470461296972E-003)
   2.0943951023931953        1.2091995761561449     
 ( 0.99999999999988853     ,  3.3053224645697961E-003)
 ( 0.72764951460951977     ,-0.42375761322299133     )
 ( 0.72764951460950933     , 0.42375761322271083     )
 (  1.0000000000000007     , -4.9742156396901443E-003)
   2.0943951023931953        3.6275987284684348     
 (  1.0000000000001719     ,  7.3241299464093896E-003)
 (  4.6770818188263241E-003,  1.4468207888525930E-002)
 (  4.6770818182082135E-003, -1.4468207888035612E-002)
 ( 0.99999999999992917     ,  7.6440262907651367E-003)
   4.1887902047863905        0.0000000000000000     
 (  1.0000000000001719     , -7.3241299464093879E-003)
 (  4.6770818188268176E-003, -1.4468207888526636E-002)
 (  4.6770818182087070E-003,  1.4468207888035949E-002)
 ( 0.99999999999992917     , -7.6440262907651402E-003)
   1.0000000000000000                2           9
 (  0.0000000000000000     ,  0.0000000000000000     )
 (  0.0000000000000000     ,  0.0000000000000000     )
  -2.0943951023931953       -1.2091995761561449     
 ( 0.99999999999995282     , -1.7146125873164543E-003)
 ( 0.72461495545715804     , 0.42177974976770799     )
 ( 0.72461495545691579     ,-0.42177974976771537     )
 ( 0.99999999999995681     , -7.9219059380444769E-004)
  -2.0943951023931953        1.2091995761561449     
 (  1.0000000000002951     ,  4.3938388750047429E-003)
 ( 0.72332338789070372     ,-0.42711182648637319     )
 ( 0.72332338789115658     , 0.42711182648670060     )
 (  1.0000000000000846     , -2.1035639905598799E-003)
   0.0000000000000000       -2.4183991523122899     
 ( 0.99999999999980593     , -3.5492077897903546E-003)
 ( -4.4651181173124520E-003, 0.84039245988552436     )
 ( -4.4651181170083437E-003,-0.84039245988504008     )
 (  1.0000000000004430     , -1.8275532215341844E-004)
   0.0000000000000000        0.0000000000000000     
 (  1.0000000000001752     ,  0.0000000000000000     )
 ( 0.90849296514938715     ,  0.0000000000000000     )
 ( 0.90849296514993105     ,  0.0000000000000000     )
 ( 0.99999999999985767     ,  0.0000000000000000     )
   0.0000000000000000        2.4183991523122899     
 ( 0.99999999999980593     ,  3.5492077897903546E-003)
 ( -4.4651181173124520E-003,-0.84039245988552436     )
 ( -4.4651181170083437E-003, 0.84039245988504008     )
 (  1.0000000000004430     ,  1.8275532215341844E-004)
   2.0943951023931953       -1.2091995761561449     
 (  1.0000000000002951     , -4.3938388750047429E-003)
 ( 0.72332338789070372     , 0.42711182648637319     )
 ( 0.72332338789115658     ,-0.42711182648670060     )
 (  1.0000000000000846     ,  2.1035639905598799E-003)
   2.0943951023931953        1.2091995761561449     
 ( 0.99999999999995282     ,  1.7146125873164543E-003)
 ( 0.72461495545715804     ,-0.42177974976770799     )
 ( 0.72461495545691579     , 0.42177974976771537     )
 ( 0.99999999999995681     ,  7.9219059380444769E-004)
   2.0943951023931953        3.6275987284684348     
 ( 0.99999999999926381     ,  7.9797926020031395E-003)
 ( -2.1583902726988458E-002, -1.1563904522702098E-002)
 ( -2.1583902726362871E-002,  1.1563904522125848E-002)
 (  1.0000000000001890     , -1.1421737395040450E-002)
   4.1887902047863905        0.0000000000000000     
 ( 0.99999999999926381     , -7.9797926020031360E-003)
 ( -2.1583902726987951E-002,  1.1563904522701337E-002)
 ( -2.1583902726362417E-002, -1.1563904522125563E-002)
 (  1.0000000000001890     ,  1.1421737395040451E-002)
   1.0000000000000000                2           9
 (  0.0000000000000000     ,  0.0000000000000000     )
 (  0.0000000000000000     ,  0.0000000000000000     )
  -2.0943951023931953       -1.2091995761561449     
 (  1.0000000000003926     , -1.7856334579123630E-003)
 ( 0.72226921760483520     , 0.41963745242081929     )
 ( 0.72226921760510099     ,-0.41963745242094497     )
 (  1.0000000000000122     , -2.1966657648719864E-005)
  -2.0943951023931953        1.2091995761561449     
 (  1.0000000000002327     ,  3.2573664334867546E-003)
 ( 0.72504211137920516     ,-0.41854665750952624     )
 ( 0.72504211137919305     , 0.41854665750987319     )
 (  1.0000000000000322     ,  1.4237143952329718E-003)
   0.0000000000000000       -2.4183991523122899     
 ( 0.99999999999946532     , -5.7574853244299297E-003)
 ( -4.0142181582400087E-003, 0.83631202912644020     )
 ( -4.0142181582799273E-003,-0.83631202912605218     )
 (  1.0000000000000133     ,  6.9280177957101153E-004)
   0.0000000000000000        0.0000000000000000     
 ( 0.99999999999846167     ,  0.0000000000000000     )
 ( 0.90696860351309483     ,  0.0000000000000000     )
 ( 0.90696860351112440     ,  0.0000000000000000     )
 (  1.0000000000005820     ,  0.0000000000000000     )
   0.0000000000000000        2.4183991523122899     
 ( 0.99999999999946532     ,  5.7574853244299297E-003)
 ( -4.0142181582400087E-003,-0.83631202912644020     )
 ( -4.0142181582799273E-003, 0.83631202912605218     )
 (  1.0000000000000133     , -6.9280177957101153E-004)
   2.0943951023931953       -1.2091995761561449     
 (  1.0000000000002327     , -3.2573664334867546E-003)
 ( 0.72504211137920516     , 0.41854665750952624     )
 ( 0.72504211137919305     ,-0.41854665750987319     )
 (  1.0000000000000322     , -1.4237143952329718E-003)
   2.0943951023931953        1.2091995761561449     
 (  1.0000000000003926     ,  1.7856334579123630E-003)
 ( 0.72226921760483520     ,-0.41963745242081929     )
 ( 0.72226921760510099     , 0.41963745242094497     )
 (  1.0000000000000122     ,  2.1966657648719864E-005)
   2.0943951023931953        3.6275987284684348     
 (  1.0000000000001110     ,  1.1496859085719331E-002)
 ( -1.2478148052886581E-003,  1.6694943509811631E-002)
 ( -1.2478148054201332E-003, -1.6694943510000986E-002)
 (  1.0000000000002178     , -1.5022430603310368E-002)
   4.1887902047863905        0.0000000000000000     
 (  1.0000000000001110     , -1.1496859085719329E-002)
 ( -1.2478148052881772E-003, -1.6694943509812342E-002)
 ( -1.2478148054196028E-003,  1.6694943510001278E-002)
 (  1.0000000000002178     ,  1.5022430603310368E-002)
   1.0000000000000000                2           9
 (  0.0000000000000000     ,  0.0000000000000000     )
 (  0.0000000000000000     ,  0.0000000000000000     )
  -2.0943951023931953       -1.2091995761561449     
 ( 0.99999999999993017     , -3.5271914618517147E-003)
 ( 0.72874405038401191     , 0.42372764565947235     )
 ( 0.72874405038405887     ,-0.42372764565917298     )
 (  1.0000000000000675     , -9.1390302004951520E-004)
  -2.0943951023931953        1.2091995761561449     
 ( 0.99999999999990308     ,  1.0541757579850322E-003)
 ( 0.72548888514134247     ,-0.42220001771366905     )
 ( 0.72548888514121079     , 0.42220001771354371     )
 (  1.0000000000001537     , -3.1803275933247471E-003)
   0.0000000000000000       -2.4183991523122899     
 ( 0.99999999999971734     , -4.2677926362988819E-003)
 ( -6.7324969190791844E-003, 0.84137456193826810     )
 ( -6.7324969191677984E-003,-0.84137456193811344     )
 (  1.0000000000001024     ,  3.3538369024979850E-003)
   0.0000000000000000        0.0000000000000000     
 (  1.0000000000005991     ,  0.0000000000000000     )
 ( 0.90647151387460212     ,  0.0000000000000000     )
 ( 0.90647151387564284     ,  0.0000000000000000     )
 ( 0.99999999999924882     ,  0.0000000000000000     )
   0.0000000000000000        2.4183991523122899     
 ( 0.99999999999971734     ,  4.2677926362988819E-003)
 ( -6.7324969190791844E-003,-0.84137456193826810     )
 ( -6.7324969191677984E-003, 0.84137456193811344     )
 (  1.0000000000001024     , -3.3538369024979850E-003)
   2.0943951023931953       -1.2091995761561449     
 ( 0.99999999999990308     , -1.0541757579850322E-003)
 ( 0.72548888514134247     , 0.42220001771366905     )
 ( 0.72548888514121079     ,-0.42220001771354371     )
 (  1.0000000000001537     ,  3.1803275933247471E-003)
   2.0943951023931953        1.2091995761561449     
 ( 0.99999999999993017     ,  3.5271914618517147E-003)
 ( 0.72874405038401191     ,-0.42372764565947235     )
 ( 0.72874405038405887     , 0.42372764565917298     )
 (  1.0000000000000675     ,  9.1390302004951520E-004)
   2.0943951023931953        3.6275987284684348     
 (  1.0000000000004308     , -1.0906612404150411E-002)
 ( -2.4331980240852709E-002, -2.3333287124559041E-002)
 ( -2.4331980241201232E-002,  2.3333287123942743E-002)
 ( 0.99999999999977307     , -3.8982370889868254E-003)
   4.1887902047863905        0.0000000000000000     
 (  1.0000000000004308     ,  1.0906612404150418E-002)
 ( -2.4331980240852202E-002,  2.3333287124558275E-002)
 ( -2.4331980241200771E-002, -2.3333287123942403E-002)
 ( 0.99999999999977307     ,  3.8982370889868254E-003)
   1.0000000000000000                2           9
 (  0.0000000000000000     ,  0.0000000000000000     )
 (  0.0000000000000000     ,  0.0000000000000000     )
  -2.0943951023931953       -1.2091995761561449     
 (  1.0000000000000520     , -2.3793630363153047E-003)
 ( 0.72353617383191038     , 0.42633441626045060     )
 ( 0.72353617383188162     ,-0.42633441626040475     )
 (  1.0000000000000415     ,  3.6644469914846986E-003)
  -2.0943951023931953        1.2091995761561449     
 ( 0.99999999999989930     ,  3.9378139743450231E-003)
 ( 0.73117543099905791     ,-0.42303628411998306     )
 ( 0.73117543099898308     , 0.42303628411968780     )
 (  1.0000000000000604     , -2.8788432605054520E-004)
   0.0000000000000000       -2.4183991523122899     
 ( 0.99999999999981293     , -1.9809543889568199E-003)
 ( -4.1963107392712796E-003, 0.84169423543200206     )
 ( -4.1963107391299421E-003,-0.84169423543175381     )
 (  1.0000000000000631     , -3.6730295213167782E-004)
   0.0000000000000000        0.0000000000000000     
 (  1.0000000000004823     ,  0.0000000000000000     )
 ( 0.90715690045442599     ,  0.0000000000000000     )
 ( 0.90715690045492514     ,  0.0000000000000000     )
 (  1.0000000000000155     ,  0.0000000000000000     )
   0.0000000000000000        2.4183991523122899     
 ( 0.99999999999981293     ,  1.9809543889568199E-003)
 ( -4.1963107392712796E-003,-0.84169423543200206     )
 ( -4.1963107391299421E-003, 0.84169423543175381     )
 (  1.0000000000000631     ,  3.6730295213167782E-004)
   2.0943951023931953       -1.2091995761561449     
 ( 0.99999999999989930     , -3.9378139743450231E-003)
 ( 0.73117543099905791     , 0.42303628411998306     )
 ( 0.73117543099898308     ,-0.42303628411968780     )
 (  1.0000000000000604     ,  2.8788432605054520E-004)
   2.0943951023931953        1.2091995761561449     
 (  1.0000000000000520     ,  2.3793630363153047E-003)
 ( 0.72353617383191038     ,-0.42633441626045060     )
 ( 0.72353617383188162     , 0.42633441626040475     )
 (  1.0000000000000415     , -3.6644469914846986E-003)
   2.0943951023931953        3.6275987284684348     
 ( 0.99999999999995048     ,  5.4225836491462419E-003)
 ( -2.1442539855874534E-002,  3.1308366325790961E-002)
 ( -2.1442539855798026E-002, -3.1308366326034481E-002)
 ( 0.99999999999990308     , -1.3660532936393584E-002)
   4.1887902047863905        0.0000000000000000     
 ( 0.99999999999995048     , -5.4225836491462419E-003)
 ( -2.1442539855874021E-002, -3.1308366325791724E-002)
 ( -2.1442539855797495E-002,  3.1308366326034759E-002)
 ( 0.99999999999990308     ,  1.3660532936393584E-002)
   1.0000000000000000                2           9
 (  0.0000000000000000     ,  0.0000000000000000     )
 (  0.0000000000000000     ,  0.0000000000000000     )
  -2.0943951023931953       -1.2091995761561449     
 ( 0.99999999999992362     ,  3.6005656765646567E-003)
 ( 0.73135480879607384     , 0.41125931105195218     )
 ( 0.73135480879618942     ,-0.41125931105182995     )
 ( 0.99999999999991251     , -1.1801792849308783E-003)
  -2.0943951023931953        1.2091995761561449     
 ( 0.99999999999994471     ,  3.3183796623802355E-003)
 ( 0.72109301008952120     ,-0.42608670950860117     )
 ( 0.72109301008962812     , 0.42608670950861866     )
 (  1.0000000000000364     ,  4.1593784081161024E-004)
   0.0000000000000000       -2.4183991523122899     
 (  1.0000000000001616     ,  7.8079609768991860E-004)
 (  8.7030289620984884E-004, 0.83830820979113307     )
 (  8.7030289613264518E-004,-0.83830820979125087     )
 (  1.0000000000000457     , -2.2407113701753117E-003)
   0.0000000000000000        0.0000000000000000     
 (  1.0000000000001914     ,  0.0000000000000000     )
 ( 0.90686893068605789     ,  0.0000000000000000     )
 ( 0.90686893068583607     ,  0.0000000000000000     )
 (  1.0000000000000340     ,  0.0000000000000000     )
   0.0000000000000000        2.4183991523122899     
 (  1.0000000000001616     , -7.8079609768991860E-004)
 (  8.7030289620984884E-004,-0.83830820979113307     )
 (  8.7030289613264518E-004, 0.83830820979125087     )
 (  1.0000000000000457     ,  2.2407113701753117E-003)
   2.0943951023931953       -1.2091995761561449     
 ( 0.99999999999994471     , -3.3183796623802355E-003)
 ( 0.72109301008952120     , 0.42608670950860117     )
 ( 0.72109301008962812     ,-0.42608670950861866     )
 (  1.0000000000000364     , -4.1593784081161024E-004)
   2.0943951023931953        1.2091995761561449     
 ( 0.99999999999992362     , -3.6005656765646567E-003)
 ( 0.73135480879607384     ,-0.41125931105195218     )
 ( 0.73135480879618942     , 0.41125931105182995     )
 ( 0.99999999999991251     ,  1.1801792849308783E-003)
   2.0943951023931953        3.6275987284684348     
 ( 0.99999999999989142     , -8.7227360254153957E-004)
 (  1.7439812516192532E-002, -4.6534428901174263E-002)
 (  1.7439812516500522E-002,  4.6534428901090337E-002)
 ( 0.99999999999999700     ,  9.6483144201055891E-003)
   4.1887902047863905        0.0000000000000000     
 ( 0.99999999999989142     ,  8.7227360254153730E-004)
 (  1.7439812516193014E-002,  4.6534428901173659E-002)
 (  1.7439812516500976E-002, -4.6534428901089976E-002)
 ( 0.99999999999999700     , -9.6483144201055891E-003)
   1.0000000000000000                2           9
 (  0.0000000000000000     ,  0.0000000000000000     )
 (  0.0000000000000000     ,  0.0000000000000000     )
  -2.0943951023931953       -1.2091995761561449     
 ( 0.99999999999973410     ,  6.9000842551621350E-005)
 ( 0.72981683693702315     , 0.41520884616144421     )
 ( 0.72981683693666266     ,-0.41520884616160725     )
 ( 0.99999999999976508     ,  1.4744956591517730E-003)
  -2.0943951023931953        1.2091995761561449     
 ( 0.99999999999976985     ,  2.3401385701398484E-003)
 ( 0.72835796146917520     ,-0.41572364099835346     )
 ( 0.72835796146967824     , 0.41572364099814813     )
 ( 0.99999999999993450     ,  1.7682465854392503E-003)
   0.0000000000000000       -2.4183991523122899     
 ( 0.99999999999960210     ,  1.4678374491078870E-003)
 (  6.3341110974760801E-003, 0.83567737942648024     )
 (  6.3341110971205589E-003,-0.83567737942644427     )
 ( 0.99999999999998657     , -1.0141692503822309E-003)
   0.0000000000000000        0.0000000000000000     
 ( 0.99999999999995204     ,  0.0000000000000000     )
 ( 0.90779282947133610     ,  0.0000000000000000     )
 ( 0.90779282947123918     ,  0.0000000000000000     )
 (  1.0000000000000866     ,  0.0000000000000000     )
   0.0000000000000000        2.4183991523122899     
 ( 0.99999999999960210     , -1.4678374491078870E-003)
 (  6.3341110974760801E-003,-0.83567737942648024     )
 (  6.3341110971205589E-003, 0.83567737942644427     )
 ( 0.99999999999998657     ,  1.0141692503822309E-003)
   2.0943951023931953       -1.2091995761561449     
 ( 0.99999999999976985     , -2.3401385701398484E-003)
 ( 0.72835796146917520     , 0.41572364099835346     )
 ( 0.72835796146967824     ,-0.41572364099814813     )
 ( 0.99999999999993450     , -1.7682465854392503E-003)
   2.0943951023931953        1.2091995761561449     
 ( 0.99999999999973410     , -6.9000842551621350E-005)
 ( 0.72981683693702315     ,-0.41520884616144421     )
 ( 0.72981683693666266     , 0.41520884616160725     )
 ( 0.99999999999976508     , -1.4744956591517730E-003)
   2.0943951023931953        3.6275987284684348     
 (  1.0000000000007148     , -6.5345410200031125E-003)
 (  2.4372507165596788E-002, -1.1478080446865553E-002)
 (  2.4372507164624951E-002,  1.1478080445030622E-002)
 (  1.0000000000004672     ,  4.9572955906863345E-003)
   4.1887902047863905        0.0000000000000000     
 (  1.0000000000007148     ,  6.5345410200031116E-003)
 (  2.4372507165597284E-002,  1.1478080446864854E-002)
 (  2.4372507164625429E-002, -1.1478080445030231E-002)
 (  1.0000000000004672     , -4.9572955906863354E-003)
   1.0000000000000000                2           9
 (  0.0000000000000000     ,  0.0000000000000000     )
 (  0.0000000000000000     ,  0.0000000000000000     )
  -2.0943951023931953       -1.2091995761561449     
 (  1.0000000000000933     , -1.1340223872642041E-003)
 ( 0.72220271367998667     , 0.41784118464974729     )
 ( 0.72220271368040434     ,-0.41784118464956599     )
 (  1.0000000000001625     , -2.9670129173760599E-003)
  -2.0943951023931953        1.2091995761561449     
 ( 0.99999999999997335     ,  1.6541156304504170E-003)
 ( 0.72641655357145185     ,-0.41722458201719009     )
 ( 0.72641655357142243     , 0.41722458201689089     )
 ( 0.99999999999965461     , -2.8648763488076822E-004)
   0.0000000000000000       -2.4183991523122899     
 ( 0.99999999999994671     , -3.0527552554957113E-004)
 ( -1.3000255441763470E-003, 0.83677837209950345     )
 ( -1.3000255441614329E-003,-0.83677837209917039     )
 (  1.0000000000002056     ,  2.2775891457853317E-003)
   0.0000000000000000        0.0000000000000000     
 (  1.0000000000001183     ,  0.0000000000000000     )
 ( 0.90491112566075493     ,  0.0000000000000000     )
 ( 0.90491112566121679     ,  0.0000000000000000     )
 (  1.0000000000000191     ,  0.0000000000000000     )
   0.0000000000000000        2.4183991523122899     
 ( 0.99999999999994671     ,  3.0527552554957113E-004)
 ( -1.3000255441763470E-003,-0.83677837209950345     )
 ( -1.3000255441614329E-003, 0.83677837209917039     )
 (  1.0000000000002056     , -2.2775891457853317E-003)
   2.0943951023931953       -1.2091995761561449     
 ( 0.99999999999997335     , -1.6541156304504170E-003)
 ( 0.72641655357145185     , 0.41722458201719009     )
 ( 0.72641655357142243     ,-0.41722458201689089     )
 ( 0.99999999999965461     ,  2.8648763488076822E-004)
   2.0943951023931953        1.2091995761561449     
 (  1.0000000000000933     ,  1.1340223872642041E-003)
 ( 0.72220271367998667     ,-0.41784118464974729     )
 ( 0.72220271368040434     , 0.41784118464956599     )
 (  1.0000000000001625     ,  2.9670129173760599E-003)
   2.0943951023931953        3.6275987284684348     
 (  1.0000000000000946     , -5.2992061803991261E-003)
 ( -5.1030777030918678E-003,  1.6188832328534315E-002)
 ( -5.1030777033125550E-003, -1.6188832328910240E-002)
 ( 0.99999999999980893     , -1.0068602944498793E-002)
   4.1887902047863905        0.0000000000000000     
 (  1.0000000000000946     ,  5.2992061803991261E-003)
 ( -5.1030777030913743E-003, -1.6188832328535126E-002)
 ( -5.1030777033120745E-003,  1.6188832328910573E-002)
 ( 0.99999999999980893     ,  1.0068602944498793E-002)
   1.0000000000000000                2           9
 (  0.0000000000000000     ,  0.0000000000000000     )
 (  0.0000000000000000     ,  0.0000000000000000     )
  -2.0943951023931953       -1.2091995761561449     
 ( 0.99999999999970002     ,  2.9608598942584916E-003)
 ( 0.72838601849931017     , 0.42027156519636411     )
 ( 0.72838601849963169     ,-0.42027156519594733     )
 (  1.0000000000000282     , -6.0452101235343664E-004)
  -2.0943951023931953        1.2091995761561449     
 (  1.0000000000004674     ,  2.3487578097650974E-003)
 ( 0.72699276280661085     ,-0.42248215298264258     )
 ( 0.72699276280706426     , 0.42248215298324826     )
 ( 0.99999999999973888     , -2.5318444180472102E-003)
   0.0000000000000000       -2.4183991523122899     
 ( 0.99999999999969191     , -3.0209375718245912E-004)
 (  1.8675317202051388E-003, 0.84210623397882023     )
 (  1.8675317202446690E-003,-0.84210623397842843     )
 (  1.0000000000000713     , -2.7275938865009581E-003)
   0.0000000000000000        0.0000000000000000     
 (  1.0000000000008877     ,  0.0000000000000000     )
 ( 0.90881859257025133     ,  0.0000000000000000     )
 ( 0.90881859257211473     ,  0.0000000000000000     )
 ( 0.99999999999928468     ,  0.0000000000000000     )
   0.0000000000000000        2.4183991523122899     
 ( 0.99999999999969191     ,  3.0209375718245912E-004)
 (  1.8675317202051388E-003,-0.84210623397882023     )
 (  1.8675317202446690E-003, 0.84210623397842843     )
 (  1.0000000000000713     ,  2.7275938865009581E-003)
   2.0943951023931953       -1.2091995761561449     
 (  1.0000000000004674     , -2.3487578097650974E-003)
 ( 0.72699276280661085     , 0.42248215298264258     )
 ( 0.72699276280706426     ,-0.42248215298324826     )
 ( 0.99999999999973888     ,  2.5318444180472102E-003)
   2.0943951023931953        1.2091995761561449     
 ( 0.99999999999970002     , -2.9608598942584916E-003)
 ( 0.72838601849931017     ,-0.42027156519636411     )
 ( 0.72838601849963169     , 0.42027156519594733     )
 (  1.0000000000000282     ,  6.0452101235343664E-004)
   2.0943951023931953        3.6275987284684348     
 (  1.0000000000001148     , -8.7458914298495019E-003)
 (  1.3849354250480185E-002, -7.7837298462303545E-003)
 (  1.3849354250365400E-002,  7.7837298478079303E-003)
 (  1.0000000000001270     ,  6.5597917909819689E-003)
   4.1887902047863905        0.0000000000000000     
 (  1.0000000000001148     ,  8.7458914298495019E-003)
 (  1.3849354250480617E-002,  7.7837298462296945E-003)
 (  1.3849354250365856E-002, -7.7837298478075339E-003)
 (  1.0000000000001270     , -6.5597917909819663E-003)
