           2 ( -22.977478818931498     ,  0.0000000000000000     )   1.0000000000000000     
           2 ( -22.917479697950039     ,  0.0000000000000000     )   1.0000000000000000     
           2 ( -22.901644286641201     ,  0.0000000000000000     )   1.0000000000000000     
           2 ( -22.823374225681928     ,  0.0000000000000000     )   1.0000000000000000     
           2 ( -22.923820039274261     ,  0.0000000000000000     )   1.0000000000000000     
           2 ( -22.944946167575079     ,  0.0000000000000000     )   1.0000000000000000     
           2 ( -22.864521846724717     ,  0.0000000000000000     )   1.0000000000000000     
           2 ( -22.863983057715902     ,  0.0000000000000000     )   1.0000000000000000     
           2 ( -22.811305649134695     ,  0.0000000000000000     )   1.0000000000000000     
           2 ( -22.938851890058952     ,  0.0000000000000000     )   1.0000000000000000     
