           2 (  18.000000000000000     ,  0.0000000000000000     )   1.0000000000000000     
           2 (  18.000000000000018     ,  0.0000000000000000     )   1.0000000000000000     
           2 (  18.000000000000039     ,  0.0000000000000000     )   1.0000000000000000     
           2 (  17.999999999999989     ,  0.0000000000000000     )   1.0000000000000000     
           2 (  18.000000000000014     ,  0.0000000000000000     )   1.0000000000000000     
           2 (  18.000000000000014     ,  0.0000000000000000     )   1.0000000000000000     
           2 (  18.000000000000014     ,  0.0000000000000000     )   1.0000000000000000     
           2 (  18.000000000000011     ,  0.0000000000000000     )   1.0000000000000000     
           2 (  18.000000000000011     ,  0.0000000000000000     )   1.0000000000000000     
           2 (  17.999999999999982     ,  0.0000000000000000     )   1.0000000000000000     
