           2 (  8.7678360830449993     ,  0.0000000000000000     )   1.0000000000000000     
           2 (  8.7448594211708421     ,  0.0000000000000000     )   1.0000000000000000     
           2 (  8.7175740176001533     ,  0.0000000000000000     )   1.0000000000000000     
           2 (  8.6444756945372578     ,  0.0000000000000000     )   1.0000000000000000     
           2 (  8.7669743655140984     ,  0.0000000000000000     )   1.0000000000000000     
           2 (  8.7660517001049563     ,  0.0000000000000000     )   1.0000000000000000     
           2 (  8.7203759586044658     ,  0.0000000000000000     )   1.0000000000000000     
           2 (  8.7411038783095893     ,  0.0000000000000000     )   1.0000000000000000     
           2 (  8.6565225869337237     ,  0.0000000000000000     )   1.0000000000000000     
           2 (  8.7785279200731505     ,  0.0000000000000000     )   1.0000000000000000     
