   -1.000000      0.000000
  1    1        0.10740166        0.00028833       -0.00000000        0.00000000
  1    2       -0.10902470        0.00430658       -0.00000000        0.00000000
  2    1       -0.10899575        0.00356211        0.00000000        0.00000000
  2    2        0.11105387        0.00451528       -0.00000000        0.00000000
   -0.500000      0.866025
  1    1        0.11118190        0.00508196       -0.00000000        0.00000000
  1    2       -0.30106834        0.00336927        0.00000000        0.00000000
  2    1       -0.10879871        0.00400210        0.00000000        0.00000000
  2    2        0.10796716        0.00206211       -0.00000000        0.00000000
    0.000000      1.732051
  1    1        0.09693722        0.00339420       -0.00000000        0.00000000
  1    2       -0.11691325        0.00187638       -0.00000000        0.00000000
  2    1       -0.10805117        0.00439052       -0.00000000        0.00000000
  2    2        0.09831659        0.00361428       -0.00000000        0.00000000
   -0.500000     -0.866025
  1    1        0.10555546        0.00173231       -0.00000000        0.00000000
  1    2       -0.10614113        0.00435078        0.00000000        0.00000000
  2    1       -0.30069804        0.00233475        0.00000000        0.00000000
  2    2        0.11419284        0.00358494       -0.00000000        0.00000000
    0.000000      0.000000
  1    1        0.75774873        0.00040860        0.00000000        0.00000000
  1    2       -0.30001707        0.00294767       -0.00000000        0.00000000
  2    1       -0.30001707        0.00294767       -0.00000000        0.00000000
  2    2        0.75782114        0.00026353        0.00000000        0.00000000
    0.500000      0.866025
  1    1        0.10555546        0.00173231        0.00000000        0.00000000
  1    2       -0.30069804        0.00233475       -0.00000000        0.00000000
  2    1       -0.10614113        0.00435078        0.00000000        0.00000000
  2    2        0.11419284        0.00358494        0.00000000        0.00000000
    0.500000     -0.866025
  1    1        0.11118190        0.00508196       -0.00000000        0.00000000
  1    2       -0.10879871        0.00400210       -0.00000000        0.00000000
  2    1       -0.30106834        0.00336927        0.00000000        0.00000000
  2    2        0.10796716        0.00206211       -0.00000000        0.00000000
    1.000000      0.000000
  1    1        0.10740166        0.00028833        0.00000000        0.00000000
  1    2       -0.10899575        0.00356211        0.00000000        0.00000000
  2    1       -0.10902470        0.00430658        0.00000000        0.00000000
  2    2        0.11105387        0.00451528        0.00000000        0.00000000
    1.500000      0.866025
  1    1        0.09693722        0.00339420       -0.00000000        0.00000000
  1    2       -0.10805117        0.00439052       -0.00000000        0.00000000
  2    1       -0.11691325        0.00187638       -0.00000000        0.00000000
  2    2        0.09831659        0.00361428       -0.00000000        0.00000000
