   1.0000000000000000                2           9
 (  0.0000000000000000     ,  0.0000000000000000     )
 (  0.0000000000000000     ,  0.0000000000000000     )
  -2.0943951023931953       -1.2091995761561449     
 ( 0.63015495724777171     ,  3.7007434154171883E-017)
 (-0.25073923762097677     ,-0.20301828521054366     )
 (-0.25073923762097677     , 0.20301828521054355     )
 ( 0.66523371980281232     ,  1.2335811384723961E-017)
  -2.0943951023931953        1.2091995761561449     
 ( 0.65699649990186437     , -4.9343245538895844E-017)
 (-0.29472345561966162     , 0.16567851292387431     )
 (-0.29472345561966168     ,-0.16567851292387434     )
 ( 0.64381431250502474     , -2.4671622769447922E-017)
   0.0000000000000000       -2.4183991523122899     
 ( 0.64796258712754540     ,  1.2335811384723962E-016)
 (  4.2310140474467461E-003,-0.33687673125449569     )
 (  4.2310140474468199E-003, 0.33687673125449547     )
 ( 0.64395471544583383     ,  1.2335811384723962E-016)
   0.0000000000000000        0.0000000000000000     
 (  1.6911005222180402     ,  0.0000000000000000     )
 ( -1.6709196401468478     ,  0.0000000000000000     )
 ( -1.6709196401468478     ,  0.0000000000000000     )
 (  1.6905369595836346     ,  0.0000000000000000     )
   0.0000000000000000        2.4183991523122899     
 ( 0.64796258712754540     , -1.2335811384723962E-016)
 (  4.2310140474467461E-003, 0.33687673125449569     )
 (  4.2310140474468199E-003,-0.33687673125449547     )
 ( 0.64395471544583383     , -1.2335811384723962E-016)
   2.0943951023931953       -1.2091995761561449     
 ( 0.65699649990186437     ,  4.9343245538895844E-017)
 (-0.29472345561966162     ,-0.16567851292387431     )
 (-0.29472345561966168     , 0.16567851292387434     )
 ( 0.64381431250502474     ,  2.4671622769447922E-017)
   2.0943951023931953        1.2091995761561449     
 ( 0.63015495724777171     , -3.7007434154171883E-017)
 (-0.25073923762097677     , 0.20301828521054366     )
 (-0.25073923762097677     ,-0.20301828521054355     )
 ( 0.66523371980281232     , -1.2335811384723961E-017)
   2.0943951023931953        3.6275987284684348     
 ( 0.62288945453652123     ,  3.7283935583769354E-016)
 ( -7.8347049580145510E-003, -3.5266904071529354E-003)
 ( -7.8347049580145267E-003,  3.5266904071522770E-003)
 ( 0.60621599177052277     ,  3.5398198145031340E-016)
   4.1887902047863905        0.0000000000000000     
 ( 0.62288945453652134     ,  2.5907944461783960E-018)
 ( -7.8347049580148476E-003,  3.5266904071527688E-003)
 ( -7.8347049580148476E-003, -3.5266904071529414E-003)
 ( 0.60621599177052277     ,  1.1811119074253371E-018)
   1.0000000000000000                2           9
 (  0.0000000000000000     ,  0.0000000000000000     )
 (  0.0000000000000000     ,  0.0000000000000000     )
  -2.0943951023931953       -1.2091995761561449     
 ( 0.66758039742709596     ,  8.6350679693067732E-017)
 (-0.27755924440953073     ,-0.18766938413787371     )
 (-0.27755924440953067     , 0.18766938413787349     )
 ( 0.62541918466951096     ,  7.4014868308343765E-017)
  -2.0943951023931953        1.2091995761561449     
 ( 0.65023023621773290     ,  0.0000000000000000     )
 (-0.29331068219659950     , 0.17320099287677648     )
 (-0.29331068219659934     ,-0.17320099287677637     )
 ( 0.71563921328512570     ,  1.2335811384723961E-017)
   0.0000000000000000       -2.4183991523122899     
 ( 0.64857807294906356     ,  1.2335811384723962E-016)
 (  1.3051808901950457E-003,-0.31704185202835039     )
 (  1.3051808901949347E-003, 0.31704185202834995     )
 ( 0.62959906144086020     ,  8.6350679693067732E-017)
   0.0000000000000000        0.0000000000000000     
 (  1.5823893957253208     ,  0.0000000000000000     )
 ( -1.5378190943352477     ,  0.0000000000000000     )
 ( -1.5378190943352477     ,  0.0000000000000000     )
 (  1.6108235339792696     ,  0.0000000000000000     )
   0.0000000000000000        2.4183991523122899     
 ( 0.64857807294906356     , -1.2335811384723962E-016)
 (  1.3051808901950457E-003, 0.31704185202835039     )
 (  1.3051808901949347E-003,-0.31704185202834995     )
 ( 0.62959906144086020     , -8.6350679693067732E-017)
   2.0943951023931953       -1.2091995761561449     
 ( 0.65023023621773290     ,  0.0000000000000000     )
 (-0.29331068219659950     ,-0.17320099287677648     )
 (-0.29331068219659934     , 0.17320099287677637     )
 ( 0.71563921328512570     , -1.2335811384723961E-017)
   2.0943951023931953        1.2091995761561449     
 ( 0.66758039742709596     , -8.6350679693067732E-017)
 (-0.27755924440953073     , 0.18766938413787371     )
 (-0.27755924440953067     ,-0.18766938413787349     )
 ( 0.62541918466951096     , -7.4014868308343765E-017)
   2.0943951023931953        3.6275987284684348     
 ( 0.64949647490747719     ,  3.6191471775117271E-016)
 ( -2.3170234839278270E-002, -7.5526826222280380E-003)
 ( -2.3170234839278381E-002,  7.5526826222272270E-003)
 ( 0.63063603895833764     ,  2.6152157921258140E-016)
   4.1887902047863905        0.0000000000000000     
 ( 0.64949647490747742     ,  2.2935570112713290E-019)
 ( -2.3170234839278589E-002,  7.5526826222278680E-003)
 ( -2.3170234839278714E-002, -7.5526826222278376E-003)
 ( 0.63063603895833786     ,  4.9203697171425224E-017)
   1.0000000000000000                2           9
 (  0.0000000000000000     ,  0.0000000000000000     )
 (  0.0000000000000000     ,  0.0000000000000000     )
  -2.0943951023931953       -1.2091995761561449     
 ( 0.66602176804234481     ,  6.1679056923619811E-017)
 (-0.29202649349953680     ,-0.17573198530550441     )
 (-0.29202649349953674     , 0.17573198530550427     )
 ( 0.67868915065089985     ,  3.7007434154171883E-017)
  -2.0943951023931953        1.2091995761561449     
 ( 0.64815009210032670     , -2.4671622769447922E-017)
 (-0.27059875179906295     , 0.16147777331004665     )
 (-0.27059875179906284     ,-0.16147777331004651     )
 ( 0.65478742865506012     , -3.7007434154171883E-017)
   0.0000000000000000       -2.4183991523122899     
 ( 0.65787475038962051     ,  1.1102230246251565E-016)
 (  2.0188439022368235E-002,-0.35976477594586931     )
 (  2.0188439022368269E-002, 0.35976477594586892     )
 ( 0.67431217922902098     ,  9.8686491077791687E-017)
   0.0000000000000000        0.0000000000000000     
 (  1.6407744631264936     ,  0.0000000000000000     )
 ( -1.6059909553541323     ,  0.0000000000000000     )
 ( -1.6059909553541325     ,  0.0000000000000000     )
 (  1.6086902836213834     ,  0.0000000000000000     )
   0.0000000000000000        2.4183991523122899     
 ( 0.65787475038962051     , -1.1102230246251565E-016)
 (  2.0188439022368235E-002, 0.35976477594586931     )
 (  2.0188439022368269E-002,-0.35976477594586892     )
 ( 0.67431217922902098     , -9.8686491077791687E-017)
   2.0943951023931953       -1.2091995761561449     
 ( 0.64815009210032670     ,  2.4671622769447922E-017)
 (-0.27059875179906295     ,-0.16147777331004665     )
 (-0.27059875179906284     , 0.16147777331004651     )
 ( 0.65478742865506012     ,  3.7007434154171883E-017)
   2.0943951023931953        1.2091995761561449     
 ( 0.66602176804234481     , -6.1679056923619811E-017)
 (-0.29202649349953680     , 0.17573198530550441     )
 (-0.29202649349953674     ,-0.17573198530550427     )
 ( 0.67868915065089985     , -3.7007434154171883E-017)
   2.0943951023931953        3.6275987284684348     
 ( 0.61682505931039877     ,  3.1098314874001115E-016)
 ( -4.7913628965303469E-003,  9.6476721881631738E-003)
 ( -4.7913628965303712E-003, -9.6476721881639371E-003)
 ( 0.59921369384875978     ,  3.1034499459346247E-016)
   4.1887902047863905        0.0000000000000000     
 ( 0.61682505931039888     ,  2.4557650979322933E-017)
 ( -4.7913628965306427E-003, -9.6476721881633698E-003)
 ( -4.7913628965306669E-003,  9.6476721881632865E-003)
 ( 0.59921369384875989     , -2.9183873359642666E-018)
   1.0000000000000000                2           9
 (  0.0000000000000000     ,  0.0000000000000000     )
 (  0.0000000000000000     ,  0.0000000000000000     )
  -2.0943951023931953       -1.2091995761561449     
 ( 0.66933779683918182     ,  3.7007434154171883E-017)
 (-0.28152172995256081     ,-0.18568526598414514     )
 (-0.28152172995256086     , 0.18568526598414500     )
 ( 0.63791064145288001     ,  3.7007434154171883E-017)
  -2.0943951023931953        1.2091995761561449     
 ( 0.65940291241338478     , -3.7007434154171883E-017)
 (-0.29879890255248548     , 0.17093032518674997     )
 (-0.29879890255248548     ,-0.17093032518675008     )
 ( 0.70433826415125389     , -4.9343245538895844E-017)
   0.0000000000000000       -2.4183991523122899     
 ( 0.65535341152509241     ,  1.3569392523196359E-016)
 ( -2.9912045705838891E-003,-0.33917591019183480     )
 ( -2.9912045705837781E-003, 0.33917591019183468     )
 ( 0.69490357570523786     ,  7.4014868308343765E-017)
   0.0000000000000000        0.0000000000000000     
 (  1.5782963775763410     ,  0.0000000000000000     )
 ( -1.4930858920195869     ,  0.0000000000000000     )
 ( -1.4930858920195869     ,  0.0000000000000000     )
 (  1.5894132504390028     ,  0.0000000000000000     )
   0.0000000000000000        2.4183991523122899     
 ( 0.65535341152509241     , -1.3569392523196359E-016)
 ( -2.9912045705838891E-003, 0.33917591019183480     )
 ( -2.9912045705837781E-003,-0.33917591019183468     )
 ( 0.69490357570523786     , -7.4014868308343765E-017)
   2.0943951023931953       -1.2091995761561449     
 ( 0.65940291241338478     ,  3.7007434154171883E-017)
 (-0.29879890255248548     ,-0.17093032518674997     )
 (-0.29879890255248548     , 0.17093032518675008     )
 ( 0.70433826415125389     ,  4.9343245538895844E-017)
   2.0943951023931953        1.2091995761561449     
 ( 0.66933779683918182     , -3.7007434154171883E-017)
 (-0.28152172995256081     , 0.18568526598414514     )
 (-0.28152172995256086     ,-0.18568526598414500     )
 ( 0.63791064145288001     , -3.7007434154171883E-017)
   2.0943951023931953        3.6275987284684348     
 ( 0.64575857831208416     ,  3.0888582191445270E-016)
 ( -7.1087258576509387E-003,  2.9599681793778610E-003)
 ( -7.1087258576509015E-003, -2.9599681793785501E-003)
 ( 0.58802108195894232     ,  2.6439532819617588E-016)
   4.1887902047863905        0.0000000000000000     
 ( 0.64575857831208439     ,  2.4104298768688151E-017)
 ( -7.1087258576512597E-003, -2.9599681793780102E-003)
 ( -7.1087258576512345E-003,  2.9599681793779477E-003)
 ( 0.58802108195894254     , -4.8513148635308014E-018)
   1.0000000000000000                2           9
 (  0.0000000000000000     ,  0.0000000000000000     )
 (  0.0000000000000000     ,  0.0000000000000000     )
  -2.0943951023931953       -1.2091995761561449     
 ( 0.66121107862535689     ,  8.6350679693067732E-017)
 (-0.26340154316411596     ,-0.20363423516981641     )
 (-0.26340154316411596     , 0.20363423516981621     )
 ( 0.66751094220879148     ,  7.4014868308343765E-017)
  -2.0943951023931953        1.2091995761561449     
 ( 0.63189607832427919     , -4.9343245538895844E-017)
 (-0.24339704741313717     , 0.18165556054475623     )
 (-0.24339704741313722     ,-0.18165556054475618     )
 ( 0.64073167359955541     , -6.1679056923619811E-017)
   0.0000000000000000       -2.4183991523122899     
 ( 0.66580729037974196     ,  9.8686491077791687E-017)
 (  7.1261165827353574E-003,-0.32575566457256971     )
 (  7.1261165827352828E-003, 0.32575566457256955     )
 ( 0.64278510874001882     ,  1.3569392523196359E-016)
   0.0000000000000000        0.0000000000000000     
 (  1.6085657499150621     ,  0.0000000000000000     )
 ( -1.5749373011052039     ,  0.0000000000000000     )
 ( -1.5749373011052039     ,  0.0000000000000000     )
 (  1.5921899670386490     ,  0.0000000000000000     )
   0.0000000000000000        2.4183991523122899     
 ( 0.66580729037974196     , -9.8686491077791687E-017)
 (  7.1261165827353574E-003, 0.32575566457256971     )
 (  7.1261165827352828E-003,-0.32575566457256955     )
 ( 0.64278510874001882     , -1.3569392523196359E-016)
   2.0943951023931953       -1.2091995761561449     
 ( 0.63189607832427919     ,  4.9343245538895844E-017)
 (-0.24339704741313717     ,-0.18165556054475623     )
 (-0.24339704741313722     , 0.18165556054475618     )
 ( 0.64073167359955541     ,  6.1679056923619811E-017)
   2.0943951023931953        1.2091995761561449     
 ( 0.66121107862535689     , -8.6350679693067732E-017)
 (-0.26340154316411596     , 0.20363423516981641     )
 (-0.26340154316411596     ,-0.20363423516981621     )
 ( 0.66751094220879148     , -7.4014868308343765E-017)
   2.0943951023931953        3.6275987284684348     
 ( 0.64182237607617321     ,  3.2721157356563429E-016)
 ( -9.6647630635630088E-003,  2.5736836377709418E-002)
 ( -9.6647630635629724E-003, -2.5736836377710185E-002)
 ( 0.65611400219049676     ,  3.0506982695502459E-016)
   4.1887902047863905        0.0000000000000000     
 ( 0.64182237607617321     ,  2.5399067246484059E-017)
 ( -9.6647630635632795E-003, -2.5736836377709630E-002)
 ( -9.6647630635632188E-003,  2.5736836377709557E-002)
 ( 0.65611400219049687     ,  5.0617540862097146E-017)
   1.0000000000000000                2           9
 (  0.0000000000000000     ,  0.0000000000000000     )
 (  0.0000000000000000     ,  0.0000000000000000     )
  -2.0943951023931953       -1.2091995761561449     
 ( 0.65880579826721586     ,  7.4014868308343765E-017)
 (-0.24316670736145068     ,-0.17318410679071325     )
 (-0.24316670736145074     , 0.17318410679071297     )
 ( 0.61304341672431262     ,  9.8686491077791687E-017)
  -2.0943951023931953        1.2091995761561449     
 ( 0.64419693341386774     , -1.1102230246251565E-016)
 (-0.28905403633647953     , 0.16882485440382233     )
 (-0.28905403633647947     ,-0.16882485440382242     )
 ( 0.65092298983624763     , -4.9343245538895844E-017)
   0.0000000000000000       -2.4183991523122899     
 ( 0.64765053047617871     ,  9.8686491077791687E-017)
 (  8.3996844257944302E-003,-0.33530657705479860     )
 (  8.3996844257944667E-003, 0.33530657705479833     )
 ( 0.64276670374668776     ,  1.6036554800141150E-016)
   0.0000000000000000        0.0000000000000000     
 (  1.6914750685901732     ,  0.0000000000000000     )
 ( -1.6969632762354983     ,  0.0000000000000000     )
 ( -1.6969632762354983     ,  0.0000000000000000     )
 (  1.8087840986040449     ,  0.0000000000000000     )
   0.0000000000000000        2.4183991523122899     
 ( 0.64765053047617871     , -9.8686491077791687E-017)
 (  8.3996844257944302E-003, 0.33530657705479860     )
 (  8.3996844257944667E-003,-0.33530657705479833     )
 ( 0.64276670374668776     , -1.6036554800141150E-016)
   2.0943951023931953       -1.2091995761561449     
 ( 0.64419693341386774     ,  1.1102230246251565E-016)
 (-0.28905403633647953     ,-0.16882485440382233     )
 (-0.28905403633647947     , 0.16882485440382242     )
 ( 0.65092298983624763     ,  4.9343245538895844E-017)
   2.0943951023931953        1.2091995761561449     
 ( 0.65880579826721586     , -7.4014868308343765E-017)
 (-0.24316670736145068     , 0.17318410679071325     )
 (-0.24316670736145074     ,-0.17318410679071297     )
 ( 0.61304341672431262     , -9.8686491077791687E-017)
   2.0943951023931953        3.6275987284684348     
 ( 0.60656377258367467     ,  3.5448346426258516E-016)
 ( -2.9573802264331287E-003, -1.5862132174326613E-002)
 ( -2.9573802264331287E-003,  1.5862132174325770E-002)
 ( 0.59440734632850634     ,  3.5938553709287719E-016)
   4.1887902047863905        0.0000000000000000     
 ( 0.60656377258367478     ,  1.2895110080176743E-018)
 ( -2.9573802264334492E-003,  1.5862132174326374E-002)
 ( -2.9573802264334001E-003, -1.5862132174326450E-002)
 ( 0.59440734632850645     ,  7.9030471416224333E-017)
   1.0000000000000000                2           9
 (  0.0000000000000000     ,  0.0000000000000000     )
 (  0.0000000000000000     ,  0.0000000000000000     )
  -2.0943951023931953       -1.2091995761561449     
 ( 0.71830897900420865     ,  6.1679056923619811E-017)
 (-0.32401117222769138     ,-0.13827028985910828     )
 (-0.32401117222769149     , 0.13827028985910805     )
 ( 0.64833262611475972     ,  7.4014868308343765E-017)
  -2.0943951023931953        1.2091995761561449     
 ( 0.65042469218098931     , -1.2335811384723961E-017)
 (-0.26962565014446138     , 0.18275584158408670     )
 (-0.26962565014446127     ,-0.18275584158408681     )
 ( 0.66351729252484692     , -6.1679056923619811E-017)
   0.0000000000000000       -2.4183991523122899     
 ( 0.63920807749853203     ,  8.6350679693067732E-017)
 (  4.9089701783836164E-003,-0.31086706692552346     )
 (  4.9089701783836598E-003, 0.31086706692552318     )
 ( 0.68210307282799454     ,  1.2335811384723962E-016)
   0.0000000000000000        0.0000000000000000     
 (  1.5680376215457921     ,  0.0000000000000000     )
 ( -1.5150458857997962     ,  0.0000000000000000     )
 ( -1.5150458857997962     ,  0.0000000000000000     )
 (  1.5566635998954355     ,  0.0000000000000000     )
   0.0000000000000000        2.4183991523122899     
 ( 0.63920807749853203     , -8.6350679693067732E-017)
 (  4.9089701783836164E-003, 0.31086706692552346     )
 (  4.9089701783836598E-003,-0.31086706692552318     )
 ( 0.68210307282799454     , -1.2335811384723962E-016)
   2.0943951023931953       -1.2091995761561449     
 ( 0.65042469218098931     ,  1.2335811384723961E-017)
 (-0.26962565014446138     ,-0.18275584158408670     )
 (-0.26962565014446127     , 0.18275584158408681     )
 ( 0.66351729252484692     ,  6.1679056923619811E-017)
   2.0943951023931953        1.2091995761561449     
 ( 0.71830897900420865     , -6.1679056923619811E-017)
 (-0.32401117222769138     , 0.13827028985910828     )
 (-0.32401117222769149     ,-0.13827028985910805     )
 ( 0.64833262611475972     , -7.4014868308343765E-017)
   2.0943951023931953        3.6275987284684348     
 ( 0.61762123062834329     ,  2.9750676590536823E-016)
 (  6.1804353127480581E-003,  7.9270815258154475E-003)
 (  6.1804353127481075E-003, -7.9270815258161830E-003)
 ( 0.63803942884874976     ,  2.7830567821436805E-016)
   4.1887902047863905        0.0000000000000000     
 ( 0.61762123062834329     ,  9.3088229512252453E-018)
 (  6.1804353127477996E-003, -7.9270815258155602E-003)
 (  6.1804353127478491E-003,  7.9270815258156470E-003)
 ( 0.63803942884874965     ,  3.5162941048033028E-017)
   1.0000000000000000                2           9
 (  0.0000000000000000     ,  0.0000000000000000     )
 (  0.0000000000000000     ,  0.0000000000000000     )
  -2.0943951023931953       -1.2091995761561449     
 ( 0.64717582549410269     ,  7.4014868308343765E-017)
 (-0.29242076395586292     ,-0.17276790315758703     )
 (-0.29242076395586303     , 0.17276790315758686     )
 ( 0.65336342675062609     ,  4.9343245538895844E-017)
  -2.0943951023931953        1.2091995761561449     
 ( 0.66677933120992927     ,  0.0000000000000000     )
 (-0.27710923843125268     , 0.21080695479460848     )
 (-0.27710923843125268     ,-0.21080695479460868     )
 ( 0.63746179611363829     , -3.7007434154171883E-017)
   0.0000000000000000       -2.4183991523122899     
 ( 0.67424908266142536     ,  7.4014868308343765E-017)
 ( -2.9605745372714661E-002,-0.29174737213990870     )
 ( -2.9605745372714667E-002, 0.29174737213990842     )
 ( 0.64879741995061768     ,  1.6036554800141150E-016)
   0.0000000000000000        0.0000000000000000     
 (  1.6342408230812717     ,  0.0000000000000000     )
 ( -1.5817525469544849     ,  0.0000000000000000     )
 ( -1.5817525469544849     ,  0.0000000000000000     )
 (  1.6693474486305009     ,  0.0000000000000000     )
   0.0000000000000000        2.4183991523122899     
 ( 0.67424908266142536     , -7.4014868308343765E-017)
 ( -2.9605745372714661E-002, 0.29174737213990870     )
 ( -2.9605745372714667E-002,-0.29174737213990842     )
 ( 0.64879741995061768     , -1.6036554800141150E-016)
   2.0943951023931953       -1.2091995761561449     
 ( 0.66677933120992927     ,  0.0000000000000000     )
 (-0.27710923843125268     ,-0.21080695479460848     )
 (-0.27710923843125268     , 0.21080695479460868     )
 ( 0.63746179611363829     ,  3.7007434154171883E-017)
   2.0943951023931953        1.2091995761561449     
 ( 0.64717582549410269     , -7.4014868308343765E-017)
 (-0.29242076395586292     , 0.17276790315758703     )
 (-0.29242076395586303     ,-0.17276790315758686     )
 ( 0.65336342675062609     , -4.9343245538895844E-017)
   2.0943951023931953        3.6275987284684348     
 ( 0.60241083765118875     ,  3.0449677244119689E-016)
 ( -2.9077624639451332E-002, -1.7104736015830919E-002)
 ( -2.9077624639451270E-002,  1.7104736015830138E-002)
 ( 0.63269217473490857     ,  3.3499389635531331E-016)
   4.1887902047863905        0.0000000000000000     
 ( 0.60241083765118886     ,  2.3155574298549307E-017)
 ( -2.9077624639451603E-002,  1.7104736015830711E-002)
 ( -2.9077624639451540E-002, -1.7104736015830770E-002)
 ( 0.63269217473490857     ,  3.9417083425224791E-017)
   1.0000000000000000                2           9
 (  0.0000000000000000     ,  0.0000000000000000     )
 (  0.0000000000000000     ,  0.0000000000000000     )
  -2.0943951023931953       -1.2091995761561449     
 ( 0.67330393701498337     ,  6.1679056923619811E-017)
 (-0.30566913406343588     ,-0.17218436413734953     )
 (-0.30566913406343599     , 0.17218436413734942     )
 ( 0.67726793008801400     ,  6.1679056923619811E-017)
  -2.0943951023931953        1.2091995761561449     
 ( 0.67563064797376549     ,  1.2335811384723961E-017)
 (-0.30154796070685264     , 0.14402956586404508     )
 (-0.30154796070685269     ,-0.14402956586404500     )
 ( 0.68355498891756761     , -7.4014868308343765E-017)
   0.0000000000000000       -2.4183991523122899     
 ( 0.68229859012217697     ,  9.8686491077791687E-017)
 (  1.3050959105172030E-002,-0.33895535931637344     )
 (  1.3050959105172054E-002, 0.33895535931637322     )
 ( 0.66035109897697675     ,  1.2335811384723962E-016)
   0.0000000000000000        0.0000000000000000     
 (  1.4954301565986192     ,  0.0000000000000000     )
 ( -1.4720703418098049     ,  0.0000000000000000     )
 ( -1.4720703418098047     ,  0.0000000000000000     )
 (  1.5311443969792289     ,  0.0000000000000000     )
   0.0000000000000000        2.4183991523122899     
 ( 0.68229859012217697     , -9.8686491077791687E-017)
 (  1.3050959105172030E-002, 0.33895535931637344     )
 (  1.3050959105172054E-002,-0.33895535931637322     )
 ( 0.66035109897697675     , -1.2335811384723962E-016)
   2.0943951023931953       -1.2091995761561449     
 ( 0.67563064797376549     , -1.2335811384723961E-017)
 (-0.30154796070685264     ,-0.14402956586404508     )
 (-0.30154796070685269     , 0.14402956586404500     )
 ( 0.68355498891756761     ,  7.4014868308343765E-017)
   2.0943951023931953        1.2091995761561449     
 ( 0.67330393701498337     , -6.1679056923619811E-017)
 (-0.30566913406343588     , 0.17218436413734953     )
 (-0.30566913406343599     ,-0.17218436413734942     )
 ( 0.67726793008801400     , -6.1679056923619811E-017)
   2.0943951023931953        3.6275987284684348     
 ( 0.63937497923670739     ,  2.5390320994003820E-016)
 (  9.6443806142410236E-003, -2.1799215931846395E-002)
 (  9.6443806142409993E-003,  2.1799215931845736E-002)
 ( 0.63079990414766196     ,  2.4517109013598389E-016)
   4.1887902047863905        0.0000000000000000     
 ( 0.63937497923670761     ,  4.4890458146329984E-017)
 (  9.6443806142407149E-003,  2.1799215931846330E-002)
 (  9.6443806142406906E-003, -2.1799215931846340E-002)
 ( 0.63079990414766196     ,  3.3333610499938757E-017)
   1.0000000000000000                2           9
 (  0.0000000000000000     ,  0.0000000000000000     )
 (  0.0000000000000000     ,  0.0000000000000000     )
  -2.0943951023931953       -1.2091995761561449     
 ( 0.65059274036359693     ,  6.1679056923619811E-017)
 (-0.29743875895871902     ,-0.16857176898607878     )
 (-0.29743875895871902     , 0.16857176898607859     )
 ( 0.66639741147383491     ,  7.4014868308343765E-017)
  -2.0943951023931953        1.2091995761561449     
 ( 0.62959277732832997     , -4.9343245538895844E-017)
 (-0.28868914538550078     , 0.17057016898257216     )
 (-0.28868914538550089     ,-0.17057016898257218     )
 ( 0.64469881463699807     , -1.1102230246251565E-016)
   0.0000000000000000       -2.4183991523122899     
 ( 0.66324693463359197     ,  9.8686491077791687E-017)
 ( -1.0853939919976543E-002,-0.34046070279754659     )
 ( -1.0853939919976555E-002, 0.34046070279754637     )
 ( 0.65459403894329682     ,  1.1102230246251565E-016)
   0.0000000000000000        0.0000000000000000     
 (  1.7202361351682578     ,  0.0000000000000000     )
 ( -1.6378879276877054     ,  0.0000000000000000     )
 ( -1.6378879276877056     ,  0.0000000000000000     )
 (  1.6513387669311514     ,  0.0000000000000000     )
   0.0000000000000000        2.4183991523122899     
 ( 0.66324693463359197     , -9.8686491077791687E-017)
 ( -1.0853939919976543E-002, 0.34046070279754659     )
 ( -1.0853939919976555E-002,-0.34046070279754637     )
 ( 0.65459403894329682     , -1.1102230246251565E-016)
   2.0943951023931953       -1.2091995761561449     
 ( 0.62959277732832997     ,  4.9343245538895844E-017)
 (-0.28868914538550078     ,-0.17057016898257216     )
 (-0.28868914538550089     , 0.17057016898257218     )
 ( 0.64469881463699807     ,  1.1102230246251565E-016)
   2.0943951023931953        1.2091995761561449     
 ( 0.65059274036359693     , -6.1679056923619811E-017)
 (-0.29743875895871902     , 0.16857176898607878     )
 (-0.29743875895871902     ,-0.16857176898607859     )
 ( 0.66639741147383491     , -7.4014868308343765E-017)
   2.0943951023931953        3.6275987284684348     
 ( 0.60068820030597714     ,  3.2052670019374158E-016)
 ( -8.1839416744142867E-003, -3.1492078607725368E-003)
 ( -8.1839416744143231E-003,  3.1492078607717896E-003)
 ( 0.60976965124634930     ,  3.2367272054771233E-016)
   4.1887902047863905        0.0000000000000000     
 ( 0.60068820030597736     ,  7.5963803498728781E-017)
 ( -8.1839416744145833E-003,  3.1492078607723499E-003)
 ( -8.1839416744145833E-003, -3.1492078607723950E-003)
 ( 0.60976965124634930     , -3.7503941701266279E-020)
