   -2.094395     -1.209200
  1    1        0.67021820        0.00724193        0.00000000        0.00000000
  1    2       -0.28497210        0.00629375       -0.17614094        0.00945168
  2    1       -0.28497210        0.00629375        0.17614094        0.00945168
  2    2        0.65019216        0.00829285        0.00000000        0.00000000
   -2.094395      1.209200
  1    1        0.65333887        0.00692719       -0.00000000        0.00000000
  1    2       -0.28043028        0.00434339        0.17421023        0.00267363
  2    1       -0.28043028        0.00434339       -0.17421023        0.00267363
  2    2        0.66886921        0.00734977       -0.00000000        0.00000000
    0.000000     -2.418399
  1    1        0.65887748        0.00849640        0.00000000        0.00000000
  1    2        0.00279780        0.00472879       -0.32732682        0.00587355
  2    1        0.00279780        0.00472879        0.32732682        0.00587355
  2    2        0.65945228        0.00443599        0.00000000        0.00000000
    0.000000      0.000000
  1    1        1.59990121        0.01598345        0.00000000        0.00000000
  1    2       -1.55970816        0.02115567        0.00000000        0.00000000
  2    1       -1.55970816        0.02115567        0.00000000        0.00000000
  2    2        1.62088207        0.02421859        0.00000000        0.00000000
    0.000000      2.418399
  1    1        0.65887748        0.00849640       -0.00000000        0.00000000
  1    2        0.00279780        0.00472879        0.32732682        0.00587355
  2    1        0.00279780        0.00472879       -0.32732682        0.00587355
  2    2        0.65945228        0.00443599       -0.00000000        0.00000000
    2.094395     -1.209200
  1    1        0.65333887        0.00692719        0.00000000        0.00000000
  1    2       -0.28043028        0.00434339       -0.17421023        0.00267363
  2    1       -0.28043028        0.00434339        0.17421023        0.00267363
  2    2        0.66886921        0.00734977        0.00000000        0.00000000
    2.094395      1.209200
  1    1        0.67021820        0.00724193       -0.00000000        0.00000000
  1    2       -0.28497210        0.00629375        0.17614094        0.00945168
  2    1       -0.28497210        0.00629375       -0.17614094        0.00945168
  2    2        0.65019216        0.00829285       -0.00000000        0.00000000
    2.094395      3.627599
  1    1        0.62748416        0.00801712        0.00000000        0.00000000
  1    2       -0.00761816        0.00381029       -0.00200590        0.00806226
  2    1       -0.00761816        0.00381029        0.00200590        0.00806226
  2    2        0.62124046        0.00442354        0.00000000        0.00000000
    4.188790      0.000000
  1    1        0.62748416        0.00801712        0.00000000        0.00000000
  1    2       -0.00761816        0.00381029        0.00200590        0.00806226
  2    1       -0.00761816        0.00381029       -0.00200590        0.00806226
  2    2        0.62124046        0.00442354        0.00000000        0.00000000
