   1.0000000000000000                2           9
 (  0.0000000000000000     ,  0.0000000000000000     )
 (  0.0000000000000000     ,  0.0000000000000000     )
  -2.0943951023931953       -1.2091995761561449     
 ( 0.69160683855594529     ,  1.2335811384723961E-017)
 (-0.29240243009165362     ,-0.17725607680494426     )
 (-0.29240243009165351     , 0.17725607680494418     )
 ( 0.69563273363609313     ,  6.1679056923619811E-017)
  -2.0943951023931953        1.2091995761561449     
 ( 0.68400492786302591     ,  0.0000000000000000     )
 (-0.30436574259368959     , 0.16393144859553724     )
 (-0.30436574259368965     ,-0.16393144859553724     )
 ( 0.67845403335486254     ,  0.0000000000000000     )
   0.0000000000000000       -2.4183991523122899     
 ( 0.68390232133504214     ,  1.2335811384723961E-017)
 ( -5.9187653729915316E-004,-0.34755929503219513     )
 ( -5.9187653729915316E-004, 0.34755929503219501     )
 ( 0.69768330386359456     ,  4.9343245538895844E-017)
   0.0000000000000000        0.0000000000000000     
 (  1.3530925704060330     ,  0.0000000000000000     )
 ( -1.2751520762415725     ,  0.0000000000000000     )
 ( -1.2751520762415725     ,  0.0000000000000000     )
 (  1.3373490911775521     ,  0.0000000000000000     )
   0.0000000000000000        2.4183991523122899     
 ( 0.68390232133504214     , -1.2335811384723961E-017)
 ( -5.9187653729915316E-004, 0.34755929503219513     )
 ( -5.9187653729915316E-004,-0.34755929503219501     )
 ( 0.69768330386359456     , -4.9343245538895844E-017)
   2.0943951023931953       -1.2091995761561449     
 ( 0.68400492786302591     ,  0.0000000000000000     )
 (-0.30436574259368959     ,-0.16393144859553724     )
 (-0.30436574259368965     , 0.16393144859553724     )
 ( 0.67845403335486254     ,  0.0000000000000000     )
   2.0943951023931953        1.2091995761561449     
 ( 0.69160683855594529     , -1.2335811384723961E-017)
 (-0.29240243009165362     , 0.17725607680494426     )
 (-0.29240243009165351     ,-0.17725607680494418     )
 ( 0.69563273363609313     , -6.1679056923619811E-017)
   2.0943951023931953        3.6275987284684348     
 ( 0.66749338696569249     ,  2.1483083436270504E-016)
 (  1.8849625798422517E-002, -1.4956617624498510E-002)
 (  1.8849625798422483E-002,  1.4956617624498014E-002)
 ( 0.66404260287268457     ,  2.1043676445268457E-016)
   4.1887902047863905        0.0000000000000000     
 ( 0.66749338696569260     ,  4.1777632314561301E-017)
 (  1.8849625798422236E-002,  1.4956617624498470E-002)
 (  1.8849625798422247E-002, -1.4956617624498458E-002)
 ( 0.66404260287268457     ,  3.8203884868965354E-018)
   1.0000000000000000                2           9
 (  0.0000000000000000     ,  0.0000000000000000     )
 (  0.0000000000000000     ,  0.0000000000000000     )
  -2.0943951023931953       -1.2091995761561449     
 ( 0.64539498411885121     ,  4.9343245538895844E-017)
 (-0.27439611634771011     ,-0.16718071042795513     )
 (-0.27439611634771000     , 0.16718071042795501     )
 ( 0.65053264209382256     ,  1.1102230246251565E-016)
  -2.0943951023931953        1.2091995761561449     
 ( 0.65172702291832307     , -1.1102230246251565E-016)
 (-0.29391464280157681     , 0.15493252252397857     )
 (-0.29391464280157675     ,-0.15493252252397849     )
 ( 0.64391847919902645     ,  1.2335811384723961E-017)
   0.0000000000000000       -2.4183991523122899     
 ( 0.65523735118784354     ,  1.2335811384723962E-016)
 ( -2.6880798069442126E-004,-0.32803849934302654     )
 ( -2.6880798069444593E-004, 0.32803849934302637     )
 ( 0.64790013148684511     ,  6.1679056923619811E-017)
   0.0000000000000000        0.0000000000000000     
 (  1.6705294902733716     ,  0.0000000000000000     )
 ( -1.6484017432506144     ,  0.0000000000000000     )
 ( -1.6484017432506144     ,  0.0000000000000000     )
 (  1.6968622826950568     ,  0.0000000000000000     )
   0.0000000000000000        2.4183991523122899     
 ( 0.65523735118784354     , -1.2335811384723962E-016)
 ( -2.6880798069442126E-004, 0.32803849934302654     )
 ( -2.6880798069444593E-004,-0.32803849934302637     )
 ( 0.64790013148684511     , -6.1679056923619811E-017)
   2.0943951023931953       -1.2091995761561449     
 ( 0.65172702291832307     ,  1.1102230246251565E-016)
 (-0.29391464280157681     ,-0.15493252252397857     )
 (-0.29391464280157675     , 0.15493252252397849     )
 ( 0.64391847919902645     , -1.2335811384723961E-017)
   2.0943951023931953        1.2091995761561449     
 ( 0.64539498411885121     , -4.9343245538895844E-017)
 (-0.27439611634771011     , 0.16718071042795513     )
 (-0.27439611634771000     ,-0.16718071042795501     )
 ( 0.65053264209382256     , -1.1102230246251565E-016)
   2.0943951023931953        3.6275987284684348     
 ( 0.61945577600232626     ,  4.1655688454956947E-016)
 ( -2.5842338954144375E-003, -1.1864475781493140E-002)
 ( -2.5842338954144622E-003,  1.1864475781492486E-002)
 ( 0.61592287121624700     ,  3.0922034100853274E-016)
   4.1887902047863905        0.0000000000000000     
 ( 0.61945577600232649     , -6.0304301450888302E-017)
 ( -2.5842338954147831E-003,  1.1864475781492962E-002)
 ( -2.5842338954148326E-003, -1.1864475781493144E-002)
 ( 0.61592287121624734     ,  3.9178892808571034E-017)
   1.0000000000000000                2           9
 (  0.0000000000000000     ,  0.0000000000000000     )
 (  0.0000000000000000     ,  0.0000000000000000     )
  -2.0943951023931953       -1.2091995761561449     
 ( 0.66774763156070094     ,  4.9343245538895844E-017)
 (-0.29287662891751193     ,-0.16706310472001451     )
 (-0.29287662891751193     , 0.16706310472001429     )
 ( 0.68537239069169198     ,  6.1679056923619811E-017)
  -2.0943951023931953        1.2091995761561449     
 ( 0.67256167658322707     , -1.2335811384723962E-016)
 (-0.27935843405170402     , 0.17586195041529060     )
 (-0.27935843405170402     ,-0.17586195041529049     )
 ( 0.67170775258366777     ,  1.2335811384723961E-017)
   0.0000000000000000       -2.4183991523122899     
 ( 0.67391193509703629     ,  1.3569392523196359E-016)
 (  2.1468567897514404E-002,-0.34811695814711135     )
 (  2.1468567897514404E-002, 0.34811695814711119     )
 ( 0.67719804995694366     ,  6.1679056923619811E-017)
   0.0000000000000000        0.0000000000000000     
 (  1.5099407012981292     ,  0.0000000000000000     )
 ( -1.4329828606654957     ,  0.0000000000000000     )
 ( -1.4329828606654955     ,  0.0000000000000000     )
 (  1.4707180115195859     ,  0.0000000000000000     )
   0.0000000000000000        2.4183991523122899     
 ( 0.67391193509703629     , -1.3569392523196359E-016)
 (  2.1468567897514404E-002, 0.34811695814711135     )
 (  2.1468567897514404E-002,-0.34811695814711119     )
 ( 0.67719804995694366     , -6.1679056923619811E-017)
   2.0943951023931953       -1.2091995761561449     
 ( 0.67256167658322707     ,  1.2335811384723962E-016)
 (-0.27935843405170402     ,-0.17586195041529060     )
 (-0.27935843405170402     , 0.17586195041529049     )
 ( 0.67170775258366777     , -1.2335811384723961E-017)
   2.0943951023931953        1.2091995761561449     
 ( 0.66774763156070094     , -4.9343245538895844E-017)
 (-0.29287662891751193     , 0.16706310472001451     )
 (-0.29287662891751193     ,-0.16706310472001429     )
 ( 0.68537239069169198     , -6.1679056923619811E-017)
   2.0943951023931953        3.6275987284684348     
 ( 0.64006730751590923     ,  2.4571043506078210E-016)
 (  1.3230842265965912E-002,  2.1315732211768055E-003)
 (  1.3230842265965961E-002, -2.1315732211773168E-003)
 ( 0.64171039520233597     ,  1.8931756395398780E-016)
   4.1887902047863905        0.0000000000000000     
 ( 0.64006730751590923     ,  3.3450193767254196E-017)
 (  1.3230842265965615E-002, -2.1315732211769746E-003)
 (  1.3230842265965628E-002,  2.1315732211767799E-003)
 ( 0.64171039520233597     ,  9.3605423647607511E-017)
   1.0000000000000000                2           9
 (  0.0000000000000000     ,  0.0000000000000000     )
 (  0.0000000000000000     ,  0.0000000000000000     )
  -2.0943951023931953       -1.2091995761561449     
 ( 0.62912948079588416     ,  1.4802973661668753E-016)
 (-0.26286954369285126     ,-0.16752179966551542     )
 (-0.26286954369285126     , 0.16752179966551503     )
 ( 0.64009069319207856     ,  1.6036554800141150E-016)
  -2.0943951023931953        1.2091995761561449     
 ( 0.63818461718346886     , -9.8686491077791687E-017)
 (-0.28783871243407039     , 0.16242626470646301     )
 (-0.28783871243407028     ,-0.16242626470646290     )
 ( 0.63921281955092835     , -1.2335811384723961E-017)
   0.0000000000000000       -2.4183991523122899     
 ( 0.64249651274434494     ,  1.6036554800141150E-016)
 (  3.8934082242306151E-003,-0.32538741257601722     )
 (  3.8934082242306645E-003, 0.32538741257601700     )
 ( 0.64465634929943638     ,  6.1679056923619811E-017)
   0.0000000000000000        0.0000000000000000     
 (  1.8976919730491777     ,  0.0000000000000000     )
 ( -1.8303470588255186     ,  0.0000000000000000     )
 ( -1.8303470588255182     ,  0.0000000000000000     )
 (  1.8168886711326229     ,  0.0000000000000000     )
   0.0000000000000000        2.4183991523122899     
 ( 0.64249651274434494     , -1.6036554800141150E-016)
 (  3.8934082242306151E-003, 0.32538741257601722     )
 (  3.8934082242306645E-003,-0.32538741257601700     )
 ( 0.64465634929943638     , -6.1679056923619811E-017)
   2.0943951023931953       -1.2091995761561449     
 ( 0.63818461718346886     ,  9.8686491077791687E-017)
 (-0.28783871243407039     ,-0.16242626470646301     )
 (-0.28783871243407028     , 0.16242626470646290     )
 ( 0.63921281955092835     ,  1.2335811384723961E-017)
   2.0943951023931953        1.2091995761561449     
 ( 0.62912948079588416     , -1.4802973661668753E-016)
 (-0.26286954369285126     , 0.16752179966551542     )
 (-0.26286954369285126     ,-0.16752179966551503     )
 ( 0.64009069319207856     , -1.6036554800141150E-016)
   2.0943951023931953        3.6275987284684348     
 ( 0.56034429062962765     ,  3.8628614183098473E-016)
 (  1.2919797433348467E-002, -4.8749681481259450E-003)
 (  1.2919797433348541E-002,  4.8749681481249372E-003)
 ( 0.58747599087906188     ,  2.8247685125229103E-016)
   4.1887902047863905        0.0000000000000000     
 ( 0.56034429062962787     ,  3.0169036289822419E-017)
 (  1.2919797433348194E-002,  4.8749681481257039E-003)
 (  1.2919797433348194E-002, -4.8749681481256493E-003)
 ( 0.58747599087906199     ,  1.0307657480575089E-016)
   1.0000000000000000                2           9
 (  0.0000000000000000     ,  0.0000000000000000     )
 (  0.0000000000000000     ,  0.0000000000000000     )
  -2.0943951023931953       -1.2091995761561449     
 ( 0.65394869647266884     ,  1.2335811384723961E-017)
 (-0.28341258989390544     ,-0.15971838986580147     )
 (-0.28341258989390550     , 0.15971838986580134     )
 ( 0.65556358542895454     ,  1.3569392523196359E-016)
  -2.0943951023931953        1.2091995761561449     
 ( 0.66087502488568461     , -1.4802973661668753E-016)
 (-0.27237007442938910     , 0.17449538408594778     )
 (-0.27237007442938904     ,-0.17449538408594784     )
 ( 0.65565228337445991     , -3.7007434154171883E-017)
   0.0000000000000000       -2.4183991523122899     
 ( 0.66877985229888071     ,  1.2335811384723962E-016)
 (  1.3525062365996574E-002,-0.34612441976928543     )
 (  1.3525062365996690E-002, 0.34612441976928543     )
 ( 0.66979417193765445     ,  1.4802973661668753E-016)
   0.0000000000000000        0.0000000000000000     
 (  1.6098386242561817     ,  0.0000000000000000     )
 ( -1.5576555123751552     ,  0.0000000000000000     )
 ( -1.5576555123751552     ,  0.0000000000000000     )
 (  1.6080127203677970     ,  0.0000000000000000     )
   0.0000000000000000        2.4183991523122899     
 ( 0.66877985229888071     , -1.2335811384723962E-016)
 (  1.3525062365996574E-002, 0.34612441976928543     )
 (  1.3525062365996690E-002,-0.34612441976928543     )
 ( 0.66979417193765445     , -1.4802973661668753E-016)
   2.0943951023931953       -1.2091995761561449     
 ( 0.66087502488568461     ,  1.4802973661668753E-016)
 (-0.27237007442938910     ,-0.17449538408594778     )
 (-0.27237007442938904     , 0.17449538408594784     )
 ( 0.65565228337445991     ,  3.7007434154171883E-017)
   2.0943951023931953        1.2091995761561449     
 ( 0.65394869647266884     , -1.2335811384723961E-017)
 (-0.28341258989390544     , 0.15971838986580147     )
 (-0.28341258989390550     ,-0.15971838986580134     )
 ( 0.65556358542895454     , -1.3569392523196359E-016)
   2.0943951023931953        3.6275987284684348     
 ( 0.61649681257775790     ,  3.6722967206723605E-016)
 (  1.9964129127337076E-002,  6.5055917705746048E-004)
 (  1.9964129127337114E-002, -6.5055917705839680E-004)
 ( 0.61822030933322125     ,  2.5673799422543047E-016)
   4.1887902047863905        0.0000000000000000     
 ( 0.61649681257775779     , -3.8295686979212631E-017)
 (  1.9964129127336805E-002, -6.5055917705769922E-004)
 (  1.9964129127336819E-002,  6.5055917705785589E-004)
 ( 0.61822030933322147     ,  6.0505502409726682E-017)
   1.0000000000000000                2           9
 (  0.0000000000000000     ,  0.0000000000000000     )
 (  0.0000000000000000     ,  0.0000000000000000     )
  -2.0943951023931953       -1.2091995761561449     
 ( 0.67480951667452227     ,  3.7007434154171883E-017)
 (-0.27227098675363526     ,-0.19058111669122957     )
 (-0.27227098675363526     , 0.19058111669122946     )
 ( 0.67875001916717981     , -6.1679056923619804E-018)
  -2.0943951023931953        1.2091995761561449     
 ( 0.69905358660225303     , -4.9343245538895844E-017)
 (-0.32178675342920321     , 0.17688842227749660     )
 (-0.32178675342920326     ,-0.17688842227749654     )
 ( 0.70328166744341358     , -3.0839528461809905E-017)
   0.0000000000000000       -2.4183991523122899     
 ( 0.70116416653270708     ,  8.6350679693067732E-017)
 (  1.9622123782890404E-002,-0.36159549872105307     )
 (  1.9622123782890393E-002, 0.36159549872105301     )
 ( 0.69821941256197428     ,  4.9343245538895844E-017)
   0.0000000000000000        0.0000000000000000     
 (  1.3309567089321679     ,  0.0000000000000000     )
 ( -1.2297948897246469     ,  0.0000000000000000     )
 ( -1.2297948897246469     ,  0.0000000000000000     )
 (  1.3031326974052542     ,  0.0000000000000000     )
   0.0000000000000000        2.4183991523122899     
 ( 0.70116416653270708     , -8.6350679693067732E-017)
 (  1.9622123782890404E-002, 0.36159549872105307     )
 (  1.9622123782890393E-002,-0.36159549872105301     )
 ( 0.69821941256197428     , -4.9343245538895844E-017)
   2.0943951023931953       -1.2091995761561449     
 ( 0.69905358660225303     ,  4.9343245538895844E-017)
 (-0.32178675342920321     ,-0.17688842227749660     )
 (-0.32178675342920326     , 0.17688842227749654     )
 ( 0.70328166744341358     ,  3.0839528461809905E-017)
   2.0943951023931953        1.2091995761561449     
 ( 0.67480951667452227     , -3.7007434154171883E-017)
 (-0.27227098675363526     , 0.19058111669122957     )
 (-0.27227098675363526     ,-0.19058111669122946     )
 ( 0.67875001916717981     ,  6.1679056923619804E-018)
   2.0943951023931953        3.6275987284684348     
 ( 0.66244894476045701     ,  2.0882058797079207E-016)
 (  2.2012014266678662E-002, -1.7965140981836193E-002)
 (  2.2012014266678710E-002,  1.7965140981835704E-002)
 ( 0.67371505806258214     ,  1.4581760611898172E-016)
   4.1887902047863905        0.0000000000000000     
 ( 0.66244894476045701     ,  1.5806851752904280E-017)
 (  2.2012014266678363E-002,  1.7965140981836211E-002)
 (  2.2012014266678440E-002, -1.7965140981836169E-002)
 ( 0.67371505806258214     ,  6.4863921438997667E-017)
   1.0000000000000000                2           9
 (  0.0000000000000000     ,  0.0000000000000000     )
 (  0.0000000000000000     ,  0.0000000000000000     )
  -2.0943951023931953       -1.2091995761561449     
 ( 0.66507418828666287     , -1.2335811384723961E-017)
 (-0.33157085328819108     ,-0.14598802357002974     )
 (-0.33157085328819119     , 0.14598802357002960     )
 ( 0.67592270125781406     ,  4.9343245538895844E-017)
  -2.0943951023931953        1.2091995761561449     
 ( 0.64934589149947020     , -6.1679056923619811E-017)
 (-0.26370743615462294     , 0.17533906686920839     )
 (-0.26370743615462289     ,-0.17533906686920833     )
 ( 0.65628307764935867     , -3.7007434154171883E-017)
   0.0000000000000000       -2.4183991523122899     
 ( 0.65627434692979414     ,  1.4802973661668753E-016)
 ( -1.4458857782016788E-002,-0.31481162908620025     )
 ( -1.4458857782016769E-002, 0.31481162908619997     )
 ( 0.64309818390974594     ,  1.3569392523196359E-016)
   0.0000000000000000        0.0000000000000000     
 (  1.6682582530839500     ,  0.0000000000000000     )
 ( -1.6166695812504281     ,  0.0000000000000000     )
 ( -1.6166695812504284     ,  0.0000000000000000     )
 (  1.6253154174984386     ,  0.0000000000000000     )
   0.0000000000000000        2.4183991523122899     
 ( 0.65627434692979414     , -1.4802973661668753E-016)
 ( -1.4458857782016788E-002, 0.31481162908620025     )
 ( -1.4458857782016769E-002,-0.31481162908619997     )
 ( 0.64309818390974594     , -1.3569392523196359E-016)
   2.0943951023931953       -1.2091995761561449     
 ( 0.64934589149947020     ,  6.1679056923619811E-017)
 (-0.26370743615462294     ,-0.17533906686920839     )
 (-0.26370743615462289     , 0.17533906686920833     )
 ( 0.65628307764935867     ,  3.7007434154171883E-017)
   2.0943951023931953        1.2091995761561449     
 ( 0.66507418828666287     ,  1.2335811384723961E-017)
 (-0.33157085328819108     , 0.14598802357002974     )
 (-0.33157085328819119     ,-0.14598802357002960     )
 ( 0.67592270125781406     , -4.9343245538895844E-017)
   2.0943951023931953        3.6275987284684348     
 ( 0.60475823682706675     ,  3.4858261015566036E-016)
 (  2.9387928338889197E-003,  2.3829333828130819E-002)
 (  2.9387928338890181E-003, -2.3829333828131748E-002)
 ( 0.62236254869793073     ,  3.3469271023485018E-016)
   4.1887902047863905        0.0000000000000000     
 ( 0.60475823682706675     , -1.2321812243243980E-017)
 (  2.9387928338886729E-003, -2.3829333828131006E-002)
 (  2.9387928338887471E-003,  2.3829333828131197E-002)
 ( 0.62236254869793095     , -3.2192822318780120E-019)
   1.0000000000000000                2           9
 (  0.0000000000000000     ,  0.0000000000000000     )
 (  0.0000000000000000     ,  0.0000000000000000     )
  -2.0943951023931953       -1.2091995761561449     
 ( 0.66322571911181383     ,  1.2335811384723961E-017)
 (-0.30342440406098814     ,-0.16052147266655264     )
 (-0.30342440406098803     , 0.16052147266655259     )
 ( 0.67248004676015494     ,  2.4671622769447922E-017)
  -2.0943951023931953        1.2091995761561449     
 ( 0.66741465475334394     , -1.2335811384723961E-017)
 (-0.29231878586989979     , 0.17428229629662548     )
 (-0.29231878586989979     ,-0.17428229629662534     )
 ( 0.66749028015852752     , -1.2335811384723961E-017)
   0.0000000000000000       -2.4183991523122899     
 ( 0.66700059460757333     ,  8.6350679693067732E-017)
 ( -1.6263567211481242E-002,-0.32797844444936880     )
 ( -1.6263567211481193E-002, 0.32797844444936863     )
 ( 0.65889934519888760     ,  7.4014868308343765E-017)
   0.0000000000000000        0.0000000000000000     
 (  1.5787347254689403     ,  0.0000000000000000     )
 ( -1.4869833663609582     ,  0.0000000000000000     )
 ( -1.4869833663609584     ,  0.0000000000000000     )
 (  1.5284739510454632     ,  0.0000000000000000     )
   0.0000000000000000        2.4183991523122899     
 ( 0.66700059460757333     , -8.6350679693067732E-017)
 ( -1.6263567211481242E-002, 0.32797844444936880     )
 ( -1.6263567211481193E-002,-0.32797844444936863     )
 ( 0.65889934519888760     , -7.4014868308343765E-017)
   2.0943951023931953       -1.2091995761561449     
 ( 0.66741465475334394     ,  1.2335811384723961E-017)
 (-0.29231878586989979     ,-0.17428229629662548     )
 (-0.29231878586989979     , 0.17428229629662534     )
 ( 0.66749028015852752     ,  1.2335811384723961E-017)
   2.0943951023931953        1.2091995761561449     
 ( 0.66322571911181383     , -1.2335811384723961E-017)
 (-0.30342440406098814     , 0.16052147266655264     )
 (-0.30342440406098803     ,-0.16052147266655259     )
 ( 0.67248004676015494     , -2.4671622769447922E-017)
   2.0943951023931953        3.6275987284684348     
 ( 0.62072715735007933     ,  3.1326830677099882E-016)
 ( -1.3203682269901417E-002,  6.5352368610676454E-004)
 ( -1.3203682269901465E-002, -6.5352368610755893E-004)
 ( 0.64388189422473996     ,  3.3728776251913004E-016)
   4.1887902047863905        0.0000000000000000     
 ( 0.62072715735007955     , -2.2864924772749079E-018)
 ( -1.3203682269901713E-002, -6.5352368610693779E-004)
 ( -1.3203682269901750E-002,  6.5352368610696273E-004)
 ( 0.64388189422473996     , -2.7099085818030098E-017)
   1.0000000000000000                2           9
 (  0.0000000000000000     ,  0.0000000000000000     )
 (  0.0000000000000000     ,  0.0000000000000000     )
  -2.0943951023931953       -1.2091995761561449     
 ( 0.63319673408480659     ,  1.3569392523196359E-016)
 (-0.26463536947656358     ,-0.16716061837482662     )
 (-0.26463536947656352     , 0.16716061837482657     )
 ( 0.63315845251268554     ,  0.0000000000000000     )
  -2.0943951023931953        1.2091995761561449     
 ( 0.65126214606301103     , -3.7007434154171883E-017)
 (-0.28783806912023341     , 0.16528223318840080     )
 (-0.28783806912023363     ,-0.16528223318840077     )
 ( 0.65062188530316234     ,  2.4671622769447922E-017)
   0.0000000000000000       -2.4183991523122899     
 ( 0.64045506328221458     ,  1.4802973661668753E-016)
 ( -6.2556027573515598E-003,-0.32352329823782455     )
 ( -6.2556027573516465E-003, 0.32352329823782422     )
 ( 0.65141644471388171     ,  9.8686491077791687E-017)
   0.0000000000000000        0.0000000000000000     
 (  1.7983645670538526     ,  0.0000000000000000     )
 ( -1.7694300235452365     ,  0.0000000000000000     )
 ( -1.7694300235452367     ,  0.0000000000000000     )
 (  1.7597504602271759     ,  0.0000000000000000     )
   0.0000000000000000        2.4183991523122899     
 ( 0.64045506328221458     , -1.4802973661668753E-016)
 ( -6.2556027573515598E-003, 0.32352329823782455     )
 ( -6.2556027573516465E-003,-0.32352329823782422     )
 ( 0.65141644471388171     , -9.8686491077791687E-017)
   2.0943951023931953       -1.2091995761561449     
 ( 0.65126214606301103     ,  3.7007434154171883E-017)
 (-0.28783806912023341     ,-0.16528223318840080     )
 (-0.28783806912023363     , 0.16528223318840077     )
 ( 0.65062188530316234     , -2.4671622769447922E-017)
   2.0943951023931953        1.2091995761561449     
 ( 0.63319673408480659     , -1.3569392523196359E-016)
 (-0.26463536947656358     , 0.16716061837482662     )
 (-0.26463536947656352     ,-0.16716061837482657     )
 ( 0.63315845251268554     ,  0.0000000000000000     )
   2.0943951023931953        3.6275987284684348     
 ( 0.59422700568998499     ,  3.8041093914351614E-016)
 (  7.4327942766732290E-003, -4.3594901005925314E-003)
 (  7.4327942766731804E-003,  4.3594901005917612E-003)
 ( 0.60247410797651735     ,  4.0100302876790626E-016)
   4.1887902047863905        0.0000000000000000     
 ( 0.59422700568998521     ,  5.3570691930717516E-017)
 (  7.4327942766729089E-003,  4.3594901005922764E-003)
 (  7.4327942766728838E-003, -4.3594901005924412E-003)
 ( 0.60247410797651735     ,  3.3456260922232276E-018)
   1.0000000000000000                2           9
 (  0.0000000000000000     ,  0.0000000000000000     )
 (  0.0000000000000000     ,  0.0000000000000000     )
  -2.0943951023931953       -1.2091995761561449     
 ( 0.68938888826381539     ,  4.9343245538895844E-017)
 (-0.30890716087208031     ,-0.17197751858371296     )
 (-0.30890716087208042     , 0.17197751858371282     )
 ( 0.69716014508473634     ,  3.7007434154171883E-017)
  -2.0943951023931953        1.2091995761561449     
 ( 0.67433281569529280     , -4.9343245538895844E-017)
 (-0.29155433352259402     , 0.16846160372499486     )
 (-0.29155433352259397     ,-0.16846160372499477     )
 ( 0.68598981227160649     , -3.0839528461809905E-017)
   0.0000000000000000       -2.4183991523122899     
 ( 0.71095210979412715     ,  4.9343245538895844E-017)
 ( -7.5067587448561851E-003,-0.34873308552543231     )
 ( -7.5067587448561547E-003, 0.34873308552543203     )
 ( 0.69831636188531343     ,  6.1679056923619811E-017)
   0.0000000000000000        0.0000000000000000     
 (  1.2726687983842524     ,  0.0000000000000000     )
 ( -1.2433013979122014     ,  0.0000000000000000     )
 ( -1.2433013979122014     ,  0.0000000000000000     )
 (  1.3282182724646523     ,  0.0000000000000000     )
   0.0000000000000000        2.4183991523122899     
 ( 0.71095210979412715     , -4.9343245538895844E-017)
 ( -7.5067587448561851E-003, 0.34873308552543231     )
 ( -7.5067587448561547E-003,-0.34873308552543203     )
 ( 0.69831636188531343     , -6.1679056923619811E-017)
   2.0943951023931953       -1.2091995761561449     
 ( 0.67433281569529280     ,  4.9343245538895844E-017)
 (-0.29155433352259402     ,-0.16846160372499486     )
 (-0.29155433352259397     , 0.16846160372499477     )
 ( 0.68598981227160649     ,  3.0839528461809905E-017)
   2.0943951023931953        1.2091995761561449     
 ( 0.68938888826381539     , -4.9343245538895844E-017)
 (-0.30890716087208031     , 0.17197751858371296     )
 (-0.30890716087208042     ,-0.17197751858371282     )
 ( 0.69716014508473634     , -3.7007434154171883E-017)
   2.0943951023931953        3.6275987284684348     
 ( 0.69323050727026281     ,  1.7227000657268263E-016)
 ( -4.3327702420241270E-003, -3.5575000250233791E-003)
 ( -4.3327702420241027E-003,  3.5575000250229203E-003)
 ( 0.65555384429207242     ,  2.5527218188388889E-016)
   4.1887902047863905        0.0000000000000000     
 ( 0.69323050727026292     ,  5.2913037901458508E-017)
 ( -4.3327702420243490E-003,  3.5575000250233396E-003)
 ( -4.3327702420243247E-003, -3.5575000250233865E-003)
 ( 0.65555384429207253     , -3.4161444989726870E-017)
