0.000000000000000000e+00
3.991334846999999852e-01
4.332760736999999862e-01
4.232254341000000197e-01
3.690552098000000059e-01
4.144419279000000067e-01
3.678021732999999793e-01
3.747202233999999965e-01
3.402551160000000241e-01
4.010288029999999893e-01
3.729355775000000039e-01
4.031105594000000125e-01
3.977102457000000202e-01
4.150804833000000249e-01
3.834220187999999863e-01
3.491916232000000231e-01
3.839232510999999737e-01
4.354874940999999833e-01
3.754621892000000183e-01
3.951088737999999823e-01
3.686182340999999973e-01
3.765811054000000047e-01
3.655978274000000194e-01
3.671095937000000142e-01
4.122587949000000029e-01
4.295487000000000055e-01
4.393015285999999908e-01
4.332893713000000036e-01
4.246975523000000030e-01
4.087066615000000125e-01
4.376478683999999730e-01
4.239112264000000074e-01
3.639726394000000198e-01
3.660156250000000111e-01
3.923052045000000043e-01
3.889996255000000014e-01
4.257724618000000016e-01
3.938752133999999794e-01
3.968715038000000250e-01
4.301218265999999790e-01
4.144293899000000003e-01
3.811860116999999937e-01
3.877878571999999746e-01
4.096316532000000010e-01
3.943737842999999743e-01
4.366600362999999985e-01
3.999217689999999825e-01
3.968461793999999987e-01
3.732899067000000071e-01
3.760028787999999955e-01
3.680581917999999897e-01
3.779604212000000074e-01
3.654347490000000032e-01
3.844025087999999868e-01
3.688494345000000174e-01
4.304939430999999983e-01
3.946032735000000180e-01
3.564694297000000067e-01
4.150966575000000214e-01
3.644792781999999787e-01
4.035178546000000033e-01
4.322398688999999905e-01
4.295941583999999813e-01
4.260684645000000215e-01
4.060120998000000259e-01
4.252072196000000193e-01
4.162007354000000214e-01
3.817086415000000010e-01
4.003606782999999947e-01
3.676513526999999892e-01
4.043816098999999942e-01
4.170832677999999905e-01
3.869030967000000043e-01
3.912793491000000068e-01
3.735151118000000214e-01
3.972542567999999830e-01
3.968773340000000260e-01
4.149599268999999979e-01
4.259975704999999779e-01
4.429984760999999827e-01
4.314263804999999841e-01
4.259787997999999742e-01
3.983057831999999854e-01
3.748637539999999935e-01
3.958391547999999815e-01
3.875772408000000002e-01
3.852476722000000020e-01
4.142530958999999791e-01
3.856088736000000128e-01
3.703561671999999749e-01
3.837021193999999857e-01
3.528107079000000201e-01
3.448881721000000011e-01
3.752404527000000045e-01
3.392606068999999835e-01
3.581087963999999846e-01
3.641996301000000047e-01
3.711379009999999923e-01
4.156791428000000121e-01
3.708989085000000130e-01
