3.677558809999998957e-01
3.357322620000000590e-01
3.780012440000000140e-01
3.691944439999998995e-01
3.058998049999999136e-01
3.514700170000000234e-01
3.022646470000001084e-01
3.061891999999999392e-01
2.611699259999999967e-01
3.444530869999999911e-01
3.063319920000000529e-01
3.416091649999999369e-01
3.328962579999998894e-01
3.557934519999998990e-01
3.172018469999999812e-01
2.781545880000000359e-01
3.218431980000000525e-01
3.841630339999999588e-01
3.079027500000000028e-01
3.356753340000000474e-01
2.964573829999999077e-01
3.090457669999999712e-01
3.013688080000000991e-01
3.055315640000000332e-01
3.516836230000000008e-01
3.752578159999999663e-01
3.886877099999999086e-01
3.799349590000000720e-01
3.684552409999999334e-01
3.450092410000000775e-01
3.912451290000000803e-01
3.712529159999999884e-01
2.946679789999999688e-01
2.969048830000000638e-01
3.279419050000000890e-01
3.281868020000000552e-01
3.664282679999999459e-01
3.326303250000000045e-01
3.372549709999999035e-01
3.735276860000000809e-01
3.569817040000000663e-01
3.194956760000000617e-01
3.208810010000000545e-01
3.471158400000000643e-01
3.274578109999999320e-01
3.807199569999999422e-01
3.403933340000000474e-01
3.319053979999999626e-01
3.019906429999998920e-01
3.063598139999998970e-01
3.015989040000000010e-01
3.165093510000001054e-01
3.003503700000000887e-01
3.143694249999999801e-01
3.057293270000001062e-01
3.783678180000000779e-01
3.368253699999999018e-01
2.853892570000000628e-01
3.622436589999999956e-01
3.030341389999999802e-01
3.423783819999999256e-01
3.781916009999999329e-01
3.752728089999999295e-01
3.686079090000000669e-01
3.462839710000000792e-01
3.701763460000000450e-01
3.562177950000000592e-01
3.190454970000000667e-01
3.432944860000000098e-01
3.070175550000000531e-01
3.425510259999999807e-01
3.608868229999999677e-01
3.273546169999999034e-01
3.268639749999999733e-01
3.089599640000000313e-01
3.402627689999999649e-01
3.342100869999999890e-01
3.544608970000000525e-01
3.728861169999999614e-01
3.911305300000000873e-01
3.828148639999999769e-01
3.716733549999999831e-01
3.369395440000000352e-01
3.066554519999999950e-01
3.333020920000000498e-01
3.212897040000000093e-01
3.171240090000000400e-01
3.575815319999999797e-01
3.184442069999999791e-01
3.061464799999999986e-01
3.214024360000000691e-01
2.751813800000000310e-01
2.698815050000000770e-01
3.031101290000000059e-01
2.623058220000000773e-01
2.950461239999999652e-01
2.969803269999999884e-01
3.065253160000001031e-01
3.594273589999998908e-01
3.030306920000001014e-01
