1.662870000000000061e+02
4.168599024999999791e+00
1.351787943000000070e+01
6.344924954000000071e+03
2.528326555999999982e+05
1.400571684999999889e+02
1.411400613000000000e+10
6.017045287999999709e+06
3.342131657000000268e+04
4.429740429000000004e+05
1.249400576000000001e+05
3.664590003999999911e+07
1.134914923999999928e+03
2.866710344999999870e+04
4.083579385999999940e+05
4.960765026000000216e+04
3.124801599000000278e+05
7.322756994999999733e+02
9.161698385999999300e+04
1.724013706999999881e+08
1.150693664000000060e+08
1.483697236999999881e+08
8.980082593000000634e+04
1.282589385000000000e+09
2.670942253999999911e+07
3.623425887000000221e+05
2.701164488999999958e+04
9.341398189999999886e+02
8.396076812999999675e+02
1.573598840000000010e+01
1.347328854000000060e+08
8.828856900000000314e+04
1.209702162999999970e+08
2.139080785000000149e+06
5.693734024000000318e+02
8.633423496999999881e+07
2.308447805000000153e+04
2.869066496000000043e+05
5.562065344999999797e+04
4.497879244999999742e+02
2.340135240000000049e+05
1.927339125000000000e+06
1.653481810999999871e+05
4.329465361000000121e+04
6.413587492999999995e+03
2.194398027000000013e+02
1.520064586000000127e+05
8.599504222999999911e+03
3.072727140999999733e+02
2.471186151999999856e+04
9.381238269000000000e+09
3.836754743999999948e+06
2.730405448999999762e+08
2.724027910999999847e+06
1.578552946999999927e+06
1.627355370000000112e+06
1.649094217000000062e+05
3.615715648999999976e+05
1.518167998000000080e+05
2.549952722000000000e+09
2.193693049000000030e+02
8.580918931999999586e+02
2.409862910999999847e+06
6.771549954999999609e+05
2.051347611000000143e+03
1.599413356999999962e+02
1.638595681000000013e+03
4.411822463000000268e+07
3.491008743999999762e+07
4.675687403000000119e+08
8.613087105000000520e+03
6.271532994000000144e+03
1.523576365000000037e+07
1.780223131999999896e+04
2.783741125999999931e+05
4.243711086000000137e+02
2.170344615999999860e+02
8.307493743000000563e+01
3.319603854999999749e+05
1.175495182999999997e+03
4.218629402999999933e+06
3.154993888000000152e+04
2.221200526999999955e+07
8.283651615999999922e+05
8.498654339000000618e+04
1.026094921000000031e+05
1.136962351000000053e+05
2.461734439000000129e+05
1.344666842999999935e+05
3.750159188999999780e+06
7.275137018999999855e+05
-1.442029908000000054e+06
2.558924559000000008e+05
3.303211924000000115e+06
2.229194780000000000e+08
4.756581459000000000e+10
3.111123571000000000e+09
1.566829003000000026e+06
6.365409477999999945e+04
5.708211789999999851e+07
