     0.0000000        1.27928576        0.03837277
     0.1000000        1.08495098        0.04152456
     0.2000000        0.89672296        0.01957398
     0.3000000        0.73152239        0.02810703
     0.4000000        0.62402914        0.05864059
     0.5000000        0.58382758        0.04776337
     0.6000000        0.39041199        0.06345797
     0.7000000        0.35424966        0.05259973
     0.8000000        0.32105471        0.08009189
     0.9000000        0.25888816        0.01974017
     1.0000000        0.24764288        0.04144980
     1.1000000        0.19036173        0.01797748
     1.2000000        0.26488705        0.04148291
     1.3000000        0.26657609        0.11992841
     1.4000000        0.16615350        0.07789656
     1.5000000        0.11591869        0.06436756
     1.6000000        0.13523555        0.06788425
     1.7000000        0.10961323        0.05172656
     1.8000000       -0.03046048        0.12179836
     1.9000000        0.05456586        0.05936022
     2.0000000        0.09215855        0.06444103
     2.1000000        0.06530668        0.04127416
     2.2000000        0.03385794        0.03333283
     2.3000000        0.05833231        0.00717621
     2.4000000        0.02573915        0.04819541
     2.5000000        0.10163155        0.08711448
     2.6000000        0.12878025        0.20362152
     2.7000000        0.06064267        0.09520504
     2.8000000       -0.10350453        0.32095846
     2.9000000       -0.08522027        0.12353526
     3.0000000        0.16126900        0.19611033
     3.1000000        0.40520549        0.60137930
     3.2000000        1.75506952        2.00937204
     3.3000000        0.19166858        0.23690580
     3.4000000        0.13463647        0.09878229
     3.5000000        0.19195581        0.19081963
     3.6000000        0.13193620        0.16061109
     3.7000000        0.07961072        0.10204671
     3.8000000        0.00052592        0.22165989
     3.9000000       -0.80176070        0.79485752
     4.0000000       -0.31237984        0.36178428
     4.1000000       -0.18406091        0.20045486
     4.2000000       -0.34303584        0.38043661
     4.3000000       -0.33950105        0.41029479
     4.4000000       -0.18488005        0.10222903
     4.5000000        0.01149015        0.04934647
     4.6000000       -0.01720634        0.02541275
     4.7000000       -0.03164332        0.04583695
     4.8000000       -0.19114262        0.21806366
     4.9000000        0.08373839        0.17739839
     5.0000000        0.06606215        0.04066213
     5.1000000        0.03878726        0.04998455
     5.2000000       -0.14531639        0.10711823
     5.3000000       -0.07062070        0.17861429
     5.4000000        0.13960593        0.18581702
     5.5000000        0.36074641        0.52303047
     5.6000000        0.16433779        0.18149233
     5.7000000        0.13090493        0.10161378
     5.8000000        0.14036475        0.22957146
     5.9000000        0.00432823        0.09353124
     6.0000000        0.00564466        0.18262367
     6.1000000       -0.03258146        0.10771893
     6.2000000       -0.08026996        0.12365657
     6.3000000       -0.04593338        0.10753977
     6.4000000       -0.04646157        0.05892026
     6.5000000       -0.03482313        0.04981910
     6.6000000        0.02340919        0.04263502
     6.7000000       -0.02694842        0.02487535
     6.8000000        0.05652148        0.07758235
     6.9000000       -0.03048180        0.06375478
     7.0000000        0.02502256        0.02717027
     7.1000000        0.04069306        0.02022012
     7.2000000        0.10712465        0.06203730
     7.3000000        0.18760247        0.11903686
     7.4000000        0.36186862        0.39687719
     7.5000000        0.15328969        0.14866148
     7.6000000        0.07355788        0.09529152
     7.7000000        0.06067945        0.31318287
     7.8000000        0.17139743        0.08340569
     7.9000000        0.10399225        0.02912397
     8.0000000        0.35741339        0.30523002
     8.1000000        0.24379830        0.13934887
     8.2000000        0.39325306        0.29973290
     8.3000000        0.83449283        0.70453754
     8.4000000        0.23548179        0.04895698
     8.5000000        0.31203208        0.10701981
     8.6000000        0.30389276        0.05185880
     8.7000000        0.41547576        0.15400986
     8.8000000        0.23321494        0.02700554
     8.9000000        0.29893423        0.06273113
     9.0000000        0.29594035        0.04143411
     9.1000000        0.28140968        0.02293977
     9.2000000        0.30009987        0.04455357
     9.3000000        0.36663983        0.02293089
     9.4000000        0.41397674        0.04139517
     9.5000000        0.53260830        0.00672754
     9.6000000        0.59280958        0.06704984
     9.7000000        0.72465569        0.04323870
     9.8000000        0.80415596        0.01634229
     9.9000000        1.01682796        0.03262089
    10.0000000        1.27928576        0.03837277
