7.319890000000000000e+09
1.151860000000000000e+10
1.140460000000000000e+10
6.795120000000000000e+09
1.308790000000000000e+10
3.010290000000000000e+10
4.024000000000000000e+10
5.833090000000000000e+10
5.833090000000000000e+10
3.597520000000000000e+10
1.922450000000000000e+10
2.260700000000000000e+10
1.306250000000000000e+10
3.210320000000000000e+10
4.124340000000000000e+10
3.446240000000000000e+10
1.286340000000000000e+11
1.286340000000000000e+11
2.935620000000000000e+11
4.319130000000000000e+11
2.713360000000000000e+11
6.567540000000000000e+11
1.010890000000000000e+12
8.915900000000000000e+11
8.915900000000000000e+11
2.187200000000000000e+12
3.547390000000000000e+12
3.311780000000000000e+12
3.311780000000000000e+12
2.343630000000000000e+12
7.589740000000000000e+12
7.862280000000000000e+12
2.796540000000000000e+13
2.796540000000000000e+13
7.785980000000000000e+13
8.289960000000000000e+13
8.289960000000000000e+13
8.289960000000000000e+13
8.289960000000000000e+13
1.048580000000000000e+14
6.606480000000000000e+13
1.488800000000000000e+14
1.190080000000000000e+14
1.532400000000000000e+14
9.732390000000000000e+13
7.444660000000000000e+13
2.496780000000000000e+14
2.700480000000000000e+14
9.664450000000000000e+14
7.623950000000000000e+14
7.623950000000000000e+14
9.477730000000000000e+14
9.477730000000000000e+14
1.997320000000000000e+15
1.704250000000000000e+15
1.978680000000000000e+15
7.459660000000000000e+15
1.663950000000000000e+16
1.355760000000000000e+16
1.772160000000000000e+16
4.750080000000000000e+16
3.599940000000000000e+16
1.215900000000000000e+17
1.660120000000000000e+17
4.340610000000000000e+17
3.589020000000000000e+17
3.589020000000000000e+17
4.526350000000000000e+17
4.526350000000000000e+17
9.379180000000000000e+17
1.733220000000000000e+18
2.569540000000000000e+18
1.511280000000000000e+18
3.180710000000000000e+18
6.028030000000000000e+18
8.924640000000000000e+18
8.924640000000000000e+18
1.969270000000000000e+19
4.025750000000000000e+19
5.931610000000000000e+19
5.931610000000000000e+19
1.508900000000000000e+20
1.079370000000000000e+20
1.589280000000000000e+20
1.589280000000000000e+20
1.185120000000000000e+20
4.016240000000000000e+20
4.225110000000000328e+20
1.507840000000000000e+21
9.855680000000000000e+20
4.628900000000000000e+20
4.607609999999999672e+20
3.798849999999999672e+20
2.996110000000000328e+20
1.014260000000000000e+21
1.056200000000000000e+21
4.401409999999999672e+20
3.290310000000000328e+20
1.115460000000000000e+21
1.170460000000000000e+21
4.176130000000000197e+21
4.176130000000000197e+21
2.579480000000000262e+21
3.986370000000000197e+21
1.623939999999999869e+21
3.783149999999999803e+21
2.942339999999999869e+21
3.844739999999999869e+21
1.420300000000000131e+21
9.542040000000000000e+20
3.239440000000000000e+21
3.507670000000000066e+21
1.247160000000000052e+22
3.178059999999999921e+22
2.283820000000000131e+22
3.433650000000000092e+22
3.433650000000000092e+22
1.851879999999999948e+22
6.308430000000000328e+22
8.462320000000000105e+22
8.462320000000000105e+22
8.462320000000000105e+22
8.462320000000000105e+22
1.116390000000000003e+23
7.108379999999999816e+22
5.131139999999999974e+22
2.419609999999999830e+22
4.838500000000000184e+22
4.838500000000000184e+22
1.073539999999999974e+23
8.781229999999999699e+22
1.085200000000000063e+23
1.085200000000000063e+23
2.822589999999999929e+23
6.949430000000000149e+23
7.436029999999999510e+23
2.075280000000000063e+23
2.075280000000000063e+23
6.489730000000000658e+23
9.058819999999999638e+23
2.508929999999999987e+24
8.156089999999999821e+24
8.156089999999999821e+24
1.032280000000000041e+25
1.032280000000000041e+25
4.140559999999999761e+24
4.140559999999999761e+24
6.738750000000000164e+24
3.464470000000000158e+24
3.464470000000000158e+24
3.464470000000000158e+24
4.361149999999999862e+24
4.361149999999999862e+24
2.212160000000000050e+24
1.018620000000000026e+24
2.237920000000000075e+24
7.093440000000000084e+24
1.874499999999999917e+25
1.874499999999999917e+25
2.483789999999999804e+25
1.011159999999999940e+26
3.218080000000000106e+26
3.218080000000000106e+26
5.170079999999999781e+26
2.122809999999999953e+27
2.122809999999999953e+27
2.122809999999999953e+27
3.926380000000000028e+27
3.926380000000000028e+27
3.926380000000000028e+27
1.260320000000000091e+28
1.529070000000000021e+28
4.766389999999999754e+28
4.766389999999999754e+28
1.564470000000000088e+29
1.888359999999999948e+29
6.058029999999999678e+29
6.058029999999999678e+29
2.186359999999999940e+30
2.743709999999999886e+30
2.743709999999999886e+30
1.063460000000000023e+31
1.063460000000000023e+31
1.349529999999999995e+31
4.241299999999999608e+31
4.241299999999999608e+31
1.360470000000000028e+31
1.460970000000000044e+31
8.047690000000000190e+30
2.387749999999999974e+30
8.810120000000000212e+29
1.229240000000000067e+30
4.022680000000000259e+30
4.022680000000000259e+30
2.536639999999999809e+30
2.536639999999999809e+30
1.001650000000000069e+30
4.812780000000000039e+29
6.608649999999999869e+29
1.965600000000000105e+30
2.757460000000000199e+30
5.724540000000000115e+30
5.724540000000000115e+30
2.622550000000000081e+30
3.288140000000000246e+30
2.106469999999999946e+30
4.433109999999999810e+30
4.433109999999999810e+30
1.041220000000000006e+31
8.080880000000000014e+30
2.332890000000000053e+31
7.192129999999999902e+31
7.192129999999999902e+31
6.903760000000000254e+31
2.006490000000000048e+32
9.487239999999999877e+31
2.970049999999999835e+32
2.918399999999999957e+32
9.170500000000000312e+32
9.170500000000000312e+32
2.425510000000000072e+33
4.487380000000000219e+33
1.775449999999999910e+34
1.241330000000000029e+34
2.236490000000000174e+34
2.053820000000000031e+34
7.005070000000000419e+34
4.621949999999999798e+34
1.627510000000000073e+35
1.517710000000000060e+35
5.226249999999999679e+35
1.215409999999999941e+36
9.842289999999999783e+35
9.419810000000000440e+35
9.419810000000000440e+35
2.145819999999999996e+36
1.874099999999999982e+36
3.401039999999999852e+36
1.374389999999999949e+37
1.216300000000000115e+37
2.189000000000000186e+37
4.007629999999999920e+37
1.623520000000000087e+38
2.723960000000000057e+38
4.056690000000000044e+38
3.797419999999999724e+38
3.797419999999999724e+38
2.768149999999999854e+38
9.488089999999999877e+38
8.928440000000000709e+38
4.065699999999999707e+38
8.652650000000000108e+38
1.575700000000000052e+39
2.972080000000000010e+39
1.202229999999999926e+40
2.268209999999999876e+40
3.534510000000000185e+40
6.876950000000000401e+40
2.775450000000000169e+41
6.119289999999999903e+41
9.843279999999999406e+41
8.681719999999999921e+41
2.972700000000000202e+42
8.618589999999999530e+42
5.321909999999999931e+42
4.728460000000000281e+42
1.622230000000000064e+43
4.683439999999999724e+43
1.264709999999999925e+44
1.131089999999999969e+44
3.882739999999999839e+44
1.099190000000000043e+45
2.893920000000000020e+45
2.560779999999999859e+45
2.560779999999999859e+45
1.536589999999999962e+45
5.348820000000000171e+45
1.116719999999999996e+46
4.481440000000000069e+46
4.481440000000000069e+46
7.794460000000000410e+46
1.692909999999999930e+47
1.692909999999999930e+47
5.634229999999999716e+47
5.310030000000000359e+47
1.178470000000000053e+48
4.707770000000000087e+48
1.873959999999999936e+48
1.582060000000000141e+48
3.510650000000000235e+48
1.402319999999999958e+49
1.402319999999999958e+49
2.433850000000000010e+49
1.982240000000000053e+49
1.982240000000000053e+49
6.934770000000000479e+48
6.934770000000000479e+48
5.955259999999999903e+48
2.757870000000000056e+48
2.757870000000000056e+48
1.510329999999999909e+48
3.111879999999999867e+48
1.250150000000000051e+49
1.250150000000000051e+49
2.166049999999999886e+49
1.864640000000000020e+49
1.864640000000000020e+49
1.864640000000000020e+49
6.245540000000000514e+49
1.315399999999999979e+50
5.275440000000000255e+50
1.639239999999999990e+51
2.771090000000000104e+51
2.273409999999999865e+51
7.771739999999999975e+51
3.006420000000000226e+52
3.006420000000000226e+52
6.784670000000000522e+52
6.784670000000000522e+52
6.784670000000000522e+52
1.163659999999999931e+53
9.333110000000000201e+52
4.423340000000000234e+52
4.423340000000000234e+52
1.580359999999999969e+53
1.264160000000000020e+53
4.305299999999999653e+53
1.241639999999999948e+53
1.241639999999999948e+53
1.024489999999999933e+53
3.508210000000000206e+53
1.359049999999999968e+54
4.848859999999999825e+54
3.998570000000000204e+54
1.369500000000000117e+55
5.319430000000000103e+55
1.900950000000000070e+56
4.384950000000000401e+56
1.747050000000000151e+57
5.134589999999999837e+56
5.134589999999999837e+56
4.444760000000000245e+56
1.553330000000000080e+57
6.057420000000000123e+57
2.151870000000000022e+58
4.765830000000000020e+58
4.765830000000000020e+58
4.765830000000000020e+58
7.900260000000000267e+58
6.799540000000000372e+58
2.404409999999999794e+59
2.404409999999999794e+59
8.856939999999999780e+59
7.942200000000000256e+59
2.876340000000000119e+60
2.876340000000000119e+60
1.042999999999999996e+61
9.890849999999999339e+60
3.684909999999999948e+61
3.684909999999999948e+61
1.315419999999999892e+62
1.320969999999999996e+62
5.028610000000000135e+62
1.992970000000000076e+63
7.001040000000000666e+63
7.329530000000000010e+63
2.816050000000000215e+64
1.126670000000000115e+65
4.015020000000000051e+65
4.904579999999999655e+65
1.936589999999999938e+66
7.953749999999999581e+66
2.961140000000000219e+67
5.243020000000000143e+67
2.160450000000000029e+68
9.176800000000000402e+68
3.662009999999999724e+69
1.018999999999999924e+70
1.018999999999999924e+70
4.366299999999999749e+70
4.366299999999999749e+70
2.060229999999999972e+70
2.060229999999999972e+70
2.060229999999999972e+70
6.118050000000000463e+70
1.728670000000000032e+71
1.728670000000000032e+71
4.166960000000000037e+70
1.076440000000000040e+70
4.997759999999999856e+69
1.417350000000000002e+69
1.417350000000000002e+69
1.012089999999999933e+69
1.788000000000000099e+69
1.788000000000000099e+69
7.150350000000000023e+69
2.474589999999999876e+70
1.721159999999999927e+70
1.721159999999999927e+70
1.721159999999999927e+70
2.288029999999999989e+70
2.496379999999999899e+70
2.496379999999999899e+70
2.496379999999999899e+70
3.690030000000000083e+70
6.173889999999999603e+70
6.173889999999999603e+70
2.513709999999999772e+71
4.335800000000000085e+71
8.582789999999999951e+71
2.737409999999999843e+71
2.737409999999999843e+71
5.432349999999999646e+71
7.228400000000000446e+71
7.228400000000000446e+71
3.070229999999999872e+72
1.872689999999999887e+72
3.395019999999999997e+72
1.048259999999999969e+72
3.648010000000000169e+72
1.043209999999999975e+73
1.888699999999999927e+73
1.888699999999999927e+73
1.888699999999999927e+73
1.888699999999999927e+73
3.436030000000000002e+73
3.436030000000000002e+73
3.436030000000000002e+73
2.534649999999999897e+73
3.413289999999999979e+73
3.413289999999999979e+73
1.450580000000000110e+74
8.957700000000000149e+73
1.334509999999999945e+74
1.334509999999999945e+74
1.334509999999999945e+74
1.334509999999999945e+74
2.359749999999999836e+74
7.105749999999999518e+73
2.481049999999999798e+74
7.767500000000000087e+74
1.410249999999999985e+75
5.641040000000000030e+75
5.641040000000000030e+75
1.634149999999999884e+76
2.482920000000000005e+76
7.316639999999999380e+75
2.301630000000000066e+75
2.136910000000000028e+75
3.305149999999999998e+75
3.305149999999999998e+75
8.333640000000000004e+74
5.942660000000000221e+74
1.031399999999999951e+75
1.031399999999999951e+75
3.055870000000000163e+74
1.867389999999999964e+74
3.269259999999999918e+74
3.269259999999999918e+74
3.269259999999999918e+74
1.031199999999999907e+75
1.806949999999999999e+75
5.388060000000000492e+74
5.388060000000000492e+74
1.739189999999999952e+75
3.036289999999999847e+75
3.036289999999999847e+75
1.243040000000000066e+76
3.982260000000000293e+76
6.208719999999999399e+76
6.208719999999999399e+76
6.208719999999999399e+76
6.208719999999999399e+76
9.683909999999999873e+76
9.683909999999999873e+76
9.683909999999999873e+76
2.950910000000000116e+77
4.598220000000000029e+77
4.598220000000000029e+77
1.962319999999999885e+78
6.019060000000000244e+78
9.392179999999999897e+78
9.392179999999999897e+78
2.361059999999999839e+78
1.689889999999999904e+78
2.931949999999999944e+78
8.465679999999999530e+77
2.968849999999999795e+78
9.744259999999999837e+78
1.691829999999999967e+79
6.966710000000000260e+79
1.763730000000000148e+79
1.128240000000000063e+79
1.757969999999999971e+79
4.870550000000000299e+78
4.870550000000000299e+78
3.985130000000000339e+78
6.914170000000000373e+78
2.001479999999999823e+78
2.001479999999999823e+78
6.666370000000000045e+78
1.041330000000000035e+79
1.041330000000000035e+79
2.628170000000000103e+78
1.891119999999999887e+78
3.252640000000000057e+78
3.252640000000000057e+78
3.252640000000000057e+78
1.054150000000000036e+79
1.660960000000000163e+79
4.563809999999999612e+78
4.563809999999999612e+78
4.563809999999999612e+78
7.832719999999999648e+78
3.223910000000000234e+79
3.223910000000000234e+79
1.034969999999999983e+80
1.767159999999999899e+80
1.767159999999999899e+80
7.224330000000000328e+80
2.347500000000000046e+81
4.040989999999999880e+81
4.040989999999999880e+81
1.197930000000000030e+81
3.853890000000000127e+81
6.619979999999999946e+81
1.915209999999999983e+81
9.288029999999999625e+80
3.233040000000000027e+81
5.130680000000000396e+81
5.130680000000000396e+81
2.175330000000000104e+82
1.524730000000000132e+82
2.609369999999999868e+82
2.609369999999999868e+82
2.609369999999999868e+82
8.473019999999999960e+82
1.340499999999999901e+83
1.340499999999999901e+83
3.434749999999999837e+82
2.549480000000000115e+82
4.198450000000000184e+82
4.198450000000000184e+82
4.198450000000000184e+82
1.365350000000000057e+83
2.232009999999999890e+83
2.232009999999999890e+83
2.232009999999999890e+83
7.261969999999999601e+83
1.191919999999999974e+84
3.438979999999999893e+83
1.692260000000000077e+83
5.890430000000000120e+83
9.558730000000000156e+83
9.558730000000000156e+83
9.558730000000000156e+83
3.116339999999999903e+84
5.258910000000000000e+84
5.258910000000000000e+84
5.258910000000000000e+84
1.725630000000000106e+85
3.234829999999999838e+85
9.430540000000000519e+84
9.430540000000000519e+84
3.253770000000000204e+85
7.764779999999999486e+85
7.764779999999999486e+85
7.764779999999999486e+85
2.762300000000000268e+86
8.689819999999999816e+86
2.636039999999999794e+86
2.636039999999999794e+86
1.021399999999999999e+87
1.021399999999999999e+87
3.947449999999999919e+86
3.947449999999999919e+86
1.537959999999999939e+87
5.398890000000000317e+87
2.335569999999999933e+87
6.280559999999999931e+87
6.280559999999999931e+87
6.280559999999999931e+87
1.988939999999999857e+88
5.398890000000000317e+87
5.398890000000000317e+87
2.135719999999999941e+88
2.135719999999999941e+88
2.135719999999999941e+88
9.142510000000000035e+88
9.142510000000000035e+88
9.142510000000000035e+88
9.142510000000000035e+88
9.142510000000000035e+88
2.914690000000000014e+88
2.302370000000000160e+88
2.302370000000000160e+88
5.737710000000000020e+87
5.737710000000000020e+87
2.943040000000000048e+87
2.306000000000000141e+87
2.306000000000000141e+87
7.433569999999999530e+86
1.952069999999999955e+87
1.952069999999999955e+87
1.952069999999999955e+87
7.745509999999999900e+87
7.745509999999999900e+87
7.745509999999999900e+87
7.745509999999999900e+87
7.745509999999999900e+87
2.639169999999999991e+88
7.511060000000000199e+87
2.196560000000000075e+87
2.196560000000000075e+87
2.196560000000000075e+87
2.196560000000000075e+87
5.467580000000000441e+86
5.467580000000000441e+86
2.982689999999999811e+86
2.362650000000000058e+86
1.003439999999999972e+87
4.004250000000000111e+87
1.811019999999999930e+87
1.646389999999999892e+87
1.646389999999999892e+87
6.584180000000000106e+87
6.584180000000000106e+87
6.584180000000000106e+87
2.829809999999999854e+88
2.829809999999999854e+88
9.381989999999999297e+88
2.740409999999999952e+88
2.740409999999999952e+88
2.740409999999999952e+88
2.740409999999999952e+88
2.740409999999999952e+88
2.740409999999999952e+88
1.089930000000000012e+89
3.964230000000000065e+89
1.583139999999999964e+90
3.710480000000000121e+89
1.482479999999999982e+90
6.522540000000000441e+89
1.677180000000000017e+90
1.677180000000000017e+90
1.677180000000000017e+90
8.887959999999999623e+89
2.478899999999999815e+90
1.071520000000000080e+91
1.071520000000000080e+91
1.071520000000000080e+91
1.071520000000000080e+91
1.071520000000000080e+91
3.430380000000000215e+90
9.180450000000000314e+90
9.180450000000000314e+90
9.180450000000000314e+90
9.180450000000000314e+90
4.733779999999999593e+90
3.878000000000000180e+90
3.878000000000000180e+90
1.553049999999999923e+91
7.375009999999999776e+90
6.462350000000000198e+90
2.751410000000000042e+91
1.103860000000000012e+92
5.800499999999999878e+91
5.800499999999999878e+91
2.497469999999999986e+92
1.006270000000000024e+93
6.306320000000000228e+92
4.618169999999999845e+92
1.946709999999999966e+93
7.849349999999999662e+93
7.849349999999999662e+93
2.952929999999999818e+94
2.952929999999999818e+94
2.952929999999999818e+94
7.561599999999999759e+94
2.114879999999999832e+94
2.114879999999999832e+94
2.114879999999999832e+94
1.306800000000000065e+94
3.823760000000000280e+94
1.650529999999999953e+95
6.677699999999999769e+95
1.856120000000000117e+96
1.856120000000000117e+96
1.856120000000000117e+96
1.856120000000000117e+96
5.757020000000000302e+96
5.757020000000000302e+96
1.450429999999999972e+96
5.809489999999999776e+96
2.709900000000000011e+96
7.165539999999999679e+96
7.165539999999999679e+96
7.165539999999999679e+96
4.657509999999999599e+96
3.277560000000000123e+96
3.277560000000000123e+96
1.328430000000000003e+97
3.515920000000000264e+97
9.845840000000000495e+96
4.042530000000000090e+97
4.042530000000000090e+97
2.510440000000000121e+97
1.820900000000000025e+97
1.820900000000000025e+97
5.694390000000000081e+96
5.928370000000000288e+96
3.045319999999999812e+96
3.045319999999999812e+96
3.045319999999999812e+96
2.077539999999999884e+96
6.237630000000000135e+96
6.237630000000000135e+96
6.237630000000000135e+96
1.412400000000000095e+97
5.873220000000000227e+97
5.873220000000000227e+97
2.379119999999999923e+98
1.801899999999999867e+98
1.178239999999999954e+98
1.178239999999999954e+98
1.178239999999999954e+98
1.284809999999999948e+98
6.798380000000000334e+97
1.946970000000000019e+97
7.997900000000000598e+97
8.907529999999999380e+97
2.856109999999999840e+98
2.856109999999999840e+98
8.107399999999999242e+97
1.435620000000000099e+98
5.693339999999999707e+97
5.693339999999999707e+97
1.610040000000000037e+97
2.883449999999999982e+97
2.883449999999999982e+97
2.883449999999999982e+97
2.883449999999999982e+97
2.917839999999999821e+97
1.221889999999999998e+98
1.221889999999999998e+98
3.459870000000000153e+97
6.206439999999999947e+97
6.206439999999999947e+97
6.206439999999999947e+97
6.206439999999999947e+97
9.067429999999999317e+97
4.249199999999999688e+97
1.272149999999999989e+97
1.272149999999999989e+97
1.138080000000000012e+97
3.187590000000000140e+96
1.070380000000000005e+96
1.070380000000000005e+96
1.645649999999999948e+96
1.645649999999999948e+96
1.645649999999999948e+96
1.645649999999999948e+96
1.376629999999999982e+96
1.376629999999999982e+96
1.376629999999999982e+96
3.715210000000000267e+95
3.406369999999999891e+95
3.406369999999999891e+95
3.406369999999999891e+95
9.801919999999999506e+94
1.176970000000000073e+95
3.157569999999999917e+94
3.157569999999999917e+94
1.155190000000000059e+94
1.350039999999999997e+94
4.761990000000000097e+94
4.761990000000000097e+94
2.883130000000000031e+94
6.134470000000000357e+94
1.941179999999999952e+94
1.941179999999999952e+94
1.940010000000000102e+94
5.810370000000000067e+94
5.810370000000000067e+94
5.810370000000000067e+94
1.009039999999999944e+95
1.054590000000000061e+95
1.054590000000000061e+95
3.640660000000000078e+95
3.986370000000000155e+95
2.102779999999999858e+95
8.398430000000000174e+95
5.329719999999999716e+95
9.922599999999999787e+95
1.542319999999999945e+96
6.746720000000000176e+95
2.913980000000000112e+95
3.635699999999999925e+95
1.159760000000000084e+96
4.109810000000000080e+95
2.818030000000000108e+95
3.679580000000000010e+95
1.019729999999999981e+96
3.448740000000000032e+96
8.372799999999999540e+96
1.094779999999999980e+97
2.966969999999999859e+97
1.463460000000000046e+97
3.280959999999999860e+97
4.936099999999999840e+97
4.936099999999999840e+97
1.417400000000000036e+98
1.225619999999999974e+98
1.806590000000000099e+98
1.121769999999999996e+98
4.313279999999999923e+98
3.186240000000000008e+98
4.534009999999999943e+98
1.377019999999999965e+99
5.651330000000000075e+98
5.651330000000000075e+98
8.887849999999999598e+98
2.347729999999999897e+99
7.106669999999999598e+99
5.044890000000000115e+99
7.544459999999999912e+99
2.274820000000000089e+100
9.823940000000000387e+99
7.057919999999999871e+99
1.164430000000000017e+100
2.750440000000000105e+100
2.750440000000000105e+100
6.031189999999999741e+100
9.571750000000000428e+100
5.973999999999999853e+100
2.157100000000000159e+100
2.182049999999999903e+100
3.762609999999999944e+100
2.923729999999999963e+100
2.923729999999999963e+100
2.520819999999999872e+100
4.516189999999999705e+100
8.473870000000000348e+100
8.206490000000000653e+100
6.639259999999999675e+100
4.965769999999999619e+100
8.499440000000000057e+100
1.510409999999999853e+101
6.508470000000000355e+100
3.528309999999999784e+100
3.528309999999999784e+100
5.226379999999999966e+101
5.226379999999999966e+101
1.229179999999999979e+102
1.601610000000000024e+102
5.712280000000000204e+102
5.333859999999999579e+102
9.510189999999999810e+102
7.955429999999999686e+102
7.955429999999999686e+102
7.056070000000000138e+102
1.357449999999999904e+103
1.334560000000000087e+103
4.862089999999999710e+103
4.862089999999999710e+103
1.198389999999999931e+104
1.198389999999999931e+104
1.153299999999999987e+104
1.217589999999999943e+104
2.246589999999999848e+104
3.572899999999999933e+104
3.572899999999999933e+104
3.058259999999999958e+104
5.653330000000000086e+104
5.143800000000000210e+104
5.143800000000000210e+104
5.143800000000000210e+104
9.195510000000000510e+104
1.680320000000000075e+105
1.692610000000000012e+105
1.400210000000000062e+105
2.489850000000000110e+105
4.763160000000000161e+105
4.486180000000000019e+105
9.217459999999999472e+105
1.599679999999999957e+106
1.331009999999999996e+106
5.230169999999999901e+105
6.178030000000000290e+105
9.763310000000000686e+105
7.740089999999999936e+105
2.851039999999999936e+106
2.931850000000000083e+106
4.981800000000000378e+106
1.027389999999999983e+107
1.897669999999999848e+107
1.502499999999999889e+107
2.639440000000000128e+107
2.154999999999999853e+107
7.982069999999999962e+107
6.419480000000000641e+107
6.463929999999999837e+107
6.204270000000000097e+107
1.647609999999999991e+108
1.647609999999999991e+108
2.930569999999999848e+108
2.541699999999999825e+108
9.975120000000000225e+107
1.148549999999999969e+108
1.959769999999999974e+108
3.968290000000000044e+108
3.968290000000000044e+108
3.243070000000000169e+108
5.722649999999999548e+108
4.610789999999999810e+108
1.713050000000000077e+109
1.355150000000000053e+109
2.417590000000000159e+109
1.961570000000000149e+109
7.332960000000000103e+109
1.511299999999999876e+110
2.568930000000000136e+110
2.119660000000000111e+110
2.119660000000000111e+110
2.070369999999999848e+110
2.076850000000000020e+110
1.798969999999999875e+110
5.248940000000000270e+110
2.988630000000000134e+110
3.173730000000000273e+110
3.173730000000000273e+110
2.617679999999999940e+110
1.437189999999999990e+110
2.460779999999999869e+110
4.190280000000000041e+110
4.614600000000000075e+110
4.777420000000000212e+110
4.561539999999999924e+110
4.637539999999999748e+110
3.040250000000000061e+110
3.040250000000000061e+110
5.517020000000000237e+110
4.412719999999999754e+110
1.565080000000000105e+111
3.048160000000000266e+111
4.766700000000000157e+111
9.034839999999999758e+111
1.669900000000000003e+112
1.669900000000000003e+112
3.516260000000000152e+112
3.516260000000000152e+112
3.516260000000000152e+112
3.015860000000000161e+112
8.669729999999999871e+112
1.497350000000000007e+113
1.497350000000000007e+113
1.342540000000000012e+113
1.342540000000000012e+113
2.751179999999999873e+113
2.751179999999999873e+113
2.616030000000000088e+113
9.664770000000000507e+112
2.650210000000000058e+113
5.506970000000000124e+113
4.908670000000000093e+113
1.792130000000000045e+113
1.792130000000000045e+113
1.147549999999999959e+113
2.056570000000000018e+113
1.009919999999999971e+113
6.560950000000000296e+112
1.267749999999999994e+113
2.973159999999999919e+113
2.973159999999999919e+113
2.633110000000000013e+113
1.592699999999999941e+113
5.788150000000000054e+113
1.635960000000000039e+114
4.291349999999999895e+114
4.069859999999999751e+114
1.654609999999999993e+115
9.739519999999999707e+114
1.953130000000000012e+115
2.690589999999999786e+115
1.409760000000000018e+115
3.873340000000000018e+115
3.873340000000000018e+115
6.753599999999999720e+115
6.753599999999999720e+115
4.154349999999999937e+115
5.191370000000000110e+115
9.059250000000000321e+115
3.241580000000000055e+115
2.151090000000000095e+115
2.942249999999999942e+115
3.012020000000000095e+115
1.091089999999999991e+116
7.614100000000000051e+115
1.093250000000000066e+116
1.784210000000000135e+116
6.259879999999999724e+116
4.461799999999999899e+116
6.442299999999999897e+116
6.428849999999999371e+116
2.765049999999999965e+116
2.765049999999999965e+116
5.843849999999999777e+116
7.364040000000000472e+116
7.364040000000000472e+116
5.478010000000000022e+116
8.581400000000000584e+116
1.243879999999999961e+117
4.260399999999999848e+117
3.169790000000000126e+117
5.091289999999999690e+117
5.527829999999999549e+117
5.527829999999999549e+117
4.103529999999999774e+117
7.166759999999999780e+117
1.000259999999999953e+118
6.297149999999999734e+117
4.506810000000000041e+117
9.129439999999999971e+117
9.928359999999999473e+117
2.911229999999999842e+118
2.911229999999999842e+118
5.291900000000000334e+118
6.640200000000000307e+118
5.274749999999999893e+118
3.892930000000000117e+118
5.314729999999999996e+118
9.110339999999999743e+118
6.202830000000000224e+118
4.588479999999999952e+118
8.510800000000000113e+118
1.181299999999999922e+119
1.181299999999999922e+119
3.307540000000000202e+119
4.005199999999999685e+119
6.796620000000000038e+119
5.060670000000000084e+119
3.329860000000000348e+119
8.989650000000000080e+119
9.523170000000000393e+119
2.186130000000000120e+120
1.317159999999999929e+120
1.317159999999999929e+120
1.666329999999999873e+120
2.622860000000000258e+120
1.822700000000000030e+120
1.822700000000000030e+120
2.528069999999999983e+120
2.285719999999999979e+120
1.623830000000000096e+120
1.499089999999999986e+120
2.541160000000000005e+120
5.237299999999999938e+120
3.811130000000000051e+120
4.386689999999999841e+120
4.614070000000000164e+120
6.144089999999999989e+120
4.394360000000000135e+120
9.405220000000000152e+120
1.329650000000000067e+121
1.195580000000000112e+121
8.211559999999999760e+120
5.115559999999999819e+120
8.456149999999999569e+120
8.456149999999999569e+120
8.456149999999999569e+120
1.688310000000000045e+121
2.651609999999999809e+121
2.465200000000000140e+121
2.465200000000000140e+121
4.904310000000000315e+121
7.686670000000000289e+121
1.429220000000000011e+122
1.562250000000000031e+122
6.053179999999999935e+122
5.839229999999999958e+122
5.839229999999999958e+122
4.962690000000000118e+122
1.144089999999999963e+123
1.995249999999999947e+123
1.995249999999999947e+123
1.948550000000000097e+123
1.948550000000000097e+123
3.122189999999999860e+123
3.122189999999999860e+123
3.122189999999999860e+123
3.122189999999999860e+123
3.285049999999999877e+123
4.878950000000000128e+123
1.376229999999999938e+124
1.376229999999999938e+124
1.294669999999999884e+124
4.149720000000000187e+124
2.901260000000000151e+124
2.254299999999999961e+124
2.504940000000000220e+124
4.671079999999999844e+124
4.671079999999999844e+124
8.514879999999999436e+124
8.542269999999999612e+124
4.022600000000000215e+124
2.840930000000000088e+124
2.384909999999999828e+124
4.029459999999999765e+124
4.604170000000000164e+124
3.282550000000000201e+124
2.914090000000000016e+124
4.940860000000000102e+124
9.351790000000000042e+124
6.661900000000000169e+124
5.650219999999999680e+124
9.683039999999999120e+124
1.087749999999999919e+125
2.999060000000000071e+125
3.298519999999999880e+125
3.299540000000000182e+125
3.251809999999999861e+125
8.936739999999999421e+125
1.060180000000000012e+126
1.879379999999999873e+126
1.543960000000000135e+126
1.113390000000000063e+126
2.411249999999999929e+126
3.579659999999999886e+126
3.577970000000000115e+126
9.883219999999999437e+126
1.445780000000000010e+127
2.160089999999999966e+127
3.701290000000000093e+127
2.594329999999999866e+127
2.393919999999999794e+127
3.797069999999999762e+127
6.769610000000000366e+127
4.876799999999999566e+127
1.116220000000000057e+128
1.229890000000000087e+128
1.229890000000000087e+128
1.000329999999999997e+128
2.150889999999999877e+128
2.921440000000000157e+128
1.840360000000000123e+128
2.120049999999999943e+128
3.969740000000000171e+128
7.041820000000000364e+128
4.642239999999999909e+128
9.022299999999999402e+128
1.626830000000000135e+129
3.382980000000000119e+129
2.882220000000000171e+129
1.392680000000000092e+129
2.236419999999999932e+129
4.690749999999999864e+129
2.895699999999999820e+129
1.400190000000000131e+129
2.270529999999999902e+129
1.821490000000000050e+129
1.371649999999999960e+129
1.371649999999999960e+129
9.383210000000000501e+128
2.098820000000000137e+129
2.389489999999999862e+129
7.769180000000000490e+129
6.875430000000000093e+129
4.347770000000000281e+129
1.351009999999999899e+130
4.413039999999999942e+130
6.632520000000000084e+130
5.860190000000000228e+130
1.397399999999999912e+131
1.397399999999999912e+131
1.948159999999999925e+131
1.847370000000000037e+131
1.276540000000000055e+131
4.489230000000000015e+131
9.080129999999999219e+131
1.318400000000000025e+132
2.219009999999999849e+132
2.219009999999999849e+132
1.906890000000000021e+132
4.188130000000000165e+132
3.500230000000000126e+132
3.500230000000000126e+132
3.379500000000000098e+132
2.654500000000000133e+132
8.995319999999999617e+132
3.658179999999999970e+132
5.467679999999999943e+132
9.814729999999999566e+132
1.824060000000000094e+133
1.824060000000000094e+133
1.980809999999999898e+133
1.617130000000000068e+133
1.617130000000000068e+133
5.948339999999999771e+133
9.098969999999999617e+133
8.059829999999999890e+133
2.106480000000000060e+134
8.646949999999999964e+133
1.317170000000000003e+134
2.312740000000000041e+134
4.731839999999999664e+134
1.950049999999999846e+134
3.053699999999999817e+134
2.767890000000000034e+134
8.287630000000000169e+134
3.445510000000000103e+134
5.565480000000000133e+134
9.536489999999999944e+134
9.063150000000000283e+134
3.774460000000000394e+134
6.218649999999999851e+134
5.710709999999999909e+134
1.694919999999999928e+135
6.218469999999999948e+135
9.595100000000000320e+135
1.513989999999999904e+136
1.190269999999999984e+136
4.959080000000000062e+135
5.709220000000000034e+135
6.272230000000000116e+135
6.138919999999999501e+135
2.559080000000000089e+135
4.240419999999999693e+135
7.209489999999999588e+135
1.379260000000000072e+136
5.059819999999999591e+136
4.807009999999999631e+136
9.361389999999999074e+136
7.065779999999999983e+136
7.065779999999999983e+136
8.182849999999999993e+136
6.845579999999999953e+136
2.462670000000000147e+137
2.462670000000000147e+137
2.857230000000000194e+137
2.390619999999999884e+137
1.023329999999999982e+137
4.264759999999999846e+136
7.129069999999999634e+136
6.565890000000000425e+136
4.170559999999999789e+136
1.738340000000000019e+136
1.906779999999999975e+136
2.095280000000000106e+136
4.404949999999999864e+136
4.404949999999999864e+136
5.845319999999999719e+136
9.027409999999999930e+136
8.552459999999999857e+136
8.552459999999999857e+136
9.937529999999999531e+136
1.861459999999999795e+137
1.561900000000000049e+137
1.561900000000000049e+137
2.067950000000000072e+137
1.927429999999999814e+137
1.927429999999999814e+137
7.071000000000000024e+137
6.836279999999999607e+137
1.322670000000000010e+138
1.322670000000000010e+138
4.852409999999999917e+138
4.691670000000000263e+138
9.078610000000000061e+138
1.944439999999999874e+139
1.944439999999999874e+139
2.577230000000000086e+139
3.981469999999999746e+139
7.139339999999999699e+139
7.139339999999999699e+139
9.482569999999999982e+139
8.847469999999999780e+139
2.196150000000000097e+140
9.150940000000000443e+139
1.012040000000000099e+140
1.111289999999999898e+140
2.359759999999999842e+140
8.658699999999999279e+140
8.280090000000000760e+140
6.592289999999999830e+140
2.322310000000000014e+140
8.521480000000000556e+140
8.227319999999999761e+140
6.572139999999999805e+140
2.528769999999999925e+141
1.052250000000000016e+141
1.152539999999999995e+141
1.633419999999999833e+141
2.167619999999999895e+141
7.952880000000000284e+141
7.676050000000000310e+141
6.126309999999999353e+141
2.165720000000000141e+141
2.165720000000000141e+141
2.871300000000000133e+141
2.695029999999999905e+141
2.695029999999999905e+141
2.695029999999999905e+141
3.567280000000000050e+141
3.354419999999999695e+141
8.358550000000000075e+141
8.358550000000000075e+141
1.101349999999999989e+142
1.101349999999999989e+142
8.784930000000000668e+141
3.217290000000000014e+142
4.717999999999999847e+142
4.244060000000000022e+142
2.842690000000000190e+142
1.038539999999999996e+143
1.038539999999999996e+143
1.905169999999999974e+143
1.555520000000000030e+143
6.550610000000000145e+142
1.064130000000000107e+143
1.818460000000000099e+143
1.835199999999999967e+143
6.734649999999999840e+143
9.671889999999999996e+143
1.543470000000000086e+144
2.785110000000000154e+144
1.134150000000000061e+144
1.259670000000000066e+144
1.359559999999999942e+144
2.851100000000000077e+144
1.244880000000000048e+144
1.963719999999999971e+144
1.837940000000000171e+144
4.832280000000000249e+144
2.116079999999999852e+144
3.711480000000000234e+144
4.026929999999999720e+144
2.211170000000000110e+144
1.354240000000000041e+144
2.550279999999999843e+144
3.442850000000000213e+144
2.034049999999999928e+144
2.459959999999999979e+144
5.085750000000000244e+144
8.479209999999999319e+144
6.744399999999999523e+144
6.744399999999999523e+144
1.410760000000000021e+145
2.833550000000000093e+145
2.256760000000000056e+145
2.256760000000000056e+145
5.897299999999999712e+145
3.538589999999999873e+145
3.652240000000000246e+145
1.465260000000000037e+146
1.465260000000000037e+146
2.947379999999999951e+146
3.288199999999999971e+146
1.389839999999999912e+147
7.307559999999999754e+146
7.307559999999999754e+146
1.600249999999999955e+147
6.802579999999999974e+147
1.172049999999999985e+148
7.711910000000000424e+147
7.711910000000000424e+147
3.296220000000000112e+148
6.090539999999999875e+148
5.357050000000000250e+148
6.077400000000000306e+148
2.600810000000000085e+149
6.582869999999999759e+149
7.804999999999999851e+149
7.804999999999999851e+149
3.347060000000000134e+150
1.928830000000000020e+150
5.076239999999999824e+150
4.680569999999999924e+150
2.007929999999999863e+151
1.117040000000000058e+151
7.084669999999999636e+150
1.913719999999999996e+151
4.700879999999999913e+150
4.700879999999999913e+150
9.039460000000000350e+150
1.169730000000000066e+151
5.020910000000000043e+151
5.020910000000000043e+151
3.854470000000000090e+151
7.351999999999999683e+151
3.156369999999999900e+152
7.917509999999999872e+152
7.641649999999999998e+152
6.238589999999999745e+152
6.238589999999999745e+152
7.649710000000000447e+152
2.053720000000000147e+153
2.835980000000000021e+153
2.835980000000000021e+153
2.835980000000000021e+153
2.835980000000000021e+153
1.994170000000000093e+154
1.994170000000000093e+154
1.994170000000000093e+154
4.831720000000000288e+154
4.831720000000000288e+154
4.831720000000000288e+154
4.831720000000000288e+154
4.831720000000000288e+154
1.701690000000000110e+155
7.307650000000000102e+155
3.407529999999999903e+156
8.083249999999999751e+156
6.435499999999999669e+156
6.435499999999999669e+156
3.853420000000000162e+157
2.472219999999999953e+157
2.472219999999999953e+157
6.062480000000000182e+156
6.062480000000000182e+156
1.397730000000000112e+157
2.572020000000000058e+157
1.104499999999999946e+158
1.104499999999999946e+158
2.530149999999999829e+158
2.059170000000000052e+158
8.842080000000000364e+158
8.842080000000000364e+158
6.211639999999999612e+158
2.401929999999999855e+159
1.031459999999999985e+160
1.031459999999999985e+160
1.031459999999999985e+160
5.291729999999999829e+159
5.291729999999999829e+159
1.356810000000000019e+159
1.356810000000000019e+159
8.050219999999999810e+158
1.974570000000000104e+158
8.152749999999999665e+158
8.152749999999999665e+158
2.343020000000000123e+159
1.006099999999999986e+160
4.337819999999999949e+160
9.953250000000000362e+160
8.061750000000000561e+160
3.461740000000000103e+161
3.461740000000000103e+161
7.936149999999999800e+161
6.508300000000000127e+161
2.794710000000000008e+162
1.225940000000000066e+163
1.225940000000000066e+163
3.702180000000000110e+163
1.589740000000000056e+164
1.589740000000000056e+164
3.645170000000000225e+164
6.601819999999999736e+164
2.834869999999999812e+165
2.834869999999999812e+165
6.507880000000000059e+165
1.180859999999999939e+166
5.070720000000000179e+166
2.227059999999999999e+167
5.157569999999999961e+167
9.606070000000000672e+167
4.124929999999999993e+168
1.810219999999999899e+169
1.266170000000000064e+169
4.963599999999999840e+169
1.217510000000000005e+169
5.129820000000000060e+169
3.668830000000000066e+169
1.402330000000000010e+170
6.021460000000000416e+170
6.021460000000000416e+170
4.306980000000000209e+170
4.306980000000000209e+170
1.849400000000000007e+171
4.655290000000000208e+170
3.171990000000000028e+170
1.269319999999999997e+171
1.269319999999999997e+171
5.379829999999999753e+171
1.169609999999999929e+172
9.102740000000000814e+171
3.908750000000000200e+172
3.908750000000000200e+172
2.788159999999999942e+172
8.962830000000000831e+171
3.848639999999999721e+172
1.664869999999999999e+173
1.664869999999999999e+173
5.182419999999999922e+173
2.225360000000000124e+174
9.505770000000000286e+174
6.922379999999999593e+174
2.758830000000000042e+175
1.184670000000000060e+176
5.005060000000000266e+176
1.069070000000000097e+177
1.069070000000000097e+177
4.591259999999999619e+177
1.896460000000000160e+178
1.441700000000000086e+178
1.441700000000000086e+178
6.191979999999999786e+178
2.551080000000000096e+179
5.194059999999999949e+179
3.709709999999999968e+179
3.709709999999999968e+179
1.056619999999999995e+179
2.705040000000000110e+179
1.533459999999999983e+179
6.588160000000000111e+179
2.802210000000000216e+180
6.451909999999999585e+180
1.249299999999999995e+181
3.052159999999999966e+180
1.246189999999999998e+181
1.246189999999999998e+181
3.787990000000000308e+181
3.787990000000000308e+181
3.787990000000000308e+181
2.707899999999999903e+181
1.078490000000000052e+182
1.078490000000000052e+182
1.078490000000000052e+182
8.863040000000000135e+181
8.863040000000000135e+181
8.863040000000000135e+181
8.863040000000000135e+181
8.863040000000000135e+181
2.870229999999999891e+181
2.870229999999999891e+181
2.870229999999999891e+181
2.282649999999999913e+181
6.566490000000000081e+180
6.566490000000000081e+180
6.566490000000000081e+180
5.362469999999999685e+180
5.362469999999999685e+180
5.362469999999999685e+180
5.362469999999999685e+180
6.566490000000000081e+180
6.566490000000000081e+180
6.566490000000000081e+180
6.566490000000000081e+180
5.796870000000000277e+180
5.796870000000000277e+180
5.796870000000000277e+180
2.486279999999999962e+181
2.389339999999999959e+181
2.389339999999999959e+181
6.432750000000000249e+180
6.432750000000000249e+180
7.511320000000000153e+180
2.548369999999999887e+181
2.548369999999999887e+181
2.548369999999999887e+181
3.083470000000000152e+181
1.109970000000000006e+182
1.109970000000000006e+182
1.109970000000000006e+182
1.083760000000000066e+182
4.584540000000000266e+182
4.584540000000000266e+182
1.968549999999999893e+183
1.943349999999999916e+183
8.228129999999999802e+183
8.228129999999999802e+183
3.533509999999999751e+184
4.130770000000000341e+184
4.130770000000000341e+184
1.739680000000000108e+185
1.739680000000000108e+185
1.739680000000000108e+185
4.761110000000000249e+184
4.761110000000000249e+184
1.166990000000000011e+184
1.494890000000000023e+184
1.494890000000000023e+184
1.494890000000000023e+184
1.494890000000000023e+184
1.783490000000000157e+184
1.783490000000000157e+184
1.783490000000000157e+184
7.659460000000000444e+184
7.538860000000000538e+184
7.538860000000000538e+184
7.538860000000000538e+184
7.538860000000000538e+184
7.381690000000000021e+184
1.916610000000000002e+184
1.916610000000000002e+184
1.916610000000000002e+184
1.878120000000000094e+184
4.876679999999999635e+183
4.876679999999999635e+183
4.876679999999999635e+183
4.793560000000000158e+183
4.793560000000000158e+183
4.793560000000000158e+183
4.793560000000000158e+183
4.744810000000000454e+183
2.009219999999999849e+184
2.009219999999999849e+184
4.926290000000000270e+183
6.266459999999999577e+183
6.266459999999999577e+183
2.639699999999999962e+184
2.639699999999999962e+184
2.558360000000000144e+184
2.558360000000000144e+184
2.558360000000000144e+184
2.558360000000000144e+184
2.577359999999999835e+184
1.091290000000000003e+185
1.091290000000000003e+185
1.091290000000000003e+185
1.280680000000000040e+185
1.280680000000000040e+185
1.280680000000000040e+185
1.280680000000000040e+185
1.285989999999999987e+185
5.445259999999999940e+185
5.445259999999999940e+185
2.338470000000000095e+186
2.358559999999999983e+186
9.985290000000000132e+186
4.206760000000000044e+187
4.206760000000000044e+187
4.208490000000000249e+187
4.208490000000000249e+187
1.113759999999999991e+187
1.113759999999999991e+187
1.306270000000000027e+187
5.216120000000000366e+187
5.216120000000000366e+187
5.216120000000000366e+187
6.422700000000000068e+187
2.716019999999999899e+188
7.124470000000000545e+187
1.949209999999999917e+187
3.237540000000000069e+187
3.237540000000000069e+187
3.237540000000000069e+187
8.036529999999999738e+186
1.960379999999999975e+187
5.165599999999999951e+186
5.165599999999999951e+186
1.290889999999999967e+186
4.157790000000000083e+186
4.157790000000000083e+186
1.054909999999999955e+186
1.054909999999999955e+186
3.961000000000000125e+186
3.961000000000000125e+186
3.961000000000000125e+186
3.961000000000000125e+186
1.582669999999999894e+186
8.971729999999999424e+185
3.818579999999999922e+186
9.332270000000000097e+185
4.709169999999999707e+185
2.327870000000000072e+185
2.327870000000000072e+185
2.327870000000000072e+185
1.181759999999999940e+185
6.067000000000000346e+184
6.067000000000000346e+184
2.594280000000000092e+185
1.363429999999999904e+185
6.989460000000000295e+184
6.989460000000000295e+184
6.989460000000000295e+184
2.492150000000000015e+185
1.049550000000000026e+186
1.049550000000000026e+186
1.049550000000000026e+186
1.049550000000000026e+186
4.187309999999999918e+186
4.187309999999999918e+186
4.187309999999999918e+186
1.392710000000000009e+187
1.392710000000000009e+187
1.392710000000000009e+187
1.392710000000000009e+187
5.377800000000000459e+186
5.377800000000000459e+186
5.377800000000000459e+186
1.343950000000000000e+186
4.326030000000000236e+186
1.143060000000000065e+186
1.143060000000000065e+186
1.143060000000000065e+186
1.143060000000000065e+186
3.766710000000000138e+185
3.766710000000000138e+185
9.439880000000000299e+184
3.478739999999999905e+185
1.465280000000000086e+186
1.465280000000000086e+186
6.253439999999999583e+186
2.484270000000000111e+187
1.047470000000000006e+188
1.047470000000000006e+188
1.047470000000000006e+188
4.177030000000000200e+188
1.100540000000000041e+188
4.686519999999999883e+188
4.686519999999999883e+188
1.876830000000000008e+189
1.876830000000000008e+189
1.876830000000000008e+189
1.876830000000000008e+189
1.876830000000000008e+189
5.971680000000000425e+188
1.518520000000000121e+188
1.518520000000000121e+188
1.518520000000000121e+188
5.892889999999999730e+187
5.892889999999999730e+187
5.892889999999999730e+187
2.319740000000000096e+188
9.481030000000000377e+188
9.481030000000000377e+188
9.481030000000000377e+188
9.481030000000000377e+188
3.934100000000000004e+189
9.766460000000000379e+188
2.734970000000000123e+188
8.256389999999999690e+187
8.256389999999999690e+187
8.256389999999999690e+187
5.537110000000000200e+187
1.256529999999999947e+188
1.256529999999999947e+188
6.513420000000000068e+187
9.636060000000000371e+187
5.042189999999999966e+187
5.042189999999999966e+187
3.846130000000000366e+187
9.629840000000000099e+187
5.773120000000000196e+187
1.450239999999999911e+187
3.867430000000000242e+187
6.874489999999999848e+187
6.104489999999999713e+187
6.104489999999999713e+187
5.094680000000000254e+187
1.565630000000000022e+188
4.511019999999999934e+188
4.511019999999999934e+188
7.071689999999999456e+188
2.480210000000000166e+189
2.480210000000000166e+189
5.703170000000000142e+188
1.247869999999999887e+189
4.620059999999999604e+189
4.620059999999999604e+189
4.620059999999999604e+189
1.184080000000000063e+190
4.484339999999999973e+190
1.994189999999999911e+191
1.994189999999999911e+191
5.769419999999999758e+191
2.216169999999999958e+192
1.015169999999999900e+193
4.401959999999999687e+193
1.357970000000000052e+194
1.357970000000000052e+194
6.252200000000000433e+194
1.380310000000000055e+194
4.293780000000000304e+194
1.661209999999999896e+195
7.732489999999999829e+195
7.732489999999999829e+195
2.410519999999999907e+196
9.330310000000000534e+196
1.563200000000000020e+196
1.563200000000000020e+196
4.860260000000000182e+196
1.881580000000000042e+197
1.881580000000000042e+197
8.257419999999999431e+197
2.585410000000000155e+198
1.000889999999999912e+199
1.000889999999999912e+199
4.415030000000000358e+199
1.384919999999999920e+200
5.361519999999999682e+200
8.937620000000000114e+199
8.937620000000000114e+199
2.800180000000000010e+200
1.084050000000000059e+201
1.084050000000000059e+201
1.084050000000000059e+201
3.400589999999999865e+201
3.400589999999999865e+201
1.571160000000000012e+202
1.571160000000000012e+202
4.954040000000000199e+202
1.917729999999999918e+203
1.917729999999999918e+203
1.917729999999999918e+203
6.043329999999999828e+203
2.339419999999999963e+204
3.889320000000000061e+203
3.889320000000000061e+203
1.224620000000000029e+204
4.740439999999999749e+204
2.210560000000000092e+205
2.210560000000000092e+205
6.956810000000000039e+205
2.693019999999999918e+206
2.693019999999999918e+206
2.693019999999999918e+206
8.471989999999999786e+206
3.279529999999999762e+207
5.463439999999999656e+206
5.463439999999999656e+206
1.719709999999999924e+207
6.656619999999999616e+207
6.656619999999999616e+207
6.656619999999999616e+207
4.169179999999999984e+207
4.169179999999999984e+207
4.169179999999999984e+207
4.169179999999999984e+207
1.310789999999999945e+208
5.074199999999999679e+208
5.074199999999999679e+208
5.074199999999999679e+208
3.188019999999999973e+208
1.017900000000000067e+209
1.017900000000000067e+209
1.017900000000000067e+209
3.203949999999999946e+209
1.153470000000000066e+209
2.329069999999999878e+208
1.008699999999999933e+209
3.189419999999999989e+209
1.149090000000000069e+209
2.323599999999999862e+208
2.323599999999999862e+208
1.444000000000000005e+208
1.444000000000000005e+208
1.444000000000000005e+208
4.123819999999999944e+207
1.304750000000000061e+208
5.049100000000000097e+208
2.353429999999999833e+209
1.033079999999999976e+210
3.266670000000000019e+210
3.266670000000000019e+210
1.506570000000000055e+211
6.663069999999999879e+211
2.108510000000000087e+212
8.155720000000000111e+212
3.794269999999999720e+213
1.665519999999999996e+214
5.271920000000000183e+214
2.039480000000000059e+215
9.496859999999999605e+215
4.169659999999999799e+216
1.320050000000000119e+217
5.107330000000000103e+217
5.107330000000000103e+217
5.107330000000000103e+217
1.616920000000000079e+218
6.255509999999999905e+218
6.255509999999999905e+218
6.255509999999999905e+218
1.980470000000000042e+219
7.661569999999999699e+219
7.661569999999999699e+219
7.661569999999999699e+219
2.425859999999999982e+220
9.384060000000000039e+220
4.368650000000000360e+221
4.368650000000000360e+221
1.383300000000000043e+222
4.986710000000000100e+221
4.986710000000000100e+221
2.248980000000000057e+222
7.128119999999999408e+222
2.755009999999999926e+223
2.755009999999999926e+223
1.224970000000000054e+224
3.885339999999999826e+224
1.405869999999999911e+224
1.405869999999999911e+224
1.405869999999999911e+224
4.474280000000000062e+224
1.720320000000000014e+225
1.720320000000000014e+225
1.720320000000000014e+225
5.508109999999999855e+225
2.112599999999999925e+226
2.112599999999999925e+226
9.347369999999999958e+226
3.036979999999999957e+227
1.169510000000000060e+228
2.522069999999999928e+227
2.522069999999999928e+227
8.622219999999999930e+227
3.384049999999999873e+228
3.384049999999999873e+228
1.427519999999999870e+229
1.427519999999999870e+229
4.729599999999999766e+229
4.729599999999999766e+229
1.954090000000000130e+230
7.435730000000000004e+230
3.086880000000000037e+231
3.086880000000000037e+231
3.086880000000000037e+231
1.281819999999999991e+232
5.505270000000000287e+232
5.505270000000000287e+232
