1.218299375999999934e-01
1.504898202000000129e-01
1.470957578000000043e-01
1.342855988999999972e-01
1.000899214000000037e-01
1.509686778999999868e-01
1.633956256999999912e-01
1.284940180999999959e-01
1.346722717000000125e-01
1.369075677000000102e-01
1.029802187000000008e-01
1.017789109000000053e-01
1.254811677999999875e-01
1.403444605999999983e-01
1.007402936000000027e-01
1.281475254999999980e-01
1.254363934000000125e-01
1.156582617000000007e-01
1.048896348000000062e-01
1.499008239000000076e-01
1.362979779000000058e-01
1.228258945999999990e-01
1.461243865000000086e-01
1.487674892999999998e-01
1.176914683000000045e-01
1.302736392000000132e-01
1.382806031000000102e-01
1.046022085999999962e-01
1.218848230000000032e-01
1.101458280000000012e-01
1.273664821000000114e-01
1.320033274000000090e-01
1.368288012999999970e-01
1.060863224999999965e-01
1.417026523000000093e-01
1.314017808999999870e-01
1.582668144999999915e-01
1.382495303999999869e-01
1.434401688999999980e-01
1.292512751000000071e-01
1.214637793000000049e-01
1.495998336000000095e-01
1.400140790999999940e-01
1.163296082000000037e-01
1.339274485999999986e-01
1.547805080999999916e-01
1.509796945000000112e-01
1.450590599000000092e-01
1.258752190000000104e-01
1.284472473000000114e-01
1.269844569999999950e-01
1.068867371999999982e-01
1.178474808000000013e-01
1.387031468999999906e-01
1.082910299999999965e-01
1.311900198000000017e-01
1.173802045000000016e-01
1.392025132999999970e-01
1.457177722999999925e-01
1.442509067999999950e-01
1.425438931999999936e-01
1.700835964000000089e-01
1.449556291000000108e-01
1.088500733000000026e-01
1.356795189999999984e-01
1.331911414999999987e-01
1.334892168000000046e-01
1.375738440000000007e-01
1.253588623000000124e-01
1.278681267000000010e-01
1.204489063999999998e-01
1.039475126999999943e-01
1.403973350999999925e-01
1.161940372999999971e-01
1.155904754000000034e-01
1.148948758999999986e-01
1.178928164999999972e-01
1.166738566999999949e-01
1.217102449999999947e-01
1.371855213000000018e-01
1.199401851999999935e-01
1.470010069000000086e-01
1.457531331999999957e-01
1.199039056999999936e-01
1.513686365999999950e-01
1.421556381999999896e-01
1.156728018000000024e-01
1.284170641000000057e-01
1.409410376000000131e-01
1.383723262999999870e-01
1.300518330000000056e-01
1.187306302000000063e-01
1.538308173000000056e-01
1.191951418999999956e-01
1.336218804000000038e-01
1.176451515999999975e-01
1.324454774000000112e-01
1.380863062000000085e-01
1.408490598999999899e-01
1.400987563999999963e-01
1.517823732999999953e-01
1.377523062000000076e-01
1.451500424000000122e-01
1.271054064000000094e-01
1.282038558999999966e-01
1.367348616000000072e-01
1.289634222000000108e-01
1.664240301000000088e-01
1.330641777999999886e-01
1.145974896000000048e-01
1.124045808000000007e-01
1.248767117000000038e-01
1.198808903999999953e-01
1.371524168000000099e-01
1.277533338999999879e-01
1.551841305999999976e-01
1.301580398999999943e-01
1.380804951999999863e-01
1.084064574000000031e-01
1.356135790999999924e-01
1.142371392000000041e-01
1.215274357999999999e-01
1.132414699000000025e-01
1.242641807999999987e-01
1.142759024999999984e-01
9.499852800999999958e-02
1.231714765000000017e-01
1.503071890999999882e-01
1.378503699999999998e-01
1.183629273000000037e-01
1.164364293999999994e-01
1.417039011000000015e-01
1.150906160000000067e-01
1.448642880999999882e-01
1.375093403000000047e-01
1.561101897000000127e-01
1.473063530000000010e-01
1.228112905999999976e-01
1.392613434999999955e-01
1.360238309000000034e-01
1.336739596000000030e-01
1.490282001999999884e-01
1.290446393000000136e-01
1.242934239000000052e-01
1.235471590000000036e-01
1.125775947000000055e-01
1.354563202999999882e-01
1.396859752000000066e-01
1.338154833999999904e-01
1.414903244999999865e-01
1.165477322999999982e-01
1.251880126999999898e-01
1.130576036000000006e-01
1.537182313000000078e-01
1.434888058999999882e-01
1.190214374999999936e-01
1.143296159000000006e-01
1.183016617000000048e-01
1.211630446000000055e-01
1.246542669999999992e-01
1.614275635999999903e-01
1.314758350999999936e-01
1.053937150999999933e-01
1.307359718999999976e-01
1.152751434000000019e-01
1.383024523999999977e-01
1.381377124000000012e-01
1.293267251000000118e-01
1.486428573999999947e-01
9.753459706000000562e-02
1.641263863999999906e-01
1.344283065999999915e-01
1.250692384000000046e-01
1.498124210000000012e-01
1.507630694000000049e-01
1.193299012999999992e-01
1.200540075000000040e-01
1.037462544000000014e-01
1.223380711999999954e-01
1.200469051999999981e-01
1.526260493999999912e-01
1.548528057999999930e-01
1.233094636999999966e-01
1.389192815999999997e-01
1.488182494999999994e-01
1.429336053999999967e-01
1.419549680999999952e-01
1.332031499000000119e-01
1.162624948999999991e-01
1.314645704000000082e-01
1.201518359999999980e-01
1.246889996999999972e-01
1.406420371000000058e-01
1.372054578000000136e-01
1.464197215999999968e-01
9.372730339000000244e-02
1.266228271000000016e-01
1.515309072000000090e-01
1.334924301000000035e-01
1.366845717000000071e-01
1.394297962999999918e-01
1.220713224999999957e-01
1.103289004999999934e-01
9.290780435999999864e-02
1.237844493999999962e-01
1.151362940000000001e-01
1.308999107000000106e-01
1.408334831999999981e-01
1.056082373000000046e-01
1.272570661999999908e-01
1.487053550000000113e-01
1.506330525000000031e-01
1.234241791000000033e-01
1.081894550000000038e-01
1.556705864000000050e-01
1.409831378999999996e-01
1.494984869000000050e-01
1.292757060999999985e-01
1.119538598999999940e-01
1.172119672000000029e-01
1.344595933000000132e-01
1.371359837999999998e-01
1.206575401999999964e-01
1.132531583000000036e-01
1.324393409000000077e-01
1.507434643999999990e-01
1.243429922000000021e-01
1.265595935000000116e-01
9.556708369999999952e-02
1.256012618000000025e-01
1.457038824999999926e-01
1.257257334000000115e-01
1.404589961000000109e-01
1.426494936999999907e-01
1.495906556999999915e-01
1.057353260999999989e-01
1.183583556000000064e-01
1.362696283000000008e-01
1.335356058000000123e-01
1.317950008000000062e-01
1.238441831999999992e-01
1.003771970999999957e-01
1.105990156000000030e-01
1.406746147000000058e-01
1.163158393000000013e-01
1.358082595000000004e-01
1.191787232999999974e-01
1.530688135999999921e-01
1.453174724999999889e-01
1.153180882999999962e-01
1.412894533999999869e-01
1.448161836000000091e-01
1.249504585000000001e-01
1.107591281000000066e-01
1.390177596000000126e-01
1.150181809999999971e-01
1.444631228999999906e-01
1.032120425000000036e-01
1.291978683999999988e-01
1.289334222000000085e-01
1.371238827000000049e-01
1.263655171999999993e-01
1.175485267999999972e-01
1.196846508000000003e-01
1.254455811000000087e-01
1.410635348000000011e-01
1.371075791999999960e-01
1.280885368000000135e-01
1.458475699000000014e-01
1.311749597000000100e-01
1.413148894000000044e-01
1.520617486999999990e-01
1.472191254000000116e-01
1.293504565999999967e-01
1.265499362999999988e-01
1.401801189999999919e-01
1.096676877999999966e-01
1.015139401000000052e-01
1.253897740000000094e-01
1.223605893999999972e-01
9.787910250999999617e-02
1.294304316000000066e-01
1.349054393000000129e-01
1.395699323000000047e-01
1.253066230000000059e-01
1.300664613999999997e-01
1.557513276999999974e-01
1.523749212999999936e-01
1.155742909999999957e-01
1.202451169000000042e-01
1.446563737000000072e-01
1.301462743000000033e-01
1.390979914000000095e-01
1.213675681999999978e-01
1.184648214999999977e-01
1.134422892000000044e-01
1.325111620999999962e-01
1.056526156999999938e-01
1.093741671000000026e-01
1.231593428999999962e-01
1.598704394000000084e-01
1.259584844999999953e-01
1.413459099999999913e-01
1.215671274999999968e-01
1.060700036999999984e-01
1.478474931000000048e-01
1.378257944999999873e-01
1.630138563000000096e-01
1.410280522000000036e-01
1.140531907000000011e-01
1.430911763999999919e-01
1.578460540000000134e-01
1.468444731999999919e-01
1.424807496999999923e-01
1.598599283999999898e-01
1.323147038999999969e-01
1.301099792000000033e-01
1.237547841999999954e-01
1.257136752000000135e-01
1.230064183999999977e-01
1.289873831999999998e-01
1.383988435000000072e-01
1.373904893000000016e-01
1.232836456999999997e-01
1.490204776000000064e-01
1.393927462000000006e-01
1.352088468000000043e-01
1.306298425999999901e-01
1.269937319999999981e-01
1.200724060000000065e-01
1.477313423000000125e-01
1.282936558999999976e-01
1.395041763000000046e-01
1.512369313999999965e-01
1.391037887000000084e-01
1.337667777000000058e-01
1.529167859999999990e-01
1.421921066999999872e-01
1.337419696999999907e-01
1.281201866999999994e-01
1.423850181000000104e-01
1.316556690000000029e-01
1.343434455999999999e-01
1.315994557000000065e-01
1.110018297999999931e-01
1.440374178999999921e-01
1.453082012999999950e-01
1.246725786999999946e-01
1.362404889999999924e-01
1.636063628999999964e-01
1.274091214999999999e-01
1.663636980000000043e-01
1.448770189999999958e-01
1.223650864000000033e-01
9.860987002000000390e-02
1.148154249999999987e-01
1.633075455999999925e-01
1.525126517000000015e-01
1.366428249999999955e-01
1.562431119000000090e-01
1.242686038999999965e-01
1.473881749000000019e-01
1.357431035999999980e-01
1.331527208999999934e-01
1.424970077999999918e-01
1.307721218000000019e-01
1.508955241999999919e-01
1.238122427000000053e-01
1.365456707999999908e-01
1.519628362999999871e-01
1.245472578000000052e-01
1.410712530000000076e-01
1.006064049999999960e-01
1.097253636999999948e-01
1.397001857999999874e-01
1.263675840000000050e-01
1.108615728999999966e-01
1.387714079000000045e-01
1.285492339000000039e-01
1.263146364000000132e-01
1.517133844999999925e-01
1.198779383000000004e-01
1.579809225000000095e-01
1.030739789000000017e-01
1.034721254999999979e-01
1.656283101000000091e-01
1.461526260999999882e-01
1.210882707999999947e-01
1.203946513999999968e-01
1.746247243000000060e-01
1.284983688999999929e-01
1.064748429999999996e-01
1.371117655000000102e-01
1.052944036999999972e-01
1.414334936999999959e-01
1.357573965999999965e-01
1.179853574999999988e-01
1.157841215999999979e-01
1.015732352000000005e-01
1.320840460000000105e-01
1.068592037000000022e-01
1.368732786000000090e-01
1.288751853000000003e-01
1.273639711000000008e-01
1.449064459000000138e-01
1.094981339000000026e-01
1.246790683999999955e-01
1.241042975999999964e-01
1.433174134000000099e-01
1.351450141999999965e-01
1.304465209000000014e-01
1.287801628999999948e-01
1.190115567000000069e-01
1.609824800999999916e-01
1.267249921999999973e-01
1.333785714999999872e-01
1.192940440999999963e-01
1.421813982000000032e-01
1.404061856000000108e-01
1.330709425000000112e-01
1.343448660999999877e-01
1.481483178000000123e-01
1.592887288000000012e-01
1.429405776000000072e-01
1.559184646000000007e-01
1.445659585000000080e-01
1.625926909000000031e-01
1.371294012000000007e-01
1.231665613999999992e-01
1.447748261000000036e-01
1.494166265999999910e-01
1.480687085000000069e-01
1.186222573000000058e-01
1.251850144999999970e-01
1.445355919000000100e-01
1.641400708999999902e-01
1.285077263999999941e-01
1.292361800000000061e-01
1.184566670999999960e-01
1.421870926999999896e-01
1.230422017000000062e-01
1.346248791999999916e-01
1.343959926999999943e-01
1.362697826000000001e-01
1.513519553999999878e-01
1.322418298999999964e-01
1.169455110000000020e-01
1.204682240999999931e-01
1.343702079000000105e-01
1.198006236000000030e-01
1.457199016000000069e-01
1.242126991000000041e-01
1.291446283000000084e-01
1.353244376000000138e-01
1.134296501000000013e-01
1.282365665999999904e-01
1.067722084999999932e-01
1.520607814000000113e-01
1.318646435999999977e-01
1.484979663000000061e-01
1.345667248000000094e-01
1.410583401999999931e-01
1.403484942000000069e-01
1.323832682999999955e-01
1.300265304999999871e-01
1.440958502999999946e-01
1.313471771999999982e-01
1.185376308000000017e-01
1.302959005999999864e-01
1.462553872000000033e-01
1.209778720000000002e-01
1.030533245999999958e-01
1.324290153000000081e-01
1.385118100000000130e-01
1.440905580999999880e-01
1.101951417999999933e-01
1.499400644999999976e-01
1.224473236999999992e-01
1.510464883000000036e-01
1.193509368000000015e-01
1.537600724000000030e-01
1.428778488000000124e-01
1.020299910000000004e-01
1.348291151999999882e-01
1.266390934000000135e-01
1.289841283000000005e-01
1.072838378000000037e-01
1.333674495000000126e-01
1.348714457000000089e-01
1.444544386000000125e-01
1.176838860000000014e-01
1.051848828000000041e-01
1.236813375999999964e-01
1.123695759000000044e-01
9.808014566000000656e-02
1.318623999000000102e-01
1.503635861000000018e-01
1.353865958999999897e-01
1.165839344999999999e-01
1.102036888000000048e-01
1.233455610000000063e-01
1.326259583000000131e-01
1.477149309999999938e-01
1.682654838000000042e-01
1.233249334000000030e-01
1.232423911999999955e-01
1.499854375000000128e-01
1.451010523000000052e-01
1.204141724000000052e-01
1.226770023000000043e-01
1.280966726999999972e-01
1.258980996000000074e-01
1.241147244999999955e-01
1.258687266999999887e-01
1.186418345000000013e-01
1.259370498000000060e-01
1.374384500999999981e-01
1.206232787999999972e-01
1.525947091000000033e-01
1.404470160999999884e-01
1.321432773000000005e-01
1.246514003000000065e-01
1.436854968999999871e-01
1.114199287999999982e-01
1.589980749999999887e-01
1.303248760000000062e-01
1.146389604000000034e-01
1.427608835999999992e-01
1.452229478000000018e-01
1.383681438000000097e-01
1.250770284999999926e-01
1.329328352999999963e-01
1.249421077999999935e-01
1.232424490000000039e-01
1.318359967000000132e-01
1.605828579999999950e-01
1.219210497000000060e-01
1.425552898000000124e-01
1.254790115999999955e-01
1.462741483999999981e-01
1.455035925000000008e-01
1.185759497999999967e-01
1.436165755000000099e-01
1.305683960000000032e-01
1.712175663000000125e-01
1.130785661999999941e-01
1.394841578000000082e-01
1.175261323000000024e-01
1.340900640999999893e-01
1.336570187999999992e-01
1.302729740000000136e-01
1.323993920000000046e-01
1.194041839000000021e-01
1.283347588000000039e-01
1.622163234000000009e-01
1.367265356000000043e-01
1.586884040000000051e-01
1.336697263999999941e-01
1.457089098999999888e-01
1.428977171999999962e-01
1.638497476000000119e-01
1.433536393000000020e-01
1.470951702000000139e-01
1.455070615999999872e-01
1.387584531000000121e-01
1.329091363999999886e-01
1.138064981999999947e-01
1.222353588999999935e-01
1.388167713000000025e-01
1.288053489000000051e-01
1.245856905999999931e-01
1.340483658000000133e-01
1.433976465000000033e-01
1.479840655999999921e-01
1.333025807999999868e-01
1.205581029999999998e-01
1.074231296000000002e-01
1.450505119000000120e-01
1.362641408999999970e-01
1.630795292999999979e-01
1.522318924000000129e-01
9.779402042000000239e-02
1.356497970999999969e-01
1.258987148000000056e-01
1.377942808000000019e-01
1.438984802999999923e-01
1.475125828999999944e-01
1.160299687999999940e-01
1.042709921000000012e-01
1.009840894999999988e-01
1.316583669999999984e-01
1.100980906999999981e-01
1.357341890000000051e-01
1.235123248999999979e-01
1.098366538999999975e-01
1.353484450999999922e-01
1.544424178000000092e-01
1.067149961999999952e-01
1.332140880000000083e-01
1.352030992999999903e-01
1.438978810000000053e-01
1.470794048999999881e-01
1.239819117000000026e-01
1.198821686000000053e-01
1.284267198000000054e-01
1.487165078999999890e-01
1.186080030000000035e-01
1.508657737000000110e-01
1.345676651000000112e-01
1.215272889999999967e-01
1.321793903000000048e-01
1.357273984000000044e-01
1.397397200999999922e-01
1.039193936000000068e-01
1.247404133999999998e-01
1.223181854999999957e-01
1.406078054999999882e-01
1.487419372000000073e-01
1.581004615000000113e-01
1.224087935999999960e-01
9.847747563000000537e-02
1.250997939999999864e-01
1.140266498000000045e-01
1.113285546000000042e-01
1.431987106000000010e-01
1.269952447000000095e-01
1.223184417000000024e-01
1.295516891999999864e-01
1.249443254000000003e-01
1.116327027000000027e-01
1.229217100000000035e-01
1.368881636000000013e-01
1.602077513999999869e-01
1.314982094000000101e-01
1.155493397000000033e-01
1.430994422999999904e-01
1.057753879000000036e-01
1.171260189999999979e-01
8.885993763999999739e-02
1.113355159999999955e-01
1.308757408000000011e-01
1.482954515000000084e-01
1.383929735999999966e-01
1.523048751999999950e-01
1.419669799000000121e-01
1.504948067000000111e-01
1.389488759999999989e-01
1.364933510999999933e-01
1.137642058999999983e-01
1.263435766000000071e-01
1.340340194000000096e-01
1.407912030000000037e-01
1.467956606999999969e-01
1.168778973999999998e-01
1.367677338000000131e-01
1.309571818999999970e-01
1.193639095999999983e-01
1.682419615000000090e-01
1.287798286000000070e-01
1.493913125000000119e-01
1.157468913000000016e-01
1.234667311000000045e-01
1.131472649000000025e-01
1.170623855999999990e-01
1.621562827999999956e-01
1.268912446000000083e-01
9.336745860999999536e-02
9.698506517999999632e-02
1.153573992999999964e-01
1.226155934000000003e-01
1.356954741999999992e-01
1.426640002000000018e-01
1.194174605000000028e-01
1.186918232000000045e-01
1.323250282000000000e-01
1.707593662999999928e-01
1.323051678999999925e-01
1.147451141999999980e-01
1.554119976999999986e-01
1.581701519000000000e-01
1.317335381999999999e-01
1.218063290000000048e-01
1.010761594000000041e-01
1.164129336999999986e-01
1.081034074999999983e-01
1.231750159000000039e-01
1.323982754999999956e-01
1.190313613999999937e-01
1.431619288000000045e-01
1.177490251999999959e-01
1.313157980999999919e-01
1.252486010999999955e-01
1.133719143000000013e-01
1.253689366999999888e-01
1.463719615000000085e-01
1.204655770999999986e-01
1.349121675000000131e-01
1.007077182000000043e-01
1.221677174999999949e-01
1.451731354999999946e-01
1.395441198000000049e-01
1.457688148000000072e-01
1.342866810999999994e-01
1.387808335000000060e-01
1.208100926000000019e-01
1.305758995999999894e-01
1.337488710999999997e-01
1.632434192999999978e-01
1.516637695999999980e-01
1.298265537999999941e-01
1.100020681999999972e-01
9.214968595000000429e-02
1.206475226000000012e-01
1.327365228000000064e-01
9.832620082000000095e-02
1.386433548999999876e-01
1.262386638000000116e-01
1.051648686999999971e-01
1.477623825000000113e-01
1.593334711999999931e-01
1.514720071000000001e-01
1.318007817000000081e-01
1.063136929000000064e-01
1.216112060999999939e-01
1.214712000999999958e-01
1.203678977999999983e-01
1.288185222999999879e-01
1.152581015999999958e-01
1.175928972999999989e-01
1.264998401000000106e-01
1.513098162000000024e-01
1.661570890999999883e-01
1.391290919000000015e-01
1.336268700999999892e-01
1.209294000000000063e-01
1.430698106000000136e-01
1.623349632999999959e-01
1.193534423000000011e-01
1.238332989999999939e-01
1.168165859000000056e-01
1.471028239999999931e-01
1.124283206000000063e-01
1.103507623999999965e-01
1.500900712999999886e-01
1.217702081999999936e-01
1.533647311000000124e-01
1.505736730999999995e-01
1.427635110000000096e-01
1.257820131999999869e-01
1.334738266000000118e-01
1.546746613999999964e-01
1.223832841999999976e-01
1.265951811000000093e-01
1.161099587999999960e-01
9.668775792000000591e-02
1.204411145000000016e-01
1.254268454999999949e-01
1.169138749000000060e-01
1.422419175000000091e-01
1.029792855000000035e-01
1.303694507000000002e-01
1.120725040999999977e-01
1.433587668000000093e-01
1.508353030000000039e-01
1.450278640999999868e-01
1.523839855000000132e-01
1.437981218999999922e-01
1.436556985000000120e-01
1.323264030999999896e-01
1.314529855000000080e-01
1.419079776999999931e-01
1.282106634000000078e-01
1.265672066999999901e-01
1.120447745999999939e-01
9.965798174999999925e-02
9.721907544999999762e-02
1.182102242999999997e-01
1.134839712000000056e-01
1.435354487000000123e-01
1.393181745000000027e-01
1.261389075000000082e-01
1.262238471999999889e-01
1.234826784000000038e-01
1.141077355000000015e-01
1.459901449999999878e-01
1.321082202999999955e-01
1.175605034999999965e-01
1.427773927000000054e-01
1.195436846999999997e-01
1.355964457000000123e-01
1.375479236999999910e-01
1.334506612999999953e-01
1.404196453999999872e-01
1.456634045999999905e-01
1.569835236999999883e-01
1.287302295999999957e-01
1.402708233000000138e-01
1.288639192000000100e-01
1.292242037000000121e-01
1.444837700000000114e-01
1.316797588999999991e-01
1.177401171999999940e-01
1.115253553000000036e-01
1.209605713999999943e-01
1.557933324999999924e-01
1.332253075000000009e-01
1.269783698999999988e-01
1.414099235999999871e-01
1.432405368000000123e-01
1.140501312000000017e-01
1.486912623999999961e-01
1.344702053000000064e-01
1.280502289000000071e-01
1.421420092000000024e-01
1.084593583000000028e-01
1.310916380000000103e-01
1.010913321999999948e-01
1.231296904000000053e-01
1.330736475000000030e-01
1.078919918999999977e-01
1.321054500999999937e-01
1.098245971000000043e-01
1.287024461000000064e-01
1.126568624000000018e-01
1.332670643999999960e-01
1.379314487999999950e-01
1.301661373000000121e-01
1.230525655999999968e-01
1.477720134000000130e-01
1.416183290999999955e-01
1.559093943000000038e-01
1.360950223000000070e-01
1.375876246999999941e-01
1.524466731000000130e-01
1.345041378000000065e-01
1.239437592999999976e-01
1.397428994999999896e-01
1.224346865999999950e-01
1.484353428999999891e-01
1.547719734999999930e-01
1.235346013000000048e-01
1.137809476999999958e-01
1.481629982000000068e-01
1.463404608999999967e-01
9.990791151000000259e-02
1.369434865999999973e-01
1.334205202000000035e-01
1.404926820999999881e-01
1.341400788000000066e-01
1.151214586000000040e-01
1.203297504999999989e-01
1.291943822000000131e-01
1.250325361999999885e-01
1.208025623999999937e-01
1.591018931000000025e-01
1.182227544999999991e-01
1.223394248999999934e-01
1.358615381999999927e-01
1.543913889999999900e-01
1.450856053000000034e-01
1.503796685999999883e-01
1.417848298999999923e-01
1.225124291000000004e-01
1.536587235000000107e-01
1.282311808999999914e-01
1.660948731999999928e-01
1.487825784000000040e-01
1.181077002999999931e-01
1.221686091000000057e-01
1.215365605999999959e-01
1.174708591000000052e-01
1.499972974000000070e-01
1.394955259000000003e-01
1.286875026000000033e-01
1.595939150000000029e-01
1.496942186999999924e-01
1.168631749000000053e-01
1.435596550000000082e-01
1.386659181000000074e-01
1.064377313000000047e-01
1.168238033999999953e-01
1.340501198999999866e-01
1.273578560999999998e-01
1.494401837999999871e-01
1.540906357999999865e-01
1.495872357999999958e-01
1.508395271000000093e-01
1.539175332000000118e-01
1.271588992999999890e-01
1.104182955999999938e-01
1.612631734999999955e-01
1.403231718999999877e-01
1.520403184999999935e-01
1.096461492000000010e-01
1.125564408999999988e-01
1.211616036000000007e-01
1.255733051000000045e-01
1.354073719999999981e-01
1.338773335000000009e-01
1.128672217000000061e-01
1.137731691999999961e-01
1.193906386000000014e-01
1.159558472000000034e-01
8.867747487999999567e-02
9.587811363999999836e-02
1.408004834000000094e-01
1.237876584999999946e-01
1.070747135000000017e-01
1.092944735000000028e-01
1.274280110999999882e-01
1.125437127000000065e-01
1.367715577999999987e-01
1.295945061000000065e-01
1.563434979999999974e-01
9.782785956999999477e-02
9.982332886000000460e-02
1.506887662999999988e-01
1.351046072000000042e-01
1.102689602000000019e-01
1.229769480999999970e-01
1.460827030999999887e-01
1.432284967000000131e-01
1.324893769000000110e-01
1.162366875000000049e-01
1.382526250999999984e-01
1.222562336999999943e-01
1.054302775999999969e-01
1.162910919000000043e-01
1.374631380999999930e-01
1.256993076000000042e-01
1.479881093000000036e-01
1.141522016999999972e-01
1.105340097999999993e-01
1.192893775999999961e-01
1.506693115000000138e-01
1.363476351000000031e-01
1.606689665000000100e-01
1.551672182999999927e-01
1.153243429000000014e-01
1.440748289999999876e-01
1.480611464000000099e-01
1.203340665000000032e-01
1.417983288000000119e-01
1.333804952000000044e-01
1.560409765999999920e-01
1.129469973000000044e-01
1.344061280999999941e-01
1.247822903999999955e-01
1.063334259999999948e-01
1.419255294000000001e-01
1.371364573999999947e-01
1.211257007000000052e-01
1.099892509000000018e-01
1.164641148000000043e-01
1.141158020999999967e-01
1.144839864000000013e-01
1.144241289999999994e-01
1.252961572000000079e-01
1.279065802999999890e-01
1.073728290999999974e-01
1.391432931000000095e-01
1.186723533999999997e-01
1.354607278000000137e-01
1.155842423999999952e-01
1.370268702999999921e-01
1.369014554000000106e-01
9.424463037999999959e-02
9.783518822999999476e-02
1.491536246000000066e-01
1.122288875999999935e-01
1.090858739999999993e-01
1.492039151000000008e-01
1.128844397999999999e-01
1.338583798999999908e-01
1.261041253999999889e-01
1.213790535000000004e-01
1.255598048999999883e-01
1.188228667999999960e-01
1.159808266000000032e-01
1.537551953999999887e-01
1.066482121999999949e-01
1.411962854999999906e-01
1.074555640000000034e-01
1.048412338000000027e-01
1.355218685000000034e-01
1.209051582000000014e-01
1.489067779999999896e-01
1.180445494000000040e-01
1.315396694000000033e-01
1.191443989999999981e-01
1.303520159000000067e-01
1.261969511000000099e-01
1.589436395000000113e-01
1.433303149000000054e-01
1.677483733000000032e-01
1.214144268000000026e-01
1.341578109000000074e-01
1.181129407999999964e-01
1.377974131999999963e-01
1.107004617000000024e-01
1.365855846000000040e-01
1.323751940000000016e-01
1.229893330000000062e-01
1.160224314000000007e-01
1.208054999999999962e-01
1.073478937000000022e-01
1.281404368000000071e-01
1.266891179999999895e-01
1.125350548000000062e-01
1.349838017999999973e-01
1.156699642000000028e-01
1.354762008000000018e-01
1.381242168000000048e-01
1.462799043999999937e-01
1.471359439000000102e-01
1.195761359999999995e-01
1.190775963999999992e-01
1.131230455999999995e-01
1.177718948999999932e-01
1.191269880000000031e-01
1.211619678000000061e-01
1.232109958000000005e-01
1.377181670000000024e-01
1.358297512999999956e-01
1.334117187999999954e-01
1.498879114999999984e-01
1.277884819000000005e-01
1.260964340000000072e-01
1.209932898000000007e-01
1.300084159999999878e-01
1.289281009999999894e-01
1.391460575000000033e-01
1.573425548999999868e-01
1.219489693999999957e-01
1.488103443000000081e-01
1.333664592000000093e-01
1.479775899999999922e-01
1.544061646000000065e-01
1.311184566999999968e-01
1.299756247999999947e-01
1.209476822999999979e-01
1.329553552000000138e-01
1.324601971000000100e-01
1.440256081000000077e-01
1.414655280999999876e-01
9.885181725000000141e-02
1.104294485999999936e-01
1.551510104999999917e-01
1.501094913999999891e-01
1.241535913000000046e-01
1.040075166000000023e-01
1.231321826999999952e-01
1.362197203000000134e-01
1.213683534999999980e-01
1.496477441999999880e-01
1.208683675999999985e-01
9.648594551000000408e-02
1.292040363999999997e-01
1.514273898999999868e-01
9.981106827999999820e-02
1.485548325000000114e-01
1.495580024000000008e-01
1.296136029000000134e-01
1.427460462000000041e-01
1.276655039000000047e-01
1.419588948999999933e-01
1.179961855999999976e-01
1.104581815000000022e-01
1.093326587000000016e-01
8.531070636000000207e-02
1.100929623999999940e-01
9.982229438999999649e-02
1.013878676999999950e-01
9.083051651000000060e-02
1.130836499999999939e-01
9.474409799999999882e-02
1.055252252000000029e-01
1.254842198999999991e-01
1.204606448000000024e-01
1.240391899999999936e-01
1.348539367999999905e-01
1.431291791000000035e-01
1.158990691999999961e-01
1.153589639999999944e-01
1.198598047000000028e-01
9.879928627999999546e-02
1.204945466000000021e-01
1.148677834000000064e-01
1.255258117999999978e-01
1.304233454000000014e-01
1.588662419999999909e-01
1.455496092000000130e-01
1.310524825000000115e-01
1.212764462999999932e-01
9.667425891000000493e-02
1.148065122000000021e-01
1.446005093999999935e-01
1.139889277000000062e-01
1.188517414000000022e-01
1.275189898999999905e-01
1.275582323999999990e-01
1.101389942000000066e-01
1.487789313000000002e-01
1.244710022999999943e-01
1.263131271000000055e-01
1.057623361000000067e-01
1.127443424000000027e-01
1.103935186000000040e-01
1.083232865999999989e-01
1.379380467000000110e-01
1.213840889000000062e-01
1.407243586999999962e-01
1.223417034999999958e-01
1.255928497000000088e-01
1.280710431000000038e-01
1.021625825999999959e-01
1.221662689999999940e-01
1.353725312999999875e-01
1.221134472999999970e-01
1.165458481999999962e-01
1.035837242000000047e-01
1.132519218999999966e-01
1.287604515000000116e-01
1.167362078000000053e-01
1.341448447999999960e-01
1.430121027000000045e-01
1.456097802999999913e-01
1.318785668000000133e-01
1.171537562999999948e-01
1.147728754000000018e-01
1.052341039999999950e-01
9.660151353000000218e-02
1.241975820999999952e-01
1.270784538999999991e-01
8.527052734999999994e-02
1.315999689000000028e-01
1.389799563999999932e-01
1.455235773000000121e-01
1.326301665000000074e-01
1.363357031999999913e-01
1.378818859000000008e-01
1.362506246000000087e-01
1.363214010999999892e-01
1.153392342000000015e-01
1.431338501999999957e-01
1.176725911000000013e-01
1.070213235999999957e-01
1.318723367999999896e-01
1.255501280999999913e-01
1.385449525000000126e-01
1.279521687999999879e-01
1.020252417999999994e-01
1.142196771000000000e-01
1.194171485999999949e-01
1.354745367000000089e-01
1.468805532999999941e-01
1.442552049999999975e-01
1.485182686000000030e-01
1.488598841999999867e-01
1.561858644000000129e-01
1.525265869000000107e-01
1.339915408000000030e-01
1.576139394999999943e-01
1.298909146999999986e-01
1.084654676999999984e-01
1.307402903000000061e-01
1.163546946000000026e-01
1.216801041000000055e-01
1.628752817999999936e-01
1.406150402000000132e-01
1.405404133000000000e-01
1.539223324000000004e-01
1.601771272999999995e-01
1.456627775000000069e-01
1.396335787999999911e-01
1.145394109999999938e-01
1.316529258999999952e-01
1.065302516000000005e-01
1.035245139999999980e-01
9.927610822999999307e-02
1.216758262000000035e-01
9.322207326999999710e-02
1.331118520000000027e-01
1.210508490999999964e-01
1.044688103000000062e-01
1.390765303000000008e-01
1.431147691000000111e-01
1.263789791999999912e-01
1.366819860000000053e-01
1.156431130000000057e-01
1.217262743000000064e-01
1.254566391999999975e-01
1.248400228000000056e-01
1.217306808000000046e-01
1.085240712999999968e-01
1.293362275000000117e-01
1.187254382999999996e-01
1.375847463000000048e-01
1.576579375999999921e-01
1.394189599000000002e-01
1.264384008999999975e-01
1.368799800000000122e-01
1.322885709000000132e-01
1.308181620999999961e-01
1.485342450999999897e-01
1.289388077999999993e-01
1.355967888999999871e-01
1.438876752000000092e-01
1.210560910000000046e-01
1.303419212999999965e-01
1.219009353999999934e-01
1.234164870999999997e-01
1.105721454999999964e-01
1.635963155000000058e-01
1.412682265999999909e-01
1.291056311000000068e-01
1.418479306000000051e-01
1.393741618999999876e-01
1.206890533000000015e-01
1.251000160000000083e-01
1.355994603000000021e-01
1.337830536000000070e-01
1.245113634000000052e-01
1.347660414999999889e-01
1.205550298000000048e-01
1.342242423999999990e-01
1.268141544999999981e-01
9.582434775999999765e-02
1.292978392999999948e-01
1.511588460999999939e-01
1.272793540000000112e-01
1.091495353000000029e-01
1.480643946999999905e-01
1.396899786999999948e-01
1.384818194999999919e-01
1.193881356999999949e-01
1.499661334000000068e-01
1.196282233000000028e-01
1.138895907000000013e-01
1.447579824000000126e-01
1.232205019999999956e-01
1.319884866999999906e-01
1.207092240000000039e-01
1.403736271000000091e-01
1.027452642000000055e-01
1.236476147999999997e-01
1.167411951000000003e-01
1.422165452999999968e-01
1.300548621000000016e-01
1.514183943000000088e-01
1.424257569999999862e-01
1.479872410999999999e-01
1.345522363999999971e-01
1.291952127000000061e-01
1.322753496999999889e-01
1.242971177000000010e-01
1.176597491999999967e-01
1.320577575000000115e-01
1.462206932000000015e-01
1.247231602999999966e-01
1.318125773999999917e-01
1.126812759000000025e-01
1.253834996000000035e-01
1.417877569000000060e-01
1.264369320000000019e-01
9.878807888000000481e-02
1.045551016000000055e-01
1.101562922999999999e-01
1.218899821999999966e-01
1.261329505000000073e-01
1.349182966999999955e-01
1.191206095999999964e-01
1.215580299000000031e-01
1.349457102000000130e-01
1.284207648000000035e-01
1.481461705000000073e-01
9.224635405000000676e-02
1.166275407000000042e-01
1.301141551999999979e-01
1.655826719000000058e-01
1.342710777999999994e-01
1.245833429999999992e-01
1.102240543999999933e-01
1.446553728999999955e-01
1.229805018999999972e-01
1.280341570000000095e-01
1.186856577000000024e-01
1.352267551000000123e-01
1.209783116999999936e-01
1.386396236000000115e-01
1.223194875000000043e-01
1.572663524000000035e-01
1.483015296999999899e-01
1.385318044000000137e-01
1.209920101999999997e-01
1.521501346999999948e-01
1.564682173999999981e-01
1.466981276000000056e-01
1.303280810000000123e-01
1.255769992999999918e-01
1.315754393999999938e-01
1.165004478999999982e-01
1.282682891999999963e-01
1.117508121999999937e-01
1.555884727000000078e-01
1.405309573000000090e-01
1.387033232999999866e-01
1.324121963000000068e-01
9.916262346000000172e-02
1.277367705999999936e-01
1.347481718999999911e-01
1.183227190000000068e-01
1.554382390999999863e-01
1.145576496999999999e-01
1.300565831000000117e-01
9.057543893000000179e-02
1.372057171000000131e-01
1.293860988999999961e-01
1.173440587000000035e-01
1.278565059000000004e-01
1.289223778999999959e-01
1.195166596000000053e-01
1.336518704000000113e-01
1.174945389000000007e-01
1.621626794999999899e-01
1.498896902000000086e-01
1.381903294999999865e-01
1.468919509999999928e-01
1.410810342000000106e-01
1.415853290000000098e-01
1.133298335000000046e-01
1.493701783999999977e-01
1.338798159000000043e-01
1.501699199000000040e-01
1.413071389999999983e-01
1.219319913999999949e-01
1.341586824999999872e-01
1.144189840999999958e-01
1.294503981000000026e-01
1.364120581000000110e-01
1.438124561999999940e-01
1.291180637999999881e-01
1.439463568999999887e-01
1.401307696000000103e-01
1.307694497000000122e-01
1.488810815999999926e-01
1.538713193000000035e-01
1.471938111999999965e-01
1.235376319000000001e-01
1.309638644999999990e-01
1.248137286000000068e-01
1.131958593000000068e-01
1.349893179999999970e-01
1.382782248999999963e-01
1.329675006000000104e-01
1.422138424999999928e-01
1.183097713000000051e-01
1.237205831000000034e-01
1.347289094000000131e-01
1.387354360999999980e-01
1.343607334999999958e-01
1.340011587000000115e-01
1.300783732000000137e-01
1.387307258999999904e-01
1.060844353000000018e-01
1.233012621000000031e-01
1.236451494000000012e-01
1.562775775999999950e-01
9.989522913999999976e-02
1.366864836999999999e-01
1.268679202999999922e-01
1.510389021000000109e-01
1.004195846999999947e-01
1.209440729999999992e-01
1.379816876999999942e-01
1.316626899999999989e-01
1.066501703999999939e-01
1.497875056000000094e-01
1.218367845000000033e-01
1.336048826000000023e-01
1.115914939000000050e-01
1.517902868000000072e-01
1.311722667999999925e-01
1.337698323000000022e-01
1.147240216999999979e-01
1.073674859999999981e-01
1.066740605999999952e-01
1.049315205000000001e-01
1.286393653000000026e-01
1.219251207999999947e-01
1.462819204999999956e-01
1.399731257000000062e-01
1.544953679000000135e-01
9.616185798000000118e-02
1.255975555000000132e-01
1.345368086000000019e-01
1.425804877000000082e-01
1.093952415000000039e-01
1.185020774000000027e-01
1.211976005999999967e-01
1.165334222000000003e-01
1.181917234999999983e-01
1.329059308999999967e-01
1.380956376999999957e-01
1.459797595000000003e-01
1.297071975999999904e-01
1.194343692000000012e-01
1.335507981000000066e-01
1.234002770999999971e-01
1.379821532000000128e-01
1.272231204000000004e-01
1.006605770999999955e-01
1.463116023000000099e-01
1.229562255999999965e-01
1.035930491999999953e-01
8.888488092000000618e-02
1.455905938000000011e-01
1.327072709999999878e-01
1.191904725999999998e-01
1.477408664000000038e-01
1.312295135999999862e-01
1.122504138999999984e-01
1.344590455999999934e-01
1.085742576999999959e-01
1.166173140999999941e-01
1.210503608000000064e-01
1.280118412000000039e-01
1.237039823999999955e-01
1.224249721000000013e-01
1.142234047999999974e-01
1.257399535000000013e-01
1.436694977999999900e-01
1.448198046999999988e-01
1.283535470999999928e-01
1.759598595999999904e-01
1.538217289000000099e-01
1.410842696000000063e-01
1.149429983999999960e-01
7.651906688000000012e-02
1.067441035000000066e-01
1.419326518000000037e-01
1.109093315999999940e-01
1.196320364000000025e-01
1.349334674000000067e-01
1.394479668999999977e-01
1.672561046000000107e-01
1.257706174000000066e-01
1.103010177000000036e-01
1.100324762000000067e-01
1.296350629999999948e-01
1.132061045999999960e-01
1.240985175000000051e-01
1.420499867999999999e-01
1.132629864999999958e-01
1.375619999999999898e-01
1.480442535000000004e-01
1.373390673000000062e-01
1.308158497999999947e-01
1.205752820000000058e-01
1.400407888000000101e-01
1.542684450000000040e-01
1.249945286999999960e-01
1.126294597000000036e-01
1.148528282000000067e-01
1.248874378999999951e-01
1.321964852999999995e-01
1.321112044999999957e-01
1.022357702000000063e-01
1.536166918000000103e-01
1.297806780000000104e-01
1.029134674999999943e-01
1.194992148999999976e-01
1.502351375000000044e-01
1.481286595000000095e-01
1.303120600000000073e-01
1.522724960999999877e-01
1.294209209000000138e-01
1.335151595000000080e-01
1.253342641000000091e-01
1.059287728999999956e-01
9.162212763999999510e-02
1.348797312999999998e-01
1.157510855000000033e-01
1.622146217000000057e-01
1.328523970000000110e-01
1.281994228999999985e-01
1.129886818000000043e-01
1.323604462000000093e-01
1.218608469999999944e-01
1.192671208999999954e-01
1.386722173000000113e-01
1.373942354999999893e-01
1.515595063000000076e-01
1.076381743999999946e-01
1.227514331999999958e-01
1.237016404000000069e-01
1.423489653999999993e-01
1.526268382000000035e-01
1.509124736000000133e-01
1.469721130999999958e-01
1.548009599999999875e-01
1.255121609000000027e-01
1.337976542000000046e-01
1.266993146000000015e-01
1.005336027999999965e-01
1.186331256000000001e-01
1.099177035000000052e-01
1.119087121999999962e-01
1.317355384999999990e-01
1.119070563000000018e-01
1.120595241999999964e-01
1.115186673999999933e-01
1.275906935999999992e-01
1.318546565000000004e-01
1.366525279999999953e-01
1.296520476999999949e-01
1.063056257000000032e-01
1.338130261999999904e-01
1.207921849999999964e-01
1.234335889999999963e-01
1.214265689000000037e-01
1.487218251999999907e-01
1.476889322000000115e-01
1.149732821999999988e-01
1.243210641000000033e-01
9.699051375999999391e-02
1.307715677000000076e-01
1.428038812000000102e-01
1.531461950999999932e-01
1.236942810000000031e-01
1.146078028000000054e-01
1.205959038999999955e-01
1.268110691999999873e-01
1.425451704000000042e-01
1.116297192999999993e-01
1.394520068000000002e-01
1.332525421000000099e-01
1.280931002000000041e-01
1.164953437999999980e-01
1.313616975000000131e-01
1.356900427000000131e-01
1.106441595000000055e-01
1.376034482000000059e-01
1.198463000999999972e-01
1.242114064000000018e-01
1.268728594999999904e-01
1.045732919999999982e-01
1.195850162999999994e-01
1.296532026999999976e-01
1.397066187999999876e-01
1.430231070000000104e-01
1.414243551000000099e-01
1.319753392999999941e-01
1.200138790999999983e-01
1.221734866000000058e-01
1.353148067000000121e-01
1.605842966999999899e-01
1.337058546000000070e-01
1.292450934999999912e-01
1.199861244999999993e-01
1.336216271000000011e-01
1.228808247999999964e-01
1.333012511999999983e-01
1.265465259999999925e-01
1.290432538999999879e-01
1.191151282999999977e-01
1.375743826999999975e-01
1.510958215000000049e-01
1.238154417999999951e-01
1.596942081999999929e-01
1.407034035999999988e-01
1.646484162999999890e-01
1.439526406999999952e-01
1.178833180999999952e-01
1.445097322999999989e-01
1.460272941999999907e-01
1.518009509999999895e-01
1.291484891000000135e-01
1.556116117000000132e-01
1.157546252999999969e-01
1.093473246000000038e-01
1.145642860999999957e-01
1.571759521999999965e-01
1.446920516000000101e-01
1.495226785999999863e-01
1.102940028999999933e-01
1.071555151999999955e-01
1.159883981999999952e-01
1.156625181000000002e-01
1.274690290000000115e-01
1.122962443000000005e-01
9.726006728000000101e-02
1.203974636000000042e-01
1.160450155999999955e-01
1.416691815999999993e-01
1.232802974999999968e-01
1.432376333000000002e-01
1.583841455999999981e-01
1.373180036999999964e-01
8.750245337999999762e-02
1.332470676999999992e-01
1.001711888999999994e-01
1.298886704999999975e-01
1.356853930999999958e-01
1.270569414000000119e-01
1.343327953000000019e-01
1.351493873000000068e-01
1.367509990999999925e-01
1.138560074999999949e-01
1.343858257999999972e-01
1.489271799000000118e-01
1.250806267000000027e-01
1.294491621999999953e-01
1.436532630000000033e-01
1.306057995999999888e-01
1.119791687000000063e-01
1.148615208999999998e-01
9.815127535999999819e-02
1.145528232999999951e-01
1.153296480000000068e-01
1.463081397000000061e-01
1.361756826999999948e-01
1.444089514999999935e-01
1.491604978000000137e-01
1.234915478000000039e-01
1.323024509000000071e-01
1.296341820999999950e-01
1.512521522999999979e-01
1.364462636000000062e-01
1.357923296000000113e-01
1.420126019000000073e-01
1.060021121999999982e-01
1.136055237000000023e-01
1.131788593999999981e-01
1.285202693999999979e-01
1.211795653000000000e-01
1.499253506000000069e-01
1.354455328999999986e-01
1.482064412000000109e-01
1.462335056000000078e-01
1.517329134000000024e-01
1.622900060999999949e-01
1.218578039000000057e-01
1.327431097000000004e-01
1.351768953999999967e-01
1.291974738999999983e-01
1.487868018999999875e-01
1.291468174000000024e-01
1.301861547000000008e-01
1.282989549000000118e-01
1.555009286000000046e-01
1.040944478000000034e-01
1.015935642000000000e-01
1.276426086999999931e-01
1.479952438999999897e-01
1.458442471999999990e-01
1.027645923999999933e-01
9.780209022999999946e-02
1.428272423999999985e-01
1.102245704999999937e-01
1.317903225000000011e-01
1.173544232999999964e-01
1.373399724000000099e-01
1.152348925000000052e-01
1.494271826999999941e-01
1.220213257999999967e-01
1.208061819000000037e-01
1.487462169000000056e-01
1.296539439999999932e-01
1.432884842000000103e-01
1.220866822000000046e-01
1.349280154999999981e-01
1.557274194999999917e-01
1.340767068000000006e-01
1.513573646999999966e-01
1.232730377999999988e-01
1.218749890000000030e-01
1.516835836000000048e-01
1.296303129999999970e-01
9.501177042000000239e-02
1.256368767999999914e-01
1.280980753000000028e-01
1.239505231999999957e-01
1.124398516000000015e-01
1.248677197999999988e-01
1.524724967999999958e-01
1.569656695999999962e-01
1.699891866000000085e-01
1.230024807999999942e-01
1.224691383000000022e-01
1.246554326999999990e-01
1.533475128000000021e-01
1.416615528000000068e-01
1.397903192999999933e-01
1.070387579000000033e-01
1.144327425000000037e-01
1.302854791999999984e-01
1.382322887000000111e-01
1.448700470000000018e-01
1.231534960000000012e-01
1.271561989999999975e-01
1.186378483999999955e-01
1.188861286999999961e-01
1.173273184000000052e-01
1.191004907000000057e-01
1.363785593000000074e-01
1.262276746999999866e-01
1.155765519000000047e-01
1.235161362000000013e-01
1.392243545999999887e-01
1.538739286999999956e-01
1.377121414999999960e-01
1.279155233000000003e-01
1.388344740999999938e-01
1.290842083000000029e-01
1.529129938999999883e-01
1.361091217000000020e-01
1.330824536000000113e-01
1.490203397000000041e-01
1.360000268999999873e-01
1.190935845000000021e-01
1.490730231999999877e-01
1.489066551999999877e-01
1.446701535999999899e-01
1.309732167000000058e-01
1.270997557999999916e-01
1.420078546000000108e-01
1.377749309000000089e-01
1.286290938999999911e-01
1.312770134000000033e-01
1.375557909000000023e-01
1.109119957000000017e-01
1.115643525000000053e-01
1.030374874999999968e-01
1.302197847000000075e-01
1.558404330000000004e-01
1.492504594000000073e-01
1.650477311000000114e-01
1.365266098000000039e-01
1.307972310000000138e-01
1.106315159000000048e-01
1.360131233999999911e-01
1.303903647000000110e-01
1.134528283999999970e-01
1.235356875999999993e-01
1.289904883000000113e-01
1.353481049999999963e-01
1.283698708000000077e-01
1.404932807000000006e-01
1.321443939999999984e-01
1.540987563000000005e-01
1.352967948999999892e-01
1.212033104999999944e-01
1.233545543000000022e-01
1.234206033999999952e-01
1.401866629999999891e-01
1.279686043000000106e-01
1.303194151000000023e-01
1.047147811000000012e-01
1.270423948000000136e-01
1.271493207999999930e-01
1.469559787999999978e-01
1.105039686999999965e-01
1.216883205000000023e-01
1.200824214999999945e-01
1.433755382000000134e-01
1.444023814000000017e-01
1.331353554999999966e-01
1.332450993000000028e-01
1.158716013999999961e-01
1.346192066999999937e-01
1.337453083000000043e-01
1.167003999999999958e-01
9.441138149000000146e-02
1.515427273999999935e-01
1.259114628000000125e-01
1.446352939999999976e-01
1.298172254999999942e-01
1.285110144999999926e-01
1.162204879999999968e-01
1.286292746999999903e-01
1.407017406999999942e-01
1.215139219000000020e-01
1.270868327000000131e-01
1.365764904000000002e-01
1.374286485000000002e-01
1.419978729999999967e-01
1.325365695999999871e-01
1.279188879000000001e-01
1.384979897999999987e-01
1.644199037999999891e-01
1.415406661999999982e-01
1.196647923000000030e-01
1.252158461000000000e-01
1.179276905000000014e-01
1.124320027999999999e-01
1.295357201000000014e-01
1.171673629999999966e-01
1.538177585999999930e-01
1.609895795000000074e-01
1.511567433000000071e-01
1.523720037999999888e-01
1.420977649999999870e-01
1.511636383999999944e-01
1.496252452000000066e-01
1.280876018999999866e-01
1.049878077999999992e-01
1.247880742999999959e-01
1.216042942999999987e-01
1.300209384000000079e-01
1.291555671000000072e-01
1.262773224000000027e-01
1.239579170999999952e-01
1.448608154000000092e-01
1.740181960000000139e-01
1.746066870000000104e-01
1.175367821999999951e-01
1.489773245000000079e-01
1.380715822999999953e-01
1.150624081999999937e-01
1.125964227000000040e-01
1.269753164000000101e-01
1.295080416000000123e-01
1.348865152000000012e-01
1.608353832999999955e-01
1.292937184000000073e-01
1.527024821000000088e-01
1.349613940000000123e-01
1.418738400000000011e-01
1.559819778000000046e-01
1.152185743999999956e-01
1.384127994000000084e-01
1.307272371000000044e-01
1.417461831999999866e-01
1.309698488000000105e-01
1.345482081999999913e-01
1.120063478000000029e-01
1.042803863999999942e-01
1.066091732999999986e-01
1.314227565999999958e-01
1.820213334000000127e-01
1.216635439000000041e-01
1.353258025000000087e-01
1.388952797000000128e-01
1.159967982999999953e-01
1.078709171999999994e-01
1.284474388999999883e-01
1.209621557999999986e-01
1.461261050000000061e-01
1.224450272000000006e-01
1.358260930000000088e-01
1.270810621000000029e-01
1.221830052999999944e-01
1.182329116000000041e-01
1.177155604999999966e-01
1.283062291000000021e-01
1.362929209000000030e-01
1.226052975999999961e-01
1.446629064999999936e-01
1.297336473000000046e-01
1.266654164000000082e-01
1.474370648999999978e-01
1.315873362999999963e-01
1.335823080000000107e-01
1.317792040999999914e-01
1.244386088999999973e-01
1.395094897999999972e-01
1.595491853000000071e-01
1.403623149999999875e-01
1.290483057000000044e-01
1.513089826000000027e-01
1.156092234000000024e-01
1.382399101000000019e-01
1.279937052000000020e-01
1.170676996000000053e-01
1.101803830000000067e-01
1.223853456000000006e-01
1.439642661999999962e-01
1.125742624999999941e-01
1.181943317000000021e-01
1.353166215000000117e-01
9.845979717000000186e-02
1.157263802000000064e-01
1.139827161000000061e-01
1.166977638000000067e-01
1.397864729999999944e-01
1.415079794000000113e-01
1.350251229999999969e-01
1.487454624000000003e-01
1.503876737000000019e-01
1.266059770000000084e-01
1.192864614000000018e-01
1.315578098999999890e-01
1.367930735000000009e-01
1.326963835999999952e-01
1.259079778999999955e-01
1.325938120000000053e-01
1.376527714000000124e-01
1.254073598999999872e-01
1.394627323000000030e-01
1.160233004000000012e-01
1.446495099000000006e-01
1.367952357999999979e-01
1.334586360999999999e-01
1.514775747999999866e-01
1.275875656000000080e-01
1.320617494999999919e-01
1.218721363000000030e-01
1.430230590000000079e-01
1.576956744000000132e-01
1.344014024999999890e-01
1.047271126000000052e-01
1.241678680999999951e-01
1.202048649999999941e-01
1.471391958999999916e-01
1.302619301000000063e-01
1.289077671999999952e-01
1.457082255999999909e-01
1.206299821000000050e-01
1.350384414999999949e-01
1.321418460999999878e-01
1.525101889000000099e-01
1.131928776000000053e-01
1.271900811999999992e-01
8.211750903999999462e-02
1.394167832000000051e-01
1.041887799999999947e-01
8.779021631000000214e-02
1.021111496000000063e-01
1.193527691000000057e-01
1.243729048999999975e-01
1.552925840999999918e-01
1.197877130000000040e-01
1.219143421999999977e-01
1.144844462000000063e-01
1.228001523000000067e-01
1.199551041000000012e-01
1.278078160999999990e-01
1.361325478000000033e-01
1.408980125000000028e-01
1.499038551999999913e-01
1.446197929999999965e-01
1.293647655999999868e-01
1.155713753999999954e-01
1.093359000999999942e-01
1.284783556000000104e-01
1.314182264000000044e-01
1.426587722000000058e-01
1.501576695000000072e-01
1.256990779000000114e-01
1.189885928999999953e-01
1.113364121000000040e-01
1.648277951000000074e-01
1.534113024000000047e-01
1.386818439999999986e-01
1.361561826999999891e-01
1.304230023999999877e-01
1.196596246999999946e-01
1.283657843999999881e-01
1.367110739999999880e-01
1.289091837999999934e-01
1.235150893999999999e-01
1.068261892000000046e-01
1.193109957000000054e-01
1.214392319999999942e-01
1.351277274999999889e-01
1.285310346000000103e-01
1.006342959000000037e-01
1.137769844999999974e-01
1.321894228999999921e-01
1.285303389000000129e-01
1.463999445999999982e-01
1.301314940999999947e-01
1.472894674999999931e-01
1.564358469000000085e-01
1.440778138999999902e-01
1.359093278000000071e-01
1.355998824000000103e-01
1.578965214999999978e-01
1.246592096000000011e-01
1.013465025000000047e-01
1.114155448999999964e-01
1.432753830000000062e-01
1.637070592000000047e-01
1.462734609999999935e-01
1.706343533999999940e-01
1.214157632999999931e-01
1.361091155999999969e-01
1.247898593999999944e-01
1.372151729999999958e-01
1.348025768999999985e-01
1.077342959999999933e-01
1.099142446999999967e-01
1.205867416000000053e-01
1.014004305999999939e-01
1.149920673000000004e-01
1.204052969000000001e-01
1.056607231000000063e-01
1.324412785999999898e-01
1.400557647000000017e-01
1.577368199999999998e-01
1.377964138999999977e-01
1.319774159999999863e-01
1.166832389999999942e-01
1.233143079000000031e-01
1.326529362999999961e-01
1.118053215999999933e-01
1.311704281999999944e-01
1.343914293000000038e-01
1.404210586999999899e-01
1.301539775999999982e-01
1.476341432999999925e-01
1.351838542999999893e-01
1.413306612000000129e-01
1.343548528999999880e-01
1.322748873000000047e-01
1.381193438999999967e-01
1.421246781999999931e-01
1.416998559000000046e-01
1.300411552000000082e-01
1.454968030000000079e-01
1.403272755999999954e-01
9.542427325999999765e-02
1.138851042000000036e-01
1.252655826000000083e-01
1.141941749999999950e-01
1.121681805000000060e-01
1.288311749000000117e-01
1.215773349000000003e-01
1.451221393999999887e-01
1.289969189000000072e-01
1.453116279999999982e-01
1.299457417999999864e-01
1.241787069999999993e-01
1.351607930000000013e-01
1.661011532999999984e-01
1.463342297999999930e-01
1.201110789999999956e-01
1.461486973999999994e-01
1.440788510999999883e-01
1.578384686000000037e-01
1.475823719999999895e-01
1.153929305000000044e-01
1.438704578999999983e-01
1.165305823999999990e-01
1.281901249999999881e-01
1.005641844000000062e-01
1.383743251000000007e-01
