     0.0000000        0.98291060        0.01383008
     0.1000000        0.82661375        0.01164546
     0.2000000        0.70305992        0.01179411
     0.3000000        0.60395843        0.01191923
     0.4000000        0.52090302        0.01426483
     0.5000000        0.45612326        0.01859791
     0.6000000        0.39491538        0.01708533
     0.7000000        0.35194682        0.01126911
     0.8000000        0.31803338        0.01365281
     0.9000000        0.27339870        0.00863338
     1.0000000        0.23510158        0.00694480
     1.1000000        0.21151413        0.00678847
     1.2000000        0.19291513        0.01182505
     1.3000000        0.16699243        0.01906598
     1.4000000        0.13955368        0.01642445
     1.5000000        0.11709024        0.01892096
     1.6000000        0.10303543        0.02144075
     1.7000000        0.08655907        0.01893310
     1.8000000        0.07839093        0.01652795
     1.9000000        0.07125077        0.01049119
     2.0000000        0.05976845        0.00735777
     2.1000000        0.05836072        0.00404366
     2.2000000        0.04460231        0.00365449
     2.3000000        0.04179232        0.00118883
     2.4000000        0.03952950        0.00332003
     2.5000000        0.03487737        0.00446823
     2.6000000        0.02787451        0.00586322
     2.7000000        0.02866608        0.00587353
     2.8000000        0.02555390        0.00607542
     2.9000000        0.02181812        0.00424260
     3.0000000        0.01298096        0.00458507
     3.1000000        0.00929223        0.00393563
     3.2000000        0.00145592        0.00894292
     3.3000000        0.00154599        0.00396785
     3.4000000        0.00559096        0.00605088
     3.5000000        0.00343443        0.00767930
     3.6000000       -0.00030083        0.01162286
     3.7000000       -0.00063648        0.01024956
     3.8000000       -0.00173066        0.00980122
     3.9000000        0.00379792        0.00636801
     4.0000000        0.00546820        0.00600281
     4.1000000        0.00314968        0.00794999
     4.2000000        0.00009352        0.00957481
     4.3000000        0.00231586        0.00909326
     4.4000000        0.00406521        0.00959560
     4.5000000        0.00483054        0.00927154
     4.6000000        0.00567463        0.01308076
     4.7000000       -0.00135276        0.00988114
     4.8000000        0.00160948        0.00623388
     4.9000000        0.00343323        0.00641916
     5.0000000        0.00240773        0.00235806
     5.1000000        0.00133897        0.00233298
     5.2000000        0.00288235        0.00170324
     5.3000000        0.00575189        0.00259748
     5.4000000        0.00701928        0.00228461
     5.5000000        0.00395691        0.00416535
     5.6000000        0.00050639        0.00255891
     5.7000000       -0.00371873        0.00569488
     5.8000000       -0.00009462        0.00462816
     5.9000000       -0.00613093        0.00487914
     6.0000000       -0.00432687        0.00319018
     6.1000000       -0.00083439        0.00576617
     6.2000000        0.00089499        0.00836885
     6.3000000        0.00706676        0.00835553
     6.4000000        0.01063020        0.00704802
     6.5000000        0.00585946        0.00523134
     6.6000000        0.00552702        0.00278662
     6.7000000        0.00831959        0.00511335
     6.8000000        0.01447542        0.00757933
     6.9000000        0.01620830        0.00421998
     7.0000000        0.01728290        0.00554001
     7.1000000        0.01645277        0.00707764
     7.2000000        0.02249121        0.00759846
     7.3000000        0.02861507        0.01279719
     7.4000000        0.02678136        0.01552993
     7.5000000        0.03123999        0.01357925
     7.6000000        0.03450945        0.00819771
     7.7000000        0.04933144        0.01041953
     7.8000000        0.05224153        0.01248185
     7.9000000        0.05171014        0.01453057
     8.0000000        0.05940759        0.00948291
     8.1000000        0.05609142        0.00575650
     8.2000000        0.07838230        0.00894563
     8.3000000        0.09216454        0.00955630
     8.4000000        0.10593155        0.01041663
     8.5000000        0.12077176        0.00575572
     8.6000000        0.14056263        0.00429587
     8.7000000        0.16302802        0.00521519
     8.8000000        0.18309592        0.00632026
     8.9000000        0.21077945        0.00213964
     9.0000000        0.23410736        0.00587099
     9.1000000        0.27238171        0.00676067
     9.2000000        0.31086718        0.00472999
     9.3000000        0.36332899        0.00946917
     9.4000000        0.41838857        0.01292286
     9.5000000        0.47454831        0.01914732
     9.6000000        0.54007185        0.01961687
     9.7000000        0.61032163        0.01794459
     9.8000000        0.71596745        0.02017589
     9.9000000        0.85181368        0.02029087
    10.0000000        1.01708940        0.01383008
