     0.0000000        1.01708940        0.01383008
     0.1000000        0.85526214        0.00260313
     0.2000000        0.72595754        0.00530553
     0.3000000        0.62073135        0.00723563
     0.4000000        0.53826989        0.00455351
     0.5000000        0.46198855        0.00815780
     0.6000000        0.39154946        0.01029353
     0.7000000        0.34670665        0.01237760
     0.8000000        0.30000781        0.01239446
     0.9000000        0.26220551        0.01802976
     1.0000000        0.22819358        0.02177024
     1.1000000        0.20607739        0.02473783
     1.2000000        0.18291382        0.01819828
     1.3000000        0.15962174        0.01386127
     1.4000000        0.13618098        0.01615563
     1.5000000        0.12017494        0.01626251
     1.6000000        0.10848681        0.01914744
     1.7000000        0.09507603        0.02322185
     1.8000000        0.08050818        0.02330804
     1.9000000        0.06546752        0.02566516
     2.0000000        0.05228632        0.02706924
     2.1000000        0.04678567        0.02643757
     2.2000000        0.04332042        0.02310491
     2.3000000        0.03781370        0.02045821
     2.4000000        0.03238741        0.01695695
     2.5000000        0.02989785        0.01576470
     2.6000000        0.03146541        0.00680618
     2.7000000        0.02667120        0.00428891
     2.8000000        0.03130734        0.00309552
     2.9000000        0.02331427        0.00703288
     3.0000000        0.02421091        0.01023340
     3.1000000        0.02242378        0.00947456
     3.2000000        0.01805795        0.01133082
     3.3000000        0.02157836        0.00765418
     3.4000000        0.02187417        0.00979899
     3.5000000        0.02400701        0.00943563
     3.6000000        0.02061331        0.00721909
     3.7000000        0.02341172        0.00396379
     3.8000000        0.01908883        0.00572930
     3.9000000        0.01613300        0.00810768
     4.0000000        0.01320910        0.00894915
     4.1000000        0.01424815        0.00897073
     4.2000000        0.01067794        0.00300762
     4.3000000        0.01290591        0.00410843
     4.4000000        0.01510775        0.00322558
     4.5000000        0.00823648        0.00236580
     4.6000000        0.00781624        0.00343848
     4.7000000        0.00481754        0.00567566
     4.8000000        0.00606198        0.00452506
     4.9000000        0.00082121        0.00374261
     5.0000000       -0.00435112        0.00188543
     5.1000000       -0.00288534        0.00431024
     5.2000000       -0.00251661        0.00491162
     5.3000000       -0.00375891        0.00903809
     5.4000000        0.00171764        0.00405322
     5.5000000       -0.00104023        0.00666306
     5.6000000        0.00070235        0.00727564
     5.7000000        0.00404511        0.00851383
     5.8000000        0.00943909        0.00657941
     5.9000000        0.00947767        0.00311201
     6.0000000        0.01140317        0.00413454
     6.1000000        0.00846382        0.00811566
     6.2000000        0.00319398        0.01063405
     6.3000000        0.00087675        0.00756209
     6.4000000        0.00700493        0.00462516
     6.5000000        0.00952574        0.00249627
     6.6000000        0.00858304        0.00536800
     6.7000000        0.00842074        0.00327539
     6.8000000        0.01362610        0.00560903
     6.9000000        0.01672713        0.00373394
     7.0000000        0.01867024        0.00353382
     7.1000000        0.02602491        0.00507165
     7.2000000        0.02964488        0.00219028
     7.3000000        0.03039907        0.00890482
     7.4000000        0.02702209        0.01347415
     7.5000000        0.02507743        0.01668822
     7.6000000        0.03664453        0.01444340
     7.7000000        0.03979893        0.00593159
     7.8000000        0.05164401        0.00579296
     7.9000000        0.06056291        0.00746242
     8.0000000        0.06864614        0.01036795
     8.1000000        0.07881872        0.00459005
     8.2000000        0.08386917        0.01203940
     8.3000000        0.09003428        0.01472923
     8.4000000        0.10222796        0.01050406
     8.5000000        0.11817225        0.00413342
     8.6000000        0.14262794        0.00460794
     8.7000000        0.15528302        0.00943885
     8.8000000        0.17421312        0.01498927
     8.9000000        0.19856792        0.01916350
     9.0000000        0.23146709        0.01641458
     9.1000000        0.25791269        0.01621632
     9.2000000        0.29853986        0.01225607
     9.3000000        0.33931626        0.00913220
     9.4000000        0.38240245        0.01507053
     9.5000000        0.44332021        0.01168399
     9.6000000        0.50697157        0.01199863
     9.7000000        0.60332368        0.01055245
     9.8000000        0.69968663        0.01280174
     9.9000000        0.81698429        0.01322679
    10.0000000        0.98291060        0.01383008
