     0.0000000        0.06084522        0.00151172
     0.1000000        0.03438481        0.00168018
     0.2000000        0.02042592        0.00115078
     0.3000000        0.01333627        0.00124756
     0.4000000        0.00561431        0.00146320
     0.5000000        0.00292667        0.00127165
     0.6000000        0.00342957        0.00150433
     0.7000000        0.00215789        0.00160119
     0.8000000        0.00141093        0.00112952
     0.9000000        0.00221172        0.00147491
     1.0000000        0.00077472        0.00144573
     1.1000000        0.00297613        0.00119820
     1.2000000        0.00113954        0.00124162
     1.3000000        0.00287932        0.00121804
     1.4000000        0.00242477        0.00137024
     1.5000000        0.00358777        0.00107114
     1.6000000        0.00219274        0.00131039
     1.7000000        0.00134716        0.00124842
     1.8000000        0.00137802        0.00117309
     1.9000000        0.00093921        0.00131391
     2.0000000        0.00048347        0.00112179
     2.1000000       -0.00008131        0.00117975
     2.2000000        0.00236940        0.00145610
     2.3000000        0.00061965        0.00113050
     2.4000000        0.00022681        0.00131281
     2.5000000       -0.00033075        0.00098338
     2.6000000       -0.00079025        0.00136601
     2.7000000       -0.00005788        0.00108966
     2.8000000        0.00037753        0.00146986
     2.9000000        0.00177979        0.00152627
     3.0000000        0.00077578        0.00136813
     3.1000000        0.00136507        0.00149423
     3.2000000        0.00006200        0.00127908
     3.3000000       -0.00002449        0.00118449
     3.4000000       -0.00041678        0.00129811
     3.5000000        0.00094497        0.00127903
     3.6000000        0.00091484        0.00108025
     3.7000000        0.00024356        0.00138871
     3.8000000        0.00167058        0.00119999
     3.9000000        0.00118536        0.00122694
     4.0000000        0.00091254        0.00120424
     4.1000000        0.00176376        0.00103653
     4.2000000        0.00129682        0.00117362
     4.3000000        0.00073813        0.00108369
     4.4000000        0.00141067        0.00119056
     4.5000000       -0.00005105        0.00138179
     4.6000000        0.00060262        0.00125879
     4.7000000       -0.00039406        0.00136561
     4.8000000       -0.00041099        0.00130393
     4.9000000        0.00027998        0.00128840
     5.0000000        0.00024835        0.00099467
     5.1000000       -0.00038517        0.00110603
     5.2000000       -0.00019341        0.00106686
     5.3000000       -0.00006637        0.00129211
     5.4000000       -0.00110791        0.00114309
     5.5000000        0.00016161        0.00126042
     5.6000000        0.00055295        0.00117384
     5.7000000       -0.00001450        0.00096494
     5.8000000        0.00108626        0.00095052
     5.9000000        0.00169873        0.00111993
     6.0000000        0.00198956        0.00138503
     6.1000000       -0.00019229        0.00116748
     6.2000000       -0.00006035        0.00115110
     6.3000000        0.00040216        0.00117539
     6.4000000        0.00055596        0.00145107
     6.5000000        0.00057173        0.00138230
     6.6000000       -0.00005182        0.00169858
     6.7000000       -0.00126550        0.00134541
     6.8000000       -0.00083554        0.00102409
     6.9000000       -0.00210402        0.00114617
     7.0000000       -0.00208560        0.00128972
     7.1000000       -0.00039754        0.00122813
     7.2000000       -0.00208744        0.00104815
     7.3000000       -0.00274021        0.00102163
     7.4000000       -0.00103173        0.00118238
     7.5000000        0.00044627        0.00123280
     7.6000000        0.00073635        0.00100983
     7.7000000        0.00213722        0.00149124
     7.8000000        0.00125623        0.00141561
     7.9000000        0.00149299        0.00121763
     8.0000000        0.00225784        0.00115414
     8.1000000        0.00270742        0.00128772
     8.2000000        0.00084537        0.00131038
     8.3000000        0.00326490        0.00122305
     8.4000000        0.00512234        0.00146743
     8.5000000        0.00586667        0.00156510
     8.6000000        0.00970556        0.00147990
     8.7000000        0.01444959        0.00158047
     8.8000000        0.01791231        0.00139444
     8.9000000        0.02500738        0.00164262
     9.0000000        0.03477920        0.00142091
     9.1000000        0.05215611        0.00156854
     9.2000000        0.07496382        0.00136528
     9.3000000        0.11057766        0.00152940
     9.4000000        0.16266206        0.00165478
     9.5000000        0.24015387        0.00138652
     9.6000000        0.36092765        0.00181648
     9.7000000        0.54163750        0.00175476
     9.8000000        0.82038878        0.00142489
     9.9000000        1.25694677        0.00158685
    10.0000000        1.93915478        0.00151172
