1.643630000000000099e+36
2.641419999999999998e+36
6.294279999999999955e+35
2.837959999999999849e+35
5.954799999999999812e+35
2.246480000000000147e+36
8.698719999999999474e+36
8.698719999999999474e+36
8.698719999999999474e+36
3.932470000000000054e+36
1.707050000000000007e+37
1.707050000000000007e+37
3.530679999999999857e+36
3.116580000000000176e+36
3.116580000000000176e+36
3.116580000000000176e+36
9.293959999999999788e+36
9.293959999999999788e+36
9.293959999999999788e+36
9.293959999999999788e+36
9.293959999999999788e+36
4.491999999999999619e+37
4.491999999999999619e+37
3.343910000000000181e+37
1.827979999999999889e+38
2.829860000000000050e+38
2.829860000000000050e+38
2.829860000000000050e+38
8.214509999999999860e+38
8.214509999999999860e+38
8.214509999999999860e+38
8.214509999999999860e+38
9.322220000000000724e+38
9.322220000000000724e+38
9.322220000000000724e+38
2.671650000000000136e+39
2.671650000000000136e+39
2.671650000000000136e+39
2.671650000000000136e+39
2.671650000000000136e+39
1.053680000000000060e+39
2.992069999999999982e+39
1.380950000000000039e+40
1.380950000000000039e+40
1.257339999999999980e+40
5.634719999999999879e+39
2.287889999999999895e+40
2.287889999999999895e+40
7.104769999999999959e+40
6.212110000000000061e+40
2.619490000000000116e+41
3.530180000000000148e+41
3.530180000000000148e+41
4.310589999999999946e+41
4.310589999999999946e+41
2.570890000000000146e+41
2.570890000000000146e+41
3.737589999999999628e+41
1.414670000000000023e+41
1.170160000000000019e+41
5.240880000000000386e+41
2.908689999999999822e+41
1.156539999999999919e+41
1.156539999999999919e+41
5.197670000000000006e+41
2.309989999999999905e+41
9.196349999999999737e+41
9.196349999999999737e+41
9.196349999999999737e+41
1.267569999999999988e+42
1.267569999999999988e+42
7.049910000000000610e+41
2.408520000000000030e+41
4.794999999999999975e+41
1.542979999999999940e+42
1.489429999999999911e+42
7.033689999999999987e+42
1.783229999999999952e+43
1.953049999999999954e+43
1.631139999999999969e+43
1.631139999999999969e+43
1.799240000000000050e+43
6.872989999999999734e+43
6.872989999999999734e+43
6.872989999999999734e+43
1.307049999999999946e+43
4.675920000000000216e+42
4.675920000000000216e+42
4.675920000000000216e+42
1.360879999999999983e+42
5.372030000000000101e+42
5.372030000000000101e+42
5.372030000000000101e+42
5.269440000000000185e+42
2.254830000000000116e+43
2.254830000000000116e+43
2.554070000000000083e+43
2.551419999999999758e+43
1.191220000000000085e+44
1.191220000000000085e+44
9.015159999999999318e+43
9.509140000000000777e+43
9.509140000000000777e+43
3.492910000000000038e+44
3.479939999999999988e+44
3.979239999999999662e+44
3.979239999999999662e+44
8.950870000000000632e+43
9.643790000000000949e+43
7.485470000000000133e+43
2.959059999999999993e+44
2.959059999999999993e+44
3.567549999999999948e+44
3.202450000000000151e+44
3.202450000000000151e+44
1.287859999999999983e+45
1.240290000000000023e+45
1.208219999999999989e+45
4.830660000000000142e+45
4.830660000000000142e+45
5.559720000000000311e+45
6.384139999999999610e+45
6.384139999999999610e+45
9.471639999999999675e+45
1.795609999999999990e+46
1.818290000000000056e+46
1.818290000000000056e+46
1.818290000000000056e+46
2.049469999999999918e+46
2.078810000000000062e+46
2.078810000000000062e+46
2.078810000000000062e+46
2.078810000000000062e+46
2.374189999999999977e+46
1.243290000000000041e+46
2.893209999999999917e+45
2.972619999999999857e+45
2.972619999999999857e+45
2.601810000000000031e+45
1.084560000000000078e+45
6.374739999999999624e+44
2.445749999999999844e+45
2.359930000000000140e+45
8.197140000000000367e+45
9.676500000000000336e+45
2.588999999999999919e+45
2.738049999999999843e+45
1.030770000000000046e+45
6.488759999999999921e+44
6.488759999999999921e+44
8.220409999999999803e+44
8.220409999999999803e+44
7.789940000000000059e+44
2.886299999999999843e+44
1.634069999999999986e+44
6.705580000000000200e+44
7.444819999999999228e+44
2.603650000000000143e+45
2.838359999999999914e+45
2.838359999999999914e+45
2.760840000000000022e+45
1.050890000000000005e+46
1.050890000000000005e+46
1.050890000000000005e+46
1.050890000000000005e+46
1.050890000000000005e+46
1.050890000000000005e+46
1.050890000000000005e+46
1.050890000000000005e+46
1.050890000000000005e+46
8.011300000000000156e+45
8.011300000000000156e+45
8.011300000000000156e+45
8.011300000000000156e+45
8.011300000000000156e+45
8.011300000000000156e+45
9.509369999999999959e+45
9.509369999999999959e+45
9.509369999999999959e+45
9.509369999999999959e+45
8.668400000000000337e+45
3.093630000000000061e+46
3.623089999999999921e+46
1.406210000000000037e+47
1.476579999999999985e+47
1.476579999999999985e+47
1.501250000000000034e+47
1.501250000000000034e+47
1.531570000000000088e+47
6.411550000000000202e+46
5.089609999999999626e+46
5.089609999999999626e+46
1.427310000000000051e+47
1.427310000000000051e+47
1.427310000000000051e+47
6.157119999999999940e+47
6.157119999999999940e+47
7.401949999999999781e+47
7.401949999999999781e+47
3.035679999999999800e+48
7.167000000000000333e+48
8.478280000000000525e+48
1.166280000000000036e+49
1.166280000000000036e+49
3.024600000000000098e+48
4.260839999999999994e+48
4.469369999999999842e+48
4.469369999999999842e+48
1.282219999999999971e+49
1.329449999999999894e+49
1.178120000000000102e+49
4.409000000000000064e+49
4.409000000000000064e+49
6.164259999999999751e+49
8.888810000000000040e+49
8.888810000000000040e+49
8.888810000000000040e+49
1.706859999999999902e+50
1.706859999999999902e+50
1.706859999999999902e+50
1.706859999999999902e+50
3.148080000000000081e+50
3.148080000000000081e+50
3.148080000000000081e+50
3.148080000000000081e+50
3.148080000000000081e+50
3.148080000000000081e+50
3.798620000000000075e+49
3.798620000000000075e+49
1.368160000000000101e+50
1.368160000000000101e+50
1.368160000000000101e+50
1.368160000000000101e+50
1.479569999999999922e+50
1.575830000000000065e+50
1.575830000000000065e+50
1.575830000000000065e+50
1.694859999999999918e+50
1.259350000000000067e+50
4.774210000000000165e+50
2.007479999999999880e+50
2.007479999999999880e+50
1.839459999999999968e+50
5.192410000000000355e+49
3.172950000000000000e+49
3.172950000000000000e+49
2.677900000000000057e+49
9.762999999999999412e+48
6.078310000000000230e+48
6.078310000000000230e+48
4.829240000000000067e+48
1.529850000000000120e+49
1.137499999999999983e+49
3.791190000000000159e+49
4.599940000000000161e+49
1.578090000000000090e+50
1.578090000000000090e+50
5.724599999999999811e+49
5.113410000000000164e+49
5.113410000000000164e+49
1.275700000000000012e+50
2.002139999999999797e+50
2.188580000000000081e+50
8.541760000000000561e+50
5.026770000000000016e+50
1.571269999999999876e+51
1.799269999999999952e+51
1.799269999999999952e+51
2.284449999999999925e+51
6.683320000000000332e+51
6.179309999999999429e+51
6.179309999999999429e+51
8.842930000000000321e+51
8.842930000000000321e+51
9.361930000000000296e+51
3.713390000000000141e+52
2.402330000000000256e+52
7.461439999999999869e+52
7.780350000000000330e+52
7.780350000000000330e+52
9.939290000000000846e+52
6.702590000000000189e+52
6.225149999999999506e+52
1.569999999999999883e+52
7.413060000000000471e+51
1.688010000000000129e+52
1.350430000000000132e+52
3.832759999999999830e+51
3.323920000000000064e+51
1.202830000000000089e+52
2.317399999999999993e+52
1.638639999999999934e+52
1.650790000000000057e+52
1.650790000000000057e+52
6.350909999999999824e+52
7.197300000000000101e+52
7.040309999999999817e+52
7.040309999999999817e+52
2.670379999999999902e+53
2.997440000000000027e+53
3.225210000000000091e+53
1.223689999999999999e+54
4.364770000000000131e+53
4.364770000000000131e+53
4.253019999999999815e+53
4.253019999999999815e+53
1.427529999999999927e+54
1.740849999999999993e+54
1.760779999999999831e+54
7.423730000000000305e+54
2.450550000000000125e+54
5.160029999999999822e+54
5.121610000000000065e+54
5.121610000000000065e+54
3.238210000000000314e+54
1.147249999999999946e+55
1.113119999999999974e+55
1.113119999999999974e+55
1.028010000000000050e+55
1.028010000000000050e+55
1.066130000000000050e+55
1.066130000000000050e+55
1.685739999999999946e+55
1.685739999999999946e+55
1.480289999999999885e+55
1.480289999999999885e+55
4.623979999999999837e+54
1.074309999999999989e+55
1.074309999999999989e+55
4.640310000000000012e+55
1.681760000000000001e+55
4.510219999999999758e+55
5.003090000000000537e+55
1.133199999999999963e+55
4.166130000000000123e+54
1.103659999999999940e+55
1.068429999999999998e+55
1.068429999999999998e+55
1.068429999999999998e+55
1.611860000000000117e+55
1.611860000000000117e+55
1.611860000000000117e+55
1.611860000000000117e+55
2.052710000000000110e+55
2.397649999999999963e+55
2.397649999999999963e+55
2.397649999999999963e+55
2.213109999999999943e+55
1.296139999999999957e+55
1.296139999999999957e+55
1.296139999999999957e+55
1.296139999999999957e+55
2.730560000000000189e+55
2.730560000000000189e+55
2.730560000000000189e+55
2.325839999999999951e+55
2.567420000000000039e+55
6.063609999999999697e+54
6.063609999999999697e+54
6.063609999999999697e+54
1.213140000000000045e+55
1.070649999999999966e+55
1.070649999999999966e+55
1.070649999999999966e+55
1.070649999999999966e+55
1.056060000000000012e+55
3.702660000000000115e+54
2.999709999999999949e+54
8.650210000000000320e+53
1.005549999999999997e+54
3.726039999999999876e+53
3.656460000000000101e+53
3.656460000000000101e+53
2.586440000000000168e+53
1.247680000000000061e+53
8.571000000000000016e+52
8.571000000000000016e+52
8.571000000000000016e+52
2.036479999999999945e+53
1.909070000000000074e+53
1.909070000000000074e+53
2.841929999999999968e+53
8.153839999999999342e+53
8.341960000000000425e+53
8.341960000000000425e+53
9.962970000000000193e+53
4.840640000000000168e+53
4.244849999999999891e+53
1.586619999999999952e+53
1.022109999999999970e+53
3.731600000000000051e+52
3.237090000000000069e+52
1.213059999999999928e+53
7.861810000000000508e+52
7.861810000000000508e+52
8.357010000000000062e+52
8.357010000000000062e+52
7.337430000000000400e+52
7.337430000000000400e+52
6.763650000000000082e+52
6.763650000000000082e+52
6.143210000000000135e+52
2.565760000000000088e+53
2.814980000000000094e+53
2.814980000000000094e+53
2.847460000000000181e+53
2.847460000000000181e+53
4.473459999999999766e+53
3.407859999999999824e+53
3.262340000000000061e+53
7.596000000000000289e+52
7.596000000000000289e+52
8.068630000000000080e+52
8.068630000000000080e+52
8.068630000000000080e+52
3.987189999999999763e+52
2.404450000000000150e+52
2.243399999999999908e+52
5.362680000000000060e+51
2.197989999999999973e+51
5.035889999999999813e+51
5.461420000000000315e+51
5.461420000000000315e+51
4.973199999999999800e+51
1.719039999999999900e+52
1.719039999999999900e+52
1.719039999999999900e+52
1.759370000000000129e+52
8.245160000000000101e+51
8.245160000000000101e+51
8.245160000000000101e+51
8.245160000000000101e+51
6.631969999999999875e+51
7.079119999999999942e+51
7.079119999999999942e+51
7.079119999999999942e+51
6.788189999999999925e+51
6.577879999999999370e+51
1.730320000000000155e+51
1.730320000000000155e+51
1.729940000000000129e+51
2.119630000000000036e+51
2.119630000000000036e+51
2.119630000000000036e+51
2.099309999999999949e+51
3.918889999999999672e+51
4.235709999999999722e+51
1.032369999999999939e+51
1.320309999999999995e+51
1.320309999999999995e+51
1.405640000000000018e+51
6.493729999999999857e+50
2.010559999999999856e+51
4.666969999999999736e+50
4.666969999999999736e+50
6.661920000000000065e+50
4.122659999999999916e+50
4.122659999999999916e+50
4.361170000000000111e+50
1.552209999999999998e+51
1.437909999999999966e+51
4.801589999999999689e+50
6.347280000000000008e+50
6.347280000000000008e+50
9.960680000000000199e+50
1.824460000000000164e+51
1.508909999999999974e+51
6.188479999999999641e+51
6.188479999999999641e+51
6.188479999999999641e+51
5.941939999999999811e+51
5.941939999999999811e+51
5.631770000000000218e+51
1.898179999999999988e+52
1.833710000000000041e+52
1.833710000000000041e+52
2.221299999999999954e+52
2.221299999999999954e+52
2.197299999999999869e+52
2.197299999999999869e+52
2.233640000000000090e+52
5.344849999999999777e+51
5.791409999999999838e+51
1.466750000000000027e+51
1.531909999999999878e+51
1.531909999999999878e+51
1.594650000000000139e+51
1.594650000000000139e+51
1.594650000000000139e+51
1.594650000000000139e+51
1.637000000000000098e+51
4.093009999999999886e+50
2.888480000000000095e+50
2.888480000000000095e+50
2.261480000000000137e+50
2.261480000000000137e+50
2.261480000000000137e+50
8.738169999999999629e+49
2.094639999999999892e+49
2.094639999999999892e+49
9.434109999999999152e+49
9.434109999999999152e+49
9.434109999999999152e+49
2.258640000000000059e+49
2.258640000000000059e+49
2.258640000000000059e+49
2.258640000000000059e+49
2.258640000000000059e+49
2.247959999999999892e+49
5.423950000000000049e+49
5.688930000000000176e+49
5.688930000000000176e+49
5.688930000000000176e+49
1.678439999999999925e+50
1.661230000000000095e+50
1.661230000000000095e+50
1.780419999999999970e+50
1.780419999999999970e+50
1.815130000000000097e+50
4.982580000000000199e+49
4.779500000000000125e+49
1.939859999999999926e+50
2.042870000000000152e+50
7.414289999999999526e+49
6.815660000000000045e+49
6.815660000000000045e+49
6.432839999999999852e+49
3.875180000000000191e+49
5.661990000000000245e+49
5.661990000000000245e+49
4.206679999999999835e+49
4.206679999999999835e+49
4.357029999999999881e+49
1.038199999999999993e+49
1.129059999999999994e+49
1.129059999999999994e+49
1.112799999999999970e+49
1.112799999999999970e+49
8.504629999999999921e+48
3.274299999999999946e+48
8.357169999999999557e+47
7.614570000000000579e+47
7.614570000000000579e+47
7.614570000000000579e+47
7.614570000000000579e+47
7.614570000000000579e+47
7.614570000000000579e+47
3.049039999999999945e+48
1.528600000000000013e+48
1.528600000000000013e+48
1.528600000000000013e+48
1.528600000000000013e+48
3.163259999999999904e+48
3.163259999999999904e+48
3.163259999999999904e+48
3.163259999999999904e+48
3.981930000000000098e+48
1.105430000000000030e+48
1.105430000000000030e+48
1.105430000000000030e+48
8.304410000000000498e+47
8.304410000000000498e+47
8.304410000000000498e+47
3.522849999999999961e+48
3.522849999999999961e+48
3.522849999999999961e+48
3.522849999999999961e+48
1.493429999999999927e+49
1.493429999999999927e+49
1.493429999999999927e+49
1.493429999999999927e+49
1.493429999999999927e+49
1.493429999999999927e+49
1.493429999999999927e+49
2.436990000000000051e+49
2.436990000000000051e+49
3.406099999999999980e+49
1.312490000000000008e+50
1.144770000000000006e+50
3.528350000000000196e+49
3.884660000000000193e+49
3.884660000000000193e+49
3.461849999999999773e+49
1.038700000000000062e+49
1.136290000000000012e+49
3.118099999999999941e+48
2.779299999999999880e+48
2.779299999999999880e+48
2.215760000000000084e+48
2.215760000000000084e+48
2.813679999999999857e+48
2.813679999999999857e+48
2.741739999999999986e+48
7.803130000000000090e+47
4.703380000000000069e+47
4.703380000000000069e+47
5.413460000000000395e+47
5.413460000000000395e+47
3.919180000000000092e+47
1.288730000000000020e+47
1.082539999999999950e+47
4.464499999999999791e+47
2.507780000000000171e+47
8.412690000000000551e+47
9.210580000000000362e+47
9.210580000000000362e+47
1.475920000000000122e+48
3.902430000000000228e+48
4.228820000000000275e+48
4.228820000000000275e+48
3.258240000000000080e+48
1.258410000000000016e+49
1.328049999999999961e+49
1.328049999999999961e+49
1.328049999999999961e+49
1.328049999999999961e+49
1.279060000000000057e+49
1.279060000000000057e+49
1.243580000000000124e+49
4.103009999999999960e+48
3.391150000000000071e+48
8.527650000000000352e+47
9.891089999999999520e+47
9.891089999999999520e+47
1.145259999999999944e+48
1.145259999999999944e+48
1.105790000000000015e+48
1.105790000000000015e+48
9.560710000000000484e+47
9.560710000000000484e+47
9.931540000000000525e+47
2.885530000000000057e+47
2.456919999999999994e+47
2.456919999999999994e+47
2.729360000000000024e+47
2.729360000000000024e+47
2.650370000000000078e+47
6.605000000000000286e+46
8.194859999999999995e+46
8.194859999999999995e+46
8.792519999999999595e+46
3.150499999999999882e+46
2.771050000000000046e+46
7.154759999999999461e+45
5.248319999999999774e+45
5.248319999999999774e+45
4.962119999999999873e+45
2.031060000000000016e+45
2.258349999999999986e+45
2.258349999999999986e+45
2.957749999999999788e+45
3.351479999999999815e+45
3.409580000000000087e+45
1.303600000000000013e+46
4.367830000000000008e+46
4.833339999999999493e+46
5.182499999999999897e+46
5.182499999999999897e+46
5.182499999999999897e+46
5.380419999999999571e+46
5.332230000000000280e+46
5.332230000000000280e+46
1.272379999999999999e+46
1.226850000000000084e+46
1.193759999999999933e+46
4.525989999999999720e+45
4.525989999999999720e+45
4.497200000000000265e+45
3.138599999999999807e+45
3.138599999999999807e+45
3.138599999999999807e+45
3.160070000000000284e+45
4.467539999999999897e+45
2.907199999999999974e+45
2.907199999999999974e+45
2.785000000000000155e+45
1.000540000000000061e+46
1.040470000000000059e+46
1.040470000000000059e+46
1.065539999999999976e+46
1.065539999999999976e+46
1.334190000000000075e+46
9.294109999999999961e+45
9.294109999999999961e+45
9.294109999999999961e+45
9.294109999999999961e+45
1.015629999999999975e+46
7.838609999999999559e+45
3.084490000000000122e+46
2.094660000000000015e+46
5.788489999999999714e+46
4.717910000000000245e+46
1.245250000000000063e+46
1.245250000000000063e+46
4.579670000000000083e+46
4.579670000000000083e+46
4.579670000000000083e+46
6.136270000000000366e+46
6.136270000000000366e+46
3.656369999999999829e+46
3.656369999999999829e+46
4.525959999999999758e+46
4.525959999999999758e+46
5.467599999999999813e+46
5.467599999999999813e+46
4.900510000000000301e+46
1.877840000000000192e+47
1.759800000000000082e+47
7.250020000000000394e+47
7.879819999999999639e+47
3.122240000000000249e+48
2.964989999999999776e+48
2.964989999999999776e+48
2.948400000000000032e+48
7.951700000000000541e+47
8.660760000000000046e+47
8.660760000000000046e+47
1.110159999999999998e+48
1.110159999999999998e+48
1.059139999999999945e+48
1.059139999999999945e+48
1.410659999999999998e+48
1.638040000000000160e+48
1.655940000000000019e+48
1.655940000000000019e+48
1.655940000000000019e+48
1.639330000000000077e+48
1.295889999999999964e+48
5.338959999999999751e+48
1.497220000000000123e+48
2.569120000000000130e+48
2.404920000000000001e+48
2.404920000000000001e+48
5.048589999999999971e+48
4.549600000000000266e+48
5.523359999999999729e+48
2.008480000000000018e+49
6.108299999999999864e+48
1.247570000000000087e+49
1.557580000000000093e+49
7.144289999999999879e+48
7.144289999999999879e+48
7.144289999999999879e+48
2.253860000000000052e+49
2.086470000000000005e+49
1.773989999999999984e+49
1.773989999999999984e+49
1.773989999999999984e+49
1.803380000000000056e+49
2.182779999999999909e+49
2.182779999999999909e+49
5.115739999999999770e+48
6.053530000000000595e+48
1.153760000000000006e+49
9.911569999999999863e+48
3.451330000000000017e+48
9.070719999999999742e+48
9.070719999999999742e+48
8.912089999999999598e+48
6.581020000000000315e+48
2.789829999999999896e+49
2.789829999999999896e+49
2.845870000000000053e+49
2.808530000000000254e+49
2.808530000000000254e+49
6.503910000000000188e+48
6.769919999999999612e+48
7.227410000000000116e+48
7.227410000000000116e+48
1.718300000000000069e+48
4.529500000000000106e+48
7.955049999999999703e+48
1.009710000000000045e+49
1.696480000000000062e+49
3.337299999999999890e+49
3.337299999999999890e+49
3.337299999999999890e+49
3.402799999999999917e+49
3.402799999999999917e+49
3.402799999999999917e+49
3.563709999999999854e+49
5.159569999999999745e+49
3.967729999999999838e+49
3.967729999999999838e+49
3.924610000000000155e+49
3.924610000000000155e+49
3.436840000000000172e+49
3.436840000000000172e+49
2.964239999999999997e+49
2.964239999999999997e+49
2.964239999999999997e+49
8.289760000000000112e+48
8.331890000000000503e+48
2.729680000000000019e+48
2.531830000000000143e+48
6.572380000000000038e+47
8.442080000000000428e+47
2.495650000000000162e+47
3.325820000000000149e+47
9.459729999999999485e+46
9.459729999999999485e+46
2.686989999999999859e+47
3.450460000000000109e+47
8.151210000000000256e+47
8.151210000000000256e+47
2.450260000000000119e+47
2.065760000000000118e+47
7.223689999999999533e+46
1.725160000000000094e+47
1.725160000000000094e+47
1.725160000000000094e+47
3.619990000000000044e+47
2.838330000000000155e+47
2.838330000000000155e+47
2.608369999999999996e+47
6.699570000000000430e+46
9.002409999999999890e+46
3.640389999999999840e+47
3.579060000000000060e+47
1.191800000000000064e+47
2.641909999999999875e+47
2.641909999999999875e+47
2.664949999999999936e+47
7.707739999999999274e+47
9.862159999999999966e+47
9.862159999999999966e+47
7.952829999999999852e+47
7.952829999999999852e+47
1.805799999999999901e+47
1.805799999999999901e+47
1.805799999999999901e+47
1.805799999999999901e+47
9.182079999999999698e+47
9.182079999999999698e+47
8.692060000000000769e+47
2.838039999999999969e+47
2.838039999999999969e+47
6.167169999999999777e+46
3.367939999999999873e+46
9.838310000000000183e+46
9.503470000000000682e+46
9.503470000000000682e+46
8.795299999999999579e+46
2.738160000000000095e+47
2.733640000000000010e+47
2.733640000000000010e+47
2.453869999999999900e+47
1.021519999999999945e+48
1.015489999999999962e+48
4.186150000000000394e+47
4.030839999999999765e+47
4.030839999999999765e+47
7.871929999999999466e+47
7.908749999999999194e+47
1.079009999999999944e+48
1.079009999999999944e+48
7.579229999999999561e+47
7.579229999999999561e+47
7.278089999999999733e+47
2.981480000000000155e+48
2.327859999999999882e+48
7.435100000000000108e+48
7.731289999999999907e+48
7.731289999999999907e+48
8.383349999999999383e+48
1.949580000000000117e+49
1.917699999999999899e+49
5.264540000000000058e+48
6.185260000000000295e+48
2.319489999999999902e+49
2.400590000000000251e+49
2.400590000000000251e+49
2.400590000000000251e+49
9.191979999999999888e+49
5.880230000000000062e+49
5.880230000000000062e+49
5.880230000000000062e+49
2.342140000000000114e+50
2.342140000000000114e+50
6.343999999999999869e+49
8.233679999999999949e+49
1.960730000000000024e+49
1.960730000000000024e+49
1.960730000000000024e+49
1.960730000000000024e+49
1.960730000000000024e+49
1.960730000000000024e+49
1.960730000000000024e+49
1.960730000000000024e+49
1.960730000000000024e+49
1.960730000000000024e+49
1.960730000000000024e+49
1.157130000000000014e+49
1.157130000000000014e+49
1.157130000000000014e+49
1.157130000000000014e+49
1.157130000000000014e+49
2.936340000000000065e+48
4.549379999999999717e+48
1.760850000000000129e+49
1.760850000000000129e+49
1.760850000000000129e+49
1.223080000000000038e+49
4.733930000000000300e+49
8.053289999999999676e+49
3.129119999999999869e+50
3.129119999999999869e+50
3.129119999999999869e+50
3.129119999999999869e+50
3.129119999999999869e+50
3.643829999999999990e+50
3.643829999999999990e+50
2.642139999999999929e+50
8.208499999999999221e+50
6.047670000000000285e+50
6.047670000000000285e+50
1.270279999999999980e+51
1.270279999999999980e+51
1.270279999999999980e+51
5.200930000000000330e+51
2.334020000000000049e+51
2.334020000000000049e+51
2.334020000000000049e+51
2.334020000000000049e+51
5.044260000000000039e+51
1.568089999999999902e+51
1.637899999999999915e+51
1.637899999999999915e+51
1.365149999999999925e+51
4.376699999999999606e+50
4.376699999999999606e+50
4.376699999999999606e+50
3.181490000000000107e+50
3.181490000000000107e+50
2.881359999999999845e+50
7.485809999999999989e+49
7.021809999999999696e+49
7.021809999999999696e+49
1.350160000000000021e+50
2.742729999999999901e+50
3.045399999999999965e+50
1.351569999999999978e+51
1.027770000000000025e+51
1.027770000000000025e+51
9.933930000000000282e+50
1.946650000000000066e+50
2.119440000000000023e+50
2.643720000000000016e+50
2.590749999999999955e+50
2.590749999999999955e+50
2.590749999999999955e+50
2.590749999999999955e+50
2.590749999999999955e+50
2.590749999999999955e+50
2.590749999999999955e+50
2.939329999999999813e+50
3.051709999999999831e+50
8.689419999999999706e+50
1.313019999999999990e+50
1.313019999999999990e+50
2.006000000000000041e+50
8.048239999999999646e+50
3.794710000000000289e+51
3.987059999999999782e+51
3.702710000000000008e+51
1.265339999999999972e+51
1.265339999999999972e+51
1.331140000000000076e+51
1.331140000000000076e+51
6.647920000000000326e+50
6.647920000000000326e+50
6.434409999999999665e+50
6.434409999999999665e+50
6.434409999999999665e+50
6.434409999999999665e+50
3.893870000000000171e+50
1.887960000000000145e+51
1.725299999999999949e+51
1.725299999999999949e+51
1.962499999999999854e+51
1.962499999999999854e+51
1.841849999999999857e+51
6.357989999999999625e+51
5.185290000000000023e+51
5.185290000000000023e+51
5.951030000000000156e+51
5.951030000000000156e+51
5.951030000000000156e+51
2.699410000000000109e+52
2.649629999999999873e+52
2.649629999999999873e+52
2.830469999999999896e+52
6.724989999999999772e+51
7.768059999999999512e+51
7.768059999999999512e+51
6.966170000000000632e+51
6.966170000000000632e+51
6.123449999999999572e+51
2.069350000000000108e+51
1.760319999999999929e+51
1.760319999999999929e+51
1.436839999999999936e+51
5.444800000000000326e+51
5.809680000000000046e+51
5.809680000000000046e+51
5.656429999999999992e+51
1.787890000000000130e+51
1.787890000000000130e+51
1.787890000000000130e+51
1.875619999999999943e+51
7.451110000000000344e+50
7.451110000000000344e+50
2.975780000000000131e+51
3.015430000000000307e+51
3.015430000000000307e+51
3.906440000000000319e+51
3.906440000000000319e+51
2.577100000000000043e+51
2.577100000000000043e+51
3.084419999999999704e+51
8.071970000000000317e+50
8.071970000000000317e+50
8.071970000000000317e+50
5.494999999999999890e+50
5.494999999999999890e+50
5.494999999999999890e+50
1.537970000000000039e+50
1.537970000000000039e+50
1.537970000000000039e+50
1.634710000000000041e+50
6.117510000000000414e+49
7.626990000000000011e+49
7.626990000000000011e+49
3.491399999999999866e+49
9.926439999999999241e+49
9.529359999999999040e+49
9.529359999999999040e+49
7.892839999999999673e+49
7.892839999999999673e+49
7.753409999999999826e+49
7.753409999999999826e+49
5.151279999999999842e+49
1.899179999999999903e+50
1.917279999999999815e+50
1.917279999999999815e+50
1.691370000000000049e+50
6.834289999999999731e+50
6.368430000000000195e+50
6.368430000000000195e+50
6.310739999999999591e+50
6.310739999999999591e+50
1.844659999999999954e+50
2.602120000000000126e+50
4.416839999999999790e+50
1.818119999999999850e+51
1.818119999999999850e+51
1.825979999999999936e+51
1.825979999999999936e+51
1.825979999999999936e+51
5.457960000000000313e+50
9.266489999999999813e+50
9.337989999999999313e+50
9.337989999999999313e+50
9.337989999999999313e+50
2.528309999999999938e+51
2.806660000000000156e+51
2.806660000000000156e+51
2.897029999999999853e+51
2.897029999999999853e+51
2.897029999999999853e+51
2.897029999999999853e+51
2.758569999999999872e+51
2.758569999999999872e+51
2.758569999999999872e+51
5.832839999999999682e+51
4.327930000000000298e+51
4.327930000000000298e+51
4.817169999999999764e+51
4.817169999999999764e+51
4.817169999999999764e+51
4.817169999999999764e+51
4.695300000000000155e+51
2.059410000000000060e+52
1.614859999999999879e+52
1.689239999999999989e+52
1.689239999999999989e+52
1.689239999999999989e+52
1.689239999999999989e+52
1.847199999999999907e+52
1.656109999999999892e+52
1.656109999999999892e+52
3.631039999999999797e+51
3.819500000000000176e+51
4.570450000000000236e+51
4.570450000000000236e+51
1.533570000000000079e+51
3.385750000000000192e+51
3.712800000000000002e+51
2.265669999999999909e+51
2.394300000000000123e+51
1.028520000000000060e+52
1.028520000000000060e+52
1.284150000000000103e+52
1.333279999999999903e+52
1.333279999999999903e+52
1.333279999999999903e+52
1.136410000000000029e+52
1.139719999999999984e+52
1.139719999999999984e+52
1.139719999999999984e+52
1.299770000000000045e+52
1.413699999999999968e+52
5.457540000000000454e+52
1.894590000000000051e+53
1.755269999999999920e+53
1.577959999999999961e+53
1.577959999999999961e+53
4.525120000000000299e+53
6.908899999999999861e+53
6.908899999999999861e+53
2.589579999999999928e+54
2.589579999999999928e+54
2.206599999999999987e+54
2.853680000000000157e+54
2.853680000000000157e+54
1.203199999999999992e+55
5.962169999999999735e+54
1.505180000000000076e+54
2.004999999999999955e+54
4.970980000000000207e+53
4.970980000000000207e+53
5.319979999999999918e+53
1.903910000000000162e+54
1.903910000000000162e+54
1.903910000000000162e+54
1.903910000000000162e+54
5.330839999999999882e+53
1.193719999999999963e+53
1.193719999999999963e+53
7.407710000000000089e+52
1.563749999999999923e+53
4.663609999999999898e+52
4.334980000000000084e+52
4.334980000000000084e+52
4.392750000000000255e+52
4.392750000000000255e+52
4.189609999999999816e+52
4.189609999999999816e+52
4.131359999999999920e+52
4.131359999999999920e+52
4.305309999999999889e+52
4.305309999999999889e+52
4.419929999999999915e+52
4.419929999999999915e+52
4.817259999999999812e+52
1.832920000000000026e+53
1.740480000000000032e+53
5.519090000000000202e+53
4.063210000000000149e+53
4.063210000000000149e+53
5.974810000000000319e+53
5.974810000000000319e+53
5.974810000000000319e+53
1.496520000000000041e+53
1.202489999999999995e+53
1.202489999999999995e+53
1.202489999999999995e+53
1.202489999999999995e+53
1.494639999999999957e+53
5.650150000000000201e+53
6.747969999999999630e+53
6.747969999999999630e+53
6.740119999999999593e+53
6.740119999999999593e+53
5.924430000000000186e+53
5.924430000000000186e+53
5.722949999999999750e+53
5.722949999999999750e+53
5.722949999999999750e+53
1.747829999999999979e+53
1.517879999999999989e+53
1.517879999999999989e+53
1.744589999999999946e+53
7.315289999999999716e+52
5.587099999999999970e+52
5.587099999999999970e+52
5.587099999999999970e+52
1.568629999999999912e+53
1.617289999999999903e+53
4.529110000000000042e+52
3.912279999999999811e+52
1.074450000000000053e+52
1.404289999999999894e+52
1.404289999999999894e+52
1.393580000000000010e+52
4.806270000000000133e+51
1.001439999999999966e+52
1.001439999999999966e+52
1.001439999999999966e+52
2.771310000000000133e+52
1.718000000000000052e+52
6.914050000000000473e+52
6.914050000000000473e+52
6.914050000000000473e+52
6.914050000000000473e+52
1.730649999999999999e+52
1.107930000000000028e+52
1.107930000000000028e+52
1.107930000000000028e+52
1.107930000000000028e+52
1.107930000000000028e+52
1.107930000000000028e+52
4.064530000000000217e+52
1.028010000000000053e+52
1.028010000000000053e+52
2.443239999999999976e+51
1.023049999999999980e+51
3.827999999999999852e+51
3.827999999999999852e+51
3.827999999999999852e+51
3.827999999999999852e+51
3.827999999999999852e+51
6.201060000000000437e+51
1.543929999999999953e+51
1.543929999999999953e+51
3.835819999999999673e+50
2.347109999999999822e+50
2.347109999999999822e+50
2.347109999999999822e+50
6.974199999999999851e+49
6.974199999999999851e+49
6.974199999999999851e+49
1.689370000000000087e+50
1.689370000000000087e+50
1.878249999999999927e+50
1.878249999999999927e+50
1.878249999999999927e+50
1.878249999999999927e+50
1.603030000000000057e+50
1.603030000000000057e+50
1.792430000000000021e+50
1.792430000000000021e+50
1.792430000000000021e+50
4.371500000000000243e+49
4.080559999999999931e+49
1.640899999999999942e+50
1.640899999999999942e+50
1.640899999999999942e+50
4.459639999999999741e+49
1.588400000000000089e+50
1.588400000000000089e+50
1.588400000000000089e+50
1.588400000000000089e+50
1.588400000000000089e+50
1.588400000000000089e+50
8.001309999999999739e+50
8.001309999999999739e+50
8.001309999999999739e+50
1.288389999999999958e+51
1.288389999999999958e+51
2.927720000000000129e+51
2.927720000000000129e+51
4.747569999999999731e+51
4.755060000000000106e+51
4.755060000000000106e+51
1.921709999999999998e+52
1.921709999999999998e+52
1.833209999999999951e+52
2.117390000000000077e+52
2.117390000000000077e+52
2.117390000000000077e+52
1.028049999999999986e+52
1.028049999999999986e+52
1.028049999999999986e+52
1.028049999999999986e+52
1.028049999999999986e+52
1.234239999999999886e+52
7.727060000000000275e+50
7.727060000000000275e+50
5.717049999999999827e+51
1.468779999999999940e+52
1.332899999999999877e+52
1.332899999999999877e+52
1.201599999999999962e+52
3.030170000000000132e+51
3.568349999999999784e+51
1.104920000000000001e+51
8.497909999999999466e+50
8.497909999999999466e+50
1.034219999999999988e+51
3.241489999999999821e+50
2.298400000000000164e+50
9.841710000000000536e+49
9.841710000000000536e+49
3.034540000000000163e+49
2.140589999999999899e+49
1.103359999999999974e+49
1.844430000000000039e+49
1.844430000000000039e+49
1.741530000000000075e+49
1.741530000000000075e+49
3.216360000000000048e+49
3.216360000000000048e+49
3.129979999999999753e+49
2.258069999999999916e+49
2.258069999999999916e+49
2.258069999999999916e+49
2.359159999999999826e+49
1.738820000000000028e+49
5.325539999999999987e+49
5.325539999999999987e+49
6.697870000000000310e+49
9.609460000000000291e+49
9.609460000000000291e+49
9.609460000000000291e+49
6.673850000000000001e+49
3.382099999999999803e+49
5.118379999999999872e+49
1.765719999999999953e+50
2.256210000000000102e+50
1.304429999999999967e+50
2.162149999999999792e+50
1.196429999999999900e+50
1.196429999999999900e+50
7.459769999999999793e+49
1.324810000000000036e+50
2.531100000000000069e+50
1.583829999999999916e+50
1.565119999999999907e+50
1.565119999999999907e+50
6.019550000000000011e+50
5.870930000000000318e+50
5.176459999999999738e+50
1.916210000000000200e+50
4.804750000000000278e+49
4.374000000000000197e+49
2.706009999999999953e+49
2.706009999999999953e+49
2.706009999999999953e+49
2.825949999999999917e+49
5.727980000000000404e+49
7.042760000000000428e+49
2.262330000000000110e+49
1.522000000000000016e+49
1.522000000000000016e+49
1.407500000000000019e+49
7.184949999999999874e+49
8.037110000000000443e+49
3.206679999999999758e+49
3.758939999999999825e+49
1.844319999999999985e+50
1.733330000000000041e+50
1.733330000000000041e+50
2.117299999999999963e+50
2.117299999999999963e+50
2.307670000000000124e+50
1.061850000000000005e+50
1.520869999999999900e+50
1.520869999999999900e+50
1.520869999999999900e+50
7.790420000000000034e+49
1.291750000000000045e+50
1.291750000000000045e+50
1.494720000000000013e+50
9.649719999999999192e+49
2.545580000000000082e+50
2.545580000000000082e+50
2.697469999999999846e+50
2.306220000000000068e+50
2.306220000000000068e+50
2.306220000000000068e+50
2.367020000000000099e+50
3.403670000000000075e+50
7.444509999999999802e+50
7.444509999999999802e+50
7.341209999999999732e+50
1.443179999999999918e+51
1.943269999999999929e+51
4.763690000000000228e+50
5.174059999999999617e+50
5.174059999999999617e+50
7.550350000000000092e+50
7.550350000000000092e+50
7.353129999999999809e+50
3.877430000000000045e+50
3.877430000000000045e+50
3.877430000000000045e+50
3.766589999999999849e+50
2.294890000000000163e+50
1.355400000000000065e+50
3.354199999999999741e+49
3.222470000000000042e+49
1.174999999999999934e+49
1.174999999999999934e+49
1.174999999999999934e+49
1.284009999999999892e+49
1.284009999999999892e+49
1.790789999999999952e+49
1.790789999999999952e+49
1.790789999999999952e+49
1.790789999999999952e+49
3.183019999999999759e+49
3.183019999999999759e+49
3.199910000000000063e+49
6.873320000000000035e+49
1.194779999999999973e+50
1.194779999999999973e+50
1.228939999999999985e+50
3.231700000000000152e+50
2.602219999999999958e+50
2.602219999999999958e+50
2.650849999999999916e+50
2.650849999999999916e+50
4.016439999999999600e+50
2.333659999999999989e+50
2.284309999999999828e+50
2.284309999999999828e+50
7.021150000000000514e+49
1.486749999999999946e+50
1.469530000000000050e+50
1.469530000000000050e+50
8.643519999999999564e+49
8.643519999999999564e+49
7.121700000000000221e+49
7.121700000000000221e+49
7.121700000000000221e+49
1.457299999999999996e+50
8.508900000000000441e+49
8.508900000000000441e+49
6.091729999999999863e+49
6.091729999999999863e+49
9.813230000000000784e+49
9.813230000000000784e+49
9.813230000000000784e+49
7.923429999999999909e+49
9.482049999999999107e+49
9.482049999999999107e+49
1.905900000000000097e+49
1.158999999999999946e+49
1.158999999999999946e+49
1.158999999999999946e+49
1.158999999999999946e+49
2.942640000000000150e+49
1.747699999999999948e+49
1.747699999999999948e+49
1.747699999999999948e+49
1.820719999999999968e+49
2.503840000000000198e+49
1.096879999999999968e+50
5.359230000000000207e+50
5.093970000000000094e+50
6.302300000000000147e+50
2.970289999999999802e+50
2.970289999999999802e+50
2.687160000000000055e+50
1.268150000000000069e+51
1.411270000000000030e+51
5.535109999999999791e+51
6.119149999999999486e+51
6.119149999999999486e+51
6.967139999999999999e+51
2.782969999999999816e+52
2.919920000000000008e+52
2.919920000000000008e+52
3.501200000000000087e+52
3.501200000000000087e+52
3.825229999999999920e+52
8.760409999999999398e+51
2.471430000000000199e+52
8.856119999999999760e+51
5.985729999999999677e+51
4.798200000000000067e+51
4.798200000000000067e+51
4.798200000000000067e+51
4.651289999999999994e+51
3.749440000000000251e+51
3.749440000000000251e+51
3.749440000000000251e+51
3.736679999999999757e+51
2.676530000000000136e+51
1.066969999999999993e+52
1.066969999999999993e+52
1.070419999999999978e+52
1.494649999999999873e+52
7.756890000000000002e+51
7.756890000000000002e+51
8.029870000000000603e+51
2.849749999999999869e+51
7.337750000000000394e+51
7.337750000000000394e+51
7.774099999999999997e+51
5.807960000000000278e+51
2.353269999999999873e+52
2.353269999999999873e+52
2.260970000000000096e+52
2.192309999999999945e+52
2.192309999999999945e+52
5.161159999999999691e+51
5.690390000000000090e+51
6.064619999999999720e+51
6.064619999999999720e+51
1.600260000000000018e+51
2.642960000000000047e+51
3.620410000000000044e+51
1.017490000000000050e+52
1.017490000000000050e+52
7.204070000000000357e+51
8.545509999999999577e+51
2.086469999999999922e+51
9.100580000000000426e+51
8.704439999999999393e+51
1.009199999999999955e+52
1.009199999999999955e+52
1.009199999999999955e+52
7.626670000000000133e+51
1.365660000000000131e+52
1.365660000000000131e+52
1.365660000000000131e+52
1.365660000000000131e+52
1.365660000000000131e+52
1.354089999999999965e+52
1.354089999999999965e+52
1.049189999999999958e+52
1.049189999999999958e+52
7.321049999999999874e+51
1.927179999999999913e+52
4.660489999999999823e+52
1.236699999999999874e+52
1.186209999999999966e+52
1.186209999999999966e+52
1.186209999999999966e+52
1.186209999999999966e+52
1.186209999999999966e+52
4.994849999999999780e+52
4.994849999999999780e+52
1.279789999999999932e+53
2.440829999999999985e+53
2.440829999999999985e+53
2.440829999999999985e+53
2.440829999999999985e+53
1.293519999999999926e+53
1.293519999999999926e+53
1.293519999999999926e+53
5.461080000000000116e+53
5.461080000000000116e+53
2.127889999999999859e+54
3.198289999999999733e+54
3.198289999999999733e+54
3.198289999999999733e+54
1.347689999999999990e+55
8.162189999999999596e+54
8.162189999999999596e+54
8.162189999999999596e+54
1.997749999999999941e+54
1.997749999999999941e+54
1.997749999999999941e+54
1.997749999999999941e+54
1.997749999999999941e+54
3.340690000000000293e+54
3.340690000000000293e+54
3.340690000000000293e+54
3.340690000000000293e+54
3.340690000000000293e+54
1.241699999999999865e+55
1.597029999999999950e+55
1.597029999999999950e+55
1.138979999999999944e+55
1.138979999999999944e+55
1.231930000000000128e+55
1.231930000000000128e+55
1.231930000000000128e+55
1.231930000000000128e+55
1.164710000000000065e+55
2.765630000000000170e+54
2.765630000000000170e+54
2.765630000000000170e+54
2.125139999999999936e+54
2.125139999999999936e+54
2.125139999999999936e+54
8.959960000000000698e+53
8.959960000000000698e+53
8.959960000000000698e+53
5.641450000000000118e+53
1.604750000000000103e+54
8.192350000000000795e+53
8.192350000000000795e+53
1.153370000000000048e+54
1.153370000000000048e+54
1.153370000000000048e+54
1.153370000000000048e+54
9.190119999999999258e+53
3.143869999999999976e+53
3.143869999999999976e+53
3.143869999999999976e+53
3.143869999999999976e+53
5.583800000000000011e+53
5.583800000000000011e+53
2.204789999999999936e+54
5.590320000000000084e+54
7.484179999999999556e+54
1.069160000000000041e+55
4.537679999999999882e+55
4.537679999999999882e+55
6.800620000000000074e+55
4.179920000000000272e+55
4.179920000000000272e+55
4.529930000000000229e+55
4.529930000000000229e+55
1.717269999999999914e+56
1.717269999999999914e+56
6.135379999999999569e+56
6.135379999999999569e+56
6.135379999999999569e+56
6.135379999999999569e+56
2.526820000000000074e+57
2.526820000000000074e+57
2.526820000000000074e+57
2.526820000000000074e+57
2.526820000000000074e+57
2.526820000000000074e+57
3.212650000000000329e+57
3.212650000000000329e+57
3.212650000000000329e+57
3.212650000000000329e+57
2.708710000000000102e+57
2.708710000000000102e+57
2.708710000000000102e+57
3.552310000000000340e+57
3.552310000000000340e+57
3.552310000000000340e+57
9.744849999999999804e+56
8.833350000000000124e+56
9.112930000000000310e+56
2.127870000000000007e+56
2.127870000000000007e+56
2.365790000000000126e+56
2.458520000000000071e+56
2.458520000000000071e+56
2.458520000000000071e+56
2.458520000000000071e+56
2.485720000000000061e+56
6.349260000000000219e+55
2.061670000000000205e+56
2.242810000000000118e+56
2.764060000000000128e+56
2.764060000000000128e+56
6.516220000000000081e+55
6.229619999999999876e+55
3.427949999999999742e+55
2.541749999999999870e+55
8.007420000000000139e+54
1.313489999999999984e+55
1.962170000000000103e+55
1.962170000000000103e+55
1.962170000000000103e+55
2.933159999999999977e+55
2.933159999999999977e+55
1.004020000000000041e+56
1.093470000000000108e+56
3.292879999999999992e+55
3.292879999999999992e+55
2.498459999999999756e+55
6.134479999999999701e+55
8.515509999999999543e+55
3.238500000000000124e+55
3.238500000000000124e+55
3.238500000000000124e+55
2.912919999999999891e+55
4.212650000000000246e+55
4.212650000000000246e+55
4.212650000000000246e+55
4.273219999999999945e+55
3.706879999999999866e+55
3.706879999999999866e+55
3.706879999999999866e+55
3.559399999999999799e+55
3.280070000000000182e+55
3.280070000000000182e+55
3.280070000000000182e+55
3.280070000000000182e+55
9.560929999999999572e+54
9.560929999999999572e+54
9.560929999999999572e+54
9.560929999999999572e+54
9.560929999999999572e+54
9.560929999999999572e+54
9.560929999999999572e+54
9.560929999999999572e+54
9.560929999999999572e+54
6.208550000000000419e+54
1.487399999999999967e+54
1.151460000000000022e+54
1.979150000000000067e+54
1.979150000000000067e+54
1.979150000000000067e+54
1.979150000000000067e+54
2.239780000000000073e+54
2.239780000000000073e+54
8.843829999999999548e+54
9.459769999999999745e+54
9.508729999999999748e+54
9.508729999999999748e+54
9.508729999999999748e+54
8.741419999999999602e+54
9.029669999999999964e+54
9.029669999999999964e+54
9.029669999999999964e+54
9.876750000000000558e+54
1.180930000000000011e+55
2.887840000000000105e+55
1.249470000000000010e+56
1.121649999999999973e+56
1.121649999999999973e+56
1.121649999999999973e+56
1.121649999999999973e+56
9.403850000000000492e+55
9.892019999999999732e+55
5.679810000000000399e+55
5.679810000000000399e+55
4.764990000000000074e+55
2.130259999999999909e+55
2.130259999999999909e+55
2.130259999999999909e+55
2.130259999999999909e+55
1.402519999999999902e+55
1.005850000000000026e+55
1.005850000000000026e+55
5.199790000000000033e+54
5.199790000000000033e+54
2.478550000000000083e+54
2.665519999999999831e+54
2.727010000000000122e+54
2.727010000000000122e+54
2.906209999999999848e+54
8.074910000000000663e+54
8.500380000000000436e+54
8.500380000000000436e+54
8.450429999999999467e+54
2.509400000000000108e+54
2.267769999999999879e+54
2.267769999999999879e+54
2.678009999999999856e+54
1.471319999999999952e+54
1.473810000000000041e+54
3.669520000000000037e+53
3.669520000000000037e+53
2.566919999999999787e+53
2.566100000000000022e+53
2.566100000000000022e+53
8.850040000000000564e+53
8.546570000000000215e+53
8.560810000000000748e+53
8.560810000000000748e+53
8.560810000000000748e+53
9.278110000000000042e+53
9.207460000000000563e+53
2.505070000000000198e+53
9.129159999999999808e+53
9.193609999999999442e+53
1.138919999999999925e+54
6.192629999999999753e+53
1.499270000000000007e+53
1.661379999999999983e+53
1.661379999999999983e+53
1.661379999999999983e+53
1.661379999999999983e+53
1.857980000000000005e+53
5.020399999999999826e+53
4.827639999999999945e+53
4.827639999999999945e+53
4.060809999999999715e+53
1.193110000000000044e+53
2.367290000000000004e+53
7.410820000000000247e+52
5.519989999999999940e+52
4.479769999999999864e+52
1.346570000000000105e+52
1.346570000000000105e+52
1.253020000000000101e+52
1.023860000000000048e+52
1.023860000000000048e+52
1.023860000000000048e+52
9.852689999999999867e+51
9.400319999999999930e+51
2.258349999999999912e+51
2.258349999999999912e+51
2.198950000000000021e+51
2.357629999999999925e+51
2.357629999999999925e+51
1.010690000000000043e+52
1.029279999999999980e+52
1.141150000000000041e+52
1.141150000000000041e+52
1.141150000000000041e+52
1.190139999999999943e+52
1.454919999999999965e+52
6.265490000000000184e+51
1.551220000000000000e+51
2.286950000000000045e+51
5.098720000000000255e+51
5.098720000000000255e+51
2.045030000000000095e+51
2.045030000000000095e+51
2.045030000000000095e+51
3.652010000000000121e+51
3.652010000000000121e+51
2.818590000000000050e+51
5.318629999999999966e+51
2.860130000000000041e+51
2.860130000000000041e+51
2.525430000000000124e+51
7.378340000000000320e+51
7.378340000000000320e+51
7.378340000000000320e+51
8.926629999999999926e+51
3.173990000000000147e+52
2.354020000000000009e+52
5.578009999999999624e+52
4.619859999999999965e+52
1.358870000000000042e+52
1.036559999999999977e+52
3.885920000000000236e+52
3.490809999999999931e+52
1.180820000000000050e+52
8.579830000000000400e+51
2.088659999999999898e+51
3.088029999999999953e+51
9.508239999999999383e+51
1.141809999999999995e+52
1.141809999999999995e+52
9.819280000000000505e+51
9.819280000000000505e+51
8.104280000000000198e+51
2.330640000000000079e+51
2.330640000000000079e+51
2.330640000000000079e+51
2.020199999999999943e+51
2.020199999999999943e+51
2.483120000000000098e+51
7.265339999999999931e+50
9.179800000000000580e+50
2.892459999999999888e+50
2.185580000000000137e+50
9.292600000000000058e+49
4.811940000000000161e+49
1.276729999999999932e+49
1.819929999999999924e+49
5.801930000000000357e+49
5.100120000000000354e+49
5.100120000000000354e+49
6.578620000000000245e+49
6.578620000000000245e+49
6.876300000000000054e+49
6.876300000000000054e+49
8.421989999999999750e+49
8.421989999999999750e+49
9.102339999999999795e+49
9.102339999999999795e+49
1.080639999999999921e+50
3.200620000000000096e+49
2.814509999999999906e+49
2.814509999999999906e+49
3.624759999999999984e+49
3.624759999999999984e+49
3.764649999999999764e+49
3.764649999999999764e+49
5.080330000000000041e+49
1.849600000000000034e+49
1.992319999999999878e+49
1.992319999999999878e+49
1.525739999999999880e+49
4.686100000000000166e+48
6.246189999999999370e+48
2.632659999999999823e+49
2.907550000000000205e+49
2.907550000000000205e+49
3.227950000000000015e+49
7.774159999999999491e+48
7.563749999999999905e+48
2.628309999999999875e+48
2.628309999999999875e+48
2.628309999999999875e+48
1.495879999999999874e+48
1.495879999999999874e+48
1.495879999999999874e+48
1.495879999999999874e+48
3.093609999999999763e+48
3.093609999999999763e+48
3.093609999999999763e+48
9.882050000000000163e+47
4.295139999999999993e+47
4.295139999999999993e+47
7.017209999999999682e+47
2.498850000000000033e+48
2.498850000000000033e+48
2.498850000000000033e+48
2.771529999999999918e+48
2.771529999999999918e+48
2.771529999999999918e+48
1.126689999999999993e+49
9.999060000000000245e+48
9.999060000000000245e+48
9.999060000000000245e+48
2.686620000000000019e+48
2.864720000000000107e+48
6.765210000000000005e+47
6.765210000000000005e+47
6.765210000000000005e+47
6.218029999999999954e+47
6.218029999999999954e+47
6.218029999999999954e+47
1.889389999999999910e+48
1.889389999999999910e+48
1.889389999999999910e+48
2.629860000000000088e+48
2.629860000000000088e+48
2.204649999999999923e+48
2.204649999999999923e+48
1.957119999999999918e+48
1.957119999999999918e+48
7.043580000000000086e+47
7.043580000000000086e+47
6.368410000000000264e+47
2.125309999999999848e+47
4.974740000000000065e+47
4.974740000000000065e+47
4.974740000000000065e+47
6.677040000000000374e+47
2.664779999999999799e+47
5.316829999999999750e+46
5.316829999999999750e+46
5.316829999999999750e+46
5.316829999999999750e+46
5.316829999999999750e+46
1.392819999999999920e+46
1.392819999999999920e+46
1.392819999999999920e+46
3.032580000000000024e+45
3.032580000000000024e+45
3.032580000000000024e+45
3.032580000000000024e+45
3.032580000000000024e+45
3.032580000000000024e+45
3.032580000000000024e+45
8.071609999999999875e+45
8.071609999999999875e+45
8.071609999999999875e+45
8.071609999999999875e+45
4.112520000000000038e+45
4.112520000000000038e+45
1.734579999999999927e+46
1.734579999999999927e+46
1.734579999999999927e+46
1.734579999999999927e+46
1.734579999999999927e+46
2.332579999999999852e+46
1.358999999999999945e+46
1.358999999999999945e+46
4.780240000000000035e+45
3.377550000000000097e+45
2.029700000000000112e+45
3.569379999999999850e+45
3.569379999999999850e+45
6.279429999999999796e+45
5.282670000000000084e+45
3.030609999999999889e+45
4.156900000000000033e+45
4.156900000000000033e+45
4.156900000000000033e+45
5.639040000000000113e+45
8.520060000000000199e+45
7.697259999999999583e+45
7.697259999999999583e+45
1.616809999999999877e+46
5.494010000000000166e+46
5.920930000000000217e+46
8.558049999999999897e+46
1.012730000000000094e+47
4.218059999999999676e+47
2.423760000000000135e+47
5.874200000000000371e+47
2.242079999999999994e+48
2.242079999999999994e+48
2.878959999999999854e+48
2.878959999999999854e+48
2.878959999999999854e+48
2.878959999999999854e+48
2.486309999999999871e+48
2.986249999999999706e+48
2.986249999999999706e+48
2.986249999999999706e+48
1.526030000000000115e+48
1.526030000000000115e+48
1.526030000000000115e+48
1.526030000000000115e+48
2.729079999999999937e+48
3.036879999999999965e+48
7.620750000000000258e+47
7.620750000000000258e+47
6.680030000000000037e+47
6.171230000000000350e+47
1.481469999999999950e+47
3.701270000000000044e+46
3.701270000000000044e+46
3.934580000000000216e+46
3.934580000000000216e+46
3.934580000000000216e+46
3.934580000000000216e+46
3.516480000000000008e+46
9.271439999999999882e+46
3.533070000000000178e+47
8.270119999999999300e+47
8.270119999999999300e+47
8.270119999999999300e+47
8.270119999999999300e+47
2.578360000000000002e+47
2.578360000000000002e+47
1.281450000000000028e+47
1.281450000000000028e+47
1.281450000000000028e+47
1.292850000000000009e+47
2.962460000000000110e+47
2.962460000000000110e+47
3.330940000000000072e+47
3.330940000000000072e+47
3.146889999999999898e+47
3.146889999999999898e+47
4.095839999999999755e+47
2.287910000000000000e+47
2.248760000000000067e+47
2.248760000000000067e+47
2.248760000000000067e+47
2.964000000000000062e+47
2.885879999999999862e+47
6.928370000000000048e+46
6.928370000000000048e+46
1.212349999999999921e+47
1.317569999999999944e+47
1.317569999999999944e+47
9.249310000000000124e+46
3.158300000000000019e+47
2.590790000000000133e+47
2.590790000000000133e+47
3.090150000000000164e+47
1.109560000000000078e+48
1.529629999999999960e+48
8.199660000000000735e+47
8.418040000000000636e+47
1.937490000000000098e+47
1.937490000000000098e+47
2.996199999999999935e+47
2.946329999999999959e+47
6.821140000000000423e+46
1.277699999999999919e+47
1.547489999999999951e+47
9.987030000000000087e+46
9.987030000000000087e+46
9.987030000000000087e+46
9.987030000000000087e+46
9.987030000000000087e+46
9.987030000000000087e+46
9.987030000000000087e+46
9.987030000000000087e+46
9.987030000000000087e+46
4.949950000000000170e+47
1.060210000000000043e+47
7.283600000000000018e+46
7.283600000000000018e+46
2.026380000000000124e+46
2.026380000000000124e+46
2.026380000000000124e+46
1.719559999999999924e+46
1.719559999999999924e+46
1.719559999999999924e+46
2.048639999999999968e+46
2.048639999999999968e+46
3.473300000000000122e+46
3.473300000000000122e+46
3.224099999999999795e+46
3.224099999999999795e+46
4.379389999999999885e+46
1.533430000000000035e+47
2.292779999999999889e+47
2.567440000000000013e+47
2.567440000000000013e+47
2.567440000000000013e+47
2.664769999999999862e+47
2.451179999999999953e+47
1.017060000000000047e+48
1.017060000000000047e+48
9.745229999999999700e+47
9.570539999999999690e+47
9.570539999999999690e+47
4.085620000000000106e+48
2.935600000000000223e+48
2.983430000000000098e+48
2.494939999999999886e+48
2.494939999999999886e+48
2.494939999999999886e+48
2.494939999999999886e+48
3.284819999999999961e+48
7.717760000000000518e+47
7.717760000000000518e+47
1.574989999999999950e+48
1.574989999999999950e+48
4.781069999999999756e+47
4.781069999999999756e+47
2.058940000000000042e+47
2.918710000000000194e+47
1.544589999999999918e+47
1.544589999999999918e+47
1.544589999999999918e+47
1.687539999999999972e+47
1.351189999999999922e+47
1.351189999999999922e+47
1.351189999999999922e+47
1.224419999999999905e+47
1.579319999999999944e+47
9.813060000000000371e+46
9.813060000000000371e+46
8.881559999999999987e+46
2.669609999999999942e+47
2.513080000000000167e+47
6.455969999999999511e+46
5.789770000000000101e+46
5.789770000000000101e+46
6.041670000000000007e+46
1.700369999999999945e+46
2.024080000000000032e+46
5.213309999999999930e+45
6.661330000000000545e+45
3.106010000000000155e+45
2.857799999999999952e+45
2.857799999999999952e+45
2.857799999999999952e+45
2.857799999999999952e+45
3.099680000000000161e+45
3.099680000000000161e+45
6.333770000000000073e+45
1.061330000000000051e+46
1.061330000000000051e+46
3.759640000000000223e+45
8.579510000000000007e+45
2.410340000000000006e+46
2.410340000000000006e+46
2.410340000000000006e+46
2.410340000000000006e+46
7.686129999999999407e+45
9.561910000000000010e+45
6.307429999999999377e+45
2.320580000000000031e+46
7.197170000000000589e+45
5.006219999999999720e+45
8.975929999999999373e+45
4.265319999999999906e+45
2.223770000000000098e+45
2.223770000000000098e+45
2.223770000000000098e+45
1.107970000000000063e+45
2.767789999999999981e+45
2.810729999999999985e+45
1.042299999999999994e+46
1.799310000000000061e+46
3.843340000000000111e+46
3.444290000000000062e+46
1.126849999999999958e+47
1.208609999999999952e+47
4.132369999999999804e+46
4.480989999999999886e+46
1.121360000000000002e+46
1.141799999999999899e+46
6.810669999999999401e+45
3.391830000000000036e+45
8.624080000000000329e+44
6.513569999999999695e+44
4.097109999999999616e+44
4.097109999999999616e+44
4.097109999999999616e+44
3.533049999999999830e+44
5.767579999999999818e+44
1.513930000000000124e+45
1.513930000000000124e+45
1.462020000000000089e+45
1.241490000000000068e+45
1.241490000000000068e+45
1.241490000000000068e+45
1.202479999999999967e+45
1.429030000000000000e+45
1.429030000000000000e+45
3.613059999999999793e+44
4.498750000000000020e+44
9.290199999999999842e+44
6.490779999999999675e+44
6.490779999999999675e+44
6.490779999999999675e+44
6.490779999999999675e+44
5.968840000000000343e+44
1.653749999999999971e+45
1.226940000000000032e+45
5.061650000000000121e+45
5.791459999999999961e+45
5.791459999999999961e+45
5.307490000000000067e+45
5.307490000000000067e+45
5.651980000000000249e+45
1.481770000000000110e+45
1.997689999999999907e+45
1.997689999999999907e+45
2.402370000000000151e+45
7.257050000000000352e+45
6.684069999999999521e+45
1.659309999999999875e+45
2.164330000000000024e+45
2.164330000000000024e+45
2.232430000000000146e+45
2.232430000000000146e+45
2.716239999999999865e+45
2.716239999999999865e+45
2.694989999999999866e+45
2.694989999999999866e+45
2.653040000000000114e+45
2.653040000000000114e+45
3.030419999999999879e+45
1.108190000000000035e+46
8.343659999999999543e+45
2.573560000000000074e+46
2.086310000000000076e+46
2.086310000000000076e+46
4.263339999999999911e+46
4.263339999999999911e+46
3.299090000000000206e+46
3.299090000000000206e+46
3.299090000000000206e+46
3.299090000000000206e+46
3.299090000000000206e+46
8.413469999999999753e+45
1.244319999999999988e+46
1.244319999999999988e+46
1.370109999999999893e+46
1.337639999999999960e+46
1.696870000000000124e+46
1.696870000000000124e+46
6.511289999999999546e+46
6.511289999999999546e+46
4.807490000000000451e+46
4.807490000000000451e+46
4.807490000000000451e+46
5.452470000000000205e+46
6.882919999999999777e+46
2.923820000000000181e+47
2.923820000000000181e+47
2.683469999999999912e+47
2.683469999999999912e+47
6.413570000000000146e+46
2.684119999999999839e+47
2.684119999999999839e+47
2.188020000000000190e+47
7.983579999999999202e+47
7.983579999999999202e+47
7.983579999999999202e+47
7.983579999999999202e+47
7.983579999999999202e+47
7.983579999999999202e+47
7.983579999999999202e+47
7.983579999999999202e+47
7.983579999999999202e+47
7.983579999999999202e+47
3.284499999999999804e+47
7.711459999999999979e+47
7.711459999999999979e+47
7.711459999999999979e+47
7.711459999999999979e+47
7.711459999999999979e+47
3.234300000000000301e+48
3.234300000000000301e+48
3.234300000000000301e+48
3.234300000000000301e+48
3.234300000000000301e+48
1.319770000000000124e+49
1.319770000000000124e+49
3.106789999999999753e+48
3.106789999999999753e+48
3.106789999999999753e+48
1.326079999999999886e+49
1.326079999999999886e+49
3.624669999999999907e+49
9.154130000000000083e+48
1.034769999999999977e+49
1.802960000000000128e+49
4.877130000000000210e+48
4.877130000000000210e+48
4.632819999999999868e+48
4.421259999999999799e+48
4.421259999999999799e+48
1.107880000000000042e+48
1.159069999999999988e+48
1.156050000000000028e+48
1.156050000000000028e+48
5.233109999999999836e+47
3.471660000000000096e+47
3.477030000000000054e+47
7.811169999999999513e+46
2.320080000000000165e+46
3.727440000000000198e+46
4.298720000000000167e+46
4.298720000000000167e+46
2.913160000000000062e+46
1.278989999999999887e+46
1.230220000000000072e+46
1.230220000000000072e+46
4.545100000000000308e+45
1.392319999999999960e+45
1.392319999999999960e+45
1.392319999999999960e+45
1.392319999999999960e+45
1.392319999999999960e+45
1.392319999999999960e+45
1.112569999999999994e+46
1.112569999999999994e+46
1.103660000000000014e+46
1.103660000000000014e+46
3.987339999999999985e+46
2.043800000000000091e+47
2.051609999999999962e+47
2.135230000000000105e+47
2.135230000000000105e+47
2.135230000000000105e+47
1.972550000000000055e+47
1.909499999999999845e+47
4.144980000000000110e+46
4.144980000000000110e+46
4.144980000000000110e+46
7.441989999999999942e+46
4.385740000000000107e+46
4.385740000000000107e+46
5.130159999999999590e+46
1.962999999999999881e+47
2.061150000000000199e+47
2.061150000000000199e+47
2.027869999999999886e+47
2.027869999999999886e+47
2.066499999999999878e+47
4.867409999999999655e+46
4.867409999999999655e+46
4.867409999999999655e+46
5.180339999999999625e+46
5.180339999999999625e+46
5.785580000000000151e+46
2.220579999999999804e+47
3.271250000000000015e+47
2.156120000000000033e+47
2.459109999999999872e+47
2.459109999999999872e+47
8.886980000000000438e+47
9.162659999999999760e+47
9.156559999999999573e+47
9.156559999999999573e+47
9.156559999999999573e+47
8.590029999999999951e+47
8.924800000000000303e+47
8.924800000000000303e+47
3.499140000000000019e+48
3.560810000000000235e+48
3.125840000000000094e+48
3.125840000000000094e+48
7.429230000000000082e+47
8.322760000000000743e+47
1.280749999999999932e+48
3.416170000000000128e+48
1.138339999999999936e+48
8.088330000000000588e+47
6.872519999999999730e+47
2.831749999999999934e+48
2.831749999999999934e+48
3.143239999999999884e+48
3.140730000000000254e+48
7.348049999999999852e+47
2.051980000000000045e+47
3.505380000000000048e+47
3.585810000000000175e+47
3.585810000000000175e+47
1.834560000000000130e+47
6.079529999999999618e+47
6.365529999999999902e+47
6.365529999999999902e+47
9.747170000000000356e+47
6.801600000000000031e+47
5.982219999999999642e+47
2.109899999999999908e+48
2.109899999999999908e+48
2.111789999999999908e+48
2.111789999999999908e+48
4.771759999999999680e+47
4.771759999999999680e+47
2.454059999999999910e+47
5.682560000000000146e+47
5.682560000000000146e+47
2.809430000000000004e+47
1.989960000000000187e+47
2.295120000000000032e+47
2.295120000000000032e+47
2.295120000000000032e+47
1.989320000000000197e+47
1.989320000000000197e+47
1.989320000000000197e+47
1.989320000000000197e+47
1.989320000000000197e+47
1.989320000000000197e+47
1.989320000000000197e+47
1.989320000000000197e+47
2.295219999999999802e+47
2.030469999999999999e+47
2.030469999999999999e+47
5.907399999999999570e+46
4.784399999999999896e+46
3.719909999999999968e+46
3.719909999999999968e+46
3.719909999999999968e+46
4.897179999999999755e+46
1.249550000000000074e+47
2.039710000000000115e+47
5.483950000000000393e+47
7.917569999999999949e+47
3.019949999999999947e+47
8.268089999999999216e+47
1.622310000000000144e+48
1.267150000000000014e+48
4.077569999999999975e+48
3.388039999999999709e+48
3.388039999999999709e+48
3.260199999999999959e+48
1.754139999999999858e+48
4.332979999999999893e+48
9.572930000000000408e+48
1.918500000000000008e+49
1.833300000000000005e+49
1.833300000000000005e+49
1.833300000000000005e+49
1.833300000000000005e+49
1.395809999999999909e+49
5.603730000000000433e+49
1.820740000000000100e+49
3.502640000000000110e+49
4.551339999999999986e+49
1.474170000000000064e+50
1.476849999999999964e+50
1.476849999999999964e+50
2.011780000000000133e+50
1.163210000000000095e+50
9.929559999999999150e+49
9.929559999999999150e+49
3.803350000000000061e+50
3.863460000000000089e+50
4.634249999999999713e+50
4.634249999999999713e+50
1.715150000000000014e+50
1.166960000000000025e+50
1.223759999999999923e+50
1.223759999999999923e+50
1.223759999999999923e+50
1.500599999999999937e+50
1.369449999999999928e+50
4.052240000000000201e+49
4.052240000000000201e+49
6.953339999999999716e+49
8.523189999999999610e+49
7.918190000000000488e+49
1.109610000000000013e+50
1.012370000000000020e+50
4.910819999999999599e+50
7.166480000000000210e+50
7.166480000000000210e+50
3.754189999999999913e+50
3.754189999999999913e+50
3.066149999999999994e+50
5.927260000000000217e+50
5.927260000000000217e+50
5.927260000000000217e+50
5.927260000000000217e+50
3.412880000000000053e+50
5.831199999999999945e+50
5.831199999999999945e+50
8.014770000000000053e+50
1.227630000000000026e+51
1.227630000000000026e+51
1.227630000000000026e+51
1.053490000000000011e+51
1.053490000000000011e+51
2.851479999999999953e+50
1.207519999999999918e+51
5.917880000000000358e+50
3.570590000000000174e+50
3.570590000000000174e+50
1.361889999999999919e+51
1.361889999999999919e+51
1.361889999999999919e+51
2.609609999999999920e+51
2.609609999999999920e+51
2.609609999999999920e+51
1.782030000000000007e+51
9.589550000000000013e+50
9.589550000000000013e+50
9.589550000000000013e+50
2.714029999999999937e+51
2.701369999999999940e+51
2.701369999999999940e+51
2.658190000000000046e+51
2.658190000000000046e+51
2.669410000000000136e+51
9.489590000000000478e+51
9.886929999999999495e+51
9.886929999999999495e+51
1.006510000000000022e+52
1.006510000000000022e+52
1.006789999999999950e+52
1.006789999999999950e+52
1.113880000000000066e+52
1.113880000000000066e+52
1.086319999999999981e+52
1.086319999999999981e+52
9.450750000000000603e+51
9.450750000000000603e+51
9.804280000000000452e+51
3.800489999999999882e+51
3.535359999999999717e+51
1.330680000000000018e+52
1.330680000000000018e+52
8.896000000000000546e+51
8.336429999999999947e+51
8.336429999999999947e+51
2.919879999999999810e+52
3.338950000000000000e+52
3.287749999999999890e+52
3.287749999999999890e+52
1.452450000000000061e+52
1.452450000000000061e+52
1.420529999999999990e+52
1.420529999999999990e+52
9.167290000000000331e+51
3.326320000000000019e+51
3.520809999999999905e+51
3.520809999999999905e+51
2.115789999999999841e+51
2.115789999999999841e+51
1.995180000000000109e+51
1.995180000000000109e+51
1.398629999999999999e+51
1.398629999999999999e+51
1.442230000000000019e+51
1.442230000000000019e+51
1.024759999999999931e+51
1.024759999999999931e+51
1.058690000000000080e+51
2.472300000000000000e+50
6.420679999999999638e+50
1.075600000000000081e+51
1.166749999999999963e+51
1.166749999999999963e+51
1.166749999999999963e+51
1.731299999999999838e+51
1.902179999999999847e+51
1.902179999999999847e+51
1.902179999999999847e+51
2.745489999999999916e+51
2.620049999999999991e+51
2.620049999999999991e+51
9.155950000000000774e+50
2.192570000000000107e+51
2.249950000000000069e+51
2.249950000000000069e+51
2.249950000000000069e+51
1.525700000000000010e+51
1.368430000000000063e+51
5.917509999999999983e+51
5.917509999999999983e+51
6.689089999999999609e+51
7.258670000000000338e+51
7.258670000000000338e+51
7.258670000000000338e+51
7.266599999999999974e+51
6.609089999999999769e+51
6.609089999999999769e+51
6.609089999999999769e+51
6.609089999999999769e+51
6.609089999999999769e+51
6.609089999999999769e+51
6.609089999999999769e+51
7.812510000000000263e+51
7.812510000000000263e+51
7.812510000000000263e+51
7.812510000000000263e+51
6.584790000000000056e+51
6.584790000000000056e+51
6.584790000000000056e+51
6.584790000000000056e+51
6.584790000000000056e+51
6.584790000000000056e+51
6.584790000000000056e+51
1.708230000000000051e+51
1.627350000000000028e+51
1.963279999999999872e+51
4.695069999999999877e+50
2.876229999999999908e+50
8.803680000000000138e+50
8.447649999999999505e+50
8.447649999999999505e+50
8.447649999999999505e+50
3.283989999999999694e+51
3.283989999999999694e+51
1.272959999999999963e+52
1.528039999999999933e+52
3.638219999999999696e+51
1.874580000000000028e+51
1.874580000000000028e+51
9.682469999999999413e+50
9.682469999999999413e+50
9.682469999999999413e+50
8.688279999999999628e+50
8.688279999999999628e+50
4.510609999999999755e+51
4.134080000000000002e+51
1.400099999999999955e+52
1.333800000000000093e+52
1.333800000000000093e+52
1.800880000000000104e+52
1.800880000000000104e+52
4.235690000000000022e+52
1.726189999999999916e+52
2.908610000000000069e+52
2.908610000000000069e+52
3.691620000000000098e+52
3.691620000000000098e+52
3.691620000000000098e+52
3.691620000000000098e+52
3.691620000000000098e+52
3.691620000000000098e+52
3.691620000000000098e+52
3.691620000000000098e+52
3.691620000000000098e+52
3.691620000000000098e+52
3.691620000000000098e+52
3.691620000000000098e+52
3.691620000000000098e+52
2.987880000000000086e+53
2.291039999999999939e+53
1.638000000000000053e+53
1.638000000000000053e+53
1.794839999999999991e+53
5.314670000000000213e+53
5.314670000000000213e+53
1.312930000000000053e+53
1.304229999999999969e+53
1.304229999999999969e+53
1.304229999999999969e+53
1.304229999999999969e+53
1.304229999999999969e+53
1.304229999999999969e+53
1.110980000000000021e+53
3.888949999999999996e+52
3.894189999999999965e+52
3.894189999999999965e+52
1.719880000000000084e+52
5.045820000000000210e+52
5.161999999999999476e+52
5.161999999999999476e+52
5.161999999999999476e+52
5.161999999999999476e+52
5.139840000000000021e+52
1.273509999999999903e+52
7.076450000000000108e+51
2.309120000000000080e+52
2.472070000000000187e+52
2.472070000000000187e+52
2.109690000000000121e+52
2.109690000000000121e+52
2.472460000000000130e+52
8.414860000000000098e+51
7.476049999999999980e+51
2.299040000000000002e+52
2.299040000000000002e+52
2.299040000000000002e+52
2.159540000000000040e+52
8.452770000000000273e+52
8.426880000000000506e+52
8.426880000000000506e+52
7.963630000000000241e+52
7.963630000000000241e+52
9.997600000000000774e+52
3.039710000000000055e+52
3.654339999999999994e+52
1.276810000000000074e+53
9.365329999999999900e+52
6.246569999999999805e+52
8.785190000000000432e+52
8.785190000000000432e+52
2.162609999999999840e+53
1.228449999999999924e+53
1.228449999999999924e+53
3.290980000000000112e+52
5.558989999999999546e+52
2.212239999999999890e+52
2.722070000000000186e+52
1.958079999999999969e+52
1.761749999999999985e+52
5.630860000000000085e+51
5.630860000000000085e+51
7.042849999999999404e+51
6.339850000000000196e+51
6.339850000000000196e+51
3.495920000000000185e+51
1.640020000000000008e+51
1.897159999999999974e+51
6.938500000000000267e+51
3.439820000000000066e+51
1.695859999999999899e+51
1.792989999999999869e+51
1.792989999999999869e+51
5.920029999999999737e+51
6.938810000000000078e+51
6.400300000000000649e+51
6.400300000000000649e+51
6.400300000000000649e+51
6.200709999999999363e+51
4.160409999999999961e+51
1.167510000000000015e+51
1.167510000000000015e+51
1.167510000000000015e+51
1.167510000000000015e+51
1.167510000000000015e+51
3.444210000000000001e+50
4.042290000000000199e+50
4.042290000000000199e+50
4.042290000000000199e+50
5.342260000000000307e+50
5.342260000000000307e+50
5.342260000000000307e+50
1.276229999999999993e+50
1.102090000000000020e+50
8.779170000000000320e+49
1.046720000000000046e+50
2.507520000000000184e+49
2.507520000000000184e+49
2.302929999999999967e+49
2.117110000000000054e+49
2.117110000000000054e+49
6.590879999999999980e+48
6.590879999999999980e+48
7.227480000000000320e+48
7.227480000000000320e+48
2.481190000000000142e+49
2.825740000000000083e+49
2.431840000000000189e+49
7.040069999999999994e+48
7.040069999999999994e+48
8.897659999999999761e+48
8.897659999999999761e+48
3.281090000000000293e+48
3.051650000000000238e+48
1.199249999999999950e+49
2.219339999999999991e+49
2.532699999999999873e+49
1.984179999999999930e+49
1.984179999999999930e+49
1.984179999999999930e+49
2.226200000000000023e+49
2.226200000000000023e+49
2.226200000000000023e+49
2.226200000000000023e+49
1.537170000000000085e+49
1.886190000000000055e+49
4.584150000000000137e+48
4.584150000000000137e+48
6.265019999999999811e+48
7.932609999999999481e+48
7.932609999999999481e+48
3.361450000000000022e+49
2.327350000000000071e+49
5.404339999999999891e+49
5.319130000000000081e+49
5.319130000000000081e+49
6.263729999999999569e+49
6.263729999999999569e+49
6.116169999999999840e+49
6.116169999999999840e+49
6.116730000000000436e+49
6.116730000000000436e+49
6.116730000000000436e+49
6.116730000000000436e+49
6.116730000000000436e+49
6.116730000000000436e+49
6.341380000000000159e+49
1.728869999999999974e+50
1.526660000000000058e+50
4.083400000000000061e+49
5.409339999999999798e+49
5.409339999999999798e+49
6.895410000000000014e+49
2.264029999999999954e+49
2.264029999999999954e+49
6.415840000000000376e+49
4.459959999999999784e+49
1.443230000000000052e+49
1.571200000000000014e+49
3.929359999999999963e+49
4.203949999999999915e+49
4.203949999999999915e+49
3.884100000000000116e+49
1.553569999999999998e+50
1.616419999999999908e+50
4.645239999999999754e+49
4.397079999999999987e+49
1.097009999999999946e+49
1.515850000000000017e+49
4.330449999999999740e+48
4.167130000000000187e+48
1.490790000000000084e+49
1.745280000000000005e+49
1.745280000000000005e+49
1.745280000000000005e+49
7.256890000000000005e+49
7.256890000000000005e+49
7.256890000000000005e+49
7.256890000000000005e+49
7.256890000000000005e+49
7.256890000000000005e+49
7.256890000000000005e+49
1.094689999999999992e+50
2.669969999999999943e+49
2.669969999999999943e+49
2.669969999999999943e+49
1.874640000000000094e+49
6.883360000000000633e+48
9.709859999999999522e+48
9.709859999999999522e+48
1.375890000000000032e+49
1.627519999999999950e+49
1.822610000000000032e+49
1.822610000000000032e+49
1.822610000000000032e+49
1.858429999999999882e+49
1.734870000000000070e+49
1.734870000000000070e+49
1.734870000000000070e+49
1.717019999999999894e+49
1.088259999999999980e+49
2.378889999999999871e+48
2.378889999999999871e+48
1.308570000000000048e+48
1.308570000000000048e+48
1.308570000000000048e+48
4.108170000000000278e+48
4.108170000000000278e+48
4.108170000000000278e+48
9.990070000000000245e+47
9.990070000000000245e+47
2.637480000000000030e+47
2.637480000000000030e+47
2.637480000000000030e+47
1.600189999999999999e+47
5.292899999999999664e+47
1.184969999999999971e+48
3.138420000000000164e+47
3.138420000000000164e+47
7.941259999999999734e+46
7.941259999999999734e+46
7.941259999999999734e+46
7.941259999999999734e+46
2.217000000000000035e+46
2.157460000000000089e+46
2.157460000000000089e+46
1.827069999999999950e+46
1.192219999999999880e+46
1.302750000000000089e+46
4.887370000000000422e+46
2.752640000000000081e+46
1.380709999999999988e+46
1.313949999999999922e+46
1.313949999999999922e+46
1.313949999999999922e+46
9.544259999999999830e+45
9.371140000000000545e+45
9.371140000000000545e+45
3.758869999999999816e+45
2.221010000000000089e+45
2.353289999999999846e+45
2.353289999999999846e+45
7.743229999999999693e+45
7.345359999999999651e+45
7.345359999999999651e+45
7.345359999999999651e+45
7.345359999999999651e+45
7.909820000000000509e+45
7.592470000000000631e+45
1.766139999999999949e+45
5.549649999999999948e+44
3.799819999999999901e+44
4.410700000000000133e+44
4.410700000000000133e+44
4.410700000000000133e+44
4.217959999999999740e+44
3.908979999999999871e+44
3.908979999999999871e+44
3.908979999999999871e+44
4.171989999999999630e+44
4.322829999999999730e+44
4.322829999999999730e+44
4.322829999999999730e+44
5.728460000000000270e+44
5.914059999999999743e+44
1.390209999999999988e+44
9.135850000000000694e+43
9.135850000000000694e+43
1.199089999999999902e+44
1.199089999999999902e+44
9.518559999999999914e+43
3.924759999999999787e+44
5.221429999999999783e+44
2.101059999999999998e+44
2.201249999999999938e+44
2.201249999999999938e+44
6.070800000000000357e+44
1.090589999999999981e+45
1.032409999999999939e+45
1.032409999999999939e+45
7.908719999999999384e+44
7.908719999999999384e+44
7.020080000000000089e+44
7.020080000000000089e+44
6.487249999999999893e+44
2.194680000000000156e+44
2.194680000000000156e+44
6.922630000000000216e+44
5.585120000000000057e+44
5.585120000000000057e+44
7.758829999999999333e+44
7.758829999999999333e+44
8.831989999999999613e+44
3.501650000000000015e+45
3.019359999999999740e+45
3.019359999999999740e+45
2.681599999999999991e+45
6.020280000000000219e+44
6.940570000000000277e+44
6.940570000000000277e+44
7.914130000000000115e+44
2.345280000000000153e+44
1.879570000000000036e+44
1.879570000000000036e+44
3.475029999999999805e+44
3.475029999999999805e+44
3.475029999999999805e+44
3.275599999999999975e+44
2.614450000000000076e+44
3.979419999999999938e+44
3.979419999999999938e+44
3.979419999999999938e+44
1.346249999999999977e+45
1.642399999999999950e+45
1.642399999999999950e+45
1.642399999999999950e+45
6.851080000000000558e+45
7.040750000000000166e+45
7.040750000000000166e+45
7.040750000000000166e+45
7.040750000000000166e+45
6.901640000000000106e+45
6.901640000000000106e+45
6.901640000000000106e+45
6.901640000000000106e+45
6.495520000000000504e+45
2.444589999999999937e+46
3.435570000000000091e+46
3.435570000000000091e+46
2.573659999999999945e+46
8.018250000000000116e+45
8.018250000000000116e+45
2.097840000000000119e+45
2.097840000000000119e+45
8.409229999999999868e+45
3.287629999999999947e+45
4.805759999999999754e+45
4.805759999999999754e+45
4.805759999999999754e+45
4.805759999999999754e+45
6.275239999999999846e+45
7.619399999999999556e+45
1.751349999999999968e+45
1.751349999999999968e+45
1.751349999999999968e+45
1.593980000000000130e+45
1.593980000000000130e+45
1.593980000000000130e+45
1.964690000000000084e+45
1.532210000000000002e+45
1.532210000000000002e+45
1.532210000000000002e+45
1.532210000000000002e+45
3.010649999999999836e+44
4.094139999999999812e+44
4.094139999999999812e+44
4.928070000000000288e+44
3.223089999999999997e+44
1.085219999999999928e+45
1.085219999999999928e+45
1.061339999999999944e+45
4.051469999999999747e+44
2.757690000000000180e+44
1.134730000000000030e+45
1.261959999999999927e+45
1.261959999999999927e+45
1.115369999999999921e+45
2.967519999999999901e+44
5.359309999999999805e+44
1.715119999999999978e+45
1.696770000000000062e+45
1.696770000000000062e+45
1.696770000000000062e+45
6.871429999999999810e+45
7.328680000000000256e+45
1.755539999999999918e+46
2.819310000000000009e+46
2.819310000000000009e+46
2.676470000000000169e+46
6.117880000000000375e+46
6.628099999999999560e+46
4.078520000000000167e+46
5.707159999999999828e+46
1.882960000000000115e+47
1.882960000000000115e+47
1.882960000000000115e+47
1.882960000000000115e+47
1.882960000000000115e+47
7.533050000000000278e+46
1.753599999999999921e+47
1.610310000000000000e+47
1.610310000000000000e+47
1.771349999999999922e+47
5.279870000000000506e+46
4.749060000000000096e+46
1.473730000000000091e+46
1.473730000000000091e+46
1.473730000000000091e+46
1.454340000000000115e+46
6.865510000000000304e+45
1.855470000000000032e+46
1.855470000000000032e+46
3.277759999999999803e+45
5.021320000000000002e+45
1.117719999999999981e+46
5.054459999999999835e+46
4.783100000000000043e+46
1.175770000000000088e+47
1.091759999999999989e+47
1.091759999999999989e+47
1.221259999999999902e+47
3.997030000000000385e+47
3.636679999999999883e+47
1.410140000000000057e+48
1.410140000000000057e+48
5.180950000000000211e+48
2.160590000000000111e+48
5.454210000000000305e+47
5.454210000000000305e+47
2.210849999999999962e+47
4.493349999999999853e+47
1.104399999999999922e+48
9.881099999999999708e+47
3.352740000000000060e+48
3.301840000000000219e+48
3.301840000000000219e+48
2.697469999999999885e+48
2.697469999999999885e+48
2.758470000000000138e+48
1.229400000000000028e+48
6.300870000000000185e+47
2.640220000000000146e+48
3.041399999999999806e+48
7.382180000000000120e+48
6.469080000000000149e+48
6.469080000000000149e+48
7.641620000000000395e+48
7.641620000000000395e+48
7.135070000000000043e+48
7.135070000000000043e+48
1.096169999999999961e+49
2.017519999999999959e+49
2.048739999999999958e+49
2.048739999999999958e+49
2.083099999999999997e+49
8.172399999999999852e+49
8.457869999999999738e+49
8.457869999999999738e+49
5.926569999999999798e+49
5.926569999999999798e+49
6.126219999999999986e+49
6.126219999999999986e+49
8.268299999999999894e+49
8.268299999999999894e+49
8.439499999999999490e+49
8.439499999999999490e+49
5.843689999999999854e+49
5.843689999999999854e+49
6.237790000000000035e+49
6.237790000000000035e+49
6.237790000000000035e+49
3.431249999999999989e+49
2.887459999999999981e+49
7.113779999999999654e+48
5.612260000000000240e+48
3.342220000000000045e+48
3.088340000000000143e+48
7.406920000000000657e+47
3.483879999999999938e+47
7.664340000000000785e+47
9.238549999999999525e+47
9.238549999999999525e+47
8.177879999999999565e+47
2.536569999999999884e+48
3.211110000000000301e+48
3.211110000000000301e+48
3.314489999999999682e+48
9.639570000000000201e+48
9.388039999999999648e+48
9.388039999999999648e+48
1.068379999999999979e+49
1.068379999999999979e+49
9.189619999999999823e+48
3.186579999999999728e+48
2.441940000000000081e+48
8.173909999999999475e+48
1.031800000000000024e+49
2.159140000000000042e+49
2.440709999999999782e+49
8.639909999999999523e+49
9.882649999999999791e+49
9.882649999999999791e+49
9.749429999999999562e+49
9.749429999999999562e+49
8.467040000000000282e+49
8.467040000000000282e+49
8.249710000000000265e+49
8.249710000000000265e+49
8.249710000000000265e+49
3.924360000000000056e+49
3.924360000000000056e+49
3.924360000000000056e+49
1.180400000000000000e+50
1.180400000000000000e+50
4.877610000000000276e+49
4.877610000000000276e+49
1.893529999999999894e+49
7.635419999999999545e+48
7.635419999999999545e+48
2.215829999999999964e+48
4.406339999999999829e+48
1.129919999999999982e+49
1.129919999999999982e+49
1.129919999999999982e+49
1.459539999999999887e+49
5.371610000000000010e+49
5.222160000000000217e+49
1.761930000000000017e+49
1.449879999999999990e+49
1.449879999999999990e+49
1.270589999999999999e+49
4.748010000000000154e+49
4.748010000000000154e+49
4.748010000000000154e+49
4.955539999999999606e+49
4.955539999999999606e+49
5.873330000000000024e+49
5.873330000000000024e+49
6.005120000000000122e+49
2.467730000000000035e+50
4.588570000000000198e+50
5.351450000000000153e+50
3.174970000000000095e+50
7.633640000000000469e+49
1.465870000000000094e+50
1.465870000000000094e+50
9.591580000000000175e+49
3.296510000000000176e+50
3.296510000000000176e+50
1.046789999999999970e+51
1.046789999999999970e+51
1.046789999999999970e+51
1.681789999999999904e+50
1.681789999999999904e+50
1.681789999999999904e+50
1.681789999999999904e+50
4.852659999999999619e+50
4.852659999999999619e+50
4.852659999999999619e+50
1.164360000000000032e+50
1.786630000000000004e+50
1.786630000000000004e+50
1.786630000000000004e+50
6.611279999999999662e+49
2.745150000000000259e+49
2.745150000000000259e+49
