1.643630000000000099e+36
2.641419999999999998e+36
6.294279999999999955e+35
2.837959999999999849e+35
5.954799999999999812e+35
2.181409999999999938e+36
8.378340000000000351e+36
3.890519999999999935e+36
3.890519999999999935e+36
3.890519999999999935e+36
1.673429999999999981e+37
1.673429999999999981e+37
5.971899999999999770e+36
9.855629999999999940e+36
9.855629999999999940e+36
1.374400000000000017e+37
3.373179999999999979e+37
3.373179999999999979e+37
3.373179999999999979e+37
3.373179999999999979e+37
1.562469999999999940e+37
2.278310000000000230e+37
2.278310000000000230e+37
2.278310000000000230e+37
2.278310000000000230e+37
2.061649999999999889e+37
2.061649999999999889e+37
9.267320000000000687e+37
2.258049999999999905e+38
2.258049999999999905e+38
2.258049999999999905e+38
2.258049999999999905e+38
2.258049999999999905e+38
3.492259999999999785e+38
3.492259999999999785e+38
3.492259999999999785e+38
3.492259999999999785e+38
1.025889999999999926e+39
1.025889999999999926e+39
1.004550000000000059e+39
2.024330000000000135e+38
7.863759999999999959e+37
8.027050000000000547e+38
8.027050000000000547e+38
9.261909999999999937e+38
2.306380000000000038e+39
7.238590000000000487e+39
7.238590000000000487e+39
2.429550000000000015e+40
1.146440000000000088e+41
4.570450000000000318e+41
5.001980000000000279e+41
5.001980000000000279e+41
5.001980000000000279e+41
5.001980000000000279e+41
4.720649999999999790e+41
4.720649999999999790e+41
4.720649999999999790e+41
4.720649999999999790e+41
2.612330000000000114e+41
7.414500000000000755e+41
3.267159999999999910e+42
3.267159999999999910e+42
3.267159999999999910e+42
1.308449999999999893e+43
3.256740000000000175e+43
1.379680000000000073e+44
1.379680000000000073e+44
1.379680000000000073e+44
1.379680000000000073e+44
1.379680000000000073e+44
1.379680000000000073e+44
1.379680000000000073e+44
1.415659999999999908e+44
6.605310000000000094e+43
6.605310000000000094e+43
5.749469999999999848e+44
8.956009999999999760e+44
8.956009999999999760e+44
8.956009999999999760e+44
8.956009999999999760e+44
3.023130000000000102e+45
4.541009999999999977e+46
4.541009999999999977e+46
4.541009999999999977e+46
8.873330000000000401e+45
8.873330000000000401e+45
1.567130000000000025e+45
4.122680000000000063e+45
6.107130000000000378e+44
6.107130000000000378e+44
2.203749999999999900e+44
5.370400000000000095e+44
5.370400000000000095e+44
5.370400000000000095e+44
4.320049999999999778e+44
2.818830000000000054e+45
2.818830000000000054e+45
2.818830000000000054e+45
2.818830000000000054e+45
2.818830000000000054e+45
2.818830000000000054e+45
5.011169999999999837e+46
7.631519999999999983e+46
4.360279999999999804e+46
1.930949999999999866e+47
1.475959999999999868e+48
4.127700000000000166e+47
8.458059999999999504e+47
8.458059999999999504e+47
8.458059999999999504e+47
8.458059999999999504e+47
2.204990000000000034e+48
8.389170000000000051e+48
3.970660000000000046e+49
9.404930000000000991e+49
1.688270000000000066e+50
1.688270000000000066e+50
1.688270000000000066e+50
1.057479999999999912e+50
4.198499999999999933e+50
4.198499999999999933e+50
1.634680000000000008e+51
2.211740000000000132e+51
9.832809999999999705e+50
3.564990000000000029e+50
1.828769999999999901e+51
1.828769999999999901e+51
1.828769999999999901e+51
3.115670000000000036e+51
1.309079999999999889e+52
1.309079999999999889e+52
2.463169999999999855e+52
6.224229999999999723e+52
2.683209999999999945e+53
1.198390000000000105e+53
4.003750000000000332e+53
4.003750000000000332e+53
1.552319999999999877e+54
1.432479999999999992e+54
3.498140000000000150e+53
1.391000000000000065e+54
5.671989999999999896e+54
7.657869999999999627e+54
2.537880000000000153e+55
7.473110000000000512e+54
7.473110000000000512e+54
5.764819999999999769e+54
5.764819999999999769e+54
5.764819999999999769e+54
5.764819999999999769e+54
5.555930000000000141e+54
5.555930000000000141e+54
5.555930000000000141e+54
2.942720000000000021e+55
3.246919999999999732e+55
1.412689999999999949e+56
5.773090000000000397e+56
5.773090000000000397e+56
5.978270000000000432e+56
2.724009999999999911e+57
1.193680000000000011e+58
1.193680000000000011e+58
1.307190000000000132e+58
5.912090000000000040e+58
5.912090000000000040e+58
5.912090000000000040e+58
7.958089999999999521e+58
3.584109999999999920e+59
3.584109999999999920e+59
1.348250000000000051e+59
6.079679999999999929e+59
2.723799999999999830e+60
2.723799999999999830e+60
2.630260000000000108e+60
1.364259999999999902e+61
1.364259999999999902e+61
1.364259999999999902e+61
2.023790000000000043e+61
1.024190000000000003e+62
4.003509999999999949e+62
1.246589999999999965e+63
1.051099999999999961e+63
1.051099999999999961e+63
1.051099999999999961e+63
1.051099999999999961e+63
1.382000000000000063e+63
4.189819999999999723e+63
1.766310000000000001e+64
1.766310000000000001e+64
1.714840000000000000e+64
7.936599999999999545e+64
3.424480000000000132e+65
1.242159999999999909e+66
1.587990000000000088e+66
1.587990000000000088e+66
1.587990000000000088e+66
5.372010000000000025e+66
8.528060000000000748e+66
8.528060000000000748e+66
3.207640000000000283e+67
3.207640000000000283e+67
3.207640000000000283e+67
1.430719999999999912e+68
4.126469999999999937e+67
1.153679999999999958e+68
8.547419999999999510e+67
2.110759999999999999e+68
7.473269999999999672e+68
2.615669999999999901e+69
2.946469999999999990e+69
9.374010000000000169e+68
9.374010000000000169e+68
3.505320000000000307e+69
6.103150000000000005e+69
8.408939999999999566e+69
3.135549999999999758e+70
1.325079999999999988e+71
1.325079999999999988e+71
1.881069999999999919e+71
7.649740000000000090e+71
3.315840000000000042e+72
1.514670000000000045e+72
3.797509999999999939e+72
1.545820000000000076e+73
6.505870000000000442e+73
5.421469999999999971e+73
2.024479999999999883e+74
8.453220000000000353e+74
8.453220000000000353e+74
1.128189999999999966e+75
4.922379999999999724e+75
4.922379999999999724e+75
4.922379999999999724e+75
4.922379999999999724e+75
2.202060000000000047e+76
2.202060000000000047e+76
7.513250000000000172e+76
5.750180000000000029e+76
5.750180000000000029e+76
5.750180000000000029e+76
5.750180000000000029e+76
5.139060000000000177e+76
2.492579999999999776e+77
5.839490000000000259e+76
5.839490000000000259e+76
5.009690000000000161e+76
2.722390000000000004e+77
6.201770000000000513e+76
6.201770000000000513e+76
4.739890000000000166e+76
4.739890000000000166e+76
4.739890000000000166e+76
2.814119999999999855e+77
3.331129999999999843e+77
3.331129999999999843e+77
3.331129999999999843e+77
3.331129999999999843e+77
2.856899999999999784e+77
2.374069999999999940e+78
1.058279999999999986e+79
5.054980000000000135e+79
5.569509999999999950e+79
7.520900000000000484e+78
7.520900000000000484e+78
4.490440000000000059e+79
4.599969999999999848e+79
3.149349999999999770e+80
1.241839999999999950e+81
4.779919999999999871e+81
4.527099999999999904e+81
1.641089999999999902e+82
6.925560000000000525e+82
6.925560000000000525e+82
7.948639999999999967e+82
7.948639999999999967e+82
1.835240000000000142e+82
8.069179999999999488e+82
1.247829999999999993e+83
5.509179999999999960e+83
2.278039999999999835e+84
6.067179999999999654e+83
1.888029999999999946e+84
9.180530000000000255e+84
9.180530000000000255e+84
2.791529999999999876e+85
2.791529999999999876e+85
1.277300000000000032e+86
3.033570000000000018e+85
1.215489999999999932e+86
4.521839999999999884e+86
2.135340000000000001e+87
2.135340000000000001e+87
2.135340000000000001e+87
9.146080000000000723e+87
1.219880000000000013e+87
1.219880000000000013e+87
1.219880000000000013e+87
6.516559999999999918e+87
6.516559999999999918e+87
5.371760000000000218e+88
2.128879999999999904e+89
1.262369999999999990e+88
2.808090000000000246e+89
2.808090000000000246e+89
2.808090000000000246e+89
1.572839999999999978e+90
1.572839999999999978e+90
7.413889999999999580e+90
3.217539999999999857e+91
3.217539999999999857e+91
3.217539999999999857e+91
1.469199999999999937e+92
1.469199999999999937e+92
1.469199999999999937e+92
1.469199999999999937e+92
5.494669999999999763e+92
5.494669999999999763e+92
5.494669999999999763e+92
5.494669999999999763e+92
5.494669999999999763e+92
5.494669999999999763e+92
5.494669999999999763e+92
5.494669999999999763e+92
5.494669999999999763e+92
5.494669999999999763e+92
5.494669999999999763e+92
5.494669999999999763e+92
5.494669999999999763e+92
5.494669999999999763e+92
5.494669999999999763e+92
5.494669999999999763e+92
5.494669999999999763e+92
5.494669999999999763e+92
5.494669999999999763e+92
5.494669999999999763e+92
5.494669999999999763e+92
5.494669999999999763e+92
5.494669999999999763e+92
5.494669999999999763e+92
5.494669999999999763e+92
5.494669999999999763e+92
5.494669999999999763e+92
5.494669999999999763e+92
5.494669999999999763e+92
5.494669999999999763e+92
5.494669999999999763e+92
5.494669999999999763e+92
5.494669999999999763e+92
5.494669999999999763e+92
5.494669999999999763e+92
5.494669999999999763e+92
5.494669999999999763e+92
5.494669999999999763e+92
5.494669999999999763e+92
5.494669999999999763e+92
5.494669999999999763e+92
5.494669999999999763e+92
5.494669999999999763e+92
5.494669999999999763e+92
5.494669999999999763e+92
5.494669999999999763e+92
5.494669999999999763e+92
5.494669999999999763e+92
5.494669999999999763e+92
5.494669999999999763e+92
5.494669999999999763e+92
5.494669999999999763e+92
5.494669999999999763e+92
5.494669999999999763e+92
5.494669999999999763e+92
5.494669999999999763e+92
5.494669999999999763e+92
5.494669999999999763e+92
5.494669999999999763e+92
5.494669999999999763e+92
5.494669999999999763e+92
5.494669999999999763e+92
5.494669999999999763e+92
5.494669999999999763e+92
5.494669999999999763e+92
5.494669999999999763e+92
5.494669999999999763e+92
5.494669999999999763e+92
5.494669999999999763e+92
5.494669999999999763e+92
5.494669999999999763e+92
5.494669999999999763e+92
5.494669999999999763e+92
5.494669999999999763e+92
5.494669999999999763e+92
5.494669999999999763e+92
5.494669999999999763e+92
5.494669999999999763e+92
5.494669999999999763e+92
5.494669999999999763e+92
5.494669999999999763e+92
5.494669999999999763e+92
5.494669999999999763e+92
5.494669999999999763e+92
5.494669999999999763e+92
5.494669999999999763e+92
5.494669999999999763e+92
5.494669999999999763e+92
5.494669999999999763e+92
5.494669999999999763e+92
5.494669999999999763e+92
5.494669999999999763e+92
5.494669999999999763e+92
5.494669999999999763e+92
5.494669999999999763e+92
5.494669999999999763e+92
5.494669999999999763e+92
5.494669999999999763e+92
5.494669999999999763e+92
5.494669999999999763e+92
5.494669999999999763e+92
5.494669999999999763e+92
5.494669999999999763e+92
5.494669999999999763e+92
5.494669999999999763e+92
5.494669999999999763e+92
5.494669999999999763e+92
5.494669999999999763e+92
5.494669999999999763e+92
5.494669999999999763e+92
5.494669999999999763e+92
5.494669999999999763e+92
5.494669999999999763e+92
5.494669999999999763e+92
5.494669999999999763e+92
5.494669999999999763e+92
5.494669999999999763e+92
5.494669999999999763e+92
5.494669999999999763e+92
5.494669999999999763e+92
5.494669999999999763e+92
5.494669999999999763e+92
5.494669999999999763e+92
5.494669999999999763e+92
5.494669999999999763e+92
5.494669999999999763e+92
5.494669999999999763e+92
5.494669999999999763e+92
5.494669999999999763e+92
5.494669999999999763e+92
5.494669999999999763e+92
5.494669999999999763e+92
5.494669999999999763e+92
5.494669999999999763e+92
5.494669999999999763e+92
5.494669999999999763e+92
5.494669999999999763e+92
5.494669999999999763e+92
5.494669999999999763e+92
5.494669999999999763e+92
5.494669999999999763e+92
5.494669999999999763e+92
5.494669999999999763e+92
5.494669999999999763e+92
5.494669999999999763e+92
5.494669999999999763e+92
5.494669999999999763e+92
5.494669999999999763e+92
5.494669999999999763e+92
5.494669999999999763e+92
5.494669999999999763e+92
5.494669999999999763e+92
5.494669999999999763e+92
5.494669999999999763e+92
5.494669999999999763e+92
5.494669999999999763e+92
5.494669999999999763e+92
5.494669999999999763e+92
5.494669999999999763e+92
5.494669999999999763e+92
5.494669999999999763e+92
5.494669999999999763e+92
5.494669999999999763e+92
5.494669999999999763e+92
5.494669999999999763e+92
5.494669999999999763e+92
5.494669999999999763e+92
5.494669999999999763e+92
5.494669999999999763e+92
5.494669999999999763e+92
5.494669999999999763e+92
5.494669999999999763e+92
5.494669999999999763e+92
5.494669999999999763e+92
5.494669999999999763e+92
5.494669999999999763e+92
5.494669999999999763e+92
5.494669999999999763e+92
5.494669999999999763e+92
5.494669999999999763e+92
5.494669999999999763e+92
5.494669999999999763e+92
5.494669999999999763e+92
5.494669999999999763e+92
5.494669999999999763e+92
5.494669999999999763e+92
5.494669999999999763e+92
5.494669999999999763e+92
5.494669999999999763e+92
5.494669999999999763e+92
5.494669999999999763e+92
5.494669999999999763e+92
5.494669999999999763e+92
5.494669999999999763e+92
5.494669999999999763e+92
5.494669999999999763e+92
5.494669999999999763e+92
5.494669999999999763e+92
5.494669999999999763e+92
5.494669999999999763e+92
5.494669999999999763e+92
5.494669999999999763e+92
5.494669999999999763e+92
5.494669999999999763e+92
5.494669999999999763e+92
5.494669999999999763e+92
5.494669999999999763e+92
5.494669999999999763e+92
5.494669999999999763e+92
5.494669999999999763e+92
5.494669999999999763e+92
5.494669999999999763e+92
5.494669999999999763e+92
5.494669999999999763e+92
5.494669999999999763e+92
5.494669999999999763e+92
5.494669999999999763e+92
5.494669999999999763e+92
5.494669999999999763e+92
5.494669999999999763e+92
5.494669999999999763e+92
5.494669999999999763e+92
5.494669999999999763e+92
5.494669999999999763e+92
5.494669999999999763e+92
5.494669999999999763e+92
5.494669999999999763e+92
5.494669999999999763e+92
5.494669999999999763e+92
5.494669999999999763e+92
5.494669999999999763e+92
5.494669999999999763e+92
5.494669999999999763e+92
5.494669999999999763e+92
5.494669999999999763e+92
5.494669999999999763e+92
5.494669999999999763e+92
5.494669999999999763e+92
5.494669999999999763e+92
5.494669999999999763e+92
5.494669999999999763e+92
5.494669999999999763e+92
5.494669999999999763e+92
5.494669999999999763e+92
5.494669999999999763e+92
5.494669999999999763e+92
5.494669999999999763e+92
5.494669999999999763e+92
5.494669999999999763e+92
5.494669999999999763e+92
5.494669999999999763e+92
5.494669999999999763e+92
5.494669999999999763e+92
5.494669999999999763e+92
5.494669999999999763e+92
5.494669999999999763e+92
5.494669999999999763e+92
5.494669999999999763e+92
5.494669999999999763e+92
5.494669999999999763e+92
5.494669999999999763e+92
5.494669999999999763e+92
5.494669999999999763e+92
5.494669999999999763e+92
5.494669999999999763e+92
5.494669999999999763e+92
5.494669999999999763e+92
5.494669999999999763e+92
5.494669999999999763e+92
5.494669999999999763e+92
5.494669999999999763e+92
5.494669999999999763e+92
5.494669999999999763e+92
5.494669999999999763e+92
5.494669999999999763e+92
5.494669999999999763e+92
5.494669999999999763e+92
5.494669999999999763e+92
5.494669999999999763e+92
5.494669999999999763e+92
5.494669999999999763e+92
5.494669999999999763e+92
5.494669999999999763e+92
5.494669999999999763e+92
5.494669999999999763e+92
5.494669999999999763e+92
5.494669999999999763e+92
5.494669999999999763e+92
5.494669999999999763e+92
5.494669999999999763e+92
5.494669999999999763e+92
5.494669999999999763e+92
5.494669999999999763e+92
5.494669999999999763e+92
5.494669999999999763e+92
5.494669999999999763e+92
5.494669999999999763e+92
5.494669999999999763e+92
5.494669999999999763e+92
5.494669999999999763e+92
5.494669999999999763e+92
5.494669999999999763e+92
5.494669999999999763e+92
5.494669999999999763e+92
5.494669999999999763e+92
5.494669999999999763e+92
5.494669999999999763e+92
5.494669999999999763e+92
5.494669999999999763e+92
5.494669999999999763e+92
5.494669999999999763e+92
5.494669999999999763e+92
5.494669999999999763e+92
5.494669999999999763e+92
5.494669999999999763e+92
5.494669999999999763e+92
5.494669999999999763e+92
5.494669999999999763e+92
5.494669999999999763e+92
5.494669999999999763e+92
5.494669999999999763e+92
5.494669999999999763e+92
5.494669999999999763e+92
5.494669999999999763e+92
5.494669999999999763e+92
5.494669999999999763e+92
5.494669999999999763e+92
5.494669999999999763e+92
5.494669999999999763e+92
5.494669999999999763e+92
5.494669999999999763e+92
5.494669999999999763e+92
5.494669999999999763e+92
5.494669999999999763e+92
5.494669999999999763e+92
5.494669999999999763e+92
5.494669999999999763e+92
5.494669999999999763e+92
5.494669999999999763e+92
5.494669999999999763e+92
5.494669999999999763e+92
5.494669999999999763e+92
5.494669999999999763e+92
5.494669999999999763e+92
5.494669999999999763e+92
5.494669999999999763e+92
5.494669999999999763e+92
5.494669999999999763e+92
5.494669999999999763e+92
5.494669999999999763e+92
5.494669999999999763e+92
5.494669999999999763e+92
5.494669999999999763e+92
5.494669999999999763e+92
5.494669999999999763e+92
5.494669999999999763e+92
5.494669999999999763e+92
5.494669999999999763e+92
5.494669999999999763e+92
5.494669999999999763e+92
5.494669999999999763e+92
5.494669999999999763e+92
5.494669999999999763e+92
5.494669999999999763e+92
5.494669999999999763e+92
5.494669999999999763e+92
5.494669999999999763e+92
5.494669999999999763e+92
5.494669999999999763e+92
5.494669999999999763e+92
5.494669999999999763e+92
5.494669999999999763e+92
5.494669999999999763e+92
5.494669999999999763e+92
5.494669999999999763e+92
5.494669999999999763e+92
5.494669999999999763e+92
5.494669999999999763e+92
5.494669999999999763e+92
5.494669999999999763e+92
5.494669999999999763e+92
5.494669999999999763e+92
5.494669999999999763e+92
5.494669999999999763e+92
5.494669999999999763e+92
5.494669999999999763e+92
5.494669999999999763e+92
5.494669999999999763e+92
5.494669999999999763e+92
5.494669999999999763e+92
5.494669999999999763e+92
5.494669999999999763e+92
5.494669999999999763e+92
5.494669999999999763e+92
5.494669999999999763e+92
5.494669999999999763e+92
5.494669999999999763e+92
5.494669999999999763e+92
5.494669999999999763e+92
5.494669999999999763e+92
5.494669999999999763e+92
5.494669999999999763e+92
5.494669999999999763e+92
5.494669999999999763e+92
5.494669999999999763e+92
5.494669999999999763e+92
5.494669999999999763e+92
5.494669999999999763e+92
5.494669999999999763e+92
5.494669999999999763e+92
5.494669999999999763e+92
5.494669999999999763e+92
5.494669999999999763e+92
5.494669999999999763e+92
5.494669999999999763e+92
5.494669999999999763e+92
5.494669999999999763e+92
5.494669999999999763e+92
5.494669999999999763e+92
5.494669999999999763e+92
5.494669999999999763e+92
5.494669999999999763e+92
5.494669999999999763e+92
5.494669999999999763e+92
5.494669999999999763e+92
5.494669999999999763e+92
5.494669999999999763e+92
5.494669999999999763e+92
5.494669999999999763e+92
5.494669999999999763e+92
5.494669999999999763e+92
5.494669999999999763e+92
5.494669999999999763e+92
5.494669999999999763e+92
5.494669999999999763e+92
5.494669999999999763e+92
5.494669999999999763e+92
5.494669999999999763e+92
5.494669999999999763e+92
5.494669999999999763e+92
5.494669999999999763e+92
5.494669999999999763e+92
5.494669999999999763e+92
5.494669999999999763e+92
5.494669999999999763e+92
5.494669999999999763e+92
5.494669999999999763e+92
5.494669999999999763e+92
5.494669999999999763e+92
5.494669999999999763e+92
5.494669999999999763e+92
5.494669999999999763e+92
5.494669999999999763e+92
5.494669999999999763e+92
5.494669999999999763e+92
5.494669999999999763e+92
5.494669999999999763e+92
5.494669999999999763e+92
5.494669999999999763e+92
5.494669999999999763e+92
5.494669999999999763e+92
5.494669999999999763e+92
5.494669999999999763e+92
5.494669999999999763e+92
5.494669999999999763e+92
5.494669999999999763e+92
5.494669999999999763e+92
5.494669999999999763e+92
5.494669999999999763e+92
5.494669999999999763e+92
5.494669999999999763e+92
5.494669999999999763e+92
5.494669999999999763e+92
5.494669999999999763e+92
5.494669999999999763e+92
5.494669999999999763e+92
5.494669999999999763e+92
5.494669999999999763e+92
5.494669999999999763e+92
5.494669999999999763e+92
5.494669999999999763e+92
5.494669999999999763e+92
5.494669999999999763e+92
5.494669999999999763e+92
5.494669999999999763e+92
5.494669999999999763e+92
5.494669999999999763e+92
5.494669999999999763e+92
5.494669999999999763e+92
5.494669999999999763e+92
5.494669999999999763e+92
5.494669999999999763e+92
5.494669999999999763e+92
5.494669999999999763e+92
5.494669999999999763e+92
5.494669999999999763e+92
5.494669999999999763e+92
5.494669999999999763e+92
5.494669999999999763e+92
5.494669999999999763e+92
5.494669999999999763e+92
5.494669999999999763e+92
5.494669999999999763e+92
5.494669999999999763e+92
5.494669999999999763e+92
5.494669999999999763e+92
5.494669999999999763e+92
5.494669999999999763e+92
5.494669999999999763e+92
5.494669999999999763e+92
5.494669999999999763e+92
5.494669999999999763e+92
5.494669999999999763e+92
5.494669999999999763e+92
5.494669999999999763e+92
5.494669999999999763e+92
5.494669999999999763e+92
5.494669999999999763e+92
5.494669999999999763e+92
5.494669999999999763e+92
5.494669999999999763e+92
5.494669999999999763e+92
5.494669999999999763e+92
5.494669999999999763e+92
5.494669999999999763e+92
5.494669999999999763e+92
5.494669999999999763e+92
5.494669999999999763e+92
5.494669999999999763e+92
5.494669999999999763e+92
5.494669999999999763e+92
5.494669999999999763e+92
5.494669999999999763e+92
5.494669999999999763e+92
5.494669999999999763e+92
5.494669999999999763e+92
5.494669999999999763e+92
5.494669999999999763e+92
5.494669999999999763e+92
5.494669999999999763e+92
5.494669999999999763e+92
5.494669999999999763e+92
5.494669999999999763e+92
5.494669999999999763e+92
5.494669999999999763e+92
5.494669999999999763e+92
5.494669999999999763e+92
5.494669999999999763e+92
5.494669999999999763e+92
5.494669999999999763e+92
5.494669999999999763e+92
5.494669999999999763e+92
5.494669999999999763e+92
5.494669999999999763e+92
5.494669999999999763e+92
5.494669999999999763e+92
5.494669999999999763e+92
5.494669999999999763e+92
5.494669999999999763e+92
5.494669999999999763e+92
5.494669999999999763e+92
5.494669999999999763e+92
5.494669999999999763e+92
5.494669999999999763e+92
5.494669999999999763e+92
5.494669999999999763e+92
5.494669999999999763e+92
5.494669999999999763e+92
5.494669999999999763e+92
5.494669999999999763e+92
5.494669999999999763e+92
5.494669999999999763e+92
5.494669999999999763e+92
5.494669999999999763e+92
5.494669999999999763e+92
5.494669999999999763e+92
5.494669999999999763e+92
5.494669999999999763e+92
5.494669999999999763e+92
5.494669999999999763e+92
5.494669999999999763e+92
5.494669999999999763e+92
5.494669999999999763e+92
5.494669999999999763e+92
5.494669999999999763e+92
5.494669999999999763e+92
5.494669999999999763e+92
5.494669999999999763e+92
5.494669999999999763e+92
5.494669999999999763e+92
5.494669999999999763e+92
5.494669999999999763e+92
5.494669999999999763e+92
5.494669999999999763e+92
5.494669999999999763e+92
5.494669999999999763e+92
5.494669999999999763e+92
5.494669999999999763e+92
5.494669999999999763e+92
5.494669999999999763e+92
5.494669999999999763e+92
5.494669999999999763e+92
5.494669999999999763e+92
5.494669999999999763e+92
5.494669999999999763e+92
5.494669999999999763e+92
5.494669999999999763e+92
5.494669999999999763e+92
5.494669999999999763e+92
5.494669999999999763e+92
5.494669999999999763e+92
5.494669999999999763e+92
5.494669999999999763e+92
5.494669999999999763e+92
5.494669999999999763e+92
5.494669999999999763e+92
5.494669999999999763e+92
5.494669999999999763e+92
5.494669999999999763e+92
5.494669999999999763e+92
5.494669999999999763e+92
5.494669999999999763e+92
5.494669999999999763e+92
5.494669999999999763e+92
5.494669999999999763e+92
5.494669999999999763e+92
5.494669999999999763e+92
5.494669999999999763e+92
5.494669999999999763e+92
5.494669999999999763e+92
5.494669999999999763e+92
5.494669999999999763e+92
5.494669999999999763e+92
5.494669999999999763e+92
5.494669999999999763e+92
5.494669999999999763e+92
5.494669999999999763e+92
5.494669999999999763e+92
5.494669999999999763e+92
5.494669999999999763e+92
5.494669999999999763e+92
5.494669999999999763e+92
5.494669999999999763e+92
5.494669999999999763e+92
5.494669999999999763e+92
5.494669999999999763e+92
5.494669999999999763e+92
5.494669999999999763e+92
5.494669999999999763e+92
5.494669999999999763e+92
5.494669999999999763e+92
5.494669999999999763e+92
5.494669999999999763e+92
5.494669999999999763e+92
5.494669999999999763e+92
5.494669999999999763e+92
5.494669999999999763e+92
5.494669999999999763e+92
5.494669999999999763e+92
5.494669999999999763e+92
5.494669999999999763e+92
5.494669999999999763e+92
5.494669999999999763e+92
5.494669999999999763e+92
5.494669999999999763e+92
5.494669999999999763e+92
5.494669999999999763e+92
5.494669999999999763e+92
5.494669999999999763e+92
5.494669999999999763e+92
5.494669999999999763e+92
5.494669999999999763e+92
5.494669999999999763e+92
5.494669999999999763e+92
5.494669999999999763e+92
5.494669999999999763e+92
5.494669999999999763e+92
5.494669999999999763e+92
5.494669999999999763e+92
5.494669999999999763e+92
5.494669999999999763e+92
5.494669999999999763e+92
5.494669999999999763e+92
5.494669999999999763e+92
5.494669999999999763e+92
5.494669999999999763e+92
5.494669999999999763e+92
5.494669999999999763e+92
5.494669999999999763e+92
5.494669999999999763e+92
5.494669999999999763e+92
5.494669999999999763e+92
5.494669999999999763e+92
5.494669999999999763e+92
5.494669999999999763e+92
5.494669999999999763e+92
5.494669999999999763e+92
5.494669999999999763e+92
5.494669999999999763e+92
5.494669999999999763e+92
5.494669999999999763e+92
5.494669999999999763e+92
5.494669999999999763e+92
5.494669999999999763e+92
5.494669999999999763e+92
5.494669999999999763e+92
5.494669999999999763e+92
5.494669999999999763e+92
5.494669999999999763e+92
5.494669999999999763e+92
5.494669999999999763e+92
5.494669999999999763e+92
5.494669999999999763e+92
5.494669999999999763e+92
5.494669999999999763e+92
5.494669999999999763e+92
5.494669999999999763e+92
5.494669999999999763e+92
5.494669999999999763e+92
5.494669999999999763e+92
5.494669999999999763e+92
5.494669999999999763e+92
5.494669999999999763e+92
5.494669999999999763e+92
5.494669999999999763e+92
5.494669999999999763e+92
5.494669999999999763e+92
5.494669999999999763e+92
5.494669999999999763e+92
5.494669999999999763e+92
5.494669999999999763e+92
5.494669999999999763e+92
5.494669999999999763e+92
5.494669999999999763e+92
5.494669999999999763e+92
5.494669999999999763e+92
5.494669999999999763e+92
5.494669999999999763e+92
5.494669999999999763e+92
5.494669999999999763e+92
5.494669999999999763e+92
5.494669999999999763e+92
5.494669999999999763e+92
5.494669999999999763e+92
5.494669999999999763e+92
5.494669999999999763e+92
5.494669999999999763e+92
5.494669999999999763e+92
5.494669999999999763e+92
5.494669999999999763e+92
5.494669999999999763e+92
5.494669999999999763e+92
5.494669999999999763e+92
5.494669999999999763e+92
5.494669999999999763e+92
5.494669999999999763e+92
5.494669999999999763e+92
5.494669999999999763e+92
5.494669999999999763e+92
5.494669999999999763e+92
5.494669999999999763e+92
5.494669999999999763e+92
5.494669999999999763e+92
5.494669999999999763e+92
5.494669999999999763e+92
5.494669999999999763e+92
5.494669999999999763e+92
5.494669999999999763e+92
5.494669999999999763e+92
5.494669999999999763e+92
5.494669999999999763e+92
5.494669999999999763e+92
5.494669999999999763e+92
5.494669999999999763e+92
5.494669999999999763e+92
5.494669999999999763e+92
5.494669999999999763e+92
5.494669999999999763e+92
5.494669999999999763e+92
5.494669999999999763e+92
5.494669999999999763e+92
5.494669999999999763e+92
5.494669999999999763e+92
5.494669999999999763e+92
5.494669999999999763e+92
5.494669999999999763e+92
5.494669999999999763e+92
5.494669999999999763e+92
5.494669999999999763e+92
5.494669999999999763e+92
5.494669999999999763e+92
5.494669999999999763e+92
5.494669999999999763e+92
5.494669999999999763e+92
5.494669999999999763e+92
5.494669999999999763e+92
5.494669999999999763e+92
5.494669999999999763e+92
5.494669999999999763e+92
5.494669999999999763e+92
5.494669999999999763e+92
5.494669999999999763e+92
5.494669999999999763e+92
5.494669999999999763e+92
5.494669999999999763e+92
5.494669999999999763e+92
5.494669999999999763e+92
5.494669999999999763e+92
5.494669999999999763e+92
5.494669999999999763e+92
5.494669999999999763e+92
5.494669999999999763e+92
5.494669999999999763e+92
5.494669999999999763e+92
5.494669999999999763e+92
5.494669999999999763e+92
5.494669999999999763e+92
5.494669999999999763e+92
5.494669999999999763e+92
5.494669999999999763e+92
5.494669999999999763e+92
5.494669999999999763e+92
5.494669999999999763e+92
5.494669999999999763e+92
5.494669999999999763e+92
5.494669999999999763e+92
5.494669999999999763e+92
5.494669999999999763e+92
5.494669999999999763e+92
5.494669999999999763e+92
5.494669999999999763e+92
5.494669999999999763e+92
5.494669999999999763e+92
5.494669999999999763e+92
5.494669999999999763e+92
5.494669999999999763e+92
5.494669999999999763e+92
5.494669999999999763e+92
5.494669999999999763e+92
5.494669999999999763e+92
5.494669999999999763e+92
5.494669999999999763e+92
5.494669999999999763e+92
5.494669999999999763e+92
5.494669999999999763e+92
5.494669999999999763e+92
5.494669999999999763e+92
5.494669999999999763e+92
5.494669999999999763e+92
5.494669999999999763e+92
5.494669999999999763e+92
5.494669999999999763e+92
5.494669999999999763e+92
5.494669999999999763e+92
5.494669999999999763e+92
5.494669999999999763e+92
5.494669999999999763e+92
5.494669999999999763e+92
5.494669999999999763e+92
5.494669999999999763e+92
5.494669999999999763e+92
5.494669999999999763e+92
5.494669999999999763e+92
5.494669999999999763e+92
5.494669999999999763e+92
5.494669999999999763e+92
5.494669999999999763e+92
5.494669999999999763e+92
5.494669999999999763e+92
5.494669999999999763e+92
5.494669999999999763e+92
5.494669999999999763e+92
5.494669999999999763e+92
5.494669999999999763e+92
5.494669999999999763e+92
5.494669999999999763e+92
5.494669999999999763e+92
5.494669999999999763e+92
5.494669999999999763e+92
5.494669999999999763e+92
5.494669999999999763e+92
5.494669999999999763e+92
5.494669999999999763e+92
5.494669999999999763e+92
5.494669999999999763e+92
5.494669999999999763e+92
5.494669999999999763e+92
5.494669999999999763e+92
5.494669999999999763e+92
5.494669999999999763e+92
5.494669999999999763e+92
5.494669999999999763e+92
5.494669999999999763e+92
5.494669999999999763e+92
5.494669999999999763e+92
5.494669999999999763e+92
5.494669999999999763e+92
5.494669999999999763e+92
5.494669999999999763e+92
5.494669999999999763e+92
5.494669999999999763e+92
5.494669999999999763e+92
5.494669999999999763e+92
5.494669999999999763e+92
5.494669999999999763e+92
5.494669999999999763e+92
5.494669999999999763e+92
5.494669999999999763e+92
5.494669999999999763e+92
5.494669999999999763e+92
5.494669999999999763e+92
5.494669999999999763e+92
5.494669999999999763e+92
5.494669999999999763e+92
5.494669999999999763e+92
5.494669999999999763e+92
5.494669999999999763e+92
5.494669999999999763e+92
5.494669999999999763e+92
5.494669999999999763e+92
5.494669999999999763e+92
5.494669999999999763e+92
5.494669999999999763e+92
5.494669999999999763e+92
5.494669999999999763e+92
5.494669999999999763e+92
5.494669999999999763e+92
5.494669999999999763e+92
5.494669999999999763e+92
5.494669999999999763e+92
5.494669999999999763e+92
5.494669999999999763e+92
5.494669999999999763e+92
5.494669999999999763e+92
5.494669999999999763e+92
5.494669999999999763e+92
5.494669999999999763e+92
5.494669999999999763e+92
5.494669999999999763e+92
5.494669999999999763e+92
5.494669999999999763e+92
5.494669999999999763e+92
5.494669999999999763e+92
5.494669999999999763e+92
5.494669999999999763e+92
5.494669999999999763e+92
5.494669999999999763e+92
5.494669999999999763e+92
5.494669999999999763e+92
5.494669999999999763e+92
5.494669999999999763e+92
5.494669999999999763e+92
5.494669999999999763e+92
5.494669999999999763e+92
5.494669999999999763e+92
5.494669999999999763e+92
5.494669999999999763e+92
5.494669999999999763e+92
5.494669999999999763e+92
5.494669999999999763e+92
5.494669999999999763e+92
5.494669999999999763e+92
5.494669999999999763e+92
5.494669999999999763e+92
5.494669999999999763e+92
5.509409999999999518e+92
5.504880000000000425e+92
5.505120000000000116e+92
5.503989999999999737e+92
5.507899999999999820e+92
5.511880000000000296e+92
5.512190000000000380e+92
5.508349999999999531e+92
5.509589999999999865e+92
5.510290000000000316e+92
5.508969999999999698e+92
5.512459999999999743e+92
5.512869999999999891e+92
5.512830000000000328e+92
5.514469999999999762e+92
5.512110000000000097e+92
5.512300000000000335e+92
5.512190000000000380e+92
5.509279999999999782e+92
5.511360000000000193e+92
5.511450000000000367e+92
5.511240000000000348e+92
5.514569999999999827e+92
5.513749999999999531e+92
5.513829999999999814e+92
5.513680000000000296e+92
5.514870000000000020e+92
5.512920000000000502e+92
5.512999999999999627e+92
5.512889999999999672e+92
5.509929999999999621e+92
5.503119999999999988e+92
5.503119999999999988e+92
5.502890000000000187e+92
5.507569999999999955e+92
5.512879999999999782e+92
5.512889999999999672e+92
5.512610000000000418e+92
5.514159999999999679e+92
5.510100000000000078e+92
5.509860000000000386e+92
5.509530000000000521e+92
5.505889999999999801e+92
5.509970000000000341e+92
5.510229999999999814e+92
5.509770000000000213e+92
5.514059999999999614e+92
5.514610000000000547e+92
5.515380000000000232e+92
5.514699999999999563e+92
5.515629999999999814e+92
5.515559999999999421e+92
5.518020000000000309e+92
5.516579999999999846e+92
5.514970000000000084e+92
5.514579999999999717e+92
5.524119999999999601e+92
5.520929999999999749e+92
5.509579999999999975e+92
5.508510000000000097e+92
5.549819999999999922e+92
5.547010000000000546e+92
5.560880000000000553e+92
5.559589999999999607e+92
5.745370000000000079e+92
5.745050000000000105e+92
5.745619999999999661e+92
5.744229999999999809e+92
6.584399999999999862e+92
6.597400000000000119e+92
6.563070000000000384e+92
6.561339999999999618e+92
5.688920000000000241e+92
5.754709999999999834e+92
5.783709999999999962e+92
5.783749999999999525e+92
5.565230000000000456e+92
5.458640000000000091e+92
5.424699999999999565e+92
5.410890000000000060e+92
5.335170000000000216e+92
5.182080000000000046e+92
4.764499999999999836e+92
4.698859999999999760e+92
4.832770000000000098e+92
4.588760000000000148e+92
5.061759999999999881e+92
5.201080000000000110e+92
5.978579999999999450e+92
5.121560000000000137e+92
5.121560000000000137e+92
4.973170000000000095e+92
3.936879999999999750e+92
3.936879999999999750e+92
3.936879999999999750e+92
3.742010000000000263e+92
3.422289999999999780e+92
2.582839999999999959e+92
3.603549999999999892e+92
3.603549999999999892e+92
3.450279999999999953e+92
3.450279999999999953e+92
2.629649999999999848e+92
3.600529999999999918e+92
3.390320000000000289e+92
2.664780000000000099e+92
2.340189999999999900e+92
8.591650000000000270e+91
7.614500000000000162e+91
7.614500000000000162e+91
1.145140000000000021e+92
1.145140000000000021e+92
1.145140000000000021e+92
5.718459999999999674e+91
5.718459999999999674e+91
5.718459999999999674e+91
5.718459999999999674e+91
5.718459999999999674e+91
5.718459999999999674e+91
5.718459999999999674e+91
5.718459999999999674e+91
5.718459999999999674e+91
5.718459999999999674e+91
9.426309999999999500e+92
6.284149999999999515e+92
6.284149999999999515e+92
6.284149999999999515e+92
6.284149999999999515e+92
1.283679999999999922e+93
1.283679999999999922e+93
1.283679999999999922e+93
1.283679999999999922e+93
3.358770000000000026e+93
3.358770000000000026e+93
3.358770000000000026e+93
3.358770000000000026e+93
1.856679999999999832e+94
1.856679999999999832e+94
1.856679999999999832e+94
1.821469999999999892e+95
8.523709999999999468e+95
8.523709999999999468e+95
8.523709999999999468e+95
8.523709999999999468e+95
8.523709999999999468e+95
8.523709999999999468e+95
8.523709999999999468e+95
8.523709999999999468e+95
4.440379999999999932e+96
4.440379999999999932e+96
4.440379999999999932e+96
4.440379999999999932e+96
1.465620000000000052e+97
1.465620000000000052e+97
1.465620000000000052e+97
1.465620000000000052e+97
1.465620000000000052e+97
1.465620000000000052e+97
1.465620000000000052e+97
1.465620000000000052e+97
1.465620000000000052e+97
1.465620000000000052e+97
1.465620000000000052e+97
1.465620000000000052e+97
1.465620000000000052e+97
1.465620000000000052e+97
1.465620000000000052e+97
1.465620000000000052e+97
1.465620000000000052e+97
1.465620000000000052e+97
1.465620000000000052e+97
1.465620000000000052e+97
1.465620000000000052e+97
1.465620000000000052e+97
1.465620000000000052e+97
1.527950000000000081e+101
1.527950000000000081e+101
1.527950000000000081e+101
1.527950000000000081e+101
3.250519999999999860e+102
3.250519999999999860e+102
3.250519999999999860e+102
3.250519999999999860e+102
2.973110000000000087e+103
2.973110000000000087e+103
2.973110000000000087e+103
2.973110000000000087e+103
1.848859999999999994e+104
1.848859999999999994e+104
1.501840000000000072e+106
1.982759999999999939e+106
1.068000000000000008e+107
1.068000000000000008e+107
1.405179999999999960e+107
1.502649999999999999e+107
9.270850000000000445e+107
9.270850000000000445e+107
7.980309999999999799e+107
8.107970000000000334e+107
5.990429999999999691e+108
5.990429999999999691e+108
3.957269999999999944e+108
3.736760000000000026e+108
3.736760000000000026e+108
3.736760000000000026e+108
3.736760000000000026e+108
1.830969999999999905e+108
1.811659999999999989e+109
1.811659999999999989e+109
1.811659999999999989e+109
2.861479999999999827e+109
1.627309999999999931e+110
1.627309999999999931e+110
1.627309999999999931e+110
1.627309999999999931e+110
7.999250000000000274e+110
7.999250000000000274e+110
7.999250000000000274e+110
3.649450000000000121e+110
1.850280000000000113e+111
1.850280000000000113e+111
6.777010000000000217e+112
7.485659999999999716e+112
3.436290000000000045e+113
3.436290000000000045e+113
3.436290000000000045e+113
5.825529999999999889e+113
2.552469999999999739e+114
2.552469999999999739e+114
2.552469999999999739e+114
9.560129999999999540e+114
4.136020000000000025e+115
5.315289999999999659e+115
5.315289999999999659e+115
8.318979999999999360e+116
3.486540000000000021e+117
1.588590000000000030e+118
1.588590000000000030e+118
1.117280000000000073e+119
4.795770000000000358e+119
2.359710000000000049e+120
2.359710000000000049e+120
1.258959999999999930e+121
2.885679999999999734e+120
1.437839999999999978e+121
1.437839999999999978e+121
7.656149999999999814e+121
7.656149999999999814e+121
3.887039999999999783e+122
3.887039999999999783e+122
1.974559999999999921e+123
8.667850000000000184e+123
4.475219999999999938e+124
4.034509999999999962e+124
1.834659999999999953e+125
8.180690000000000725e+125
5.073050000000000026e+126
4.563419999999999784e+126
2.399919999999999853e+127
1.050570000000000022e+128
4.890839999999999722e+128
5.017879999999999722e+128
5.017879999999999722e+128
2.248349999999999966e+129
1.136809999999999973e+130
1.064159999999999989e+130
4.995320000000000442e+130
2.185780000000000095e+131
1.247039999999999997e+132
1.118959999999999978e+132
5.908109999999999869e+132
2.595200000000000101e+133
1.188969999999999949e+134
1.234090000000000032e+134
5.692840000000000184e+134
5.692840000000000184e+134
2.796629999999999945e+135
2.645009999999999916e+135
1.239410000000000113e+136
5.311910000000000458e+136
5.311910000000000458e+136
5.311910000000000458e+136
2.462959999999999966e+137
1.067110000000000077e+138
7.304079999999999842e+138
5.165399999999999719e+138
2.340920000000000028e+139
2.340920000000000028e+139
2.034779999999999907e+140
1.652319999999999959e+140
7.438860000000000335e+140
2.025509999999999859e+141
2.431850000000000102e+142
1.950519999999999907e+142
1.950519999999999907e+142
3.760110000000000220e+142
6.535269999999999840e+143
5.602939999999999736e+143
2.457499999999999905e+144
2.581629999999999971e+144
8.168489999999999507e+145
7.447860000000000311e+145
3.723010000000000030e+146
1.567609999999999992e+147
7.697930000000000195e+147
7.811609999999999532e+147
3.558789999999999823e+148
1.462159999999999910e+149
8.040969999999999891e+149
7.371639999999999691e+149
3.328030000000000096e+150
1.292760000000000005e+151
8.257649999999999517e+151
7.081780000000000470e+151
3.179579999999999769e+152
1.108510000000000029e+153
8.631240000000000131e+153
8.631240000000000131e+153
8.631240000000000131e+153
3.632799999999999997e+154
3.632799999999999997e+154
3.632799999999999997e+154
1.761679999999999983e+155
7.568040000000000245e+155
7.568040000000000245e+155
1.028530000000000066e+156
6.457990000000000171e+156
2.832990000000000175e+157
2.832990000000000175e+157
1.442380000000000152e+157
1.442380000000000152e+157
1.442380000000000152e+157
1.442380000000000152e+157
1.442380000000000152e+157
2.522850000000000178e+158
1.125830000000000056e+159
1.125830000000000056e+159
1.125830000000000056e+159
1.125830000000000056e+159
1.125830000000000056e+159
1.125830000000000056e+159
1.125830000000000056e+159
1.125830000000000056e+159
2.814900000000000073e+159
2.814900000000000073e+159
2.814900000000000073e+159
2.814900000000000073e+159
2.814900000000000073e+159
2.814900000000000073e+159
2.814900000000000073e+159
2.814900000000000073e+159
2.814900000000000073e+159
2.814900000000000073e+159
2.814900000000000073e+159
2.814900000000000073e+159
2.814900000000000073e+159
2.814900000000000073e+159
2.814900000000000073e+159
2.814900000000000073e+159
2.814900000000000073e+159
2.814900000000000073e+159
2.814900000000000073e+159
2.814900000000000073e+159
2.814900000000000073e+159
2.814900000000000073e+159
2.814900000000000073e+159
2.814900000000000073e+159
2.814900000000000073e+159
2.814900000000000073e+159
2.814900000000000073e+159
2.814900000000000073e+159
2.814900000000000073e+159
2.814900000000000073e+159
2.814900000000000073e+159
2.814900000000000073e+159
2.814900000000000073e+159
2.814900000000000073e+159
2.814900000000000073e+159
2.814900000000000073e+159
2.814900000000000073e+159
2.814900000000000073e+159
2.814900000000000073e+159
2.814900000000000073e+159
2.814900000000000073e+159
2.814900000000000073e+159
2.814900000000000073e+159
2.814900000000000073e+159
2.814900000000000073e+159
2.814900000000000073e+159
2.814900000000000073e+159
2.814900000000000073e+159
2.814900000000000073e+159
2.814900000000000073e+159
2.814900000000000073e+159
2.814900000000000073e+159
2.814900000000000073e+159
2.814900000000000073e+159
2.814900000000000073e+159
2.814900000000000073e+159
2.814900000000000073e+159
2.814900000000000073e+159
2.814900000000000073e+159
2.814900000000000073e+159
2.814900000000000073e+159
2.814900000000000073e+159
2.814900000000000073e+159
2.814900000000000073e+159
2.814900000000000073e+159
2.814900000000000073e+159
2.814900000000000073e+159
2.814900000000000073e+159
2.814900000000000073e+159
2.814900000000000073e+159
2.814900000000000073e+159
2.814900000000000073e+159
2.814900000000000073e+159
2.814900000000000073e+159
2.814900000000000073e+159
2.814900000000000073e+159
2.814900000000000073e+159
2.814900000000000073e+159
2.814900000000000073e+159
2.814900000000000073e+159
2.814900000000000073e+159
2.814900000000000073e+159
2.814900000000000073e+159
2.814900000000000073e+159
2.814900000000000073e+159
2.814900000000000073e+159
2.814900000000000073e+159
2.814900000000000073e+159
2.814900000000000073e+159
2.814900000000000073e+159
2.814900000000000073e+159
2.814900000000000073e+159
2.814900000000000073e+159
2.814900000000000073e+159
2.814900000000000073e+159
2.814900000000000073e+159
2.814900000000000073e+159
2.814900000000000073e+159
2.814900000000000073e+159
2.814900000000000073e+159
2.814900000000000073e+159
2.814900000000000073e+159
2.814900000000000073e+159
2.814900000000000073e+159
2.814900000000000073e+159
2.814900000000000073e+159
2.814900000000000073e+159
2.814900000000000073e+159
2.814900000000000073e+159
2.814900000000000073e+159
2.814900000000000073e+159
2.814900000000000073e+159
2.814900000000000073e+159
2.814900000000000073e+159
2.814900000000000073e+159
2.814900000000000073e+159
2.814900000000000073e+159
2.814900000000000073e+159
2.814900000000000073e+159
2.814900000000000073e+159
2.814900000000000073e+159
2.814900000000000073e+159
2.814900000000000073e+159
2.814900000000000073e+159
2.814900000000000073e+159
2.814900000000000073e+159
2.814900000000000073e+159
2.814900000000000073e+159
2.814900000000000073e+159
2.814900000000000073e+159
2.814900000000000073e+159
2.814900000000000073e+159
2.814900000000000073e+159
2.814900000000000073e+159
2.814900000000000073e+159
2.814900000000000073e+159
2.814900000000000073e+159
2.814900000000000073e+159
2.814900000000000073e+159
2.814900000000000073e+159
2.814900000000000073e+159
2.814900000000000073e+159
2.814900000000000073e+159
2.814900000000000073e+159
2.814900000000000073e+159
2.814900000000000073e+159
2.814900000000000073e+159
2.814900000000000073e+159
2.814900000000000073e+159
2.814900000000000073e+159
2.814900000000000073e+159
2.814900000000000073e+159
2.814900000000000073e+159
2.814900000000000073e+159
2.814900000000000073e+159
2.814900000000000073e+159
2.814900000000000073e+159
2.814900000000000073e+159
2.814900000000000073e+159
2.814900000000000073e+159
2.814900000000000073e+159
2.814900000000000073e+159
2.814900000000000073e+159
2.814900000000000073e+159
2.814900000000000073e+159
2.814900000000000073e+159
2.814900000000000073e+159
2.814900000000000073e+159
2.814900000000000073e+159
2.814900000000000073e+159
2.814900000000000073e+159
2.814900000000000073e+159
2.814900000000000073e+159
2.814900000000000073e+159
2.814900000000000073e+159
2.814900000000000073e+159
2.814900000000000073e+159
2.814900000000000073e+159
2.814900000000000073e+159
2.814900000000000073e+159
2.814900000000000073e+159
2.814900000000000073e+159
2.814900000000000073e+159
2.814900000000000073e+159
2.814900000000000073e+159
2.814900000000000073e+159
2.814900000000000073e+159
2.814900000000000073e+159
2.814900000000000073e+159
2.814900000000000073e+159
2.814900000000000073e+159
2.814900000000000073e+159
2.814900000000000073e+159
2.814900000000000073e+159
2.814900000000000073e+159
2.814900000000000073e+159
2.814900000000000073e+159
2.814900000000000073e+159
2.814900000000000073e+159
2.814900000000000073e+159
2.814900000000000073e+159
2.814900000000000073e+159
2.814900000000000073e+159
2.814900000000000073e+159
2.814900000000000073e+159
2.814900000000000073e+159
2.814900000000000073e+159
2.814900000000000073e+159
2.814900000000000073e+159
2.814900000000000073e+159
2.814900000000000073e+159
2.814900000000000073e+159
2.814900000000000073e+159
2.814900000000000073e+159
2.814900000000000073e+159
2.814900000000000073e+159
2.814900000000000073e+159
2.814900000000000073e+159
2.814900000000000073e+159
2.814900000000000073e+159
2.814900000000000073e+159
2.814900000000000073e+159
2.814900000000000073e+159
2.814900000000000073e+159
2.814900000000000073e+159
2.814900000000000073e+159
2.814900000000000073e+159
2.814900000000000073e+159
2.814900000000000073e+159
2.814900000000000073e+159
2.814900000000000073e+159
2.814900000000000073e+159
2.814900000000000073e+159
2.814900000000000073e+159
2.814900000000000073e+159
2.814900000000000073e+159
2.814900000000000073e+159
2.814900000000000073e+159
2.814900000000000073e+159
2.814900000000000073e+159
2.814900000000000073e+159
2.814900000000000073e+159
2.814900000000000073e+159
2.814900000000000073e+159
2.814900000000000073e+159
2.814900000000000073e+159
2.814900000000000073e+159
2.814900000000000073e+159
2.814900000000000073e+159
2.814900000000000073e+159
2.814900000000000073e+159
2.814900000000000073e+159
2.814900000000000073e+159
2.814900000000000073e+159
2.814900000000000073e+159
2.814900000000000073e+159
2.814900000000000073e+159
2.814900000000000073e+159
2.814900000000000073e+159
2.814900000000000073e+159
2.814900000000000073e+159
2.814900000000000073e+159
2.814900000000000073e+159
2.814900000000000073e+159
2.814900000000000073e+159
2.814900000000000073e+159
2.814900000000000073e+159
2.814900000000000073e+159
2.814900000000000073e+159
2.814900000000000073e+159
2.814900000000000073e+159
2.814900000000000073e+159
2.814900000000000073e+159
2.814900000000000073e+159
2.814900000000000073e+159
2.814900000000000073e+159
2.814900000000000073e+159
2.814900000000000073e+159
2.814900000000000073e+159
2.814900000000000073e+159
2.814900000000000073e+159
2.814900000000000073e+159
2.814900000000000073e+159
2.814900000000000073e+159
2.814900000000000073e+159
2.814900000000000073e+159
2.814900000000000073e+159
2.814900000000000073e+159
2.814900000000000073e+159
2.814900000000000073e+159
2.814900000000000073e+159
2.814900000000000073e+159
2.814900000000000073e+159
2.814900000000000073e+159
2.814900000000000073e+159
2.814900000000000073e+159
2.814900000000000073e+159
2.814900000000000073e+159
2.814900000000000073e+159
2.814900000000000073e+159
2.814900000000000073e+159
2.814900000000000073e+159
2.814900000000000073e+159
2.814900000000000073e+159
2.814900000000000073e+159
2.814900000000000073e+159
2.814900000000000073e+159
2.814900000000000073e+159
2.814900000000000073e+159
2.814900000000000073e+159
2.814900000000000073e+159
2.814900000000000073e+159
2.814900000000000073e+159
2.814900000000000073e+159
2.814900000000000073e+159
2.814900000000000073e+159
2.814900000000000073e+159
2.814900000000000073e+159
2.814900000000000073e+159
2.814900000000000073e+159
2.814900000000000073e+159
2.814900000000000073e+159
2.814900000000000073e+159
2.814900000000000073e+159
2.814900000000000073e+159
2.814900000000000073e+159
2.814900000000000073e+159
2.814900000000000073e+159
2.814900000000000073e+159
2.814900000000000073e+159
2.814900000000000073e+159
2.814900000000000073e+159
2.814900000000000073e+159
2.814900000000000073e+159
2.814900000000000073e+159
2.814900000000000073e+159
2.814900000000000073e+159
2.814900000000000073e+159
2.814900000000000073e+159
2.814900000000000073e+159
2.814900000000000073e+159
2.814900000000000073e+159
2.814900000000000073e+159
2.814900000000000073e+159
2.814900000000000073e+159
2.814900000000000073e+159
2.814900000000000073e+159
2.814900000000000073e+159
2.814900000000000073e+159
2.814900000000000073e+159
2.814900000000000073e+159
2.814900000000000073e+159
2.814900000000000073e+159
2.814900000000000073e+159
2.814900000000000073e+159
2.814900000000000073e+159
2.814900000000000073e+159
2.814900000000000073e+159
2.814900000000000073e+159
2.814900000000000073e+159
2.814900000000000073e+159
2.814900000000000073e+159
2.814900000000000073e+159
2.814900000000000073e+159
2.814900000000000073e+159
2.814900000000000073e+159
2.814900000000000073e+159
2.814900000000000073e+159
2.814900000000000073e+159
2.814900000000000073e+159
2.814900000000000073e+159
2.814900000000000073e+159
2.814900000000000073e+159
2.814900000000000073e+159
2.814900000000000073e+159
2.814900000000000073e+159
2.814900000000000073e+159
2.814900000000000073e+159
2.814900000000000073e+159
2.814900000000000073e+159
2.814900000000000073e+159
2.814900000000000073e+159
2.814900000000000073e+159
2.814900000000000073e+159
2.814900000000000073e+159
2.814900000000000073e+159
2.814900000000000073e+159
2.814900000000000073e+159
2.814900000000000073e+159
2.814900000000000073e+159
2.814900000000000073e+159
2.814900000000000073e+159
2.814900000000000073e+159
2.814900000000000073e+159
2.814900000000000073e+159
2.814900000000000073e+159
2.814900000000000073e+159
2.814900000000000073e+159
2.814900000000000073e+159
2.814900000000000073e+159
2.814900000000000073e+159
2.814900000000000073e+159
2.814900000000000073e+159
2.814900000000000073e+159
2.814900000000000073e+159
2.814900000000000073e+159
2.814900000000000073e+159
2.814900000000000073e+159
2.814900000000000073e+159
2.814900000000000073e+159
2.814900000000000073e+159
2.814900000000000073e+159
2.814900000000000073e+159
2.814900000000000073e+159
2.814900000000000073e+159
2.814900000000000073e+159
2.814900000000000073e+159
2.814900000000000073e+159
2.814900000000000073e+159
2.814900000000000073e+159
2.814900000000000073e+159
2.814900000000000073e+159
2.814900000000000073e+159
2.814900000000000073e+159
2.814900000000000073e+159
2.814900000000000073e+159
2.814900000000000073e+159
2.814900000000000073e+159
2.814900000000000073e+159
2.814900000000000073e+159
2.814900000000000073e+159
2.814900000000000073e+159
2.814900000000000073e+159
2.814900000000000073e+159
2.814900000000000073e+159
2.814900000000000073e+159
2.814900000000000073e+159
2.814900000000000073e+159
2.814900000000000073e+159
2.814900000000000073e+159
2.814900000000000073e+159
2.814900000000000073e+159
2.814900000000000073e+159
2.814900000000000073e+159
2.814900000000000073e+159
2.814900000000000073e+159
2.814900000000000073e+159
2.814900000000000073e+159
2.814900000000000073e+159
2.814900000000000073e+159
2.814900000000000073e+159
2.814900000000000073e+159
2.814900000000000073e+159
2.814900000000000073e+159
2.814900000000000073e+159
2.814900000000000073e+159
2.814900000000000073e+159
2.814900000000000073e+159
2.814900000000000073e+159
2.814900000000000073e+159
2.814900000000000073e+159
2.814900000000000073e+159
2.814900000000000073e+159
2.814900000000000073e+159
2.814900000000000073e+159
2.814900000000000073e+159
2.814900000000000073e+159
2.814900000000000073e+159
2.814900000000000073e+159
2.814900000000000073e+159
2.814900000000000073e+159
2.814900000000000073e+159
2.814900000000000073e+159
2.814900000000000073e+159
2.814900000000000073e+159
2.814900000000000073e+159
2.814900000000000073e+159
2.814900000000000073e+159
2.814900000000000073e+159
2.814900000000000073e+159
2.814900000000000073e+159
2.814900000000000073e+159
2.814900000000000073e+159
2.814900000000000073e+159
2.814900000000000073e+159
2.814900000000000073e+159
2.814900000000000073e+159
2.814900000000000073e+159
2.814900000000000073e+159
2.814900000000000073e+159
2.814900000000000073e+159
2.814900000000000073e+159
2.814900000000000073e+159
2.814900000000000073e+159
2.814900000000000073e+159
2.814900000000000073e+159
2.814900000000000073e+159
2.814900000000000073e+159
2.814900000000000073e+159
2.814900000000000073e+159
2.814900000000000073e+159
2.814900000000000073e+159
2.814900000000000073e+159
2.814900000000000073e+159
2.814900000000000073e+159
2.814900000000000073e+159
2.814900000000000073e+159
2.814900000000000073e+159
2.814900000000000073e+159
2.814900000000000073e+159
2.814900000000000073e+159
2.814900000000000073e+159
2.814900000000000073e+159
2.814900000000000073e+159
2.814900000000000073e+159
2.814900000000000073e+159
2.814900000000000073e+159
2.814900000000000073e+159
2.814900000000000073e+159
2.814900000000000073e+159
2.814900000000000073e+159
2.814900000000000073e+159
2.814900000000000073e+159
2.814900000000000073e+159
2.814900000000000073e+159
2.814900000000000073e+159
2.814900000000000073e+159
2.814900000000000073e+159
2.814900000000000073e+159
2.814900000000000073e+159
2.814900000000000073e+159
2.814900000000000073e+159
2.814900000000000073e+159
2.814900000000000073e+159
2.814900000000000073e+159
2.814900000000000073e+159
2.814900000000000073e+159
2.814900000000000073e+159
2.814900000000000073e+159
2.814900000000000073e+159
2.814900000000000073e+159
2.814900000000000073e+159
2.814900000000000073e+159
2.814900000000000073e+159
2.814900000000000073e+159
2.814900000000000073e+159
2.814900000000000073e+159
2.814900000000000073e+159
2.814900000000000073e+159
2.814900000000000073e+159
2.814900000000000073e+159
2.814900000000000073e+159
2.814900000000000073e+159
2.814900000000000073e+159
2.814900000000000073e+159
2.814900000000000073e+159
2.814900000000000073e+159
2.814900000000000073e+159
2.814900000000000073e+159
2.814900000000000073e+159
2.814900000000000073e+159
2.814900000000000073e+159
2.814900000000000073e+159
2.814900000000000073e+159
2.814900000000000073e+159
2.814900000000000073e+159
2.814900000000000073e+159
2.814900000000000073e+159
2.814900000000000073e+159
2.814900000000000073e+159
2.814900000000000073e+159
2.814900000000000073e+159
2.814900000000000073e+159
2.814900000000000073e+159
2.814900000000000073e+159
2.814900000000000073e+159
2.814900000000000073e+159
2.814900000000000073e+159
2.814900000000000073e+159
2.814900000000000073e+159
2.814900000000000073e+159
2.814900000000000073e+159
2.814900000000000073e+159
2.814900000000000073e+159
2.814900000000000073e+159
2.814900000000000073e+159
2.814900000000000073e+159
2.814900000000000073e+159
2.814900000000000073e+159
2.814900000000000073e+159
2.814900000000000073e+159
2.814900000000000073e+159
2.814900000000000073e+159
2.814900000000000073e+159
2.814900000000000073e+159
2.814900000000000073e+159
2.814900000000000073e+159
2.814900000000000073e+159
2.814900000000000073e+159
2.814900000000000073e+159
2.814900000000000073e+159
2.814900000000000073e+159
2.814900000000000073e+159
2.814900000000000073e+159
2.814900000000000073e+159
2.814900000000000073e+159
2.814900000000000073e+159
2.814900000000000073e+159
2.814900000000000073e+159
2.814900000000000073e+159
2.814900000000000073e+159
2.814900000000000073e+159
2.814900000000000073e+159
2.814900000000000073e+159
2.814900000000000073e+159
2.814900000000000073e+159
2.814900000000000073e+159
2.814900000000000073e+159
2.814900000000000073e+159
2.814900000000000073e+159
2.814900000000000073e+159
2.814900000000000073e+159
2.814900000000000073e+159
2.814900000000000073e+159
2.814900000000000073e+159
2.814900000000000073e+159
2.814900000000000073e+159
2.814900000000000073e+159
2.814900000000000073e+159
2.814900000000000073e+159
2.814900000000000073e+159
2.814900000000000073e+159
2.814900000000000073e+159
2.814900000000000073e+159
2.814900000000000073e+159
2.814900000000000073e+159
2.814900000000000073e+159
2.814900000000000073e+159
2.814900000000000073e+159
2.814900000000000073e+159
2.814900000000000073e+159
2.814900000000000073e+159
2.814900000000000073e+159
2.814900000000000073e+159
2.814900000000000073e+159
2.814900000000000073e+159
2.814900000000000073e+159
2.814900000000000073e+159
2.814900000000000073e+159
2.814900000000000073e+159
2.814900000000000073e+159
2.814900000000000073e+159
2.814900000000000073e+159
2.814900000000000073e+159
2.814900000000000073e+159
2.814900000000000073e+159
2.814900000000000073e+159
2.814900000000000073e+159
2.814900000000000073e+159
2.814900000000000073e+159
2.814900000000000073e+159
2.814900000000000073e+159
2.814900000000000073e+159
2.814900000000000073e+159
2.814900000000000073e+159
2.814900000000000073e+159
2.814900000000000073e+159
2.814900000000000073e+159
2.814900000000000073e+159
2.814900000000000073e+159
2.814900000000000073e+159
2.814900000000000073e+159
2.814900000000000073e+159
2.814900000000000073e+159
2.814900000000000073e+159
2.814900000000000073e+159
2.814900000000000073e+159
2.814900000000000073e+159
2.814900000000000073e+159
2.814900000000000073e+159
2.814900000000000073e+159
2.814900000000000073e+159
2.814900000000000073e+159
2.814900000000000073e+159
2.814900000000000073e+159
2.814900000000000073e+159
2.814900000000000073e+159
2.814900000000000073e+159
2.814900000000000073e+159
2.814900000000000073e+159
2.814900000000000073e+159
2.814900000000000073e+159
2.814900000000000073e+159
2.814900000000000073e+159
2.814900000000000073e+159
2.814900000000000073e+159
2.814900000000000073e+159
2.814900000000000073e+159
2.814900000000000073e+159
2.814900000000000073e+159
2.814900000000000073e+159
2.814900000000000073e+159
2.814900000000000073e+159
2.814900000000000073e+159
2.814900000000000073e+159
2.814900000000000073e+159
2.814900000000000073e+159
2.814900000000000073e+159
2.814900000000000073e+159
2.814900000000000073e+159
2.814900000000000073e+159
2.814900000000000073e+159
2.814900000000000073e+159
2.814900000000000073e+159
2.814900000000000073e+159
2.814900000000000073e+159
2.814900000000000073e+159
2.814900000000000073e+159
2.814900000000000073e+159
2.814900000000000073e+159
2.814900000000000073e+159
2.814900000000000073e+159
2.814900000000000073e+159
2.814900000000000073e+159
2.814900000000000073e+159
2.814900000000000073e+159
2.814900000000000073e+159
2.814900000000000073e+159
2.814900000000000073e+159
2.814900000000000073e+159
2.814900000000000073e+159
2.814900000000000073e+159
2.814900000000000073e+159
2.814900000000000073e+159
2.814900000000000073e+159
2.814900000000000073e+159
2.814900000000000073e+159
2.814900000000000073e+159
2.814900000000000073e+159
2.814900000000000073e+159
2.814900000000000073e+159
2.814900000000000073e+159
2.814900000000000073e+159
2.814900000000000073e+159
2.814900000000000073e+159
2.814900000000000073e+159
2.814900000000000073e+159
2.814900000000000073e+159
2.814900000000000073e+159
2.814900000000000073e+159
2.814900000000000073e+159
2.814900000000000073e+159
2.814900000000000073e+159
2.814900000000000073e+159
2.814900000000000073e+159
2.814900000000000073e+159
2.814900000000000073e+159
2.814900000000000073e+159
2.814900000000000073e+159
2.814900000000000073e+159
2.814900000000000073e+159
2.814900000000000073e+159
2.814900000000000073e+159
2.814900000000000073e+159
2.814900000000000073e+159
2.814900000000000073e+159
2.814900000000000073e+159
2.814900000000000073e+159
2.814900000000000073e+159
2.814900000000000073e+159
2.814900000000000073e+159
2.814900000000000073e+159
2.814900000000000073e+159
2.814900000000000073e+159
2.814900000000000073e+159
2.814900000000000073e+159
2.814900000000000073e+159
2.814900000000000073e+159
2.814900000000000073e+159
2.814900000000000073e+159
2.814900000000000073e+159
2.814900000000000073e+159
2.814900000000000073e+159
2.814900000000000073e+159
2.814900000000000073e+159
2.814900000000000073e+159
2.814900000000000073e+159
2.814900000000000073e+159
2.814900000000000073e+159
2.814900000000000073e+159
2.814900000000000073e+159
2.814900000000000073e+159
2.814900000000000073e+159
2.814900000000000073e+159
2.814900000000000073e+159
2.814900000000000073e+159
2.814900000000000073e+159
2.814900000000000073e+159
2.814900000000000073e+159
2.814900000000000073e+159
2.814900000000000073e+159
2.814900000000000073e+159
2.814900000000000073e+159
2.814900000000000073e+159
2.814900000000000073e+159
2.814900000000000073e+159
2.814900000000000073e+159
2.814900000000000073e+159
2.814900000000000073e+159
2.814900000000000073e+159
2.814900000000000073e+159
2.814900000000000073e+159
2.814900000000000073e+159
2.814900000000000073e+159
2.814900000000000073e+159
2.814900000000000073e+159
2.814900000000000073e+159
2.814900000000000073e+159
2.814900000000000073e+159
2.814900000000000073e+159
2.814900000000000073e+159
2.814900000000000073e+159
2.814900000000000073e+159
2.814900000000000073e+159
2.814900000000000073e+159
2.814900000000000073e+159
2.814900000000000073e+159
2.814900000000000073e+159
2.814900000000000073e+159
2.814900000000000073e+159
2.814900000000000073e+159
2.814900000000000073e+159
2.814900000000000073e+159
2.814900000000000073e+159
2.814900000000000073e+159
2.814900000000000073e+159
2.814900000000000073e+159
2.814900000000000073e+159
2.814900000000000073e+159
2.814900000000000073e+159
2.814900000000000073e+159
2.814900000000000073e+159
2.814900000000000073e+159
2.814900000000000073e+159
2.814900000000000073e+159
2.814900000000000073e+159
2.814900000000000073e+159
2.814900000000000073e+159
2.814900000000000073e+159
2.814900000000000073e+159
2.814900000000000073e+159
2.814900000000000073e+159
2.814900000000000073e+159
2.814900000000000073e+159
2.814900000000000073e+159
2.814900000000000073e+159
2.814900000000000073e+159
2.814900000000000073e+159
2.814900000000000073e+159
2.814900000000000073e+159
2.814900000000000073e+159
2.814900000000000073e+159
2.814900000000000073e+159
2.814900000000000073e+159
2.814900000000000073e+159
2.814900000000000073e+159
2.814900000000000073e+159
2.814900000000000073e+159
2.814900000000000073e+159
2.814900000000000073e+159
2.814900000000000073e+159
2.814900000000000073e+159
2.814900000000000073e+159
2.814900000000000073e+159
2.814900000000000073e+159
2.814900000000000073e+159
2.814900000000000073e+159
2.814900000000000073e+159
2.814900000000000073e+159
2.814900000000000073e+159
2.814900000000000073e+159
2.814900000000000073e+159
2.814900000000000073e+159
2.814900000000000073e+159
2.814900000000000073e+159
2.814900000000000073e+159
2.814900000000000073e+159
2.814900000000000073e+159
2.814900000000000073e+159
2.814900000000000073e+159
2.814900000000000073e+159
2.814900000000000073e+159
2.814900000000000073e+159
2.814900000000000073e+159
2.814900000000000073e+159
2.814900000000000073e+159
2.814900000000000073e+159
2.814900000000000073e+159
2.814900000000000073e+159
2.814900000000000073e+159
2.814900000000000073e+159
2.814900000000000073e+159
2.814900000000000073e+159
2.814900000000000073e+159
2.814900000000000073e+159
2.814900000000000073e+159
2.814900000000000073e+159
2.814900000000000073e+159
2.814900000000000073e+159
2.814900000000000073e+159
2.814900000000000073e+159
2.814900000000000073e+159
2.814900000000000073e+159
2.814900000000000073e+159
2.814900000000000073e+159
2.814900000000000073e+159
2.814900000000000073e+159
2.814900000000000073e+159
2.814900000000000073e+159
2.814900000000000073e+159
2.814900000000000073e+159
2.814900000000000073e+159
2.814900000000000073e+159
2.814900000000000073e+159
2.814900000000000073e+159
2.814900000000000073e+159
2.814900000000000073e+159
2.814900000000000073e+159
2.814900000000000073e+159
2.814900000000000073e+159
2.814900000000000073e+159
2.814900000000000073e+159
2.814900000000000073e+159
2.814900000000000073e+159
2.814900000000000073e+159
2.814900000000000073e+159
2.814900000000000073e+159
2.818500000000000178e+159
2.818360000000000105e+159
2.818390000000000093e+159
2.817860000000000177e+159
2.818890000000000021e+159
2.819099999999999936e+159
2.819240000000000009e+159
2.819099999999999936e+159
2.819580000000000132e+159
2.821519999999999868e+159
2.822039999999999918e+159
2.821989999999999808e+159
2.822400000000000163e+159
2.819990000000000096e+159
2.821429999999999904e+159
2.821390000000000051e+159
2.821620000000000088e+159
2.820720000000000061e+159
2.825950000000000159e+159
2.825909999999999915e+159
2.826049999999999988e+159
2.825600000000000170e+159
2.820499999999999890e+159
2.820520000000000012e+159
2.820600000000000110e+159
2.820450000000000171e+159
2.819260000000000131e+159
2.819140000000000180e+159
2.819180000000000034e+159
2.819140000000000180e+159
2.820589999999999854e+159
2.819919999999999864e+159
2.819810000000000169e+159
2.819820000000000035e+159
2.818019999999999982e+159
2.819009999999999972e+159
2.818560000000000154e+159
2.818579999999999886e+159
2.818059999999999836e+159
2.816610000000000162e+159
2.816970000000000016e+159
2.816990000000000138e+159
2.818220000000000031e+159
2.819900000000000133e+159
2.819750000000000193e+159
2.819829999999999901e+159
2.818339999999999983e+159
2.818989999999999850e+159
2.818680000000000106e+159
2.818820000000000179e+159
2.818439999999999812e+159
2.818740000000000081e+159
2.817909999999999897e+159
2.818210000000000165e+159
2.818489999999999922e+159
2.818740000000000081e+159
2.815680000000000148e+159
2.816419999999999978e+159
2.818759999999999813e+159
2.819129999999999924e+159
2.806039999999999882e+159
2.807079999999999982e+159
2.804340000000000049e+159
2.804680000000000171e+159
2.746269999999999978e+159
2.748530000000000105e+159
2.749260000000000070e+159
2.749370000000000156e+159
2.749370000000000156e+159
2.757329999999999930e+159
2.769300000000000164e+159
2.768290000000000052e+159
2.830629999999999828e+159
2.868340000000000194e+159
2.856659999999999972e+159
2.852080000000000133e+159
2.840309999999999947e+159
2.801810000000000031e+159
2.814769999999999865e+159
2.795599999999999809e+159
2.643440000000000049e+159
2.642680000000000096e+159
2.722829999999999827e+159
2.641709999999999838e+159
2.813369999999999911e+159
2.828729999999999945e+159
2.741720000000000126e+159
2.801420000000000188e+159
2.760260000000000046e+159
2.863619999999999891e+159
2.877239999999999848e+159
2.825329999999999889e+159
2.876689999999999810e+159
2.762560000000000027e+159
3.048360000000000139e+159
2.699519999999999884e+159
2.335379999999999960e+159
2.450330000000000062e+159
4.357759999999999746e+159
4.820360000000000064e+159
2.875229999999999880e+159
2.875229999999999880e+159
1.210940000000000071e+160
1.224990000000000037e+160
1.224990000000000037e+160
1.627250000000000135e+160
1.627250000000000135e+160
1.426790000000000153e+160
1.426790000000000153e+160
1.049049999999999925e+160
5.873790000000000560e+160
6.012120000000000135e+160
5.497330000000000023e+160
8.310979999999999690e+160
8.310979999999999690e+160
7.917919999999999515e+160
7.917919999999999515e+160
4.457880000000000275e+160
1.976750000000000124e+161
1.976750000000000124e+161
1.976750000000000124e+161
1.976750000000000124e+161
1.976750000000000124e+161
1.976750000000000124e+161
1.976750000000000124e+161
1.976750000000000124e+161
1.976750000000000124e+161
1.318729999999999909e+161
4.281809999999999816e+161
4.281809999999999816e+161
4.281809999999999816e+161
3.473429999999999878e+161
3.473429999999999878e+161
3.473429999999999878e+161
3.634649999999999913e+162
2.832849999999999873e+162
4.458670000000000101e+162
4.458670000000000101e+162
3.705380000000000268e+163
3.092990000000000096e+163
2.703160000000000132e+163
2.703160000000000132e+163
2.703160000000000132e+163
1.825400000000000106e+163
1.825400000000000106e+163
1.825400000000000106e+163
3.639260000000000177e+164
3.639260000000000177e+164
1.259349999999999965e+163
2.886180000000000007e+163
3.774270000000000053e+164
3.774270000000000053e+164
3.774270000000000053e+164
3.774270000000000053e+164
1.729199999999999997e+164
4.785450000000000376e+164
4.785450000000000376e+164
4.785450000000000376e+164
5.887609999999999584e+164
5.887609999999999584e+164
5.887609999999999584e+164
5.887609999999999584e+164
8.336090000000000133e+165
8.336090000000000133e+165
8.336090000000000133e+165
8.336090000000000133e+165
3.710829999999999986e+166
3.710829999999999986e+166
3.710829999999999986e+166
7.405410000000000161e+166
5.170610000000000077e+167
2.504729999999999988e+167
2.738200000000000020e+167
1.872449999999999926e+168
6.894510000000000014e+168
8.773939999999999403e+168
9.878049999999999702e+168
3.716309999999999957e+169
1.400300000000000067e+170
1.585940000000000016e+170
1.638209999999999908e+170
1.638209999999999908e+170
6.209039999999999507e+170
6.818419999999999777e+170
6.900699999999999642e+170
6.900699999999999642e+170
2.724649999999999986e+171
2.541779999999999907e+171
2.444110000000000040e+171
2.444110000000000040e+171
2.444110000000000040e+171
6.775079999999999906e+170
5.688279999999999998e+170
5.688279999999999998e+170
5.688279999999999998e+170
5.688279999999999998e+170
5.688279999999999998e+170
5.688279999999999998e+170
4.484970000000000102e+170
4.484970000000000102e+170
4.484970000000000102e+170
4.625990000000000055e+171
1.587559999999999928e+172
1.587559999999999928e+172
7.881519999999999484e+171
4.456220000000000213e+172
2.128609999999999947e+173
2.128609999999999947e+173
2.128609999999999947e+173
2.128609999999999947e+173
2.128609999999999947e+173
2.128609999999999947e+173
2.128609999999999947e+173
1.596799999999999891e+174
1.596799999999999891e+174
1.596799999999999891e+174
1.596799999999999891e+174
1.207820000000000054e+175
8.238749999999999610e+175
8.238749999999999610e+175
8.238749999999999610e+175
4.536790000000000146e+176
2.484869999999999781e+177
2.484869999999999781e+177
4.503940000000000054e+177
4.503940000000000054e+177
4.503940000000000054e+177
4.437529999999999692e+178
4.132970000000000051e+179
4.132970000000000051e+179
3.651100000000000000e+179
1.783719999999999953e+180
1.783719999999999953e+180
1.783719999999999953e+180
9.554479999999999967e+179
5.231780000000000423e+180
1.740069999999999960e+180
1.740069999999999960e+180
2.059189999999999972e+180
2.059189999999999972e+180
1.559859999999999979e+182
1.559859999999999979e+182
2.888230000000000085e+182
2.888230000000000085e+182
2.007139999999999887e+183
2.181989999999999894e+183
6.492400000000000331e+183
1.077710000000000037e+184
8.928509999999999940e+184
1.323030000000000060e+185
5.282430000000000210e+185
7.396990000000000340e+185
7.966640000000000472e+186
1.267650000000000031e+187
5.467760000000000285e+187
5.728140000000000283e+187
8.671539999999999698e+188
6.972500000000000251e+188
3.289269999999999965e+189
1.323389999999999996e+190
6.503939999999999965e+190
6.870709999999999736e+190
3.108259999999999985e+191
1.209139999999999916e+192
6.651930000000000073e+192
6.521370000000000288e+192
2.937759999999999831e+193
1.069129999999999995e+194
6.830229999999999870e+194
6.270090000000000445e+194
3.125329999999999764e+195
1.356370000000000029e+196
6.279339999999999852e+196
6.446379999999999951e+196
2.954130000000000059e+197
1.273910000000000105e+198
6.358519999999999867e+198
5.942789999999999973e+198
2.701149999999999810e+199
1.141689999999999969e+200
6.337320000000000057e+200
5.895100000000000222e+200
2.959380000000000174e+201
1.297110000000000074e+202
5.927279999999999905e+202
6.085899999999999739e+202
2.796689999999999862e+203
1.222700000000000030e+204
5.966099999999999921e+204
5.576810000000000041e+204
2.540650000000000016e+205
1.098910000000000016e+206
5.894909999999999926e+206
5.119359999999999830e+206
2.323429999999999943e+207
9.765140000000000292e+207
5.952020000000000429e+208
4.825029999999999581e+208
2.180019999999999820e+209
8.603439999999999704e+209
6.183930000000000415e+210
5.926960000000000438e+210
2.943029999999999789e+211
1.284090000000000063e+212
5.975070000000000062e+212
6.049739999999999988e+212
2.774030000000000173e+213
1.203310000000000109e+214
6.045199999999999999e+214
5.567639999999999726e+214
2.532179999999999840e+215
1.078530000000000062e+216
6.031369999999999464e+216
5.168949999999999732e+216
2.341119999999999784e+217
9.555010000000000859e+217
6.158120000000000053e+218
5.849249999999999840e+218
2.911910000000000087e+219
1.272999999999999902e+220
1.272999999999999902e+220
1.006210000000000032e+220
1.006210000000000032e+220
2.089870000000000154e+219
2.089870000000000154e+219
2.089870000000000154e+219
2.089870000000000154e+219
2.089870000000000154e+219
2.089870000000000154e+219
2.089870000000000154e+219
2.089870000000000154e+219
2.089870000000000154e+219
2.089870000000000154e+219
2.089870000000000154e+219
8.014300000000000201e+219
9.103820000000000273e+220
9.103820000000000273e+220
7.114910000000000578e+222
4.452539999999999824e+223
1.627259999999999971e+224
1.627259999999999971e+224
4.693759999999999672e+224
4.693759999999999672e+224
1.589689999999999937e+225
1.589689999999999937e+225
4.265849999999999983e+225
4.265849999999999983e+225
1.738299999999999963e+225
7.995729999999999274e+224
8.034150000000000568e+224
8.774770000000000229e+225
8.774770000000000229e+225
1.998169999999999840e+227
9.934160000000000783e+227
9.934160000000000783e+227
1.360750000000000079e+228
7.289509999999999955e+228
3.128539999999999738e+229
3.128539999999999738e+229
9.788759999999999982e+228
9.788759999999999982e+228
5.808600000000000165e+229
1.061229999999999978e+231
1.317139999999999997e+231
6.636939999999999385e+231
3.041319999999999987e+232
3.041319999999999987e+232
3.487980000000000089e+232
1.656870000000000003e+233
7.699109999999999886e+233
7.699109999999999886e+233
8.812470000000000040e+233
4.145539999999999680e+234
1.959699999999999977e+235
1.959699999999999977e+235
2.254759999999999991e+235
1.060089999999999932e+236
5.077660000000000432e+236
5.077660000000000432e+236
5.731219999999999569e+236
2.697019999999999899e+237
1.300529999999999981e+238
6.476730000000000530e+238
6.476730000000000530e+238
3.078359999999999987e+239
1.419259999999999923e+240
6.666080000000000004e+240
6.666080000000000004e+240
6.666080000000000004e+240
3.185009999999999743e+241
1.482230000000000079e+242
1.159470000000000055e+242
1.159470000000000055e+242
5.667429999999999943e+242
5.667429999999999943e+242
5.667429999999999943e+242
5.667429999999999943e+242
5.667429999999999943e+242
2.847010000000000056e+243
2.847010000000000056e+243
2.847010000000000056e+243
2.847010000000000056e+243
1.577410000000000123e+244
1.577410000000000123e+244
5.100640000000000460e+245
5.100640000000000460e+245
5.100640000000000460e+245
3.592460000000000190e+245
6.586410000000000032e+246
6.586410000000000032e+246
6.586410000000000032e+246
1.104430000000000009e+247
3.643199999999999834e+246
3.231990000000000174e+247
3.231990000000000174e+247
1.814830000000000087e+247
1.814830000000000087e+247
4.455430000000000053e+247
3.300210000000000231e+248
7.338500000000000065e+248
8.787429999999999574e+248
4.915879999999999924e+249
6.710409999999999633e+249
1.497510000000000065e+250
2.699879999999999972e+250
3.355350000000000070e+250
1.024700000000000048e+251
1.024700000000000048e+251
1.024700000000000048e+251
1.691179999999999986e+251
1.068840000000000032e+252
5.906550000000000161e+252
2.446279999999999941e+253
2.446279999999999941e+253
1.263360000000000035e+254
5.973230000000000208e+254
9.288539999999999398e+253
6.356970000000000176e+253
5.206490000000000302e+254
5.206490000000000302e+254
5.206490000000000302e+254
5.206490000000000302e+254
2.956129999999999810e+255
2.956129999999999810e+255
2.956129999999999810e+255
2.956129999999999810e+255
1.550089999999999942e+256
6.870280000000000376e+256
6.870280000000000376e+256
6.870280000000000376e+256
3.163319999999999925e+257
1.358250000000000037e+258
1.358250000000000037e+258
1.358250000000000037e+258
3.182070000000000005e+258
9.959160000000000547e+258
9.959160000000000547e+258
9.959160000000000547e+258
9.959160000000000547e+258
9.959160000000000547e+258
9.959160000000000547e+258
9.959160000000000547e+258
9.959160000000000547e+258
9.959160000000000547e+258
9.959160000000000547e+258
9.959160000000000547e+258
9.959160000000000547e+258
9.959160000000000547e+258
9.959160000000000547e+258
9.959160000000000547e+258
9.959160000000000547e+258
9.959160000000000547e+258
9.959160000000000547e+258
9.959160000000000547e+258
9.959160000000000547e+258
9.959160000000000547e+258
9.959160000000000547e+258
9.959160000000000547e+258
9.959160000000000547e+258
9.959160000000000547e+258
9.959160000000000547e+258
9.959160000000000547e+258
9.959160000000000547e+258
9.959160000000000547e+258
9.959160000000000547e+258
9.959160000000000547e+258
9.959160000000000547e+258
9.959160000000000547e+258
9.959160000000000547e+258
9.959160000000000547e+258
9.959160000000000547e+258
9.959160000000000547e+258
9.959160000000000547e+258
9.959160000000000547e+258
9.959160000000000547e+258
9.959160000000000547e+258
9.959160000000000547e+258
9.959160000000000547e+258
9.959160000000000547e+258
9.959160000000000547e+258
9.959160000000000547e+258
9.959160000000000547e+258
9.959160000000000547e+258
9.959160000000000547e+258
9.959160000000000547e+258
9.959160000000000547e+258
9.959160000000000547e+258
9.959160000000000547e+258
9.959160000000000547e+258
9.959160000000000547e+258
9.959160000000000547e+258
9.959160000000000547e+258
9.959160000000000547e+258
9.959160000000000547e+258
9.959160000000000547e+258
9.959160000000000547e+258
9.959160000000000547e+258
9.959160000000000547e+258
9.959160000000000547e+258
9.959160000000000547e+258
9.959160000000000547e+258
9.959160000000000547e+258
9.959160000000000547e+258
9.959160000000000547e+258
9.959160000000000547e+258
9.959160000000000547e+258
9.959160000000000547e+258
9.959160000000000547e+258
9.959160000000000547e+258
9.959160000000000547e+258
9.959160000000000547e+258
9.959160000000000547e+258
9.959160000000000547e+258
9.959160000000000547e+258
9.959160000000000547e+258
9.959160000000000547e+258
9.959160000000000547e+258
9.959160000000000547e+258
9.959160000000000547e+258
9.959160000000000547e+258
9.959160000000000547e+258
9.959160000000000547e+258
9.959160000000000547e+258
9.959160000000000547e+258
9.959160000000000547e+258
9.959160000000000547e+258
9.959160000000000547e+258
9.959160000000000547e+258
9.959160000000000547e+258
9.959160000000000547e+258
9.959160000000000547e+258
9.959160000000000547e+258
9.959160000000000547e+258
9.959160000000000547e+258
9.959160000000000547e+258
9.959160000000000547e+258
9.959160000000000547e+258
9.959160000000000547e+258
9.959160000000000547e+258
9.959160000000000547e+258
9.959160000000000547e+258
9.959160000000000547e+258
9.959160000000000547e+258
9.959160000000000547e+258
9.959160000000000547e+258
9.959160000000000547e+258
9.959160000000000547e+258
9.959160000000000547e+258
9.959160000000000547e+258
9.959160000000000547e+258
9.959160000000000547e+258
9.959160000000000547e+258
9.959160000000000547e+258
9.959160000000000547e+258
9.959160000000000547e+258
9.959160000000000547e+258
9.959160000000000547e+258
9.959160000000000547e+258
9.959160000000000547e+258
9.959160000000000547e+258
9.959160000000000547e+258
9.959160000000000547e+258
9.959160000000000547e+258
9.959160000000000547e+258
9.959160000000000547e+258
9.959160000000000547e+258
9.959160000000000547e+258
9.959160000000000547e+258
9.959160000000000547e+258
9.959160000000000547e+258
9.959160000000000547e+258
9.959160000000000547e+258
9.959160000000000547e+258
9.959160000000000547e+258
9.959160000000000547e+258
9.959160000000000547e+258
9.959160000000000547e+258
9.959160000000000547e+258
9.959160000000000547e+258
9.959160000000000547e+258
9.959160000000000547e+258
9.959160000000000547e+258
9.959160000000000547e+258
9.959160000000000547e+258
9.959160000000000547e+258
9.959160000000000547e+258
9.959160000000000547e+258
9.959160000000000547e+258
9.959160000000000547e+258
9.959160000000000547e+258
9.959160000000000547e+258
9.959160000000000547e+258
9.959160000000000547e+258
9.959160000000000547e+258
9.959160000000000547e+258
9.959160000000000547e+258
9.959160000000000547e+258
9.959160000000000547e+258
9.959160000000000547e+258
9.959160000000000547e+258
9.959160000000000547e+258
9.959160000000000547e+258
9.959160000000000547e+258
9.959160000000000547e+258
9.959160000000000547e+258
9.959160000000000547e+258
9.959160000000000547e+258
9.959160000000000547e+258
9.959160000000000547e+258
9.959160000000000547e+258
9.959160000000000547e+258
9.959160000000000547e+258
9.959160000000000547e+258
9.959160000000000547e+258
9.959160000000000547e+258
9.959160000000000547e+258
9.959160000000000547e+258
9.959160000000000547e+258
9.959160000000000547e+258
