1.643630000000000099e+36
2.641419999999999998e+36
6.294279999999999955e+35
2.837959999999999849e+35
5.954799999999999812e+35
2.181409999999999938e+36
8.378340000000000351e+36
3.890519999999999935e+36
3.890519999999999935e+36
3.890519999999999935e+36
1.673429999999999981e+37
1.673429999999999981e+37
5.971899999999999770e+36
9.855629999999999940e+36
9.855629999999999940e+36
1.374400000000000017e+37
3.373179999999999979e+37
3.373179999999999979e+37
3.373179999999999979e+37
3.373179999999999979e+37
3.373179999999999979e+37
3.373179999999999979e+37
3.373179999999999979e+37
2.820899999999999827e+38
2.820899999999999827e+38
2.992510000000000109e+38
2.992510000000000109e+38
2.992510000000000109e+38
1.805189999999999966e+39
1.805189999999999966e+39
1.805189999999999966e+39
1.805189999999999966e+39
1.805189999999999966e+39
1.805189999999999966e+39
1.805189999999999966e+39
1.805189999999999966e+39
2.325079999999999896e+39
2.325079999999999896e+39
2.325079999999999896e+39
3.301269999999999792e+39
4.140450000000000077e+39
5.605820000000000483e+39
1.168170000000000074e+41
1.168170000000000074e+41
1.168170000000000074e+41
9.096059999999999864e+40
3.929800000000000197e+41
3.929800000000000197e+41
6.514239999999999854e+41
4.698480000000000351e+41
1.974830000000000122e+42
1.737739999999999913e+42
1.737739999999999913e+42
2.206269999999999942e+42
2.206269999999999942e+42
2.194129999999999976e+42
2.194129999999999976e+42
3.264559999999999813e+42
3.264559999999999813e+42
2.390220000000000134e+42
1.021390000000000013e+43
7.706390000000000194e+42
7.706390000000000194e+42
6.389110000000000513e+42
2.599410000000000119e+43
1.967670000000000027e+43
1.003639999999999951e+44
1.003639999999999951e+44
1.003639999999999951e+44
1.191599999999999986e+44
1.191599999999999986e+44
1.191599999999999986e+44
1.191599999999999986e+44
2.781429999999999853e+44
5.591850000000000172e+44
6.092230000000000315e+44
2.777039999999999843e+45
6.958619999999999785e+45
7.583649999999999774e+45
5.896609999999999465e+45
5.896609999999999465e+45
8.528340000000000227e+45
1.494930000000000028e+46
1.494930000000000028e+46
1.494930000000000028e+46
2.519279999999999846e+45
1.949320000000000022e+45
1.949320000000000022e+45
1.949320000000000022e+45
5.053909999999999970e+44
1.449269999999999963e+45
1.449269999999999963e+45
1.449269999999999963e+45
2.063819999999999893e+45
9.564840000000000562e+45
9.564840000000000562e+45
7.230889999999999932e+45
1.042550000000000054e+46
5.037160000000000221e+46
5.037160000000000221e+46
4.442649999999999877e+46
4.843229999999999738e+46
4.843229999999999738e+46
1.766299999999999960e+47
1.855500000000000146e+47
2.043990000000000101e+47
2.043990000000000101e+47
4.588479999999999684e+46
4.805410000000000076e+46
3.949200000000000226e+46
1.556800000000000027e+47
1.556800000000000027e+47
1.764989999999999966e+47
1.292379999999999953e+47
7.401479999999999927e+46
2.635889999999999990e+47
2.635889999999999990e+47
1.641819999999999997e+47
5.589610000000000054e+47
5.589610000000000054e+47
5.589610000000000054e+47
5.702450000000000343e+47
5.702450000000000343e+47
2.109220000000000010e+48
2.215319999999999958e+48
2.172240000000000086e+48
2.172240000000000086e+48
2.172240000000000086e+48
2.163110000000000002e+48
2.268580000000000059e+48
2.268580000000000059e+48
2.268580000000000059e+48
2.242489999999999985e+48
2.839380000000000137e+48
2.839380000000000137e+48
6.597670000000000002e+47
6.414219999999999667e+47
4.578889999999999967e+47
4.578889999999999967e+47
1.144149999999999978e+47
1.120759999999999910e+47
1.577800000000000068e+47
1.737159999999999914e+47
6.197320000000000099e+47
6.441700000000000321e+47
8.066500000000000344e+46
1.560379999999999999e+47
6.452869999999999938e+46
5.697860000000000094e+46
5.697860000000000094e+46
6.963259999999999665e+46
6.963259999999999665e+46
7.429579999999999887e+46
6.149739999999999569e+46
6.149739999999999569e+46
2.904139999999999867e+47
2.743330000000000106e+47
6.544689999999999908e+47
1.070559999999999921e+48
1.070559999999999921e+48
7.620160000000000762e+47
2.306160000000000151e+48
2.306160000000000151e+48
2.306160000000000151e+48
2.306160000000000151e+48
2.306160000000000151e+48
2.306160000000000151e+48
2.306160000000000151e+48
2.306160000000000151e+48
2.306160000000000151e+48
2.306160000000000151e+48
2.306160000000000151e+48
2.306160000000000151e+48
2.306160000000000151e+48
2.306160000000000151e+48
2.306160000000000151e+48
3.064259999999999956e+48
3.064259999999999956e+48
1.100099999999999981e+48
1.100099999999999981e+48
1.100099999999999981e+48
4.305789999999999993e+48
1.007220000000000028e+49
3.920360000000000027e+49
3.997959999999999766e+49
3.997959999999999766e+49
4.586969999999999875e+49
4.586969999999999875e+49
4.861829999999999539e+49
1.912640000000000113e+49
1.406389999999999932e+49
1.406389999999999932e+49
3.996700000000000242e+49
4.389990000000000248e+49
4.389990000000000248e+49
1.995730000000000099e+50
1.213889999999999933e+50
3.781950000000000294e+50
3.781950000000000294e+50
1.542789999999999874e+51
1.584160000000000151e+51
1.584160000000000151e+51
2.333259999999999997e+51
2.333259999999999997e+51
1.623210000000000006e+51
4.992420000000000074e+51
5.105420000000000297e+51
5.105420000000000297e+51
6.922259999999999639e+51
1.362660000000000121e+52
1.244080000000000102e+52
4.698950000000000204e+52
4.724040000000000252e+52
1.783199999999999928e+53
1.854629999999999931e+53
1.854629999999999931e+53
1.913870000000000091e+53
5.623509999999999980e+53
4.955439999999999652e+53
4.955439999999999652e+53
4.955439999999999652e+53
1.624949999999999927e+54
7.396849999999999699e+53
2.662500000000000009e+53
2.662500000000000009e+53
7.844210000000000091e+53
7.844210000000000091e+53
3.099200000000000047e+53
3.099200000000000047e+53
2.894449999999999934e+53
4.078169999999999790e+53
5.327259999999999703e+53
3.973840000000000008e+53
2.241250000000000104e+53
2.241250000000000104e+53
2.324950000000000135e+53
2.324950000000000135e+53
3.324770000000000138e+53
3.324770000000000138e+53
3.588879999999999837e+53
2.359799999999999948e+53
2.359799999999999948e+53
9.672939999999999807e+52
5.694159999999999671e+52
4.569929999999999914e+52
4.569929999999999914e+52
4.569929999999999914e+52
3.742099999999999823e+52
3.084540000000000034e+52
3.084540000000000034e+52
3.084540000000000034e+52
4.229490000000000071e+52
3.405709999999999754e+52
1.121089999999999956e+53
3.005339999999999967e+53
4.788889999999999639e+53
4.788889999999999639e+53
1.714549999999999960e+53
1.214870000000000064e+53
1.214870000000000064e+53
3.031040000000000146e+53
4.571250000000000195e+53
5.863329999999999988e+53
1.946130000000000010e+54
1.120529999999999982e+54
3.541609999999999948e+54
4.059639999999999950e+54
4.059639999999999950e+54
5.167660000000000116e+54
1.498089999999999955e+55
1.391040000000000055e+55
1.391040000000000055e+55
1.899830000000000071e+55
1.234220000000000129e+55
1.288330000000000081e+55
5.045469999999999802e+55
2.001050000000000121e+55
4.698410000000000127e+55
4.247740000000000120e+55
4.247740000000000120e+55
5.961329999999999464e+55
5.374659999999999509e+55
5.374659999999999509e+55
1.280779999999999903e+55
4.426989999999999851e+54
7.329560000000000658e+54
7.716979999999999785e+54
2.025639999999999942e+54
1.458510000000000040e+54
5.034139999999999970e+54
6.818119999999999571e+54
3.763970000000000075e+54
3.929599999999999837e+54
3.929599999999999837e+54
1.350709999999999898e+55
1.620599999999999919e+55
1.628289999999999893e+55
1.628289999999999893e+55
5.645150000000000131e+55
5.735460000000000280e+55
5.769439999999999830e+55
2.213029999999999881e+56
1.041209999999999898e+56
1.041209999999999898e+56
1.048639999999999955e+56
1.048639999999999955e+56
3.032060000000000077e+56
2.345169999999999895e+56
2.021480000000000062e+56
8.335909999999999561e+56
5.058089999999999921e+56
8.440860000000000675e+56
6.528949999999999992e+56
6.528949999999999992e+56
1.153460000000000012e+57
4.226740000000000027e+57
3.718279999999999890e+57
3.718279999999999890e+57
4.785130000000000281e+57
4.785130000000000281e+57
4.982660000000000237e+57
4.982660000000000237e+57
5.511779999999999999e+57
5.511779999999999999e+57
4.717279999999999842e+57
4.717279999999999842e+57
3.392569999999999776e+57
1.467039999999999967e+57
1.467039999999999967e+57
1.467039999999999967e+57
5.488039999999999905e+56
1.321100000000000026e+57
1.375390000000000038e+57
3.065450000000000006e+56
1.914680000000000077e+56
1.914680000000000077e+56
1.969419999999999871e+56
1.969419999999999871e+56
1.969419999999999871e+56
2.796950000000000009e+56
2.796950000000000009e+56
1.291229999999999999e+57
1.291229999999999999e+57
1.172220000000000065e+57
9.107750000000000250e+56
9.107750000000000250e+56
9.107750000000000250e+56
9.107750000000000250e+56
9.107750000000000250e+56
9.107750000000000250e+56
9.107750000000000250e+56
9.107750000000000250e+56
9.107750000000000250e+56
9.107750000000000250e+56
9.107750000000000250e+56
1.878289999999999992e+57
1.775880000000000079e+57
5.066849999999999888e+56
5.066849999999999888e+56
6.053939999999999615e+56
1.071240000000000071e+57
8.168309999999999202e+56
8.168309999999999202e+56
8.528679999999999932e+56
3.002309999999999974e+57
2.778230000000000134e+57
9.014480000000000253e+56
7.590740000000000335e+56
2.113809999999999968e+56
2.107480000000000016e+56
7.543710000000000190e+55
7.390590000000000346e+55
7.390590000000000346e+55
6.284479999999999900e+55
2.237579999999999998e+55
1.803249999999999976e+55
1.803249999999999976e+55
1.803249999999999976e+55
1.803249999999999976e+55
1.686199999999999935e+55
1.686199999999999935e+55
1.901720000000000034e+55
1.901720000000000034e+55
1.901720000000000034e+55
1.901720000000000034e+55
2.119030000000000087e+55
1.556459999999999988e+55
1.517720000000000037e+55
4.046140000000000019e+54
2.250300000000000018e+54
1.062690000000000075e+54
1.100499999999999998e+54
3.564950000000000126e+53
2.218779999999999935e+53
2.218779999999999935e+53
3.137110000000000116e+53
3.137110000000000116e+53
2.702209999999999977e+53
2.702209999999999977e+53
2.702209999999999977e+53
2.702209999999999977e+53
2.478569999999999874e+53
1.030329999999999925e+54
1.501190000000000014e+54
1.456439999999999985e+54
1.457540000000000056e+54
1.457540000000000056e+54
5.243729999999999937e+54
5.678180000000000271e+54
5.507269999999999895e+54
1.455829999999999981e+54
1.455829999999999981e+54
1.313820000000000022e+54
1.249229999999999980e+54
1.249229999999999980e+54
3.541510000000000058e+53
3.484959999999999937e+53
1.808809999999999900e+53
1.236080000000000091e+53
3.065019999999999866e+52
3.381479999999999989e+52
3.381479999999999989e+52
3.381479999999999989e+52
1.498339999999999988e+52
3.597500000000000055e+52
5.259889999999999498e+52
5.259889999999999498e+52
6.340549999999999950e+52
6.197560000000000070e+52
6.197560000000000070e+52
6.197560000000000070e+52
6.197560000000000070e+52
6.509649999999999893e+52
6.414959999999999811e+52
2.724089999999999849e+53
2.724089999999999849e+53
2.590509999999999990e+53
2.250169999999999845e+53
5.925590000000000098e+52
5.925590000000000098e+52
3.832240000000000039e+52
3.832240000000000039e+52
3.832240000000000039e+52
3.832240000000000039e+52
3.832240000000000039e+52
3.832240000000000039e+52
1.205490000000000006e+52
3.108320000000000090e+51
3.108320000000000090e+51
3.233720000000000082e+51
3.233720000000000082e+51
1.387830000000000034e+51
9.422879999999999909e+50
9.350770000000000105e+50
9.350770000000000105e+50
3.118670000000000313e+51
3.064130000000000231e+51
3.535040000000000254e+51
1.503209999999999913e+51
6.353829999999999969e+51
6.281600000000000034e+51
3.364269999999999728e+51
1.164940000000000013e+52
1.164940000000000013e+52
1.182470000000000003e+52
1.440869999999999977e+52
1.440869999999999977e+52
6.079619999999999507e+52
6.079619999999999507e+52
6.079619999999999507e+52
6.079619999999999507e+52
6.079619999999999507e+52
5.959679999999999647e+52
1.199419999999999930e+53
9.905249999999999287e+52
9.905249999999999287e+52
9.564490000000000513e+52
9.564490000000000513e+52
9.126339999999999681e+52
9.126339999999999681e+52
8.861529999999999642e+52
2.122690000000000078e+52
2.355840000000000008e+52
5.844349999999999949e+51
6.490869999999999677e+51
6.490869999999999677e+51
6.913759999999999963e+51
6.913759999999999963e+51
7.167539999999999592e+51
7.167539999999999592e+51
5.178280000000000170e+51
1.637210000000000077e+51
7.674679999999999555e+50
7.674679999999999555e+50
7.674679999999999555e+50
7.674679999999999555e+50
7.674679999999999555e+50
2.085660000000000037e+50
4.487449999999999622e+50
4.487449999999999622e+50
4.487449999999999622e+50
4.487449999999999622e+50
2.201039999999999999e+50
5.468000000000000185e+49
5.468000000000000185e+49
5.468000000000000185e+49
5.468000000000000185e+49
5.468000000000000185e+49
1.301699999999999943e+50
4.896810000000000209e+50
5.904069999999999801e+50
5.904069999999999801e+50
6.367039999999999706e+50
6.367039999999999706e+50
5.529149999999999835e+50
5.529149999999999835e+50
4.912350000000000185e+50
4.912350000000000185e+50
4.912350000000000185e+50
1.325209999999999987e+50
1.367770000000000009e+50
1.367770000000000009e+50
1.367770000000000009e+50
3.582829999999999880e+49
3.716670000000000063e+49
3.716670000000000063e+49
3.397560000000000236e+48
3.838880000000000274e+48
1.294819999999999882e+49
1.294819999999999882e+49
1.289590000000000008e+49
1.289590000000000008e+49
1.142059999999999959e+49
2.744900000000000030e+48
2.744900000000000030e+48
2.744900000000000030e+48
3.157310000000000062e+48
3.157310000000000062e+48
2.309359999999999940e+48
8.517200000000000217e+47
7.368549999999999418e+47
7.368549999999999418e+47
3.253839999999999882e+47
1.003350000000000017e+48
1.003350000000000017e+48
1.003350000000000017e+48
2.322649999999999881e+48
3.757729999999999854e+48
1.548720000000000047e+48
8.182269999999999583e+48
5.648489999999999822e+48
1.585310000000000067e+49
1.585310000000000067e+49
6.519230000000000213e+49
5.943700000000000135e+49
2.112490000000000069e+50
2.219050000000000146e+50
5.607219999999999678e+49
4.903650000000000472e+49
4.903650000000000472e+49
5.161490000000000009e+49
5.161490000000000009e+49
7.378789999999999979e+49
2.053099999999999829e+50
1.742270000000000099e+50
1.742270000000000099e+50
1.705100000000000076e+50
6.797610000000000048e+50
4.883069999999999700e+50
4.883069999999999700e+50
5.712880000000000021e+50
5.712880000000000021e+50
5.712880000000000021e+50
5.712880000000000021e+50
5.938920000000000232e+50
5.938920000000000232e+50
6.433210000000000020e+50
2.399779999999999888e+51
2.505920000000000006e+51
7.235870000000000264e+50
7.257810000000000287e+50
7.257810000000000287e+50
6.042949999999999741e+50
1.706179999999999965e+50
2.003380000000000123e+50
6.078529999999999611e+49
5.347550000000000475e+49
5.347550000000000475e+49
3.866700000000000066e+49
3.866700000000000066e+49
4.858000000000000117e+49
4.858000000000000117e+49
4.492370000000000141e+49
1.569310000000000054e+50
1.229200000000000046e+50
1.229200000000000046e+50
1.322879999999999914e+50
1.322879999999999914e+50
1.150939999999999983e+50
3.663570000000000180e+49
3.663570000000000180e+49
1.550739999999999934e+50
2.512130000000000206e+50
5.760490000000000281e+50
6.755449999999999770e+50
6.755449999999999770e+50
1.207379999999999987e+51
2.627940000000000027e+51
2.683650000000000137e+51
2.683650000000000137e+51
2.132589999999999861e+51
7.748770000000000353e+51
6.742150000000000183e+51
6.742150000000000183e+51
6.676149999999999418e+51
6.676149999999999418e+51
6.676149999999999418e+51
6.676149999999999418e+51
6.533319999999999801e+51
1.925519999999999844e+51
1.917240000000000131e+51
4.745600000000000382e+50
5.405959999999999620e+50
5.405959999999999620e+50
5.653969999999999639e+50
5.653969999999999639e+50
5.416189999999999712e+50
5.416189999999999712e+50
5.085249999999999625e+50
5.085249999999999625e+50
5.277150000000000373e+50
1.521569999999999970e+50
1.326169999999999911e+50
1.326169999999999911e+50
1.502060000000000059e+50
1.502060000000000059e+50
1.464749999999999940e+50
3.657159999999999755e+49
5.119949999999999893e+49
5.119949999999999893e+49
5.477639999999999689e+49
1.999400000000000070e+49
1.490059999999999919e+49
4.126280000000000101e+48
3.120800000000000311e+48
3.120800000000000311e+48
4.633119999999999909e+48
1.308899999999999996e+49
1.447730000000000020e+49
1.447730000000000020e+49
1.282479999999999877e+49
7.867290000000000387e+48
7.378249999999999775e+48
2.850200000000000193e+49
6.973830000000000514e+49
7.902239999999999664e+49
9.592520000000000174e+49
9.592520000000000174e+49
9.592520000000000174e+49
9.739930000000000985e+49
8.660200000000000034e+49
8.660200000000000034e+49
1.983110000000000108e+49
1.892239999999999911e+49
2.184499999999999885e+49
2.184499999999999885e+49
2.184499999999999885e+49
2.127130000000000000e+49
1.992689999999999994e+49
1.992689999999999994e+49
1.992689999999999994e+49
1.623999999999999987e+49
1.506439999999999959e+49
2.781189999999999750e+49
2.781189999999999750e+49
2.335749999999999925e+49
2.335749999999999925e+49
2.335749999999999925e+49
2.335749999999999925e+49
2.335749999999999925e+49
2.335749999999999925e+49
1.121150000000000012e+49
7.812629999999999770e+48
1.701129999999999986e+49
1.701129999999999986e+49
1.701129999999999986e+49
1.091689999999999996e+49
1.091689999999999996e+49
5.182360000000000210e+49
3.784040000000000022e+49
9.149329999999999685e+49
6.618090000000000142e+49
1.661079999999999880e+49
1.661079999999999880e+49
5.528680000000000459e+49
5.528680000000000459e+49
5.528680000000000459e+49
1.265210000000000066e+50
1.265210000000000066e+50
1.370980000000000099e+50
1.370980000000000099e+50
1.724859999999999983e+50
1.724859999999999983e+50
1.048839999999999973e+50
1.048839999999999973e+50
1.067259999999999929e+50
4.536950000000000362e+50
1.907180000000000169e+50
5.303489999999999650e+50
5.447619999999999908e+50
2.266889999999999853e+51
1.365580000000000033e+51
4.667059999999999751e+51
4.751730000000000052e+51
1.226289999999999951e+51
1.058020000000000043e+51
1.058020000000000043e+51
1.325350000000000001e+51
1.325350000000000001e+51
1.062049999999999918e+51
1.062049999999999918e+51
2.002839999999999867e+51
2.002839999999999867e+51
1.577169999999999932e+51
4.619649999999999985e+51
4.619649999999999985e+51
4.619649999999999985e+51
4.205909999999999945e+51
1.495840000000000067e+52
6.718899999999999702e+51
2.033330000000000014e+52
1.939480000000000116e+52
1.939480000000000116e+52
1.589610000000000099e+52
1.589610000000000099e+52
1.884950000000000085e+52
6.855839999999999712e+52
6.295889999999999618e+52
2.649289999999999939e+53
3.255410000000000020e+53
1.370229999999999990e+53
1.375479999999999982e+53
1.375479999999999982e+53
4.046399999999999853e+53
3.667430000000000106e+53
3.629709999999999838e+53
3.629709999999999838e+53
3.629709999999999838e+53
3.734060000000000092e+53
3.501910000000000130e+53
3.501910000000000130e+53
9.054930000000000362e+52
1.284509999999999977e+53
8.469350000000000463e+52
8.469350000000000463e+52
5.102199999999999725e+52
1.557729999999999962e+52
3.139260000000000079e+52
1.396330000000000029e+53
1.396330000000000029e+53
1.127429999999999911e+53
5.683439999999999605e+52
5.683439999999999605e+52
5.683439999999999605e+52
5.896149999999999583e+52
5.896149999999999583e+52
2.602980000000000053e+53
1.203409999999999992e+54
1.203409999999999992e+54
1.203409999999999992e+54
2.960589999999999853e+53
1.318970000000000039e+54
1.318970000000000039e+54
1.318970000000000039e+54
1.318970000000000039e+54
1.318970000000000039e+54
1.318970000000000039e+54
1.384659999999999982e+54
5.441549999999999839e+54
5.441549999999999839e+54
6.241650000000000320e+54
5.241299999999999732e+54
3.508140000000000257e+54
3.508140000000000257e+54
3.508140000000000257e+54
1.682430000000000024e+54
9.763910000000000662e+53
9.763910000000000662e+53
1.011400000000000012e+54
1.011400000000000012e+54
9.318750000000000243e+53
2.499890000000000155e+53
2.137090000000000076e+53
5.403669999999999712e+52
6.863999999999999826e+52
1.962630000000000101e+52
2.442050000000000248e+52
8.419399999999999781e+51
1.720450000000000123e+52
5.708820000000000030e+51
4.009119999999999936e+51
1.888899999999999895e+52
3.625470000000000050e+52
4.872070000000000171e+52
4.872070000000000171e+52
1.211879999999999970e+52
1.145080000000000017e+52
8.639150000000000426e+51
8.639150000000000426e+51
8.639150000000000426e+51
9.219819999999999469e+51
1.509449999999999997e+52
1.097040000000000048e+52
1.097040000000000048e+52
1.155040000000000031e+52
2.980689999999999857e+51
4.279160000000000159e+51
1.780130000000000075e+52
1.547229999999999925e+52
1.547229999999999925e+52
1.841709999999999893e+52
1.841709999999999893e+52
2.434780000000000167e+52
7.842369999999999673e+52
5.403470000000000314e+52
5.403470000000000314e+52
3.186010000000000023e+52
1.420509999999999891e+52
1.420509999999999891e+52
1.420509999999999891e+52
1.420509999999999891e+52
1.420509999999999891e+52
1.420509999999999891e+52
1.420509999999999891e+52
2.218670000000000053e+52
1.561309999999999928e+52
1.561309999999999928e+52
3.644980000000000301e+51
2.518970000000000012e+51
3.881390000000000204e+51
3.881390000000000204e+51
3.881390000000000204e+51
3.881390000000000204e+51
7.505850000000000422e+51
2.035099999999999898e+52
2.035099999999999898e+52
1.985419999999999892e+52
7.989340000000000443e+52
7.989340000000000443e+52
7.989340000000000443e+52
8.017809999999999996e+52
8.017809999999999996e+52
8.935980000000000234e+52
3.679160000000000163e+53
3.633600000000000094e+53
3.633600000000000094e+53
3.103899999999999833e+53
3.103899999999999833e+53
2.054919999999999961e+53
7.650439999999999794e+53
1.221689999999999978e+54
1.221689999999999978e+54
1.221689999999999978e+54
1.221689999999999978e+54
1.221689999999999978e+54
3.188370000000000152e+53
3.701989999999999888e+53
9.213450000000000136e+52
8.819079999999999519e+52
8.819079999999999519e+52
8.309970000000000406e+52
8.309970000000000406e+52
7.301410000000000439e+52
2.278350000000000005e+52
2.278350000000000005e+52
2.278350000000000005e+52
2.399559999999999925e+52
7.891419999999999608e+51
7.891419999999999608e+51
8.624080000000000158e+51
1.914680000000000046e+52
5.962539999999999759e+51
6.279129999999999864e+51
6.279129999999999864e+51
5.509060000000000027e+51
5.509060000000000027e+51
5.507899999999999982e+51
5.507899999999999982e+51
5.465120000000000080e+51
5.465120000000000080e+51
5.072550000000000028e+51
5.072550000000000028e+51
4.793440000000000090e+51
4.793440000000000090e+51
4.793440000000000090e+51
4.793440000000000090e+51
3.174219999999999694e+51
8.204950000000000201e+50
1.112400000000000061e+51
3.821120000000000113e+51
3.821120000000000113e+51
3.821120000000000113e+51
2.973640000000000072e+51
1.100680000000000046e+52
1.794539999999999990e+52
7.104610000000000381e+52
7.104610000000000381e+52
7.104610000000000381e+52
7.104610000000000381e+52
7.104610000000000381e+52
7.822890000000000235e+52
7.822890000000000235e+52
5.867350000000000119e+52
5.867350000000000119e+52
4.691300000000000097e+52
4.691300000000000097e+52
6.633780000000000489e+52
6.633780000000000489e+52
5.519470000000000016e+52
1.694850000000000015e+53
2.081459999999999952e+53
2.081459999999999952e+53
2.424279999999999864e+53
2.424279999999999864e+53
2.356970000000000011e+53
6.578299999999999861e+52
6.318100000000000252e+52
6.318100000000000252e+52
5.464300000000000528e+52
1.481359999999999938e+52
1.594799999999999953e+52
1.594799999999999953e+52
1.399390000000000018e+52
1.399390000000000018e+52
1.425910000000000123e+52
6.214360000000000023e+51
5.826870000000000075e+51
5.826870000000000075e+51
1.256799999999999998e+52
7.868339999999999838e+51
7.868339999999999838e+51
6.763829999999999647e+52
7.149380000000000329e+52
7.149380000000000329e+52
7.174090000000000350e+52
1.304289999999999895e+52
4.502010000000000248e+51
1.975220000000000016e+52
1.704080000000000045e+52
1.704080000000000045e+52
1.704080000000000045e+52
1.704080000000000045e+52
1.704080000000000045e+52
1.704080000000000045e+52
1.704080000000000045e+52
2.195789999999999947e+52
1.766620000000000111e+52
5.455140000000000233e+52
1.147760000000000034e+52
1.147760000000000034e+52
1.848289999999999870e+52
7.611049999999999926e+52
3.073470000000000011e+53
3.126909999999999973e+53
3.126909999999999973e+53
8.482700000000000431e+52
8.482700000000000431e+52
8.632409999999999654e+52
8.119860000000000473e+52
8.119860000000000473e+52
8.119860000000000473e+52
7.947810000000000103e+52
7.825330000000000124e+52
7.825330000000000124e+52
7.825330000000000124e+52
6.599200000000000236e+52
6.484850000000000088e+52
6.484850000000000088e+52
6.484850000000000088e+52
6.484850000000000088e+52
6.987300000000000422e+52
2.133719999999999956e+52
9.284149999999999518e+52
4.596210000000000156e+52
1.480709999999999927e+53
1.340850000000000038e+53
1.340850000000000038e+53
1.555150000000000070e+53
1.555150000000000070e+53
1.494850000000000016e+53
1.494850000000000016e+53
1.462720000000000099e+53
3.534980000000000089e+52
3.828210000000000097e+52
3.828210000000000097e+52
3.743949999999999838e+52
3.743949999999999838e+52
4.645500000000000218e+52
1.703700000000000019e+52
1.767509999999999878e+52
1.767509999999999878e+52
1.134019999999999991e+52
4.046210000000000159e+52
4.394909999999999816e+52
4.394909999999999816e+52
4.221709999999999983e+52
1.113969999999999982e+52
1.699179999999999904e+52
1.699179999999999904e+52
1.735330000000000112e+52
7.320270000000000520e+51
7.320270000000000520e+51
2.958990000000000095e+52
2.601019999999999997e+52
2.601019999999999997e+52
3.525720000000000096e+52
3.525720000000000096e+52
3.525720000000000096e+52
3.525720000000000096e+52
3.525720000000000096e+52
8.028580000000000444e+51
8.028580000000000444e+51
8.028580000000000444e+51
5.214079999999999836e+51
5.214079999999999836e+51
5.214079999999999836e+51
1.474180000000000005e+51
1.474180000000000005e+51
1.474180000000000005e+51
2.943390000000000053e+51
9.237649999999999752e+50
1.142229999999999954e+51
1.142229999999999954e+51
1.446429999999999940e+51
4.529580000000000117e+51
4.916550000000000273e+51
4.916550000000000273e+51
5.554199999999999951e+51
5.554199999999999951e+51
3.779279999999999961e+51
3.779279999999999961e+51
4.398640000000000128e+51
1.355570000000000070e+51
1.355570000000000070e+51
1.355570000000000070e+51
1.409409999999999998e+51
1.409409999999999998e+51
1.409409999999999998e+51
1.409409999999999998e+51
1.296079999999999998e+51
1.296079999999999998e+51
1.296079999999999998e+51
3.807410000000000385e+50
3.807410000000000385e+50
3.807410000000000385e+50
3.323789999999999867e+50
1.193339999999999983e+50
1.193339999999999983e+50
1.193339999999999983e+50
5.336880000000000374e+49
1.633699999999999993e+50
1.704549999999999962e+50
1.704549999999999962e+50
1.704549999999999962e+50
5.136440000000000350e+50
5.053510000000000283e+50
5.053510000000000283e+50
4.326880000000000069e+50
4.326880000000000069e+50
4.259100000000000300e+50
4.259100000000000300e+50
5.990639999999999901e+50
3.155579999999999941e+50
3.132689999999999852e+50
3.132689999999999852e+50
1.175049999999999974e+51
1.341520000000000082e+51
1.367579999999999996e+51
1.367579999999999996e+51
1.367579999999999996e+51
1.617899999999999955e+51
1.581739999999999897e+51
1.581739999999999897e+51
1.581739999999999897e+51
1.454990000000000014e+51
1.519219999999999931e+51
1.519219999999999931e+51
1.519219999999999931e+51
1.504880000000000098e+51
1.777430000000000092e+51
6.106319999999999442e+51
1.456070000000000027e+51
1.648040000000000158e+51
1.192159999999999972e+51
1.192159999999999972e+51
2.313459999999999867e+50
5.121140000000000303e+50
5.121140000000000303e+50
1.848440000000000083e+50
2.209640000000000088e+50
8.638169999999999414e+50
8.638169999999999414e+50
1.345959999999999933e+51
1.480680000000000050e+51
6.168200000000000483e+51
1.624399999999999934e+52
1.178280000000000064e+52
1.433800000000000092e+52
1.433800000000000092e+52
1.219280000000000032e+52
3.767189999999999871e+52
3.682230000000000123e+52
1.419969999999999921e+53
1.419969999999999921e+53
1.419969999999999921e+53
1.419969999999999921e+53
1.419969999999999921e+53
1.584460000000000072e+53
3.098509999999999944e+53
3.098509999999999944e+53
3.098509999999999944e+53
3.098509999999999944e+53
3.098509999999999944e+53
4.169289999999999928e+53
4.169289999999999928e+53
1.876159999999999889e+54
1.149270000000000030e+54
1.093910000000000061e+54
4.773079999999999950e+53
1.199909999999999997e+53
1.199909999999999997e+53
5.117620000000000003e+52
2.162199999999999958e+53
2.162199999999999958e+53
3.625349999999999986e+53
3.950659999999999688e+53
2.212099999999999833e+53
5.424349999999999793e+52
5.334809999999999898e+52
2.571719999999999911e+52
2.571719999999999911e+52
5.731649999999999887e+51
5.460210000000000022e+51
2.854330000000000149e+51
1.302690000000000024e+51
1.302690000000000024e+51
1.500229999999999936e+51
4.770780000000000279e+51
6.404960000000000130e+51
6.404960000000000130e+51
6.206229999999999393e+51
6.206229999999999393e+51
9.988659999999999711e+51
9.988659999999999711e+51
9.988659999999999711e+51
2.356939999999999888e+52
2.358990000000000099e+52
8.909769999999999941e+52
9.780830000000000573e+52
9.780830000000000573e+52
9.892249999999999064e+52
9.892249999999999064e+52
8.551379999999999617e+52
2.243489999999999956e+52
2.004769999999999881e+52
2.004769999999999881e+52
2.004769999999999881e+52
2.004769999999999881e+52
2.004769999999999881e+52
2.004769999999999881e+52
2.791199999999999879e+52
2.791199999999999879e+52
1.877100000000000048e+52
1.877100000000000048e+52
2.284969999999999915e+52
2.284969999999999915e+52
2.956440000000000059e+52
2.956440000000000059e+52
2.931980000000000083e+52
7.123759999999999377e+51
6.558210000000000185e+51
6.558210000000000185e+51
6.180500000000000421e+51
2.064620000000000079e+51
1.009150000000000072e+51
4.811050000000000077e+51
4.811050000000000077e+51
2.145179999999999975e+51
2.145179999999999975e+51
2.716539999999999956e+50
7.114279999999999354e+51
3.114920000000000299e+51
2.633509999999999973e+51
1.003399999999999996e+52
7.999849999999999865e+51
2.974640000000000053e+51
2.892580000000000019e+51
2.892580000000000019e+51
2.892580000000000019e+51
1.030500000000000057e+52
9.095410000000000140e+51
3.695299999999999763e+52
3.695299999999999763e+52
3.695299999999999763e+52
3.695299999999999763e+52
1.007089999999999978e+52
1.171690000000000037e+52
1.171690000000000037e+52
9.857689999999999441e+51
4.234319999999999731e+51
5.107109999999999783e+51
5.107109999999999783e+51
3.486449999999999813e+51
1.278479999999999993e+51
1.282310000000000038e+51
3.110840000000000010e+50
2.594439999999999903e+50
8.885430000000000693e+50
8.885430000000000693e+50
8.885430000000000693e+50
8.985670000000000422e+50
8.985670000000000422e+50
9.757469999999999679e+50
2.376649999999999953e+50
2.579719999999999961e+50
6.666879999999999499e+49
5.116070000000000140e+49
5.116070000000000140e+49
2.283350000000000008e+49
7.150480000000000144e+48
7.150480000000000144e+48
7.150480000000000144e+48
1.424609999999999964e+49
1.424609999999999964e+49
2.449359999999999995e+49
2.449359999999999995e+49
2.573240000000000111e+49
2.573240000000000111e+49
2.970399999999999804e+49
2.970399999999999804e+49
2.850670000000000193e+49
2.850670000000000193e+49
1.802010000000000063e+49
5.933140000000000244e+48
5.933140000000000244e+48
2.553120000000000207e+49
2.553120000000000207e+49
2.553120000000000207e+49
2.553120000000000207e+49
1.149719999999999997e+50
1.079479999999999918e+50
1.079479999999999918e+50
5.650749999999999483e+49
5.650749999999999483e+49
5.523049999999999492e+49
1.957159999999999937e+50
2.763779999999999841e+50
2.763779999999999841e+50
2.559690000000000135e+50
2.559690000000000135e+50
2.559690000000000135e+50
2.559690000000000135e+50
3.849160000000000023e+50
2.581920000000000003e+50
2.581920000000000003e+50
1.080439999999999925e+51
1.080439999999999925e+51
1.214490000000000005e+51
1.279440000000000042e+51
1.279440000000000042e+51
1.279440000000000042e+51
1.319300000000000031e+51
1.319300000000000031e+51
1.319300000000000031e+51
1.319300000000000031e+51
9.999690000000000785e+50
1.028029999999999920e+51
1.028029999999999920e+51
1.028029999999999920e+51
1.414599999999999918e+51
1.368360000000000015e+51
1.368360000000000015e+51
1.368360000000000015e+51
1.647609999999999884e+51
1.527390000000000161e+51
6.686959999999999533e+51
1.509379999999999848e+51
1.569219999999999997e+51
1.569219999999999997e+51
1.569219999999999997e+51
6.081530000000000386e+50
3.737730000000000070e+50
3.737730000000000070e+50
3.737730000000000070e+50
4.389869999999999972e+49
4.389869999999999972e+49
1.378500000000000092e+50
1.378500000000000092e+50
1.378500000000000092e+50
4.192320000000000202e+49
7.269650000000000457e+49
1.848479999999999933e+50
1.199840000000000070e+50
1.199840000000000070e+50
1.355870000000000064e+50
4.836419999999999987e+50
4.836419999999999987e+50
1.084230000000000037e+51
1.003699999999999924e+51
4.154290000000000274e+51
2.490539999999999927e+51
9.502669999999999770e+51
1.152280000000000016e+52
1.152280000000000016e+52
1.152280000000000016e+52
4.953270000000000387e+52
3.174589999999999936e+52
2.045209999999999992e+52
1.819080000000000098e+52
1.819080000000000098e+52
5.375870000000000163e+51
8.747919999999999448e+51
1.053170000000000050e+52
1.053170000000000050e+52
5.629050000000000136e+51
1.001320000000000035e+52
8.325030000000000491e+51
8.325030000000000491e+51
8.325030000000000491e+51
5.818419999999999983e+51
5.818419999999999983e+51
5.818419999999999983e+51
5.818419999999999983e+51
5.060510000000000318e+51
7.379710000000000344e+51
1.687589999999999837e+51
3.233529999999999819e+50
5.394789999999999944e+50
6.200079999999999757e+50
6.200079999999999757e+50
1.974250000000000050e+51
2.059260000000000113e+51
1.995160000000000143e+51
3.596790000000000185e+50
3.596790000000000185e+50
3.596790000000000185e+50
3.227539999999999997e+50
1.892730000000000106e+51
4.205209999999999958e+50
3.739329999999999874e+50
3.739329999999999874e+50
3.739329999999999874e+50
3.739329999999999874e+50
3.199619999999999803e+50
3.351179999999999872e+50
3.351179999999999872e+50
3.351179999999999872e+50
1.858039999999999946e+50
1.325560000000000022e+50
1.325560000000000022e+50
3.974210000000000208e+49
3.974210000000000208e+49
1.235880000000000080e+50
2.050969999999999835e+50
2.050969999999999835e+50
5.394810000000000077e+50
5.394810000000000077e+50
3.695490000000000092e+50
3.695490000000000092e+50
3.695490000000000092e+50
3.695490000000000092e+50
3.695490000000000092e+50
7.738219999999999469e+50
1.806270000000000154e+51
1.806270000000000154e+51
1.806270000000000154e+51
2.059729999999999988e+51
2.059729999999999988e+51
2.059729999999999988e+51
2.059729999999999988e+51
2.059729999999999988e+51
2.059729999999999988e+51
2.059729999999999988e+51
3.488290000000000045e+51
8.874279999999999488e+50
8.874279999999999488e+50
8.874279999999999488e+50
6.521549999999999804e+50
3.226019999999999893e+50
3.226019999999999893e+50
8.357619999999999943e+49
8.357619999999999943e+49
1.610430000000000086e+50
1.610430000000000086e+50
7.936310000000000118e+49
5.246669999999999619e+49
5.246669999999999619e+49
5.632889999999999499e+49
5.632889999999999499e+49
5.632889999999999499e+49
5.632889999999999499e+49
5.305139999999999785e+49
5.305139999999999785e+49
5.112439999999999966e+49
1.868530000000000099e+50
1.758699999999999951e+50
1.758699999999999951e+50
1.691579999999999987e+50
1.691579999999999987e+50
1.547769999999999981e+50
1.547769999999999981e+50
1.604519999999999963e+50
1.604519999999999963e+50
1.484899999999999939e+50
3.826120000000000082e+49
4.650010000000000213e+49
4.650010000000000213e+49
6.262550000000000056e+49
1.852269999999999920e+50
2.032950000000000038e+50
2.032950000000000038e+50
1.843659999999999973e+50
1.843659999999999973e+50
1.981070000000000139e+50
1.981070000000000139e+50
1.894500000000000040e+50
1.894500000000000040e+50
1.749220000000000053e+50
1.749220000000000053e+50
1.845390000000000015e+50
1.845390000000000015e+50
2.332189999999999801e+50
5.415970000000000123e+49
8.553970000000000068e+49
7.423960000000000268e+49
7.423960000000000268e+49
7.423960000000000268e+49
1.700689999999999926e+49
1.888380000000000031e+49
1.888380000000000031e+49
1.888380000000000031e+49
1.888380000000000031e+49
1.888380000000000031e+49
1.888380000000000031e+49
1.888380000000000031e+49
1.888380000000000031e+49
2.165189999999999898e+49
2.183820000000000052e+49
9.422970000000000090e+49
4.231409999999999968e+50
3.962909999999999982e+50
4.445349999999999741e+50
1.945890000000000013e+50
1.945890000000000013e+50
1.739730000000000088e+50
6.486010000000000200e+49
2.730889999999999938e+50
1.093179999999999953e+51
1.093179999999999953e+51
1.247369999999999924e+51
1.247369999999999924e+51
5.069440000000000268e+51
6.360710000000000372e+51
1.227819999999999906e+52
1.227819999999999906e+52
1.227819999999999906e+52
1.174189999999999957e+52
5.749239999999999909e+51
4.080330000000000255e+51
1.093099999999999922e+51
9.922940000000000137e+50
3.841250000000000353e+50
2.411390000000000071e+50
2.411390000000000071e+50
2.588090000000000187e+50
9.676719999999999520e+49
2.002599999999999938e+50
2.002599999999999938e+50
2.078830000000000048e+50
1.620920000000000032e+50
1.620920000000000032e+50
1.620920000000000032e+50
1.589379999999999938e+50
2.476070000000000063e+50
1.748919999999999933e+50
1.748919999999999933e+50
1.811159999999999955e+50
6.174749999999999697e+49
1.112099999999999900e+50
1.112099999999999900e+50
1.047179999999999979e+50
1.047179999999999979e+50
7.643950000000000260e+49
7.643950000000000260e+49
8.122369999999999545e+49
8.122369999999999545e+49
6.612790000000000324e+49
1.625329999999999975e+49
1.625329999999999975e+49
3.425749999999999884e+49
4.928100000000000515e+49
1.442180000000000103e+49
1.316310000000000039e+49
4.997089999999999788e+49
4.631459999999999811e+49
4.631459999999999811e+49
4.913889999999999800e+49
1.529899999999999932e+49
1.443200000000000113e+49
5.764450000000000149e+49
7.440540000000000076e+49
1.332689999999999923e+50
1.332689999999999923e+50
1.332689999999999923e+50
1.796999999999999985e+50
7.156519999999999830e+50
7.156519999999999830e+50
2.231280000000000200e+50
1.435630000000000100e+50
1.435630000000000100e+50
1.806989999999999941e+50
1.806989999999999941e+50
1.806989999999999941e+50
1.806989999999999941e+50
1.435460000000000012e+50
2.691219999999999962e+50
2.691219999999999962e+50
7.673179999999999791e+49
1.294670000000000082e+50
4.843349999999999808e+50
4.843349999999999808e+50
4.843349999999999808e+50
2.165140000000000086e+50
6.907360000000000082e+50
1.226299999999999934e+51
3.270100000000000102e+51
3.270100000000000102e+51
3.270100000000000102e+51
3.270100000000000102e+51
3.270100000000000102e+51
6.613110000000000326e+51
6.613110000000000326e+51
6.704140000000000575e+51
2.480139999999999987e+52
2.695400000000000001e+52
8.582620000000000033e+52
8.429749999999999472e+52
8.429749999999999472e+52
8.282060000000000444e+52
3.409620000000000057e+53
3.412020000000000066e+53
3.412020000000000066e+53
3.477660000000000106e+53
9.761929999999999496e+52
9.063010000000000079e+52
9.063010000000000079e+52
8.417650000000000262e+52
8.417650000000000262e+52
5.482840000000000349e+52
2.633079999999999965e+52
2.904979999999999987e+52
2.904979999999999987e+52
2.904979999999999987e+52
6.575580000000000177e+52
6.046469999999999576e+52
6.046469999999999576e+52
6.046469999999999576e+52
6.046469999999999576e+52
3.726750000000000025e+52
3.726750000000000025e+52
3.726750000000000025e+52
3.726750000000000025e+52
5.956750000000000116e+52
1.441560000000000081e+52
1.441560000000000081e+52
1.441560000000000081e+52
9.864189999999999819e+51
9.864189999999999819e+51
9.864189999999999819e+51
3.605679999999999870e+51
3.605679999999999870e+51
3.605679999999999870e+51
5.540949999999999948e+51
2.060449999999999908e+52
1.782229999999999870e+52
1.782229999999999870e+52
2.232710000000000124e+52
2.232710000000000124e+52
2.232710000000000124e+52
2.232710000000000124e+52
2.226309999999999977e+52
5.855820000000000284e+51
6.316759999999999446e+51
6.316759999999999446e+51
6.443950000000000086e+51
3.325679999999999765e+51
9.852710000000000498e+51
9.852710000000000498e+51
9.852710000000000498e+51
1.046699999999999955e+52
6.693560000000000407e+51
6.693560000000000407e+51
6.639409999999999338e+51
2.047319999999999970e+52
2.094410000000000007e+52
2.094410000000000007e+52
2.125869999999999920e+52
5.770469999999999796e+51
6.009390000000000466e+51
6.009390000000000466e+51
5.599980000000000129e+51
1.704040000000000113e+52
1.704040000000000113e+52
1.704040000000000113e+52
1.704040000000000113e+52
1.704040000000000113e+52
1.704040000000000113e+52
1.704040000000000113e+52
2.338739999999999895e+52
6.039280000000000424e+51
6.032629999999999967e+51
6.032629999999999967e+51
5.033889999999999850e+51
5.033889999999999850e+51
4.458470000000000294e+51
4.458470000000000294e+51
5.860300000000000068e+51
1.507470000000000067e+51
1.346710000000000002e+51
1.346710000000000002e+51
5.152999999999999610e+50
2.066329999999999865e+50
4.994479999999999936e+50
1.404899999999999974e+50
1.330580000000000062e+50
1.330580000000000062e+50
1.365259999999999989e+50
3.999559999999999881e+50
4.468210000000000046e+50
4.468210000000000046e+50
4.468210000000000046e+50
1.878569999999999971e+50
1.484390000000000089e+50
1.484390000000000089e+50
2.803279999999999937e+50
4.052179999999999699e+50
4.983349999999999695e+50
4.983349999999999695e+50
1.295980000000000041e+50
1.058530000000000017e+50
8.353590000000000234e+49
5.280179999999999997e+48
1.044719999999999979e+49
1.055500000000000030e+49
2.792889999999999926e+49
9.492590000000000422e+49
9.492590000000000422e+49
1.230539999999999997e+50
1.230539999999999997e+50
1.162560000000000045e+49
1.155279999999999955e+49
1.109879999999999959e+49
2.843580000000000064e+48
3.181420000000000058e+48
3.181420000000000058e+48
6.100119999999999911e+48
5.812009999999999662e+49
5.812009999999999662e+49
1.740290000000000061e+50
2.820959999999999973e+50
2.267620000000000122e+50
2.267620000000000122e+50
1.660790000000000035e+49
2.876610000000000245e+49
2.876610000000000245e+49
2.876610000000000245e+49
2.876610000000000245e+49
3.168609999999999794e+49
3.168609999999999794e+49
3.168609999999999794e+49
2.977240000000000171e+50
2.902929999999999909e+50
2.357279999999999932e+50
6.116860000000000260e+49
6.116860000000000260e+49
6.773119999999999532e+49
6.773119999999999532e+49
4.568440000000000124e+49
4.568440000000000124e+49
4.454150000000000221e+49
1.135319999999999944e+49
1.720890000000000100e+49
1.720890000000000100e+49
1.684260000000000074e+49
1.684260000000000074e+49
2.349160000000000012e+49
5.715540000000000256e+48
6.008779999999999974e+48
2.008139999999999971e+48
4.759860000000000157e+48
4.759860000000000157e+48
5.690040000000000003e+48
3.552889999999999927e+48
1.326970000000000073e+49
4.997300000000000141e+49
5.667419999999999887e+49
5.305739999999999608e+49
5.305739999999999608e+49
2.012679999999999867e+50
1.811039999999999990e+50
2.317320000000000111e+50
1.060679999999999935e+50
1.060679999999999935e+50
1.060679999999999935e+50
3.762619999999999706e+50
4.254379999999999757e+50
9.849969999999999203e+49
9.953479999999999835e+49
9.953479999999999835e+49
1.055109999999999989e+50
3.852620000000000212e+49
3.852620000000000212e+49
3.852620000000000212e+49
3.340739999999999842e+49
3.340739999999999842e+49
3.280359999999999998e+49
3.280359999999999998e+49
3.280359999999999998e+49
3.280359999999999998e+49
1.181790000000000021e+49
1.181790000000000021e+49
2.826889999999999917e+49
2.826889999999999917e+49
2.826889999999999917e+49
1.201720000000000068e+50
1.350489999999999924e+50
1.350489999999999924e+50
1.627399999999999986e+50
4.121209999999999860e+49
3.752189999999999743e+49
3.752189999999999743e+49
3.483799999999999862e+49
1.280520000000000127e+49
1.263049999999999873e+49
2.936269999999999861e+48
5.176519999999999799e+48
5.435909999999999742e+48
5.694159999999999790e+48
5.694159999999999790e+48
5.694159999999999790e+48
5.749219999999999813e+48
5.902029999999999937e+48
2.487119999999999982e+49
2.487119999999999982e+49
2.497529999999999917e+49
2.453179999999999870e+49
6.214629999999999974e+48
2.400010000000000042e+49
2.654349999999999747e+49
2.922430000000000169e+49
2.922430000000000169e+49
2.922430000000000169e+49
2.502679999999999779e+49
3.004980000000000003e+49
2.268799999999999894e+49
2.268799999999999894e+49
2.268799999999999894e+49
6.856240000000000028e+49
7.119500000000000179e+49
7.119500000000000179e+49
6.682980000000000280e+49
1.936399999999999997e+49
2.843949999999999790e+49
7.117650000000000379e+48
6.737760000000000134e+48
1.742700000000000041e+49
1.370079999999999949e+49
1.370079999999999949e+49
1.494540000000000015e+49
5.225710000000000120e+48
4.655689999999999954e+48
4.655689999999999954e+48
1.002489999999999963e+49
7.874690000000000104e+48
7.996700000000000547e+48
7.996700000000000547e+48
7.996700000000000547e+48
9.620519999999999860e+48
1.007360000000000047e+49
4.319620000000000137e+49
1.160160000000000027e+50
1.265759999999999972e+50
1.265759999999999972e+50
1.265759999999999972e+50
6.240089999999999702e+49
1.254719999999999912e+50
1.226549999999999930e+50
3.172830000000000243e+49
2.472480000000000051e+49
8.978669999999999514e+49
8.212610000000000499e+49
2.166740000000000046e+49
3.121229999999999916e+49
3.121229999999999916e+49
3.417790000000000090e+49
3.417790000000000090e+49
2.534550000000000191e+49
9.726730000000000733e+49
8.619399999999999630e+49
8.619399999999999630e+49
7.641460000000000373e+49
7.641460000000000373e+49
8.533330000000000352e+49
8.533330000000000352e+49
7.991160000000000177e+49
7.991160000000000177e+49
7.037819999999999880e+49
2.791970000000000164e+50
3.017679999999999850e+50
8.110039999999999866e+49
9.186690000000000136e+49
3.671300000000000110e+50
5.156629999999999991e+50
2.826230000000000008e+50
3.611320000000000114e+50
9.062669999999999611e+49
9.062669999999999611e+49
1.893070000000000116e+50
1.666710000000000068e+50
1.666710000000000068e+50
1.341809999999999927e+50
1.341809999999999927e+50
1.421110000000000030e+50
3.935239999999999990e+49
5.690239999999999512e+49
5.690239999999999512e+49
6.292239999999999520e+49
1.795899999999999964e+50
1.715350000000000093e+50
4.579539999999999959e+49
6.257550000000000149e+49
2.018790000000000069e+49
1.817490000000000109e+49
7.797720000000000386e+48
4.755129999999999703e+48
1.253929999999999953e+48
1.450399999999999997e+48
4.429039999999999697e+48
2.560879999999999908e+48
2.560879999999999908e+48
2.560879999999999908e+48
2.560879999999999908e+48
4.600339999999999826e+48
4.600339999999999826e+48
4.600339999999999826e+48
4.600339999999999826e+48
4.600339999999999826e+48
4.600339999999999826e+48
4.600339999999999826e+48
1.138619999999999942e+48
1.138619999999999942e+48
1.138619999999999942e+48
1.614879999999999969e+48
1.614879999999999969e+48
1.614879999999999969e+48
1.614879999999999969e+48
1.318220000000000073e+48
4.614610000000000193e+47
4.614610000000000193e+47
4.614610000000000193e+47
3.896420000000000280e+47
1.352900000000000011e+47
1.333640000000000071e+47
5.273690000000000015e+47
5.273690000000000015e+47
5.273690000000000015e+47
5.163499999999999927e+47
1.329059999999999962e+47
9.350169999999999046e+46
3.356030000000000090e+47
3.710189999999999759e+47
3.710189999999999759e+47
3.743950000000000268e+47
3.743950000000000268e+47
3.433889999999999913e+47
3.433889999999999913e+47
3.528059999999999962e+47
3.528059999999999962e+47
3.417820000000000192e+47
8.935010000000000138e+46
1.065770000000000010e+47
1.065770000000000010e+47
1.335620000000000066e+47
4.151779999999999704e+47
4.459669999999999647e+47
4.459669999999999647e+47
4.300759999999999984e+47
4.300759999999999984e+47
4.978520000000000389e+47
1.793779999999999842e+48
1.626319999999999981e+48
1.626319999999999981e+48
1.626319999999999981e+48
5.694940000000000189e+47
5.694940000000000189e+47
1.389600000000000095e+47
1.143299999999999902e+47
1.143299999999999902e+47
1.038859999999999995e+47
1.038859999999999995e+47
1.038859999999999995e+47
1.038859999999999995e+47
1.052559999999999967e+47
1.052559999999999967e+47
1.052559999999999967e+47
2.926770000000000099e+47
4.075960000000000306e+47
4.075960000000000306e+47
4.075960000000000306e+47
4.075960000000000306e+47
2.738499999999999963e+47
6.710909999999999575e+46
6.710909999999999575e+46
1.981869999999999915e+46
1.981869999999999915e+46
1.981869999999999915e+46
2.394500000000000040e+46
7.885500000000000264e+46
9.368280000000000410e+46
2.369849999999999966e+46
2.094959999999999884e+46
2.094959999999999884e+46
1.939290000000000020e+46
1.939290000000000020e+46
2.035999999999999955e+46
2.035999999999999955e+46
2.035999999999999955e+46
5.231130000000000018e+45
5.127250000000000280e+45
1.450179999999999873e+46
1.450179999999999873e+46
1.450179999999999873e+46
2.054639999999999878e+46
2.054639999999999878e+46
2.107060000000000083e+46
2.107060000000000083e+46
2.277549999999999953e+46
6.807700000000000421e+46
6.336930000000000076e+46
6.336930000000000076e+46
6.597770000000000178e+46
2.740660000000000032e+47
3.456799999999999989e+47
1.107459999999999952e+48
1.107459999999999952e+48
1.107459999999999952e+48
1.063499999999999991e+48
1.063499999999999991e+48
9.275309999999999634e+47
9.275309999999999634e+47
9.698120000000000443e+47
3.255290000000000000e+48
3.882310000000000195e+48
3.882310000000000195e+48
3.656059999999999993e+48
1.539720000000000110e+49
1.566540000000000024e+49
1.566540000000000024e+49
1.526999999999999923e+49
1.526999999999999923e+49
1.354280000000000119e+49
5.260230000000000181e+49
5.525589999999999711e+49
2.043259999999999985e+49
2.425839999999999885e+49
2.425839999999999885e+49
6.637220000000000234e+49
8.118789999999999703e+49
7.082540000000000302e+49
2.760630000000000149e+50
6.765679999999999862e+50
6.765679999999999862e+50
1.006029999999999997e+51
1.006029999999999997e+51
1.006029999999999997e+51
1.163540000000000039e+51
8.691709999999999514e+50
8.691709999999999514e+50
8.691709999999999514e+50
8.691709999999999514e+50
1.155879999999999949e+51
2.785130000000000108e+50
1.191299999999999921e+51
1.191299999999999921e+51
1.075110000000000074e+51
4.266120000000000302e+50
4.266120000000000302e+50
3.610640000000000176e+50
6.494010000000000051e+50
7.526690000000000300e+50
1.920390000000000073e+50
1.818049999999999926e+50
6.812530000000000070e+50
6.812530000000000070e+50
6.812530000000000070e+50
6.812530000000000070e+50
6.812530000000000070e+50
7.254559999999999932e+50
2.127160000000000095e+50
1.763459999999999929e+50
4.276299999999999648e+50
4.478030000000000329e+50
4.478030000000000329e+50
4.737979999999999726e+50
2.768460000000000120e+50
3.392929999999999926e+50
1.431120000000000076e+51
5.484839999999999846e+50
9.564540000000000828e+50
8.674189999999999707e+50
8.674189999999999707e+50
5.151460000000000204e+50
1.521599999999999920e+51
1.380759999999999950e+51
1.380759999999999950e+51
1.380759999999999950e+51
4.855219999999999970e+51
4.416539999999999961e+51
1.397549999999999986e+51
1.397549999999999986e+51
1.397549999999999986e+51
1.669260000000000062e+51
1.669260000000000062e+51
3.426999999999999674e+51
9.421770000000000445e+50
9.132149999999999223e+50
2.246020000000000026e+51
2.246020000000000026e+51
2.246020000000000026e+51
2.362100000000000058e+51
8.035560000000000015e+51
4.914389999999999915e+51
4.914389999999999915e+51
4.706449999999999699e+51
4.706449999999999699e+51
4.706449999999999699e+51
2.064200000000000121e+51
2.122439999999999967e+51
5.235540000000000001e+50
3.026930000000000093e+50
3.026930000000000093e+50
3.174509999999999954e+50
9.854540000000000414e+49
1.680400000000000038e+50
1.680400000000000038e+50
2.075780000000000187e+50
9.975639999999999239e+49
3.206919999999999999e+50
2.225120000000000082e+50
9.117550000000000492e+50
9.117550000000000492e+50
9.117550000000000492e+50
9.117550000000000492e+50
3.264419999999999676e+51
4.046799999999999766e+51
8.726770000000000091e+50
9.031370000000000069e+50
2.932219999999999879e+51
3.874259999999999888e+51
3.874259999999999888e+51
4.484420000000000226e+51
4.484420000000000226e+51
4.831289999999999967e+51
4.831289999999999967e+51
4.759950000000000198e+51
4.759950000000000198e+51
4.757130000000000284e+51
4.757130000000000284e+51
3.984760000000000323e+51
3.984760000000000323e+51
4.152370000000000177e+51
4.152370000000000177e+51
4.831579999999999812e+51
4.831579999999999812e+51
4.842159999999999980e+51
4.842159999999999980e+51
3.987070000000000097e+51
3.987070000000000097e+51
3.053369999999999701e+51
3.053369999999999701e+51
3.053369999999999701e+51
1.015439999999999972e+52
1.440049999999999893e+52
5.902959999999999772e+52
5.902959999999999772e+52
5.902959999999999772e+52
4.054539999999999921e+52
4.054539999999999921e+52
4.869969999999999579e+52
1.631920000000000060e+53
1.631920000000000060e+53
4.665839999999999939e+52
4.380500000000000167e+52
1.650980000000000017e+53
1.592110000000000073e+53
5.108330000000000259e+52
4.189029999999999860e+52
1.040290000000000024e+52
1.040290000000000024e+52
1.040290000000000024e+52
9.723710000000000573e+51
9.723710000000000573e+51
1.148130000000000010e+52
1.148130000000000010e+52
1.216159999999999957e+52
1.216159999999999957e+52
1.379919999999999966e+52
3.625510000000000248e+52
3.351789999999999961e+52
3.351789999999999961e+52
3.351789999999999961e+52
1.109250000000000070e+53
1.219750000000000053e+53
3.581010000000000180e+52
4.249249999999999836e+52
4.249249999999999836e+52
4.258140000000000252e+52
1.326659999999999993e+52
1.231809999999999915e+52
3.217610000000000232e+51
3.217610000000000232e+51
1.695950000000000080e+51
1.243789999999999958e+51
1.243789999999999958e+51
1.856879999999999859e+51
1.856879999999999859e+51
1.856879999999999859e+51
1.856879999999999859e+51
1.151200000000000003e+51
2.800810000000000016e+51
2.800810000000000016e+51
1.087900000000000018e+51
9.014959999999999727e+50
3.467049999999999842e+51
2.315220000000000067e+51
6.823780000000000276e+51
6.408800000000000324e+51
1.619230000000000047e+51
2.406439999999999997e+51
2.406439999999999997e+51
2.591009999999999934e+51
1.157820000000000013e+51
6.297850000000000147e+50
2.203609999999999835e+51
1.732849999999999892e+51
9.609979999999999583e+50
9.609979999999999583e+50
9.609979999999999583e+50
1.424049999999999991e+51
2.499029999999999951e+51
2.040169999999999953e+51
6.895200000000000574e+51
6.895200000000000574e+51
1.996169999999999975e+52
2.209549999999999957e+52
7.910789999999999962e+52
7.336319999999999540e+52
2.228609999999999968e+52
1.787440000000000089e+52
4.246830000000000313e+51
4.920659999999999682e+51
1.641689999999999861e+51
1.974050000000000054e+51
4.913230000000000202e+50
7.357020000000000251e+50
7.357020000000000251e+50
8.376470000000000464e+50
8.376470000000000464e+50
1.230249999999999944e+51
2.232999999999999969e+51
2.232999999999999969e+51
2.232999999999999969e+51
2.232999999999999969e+51
2.232999999999999969e+51
2.232999999999999969e+51
2.232999999999999969e+51
2.797620000000000059e+51
1.088630000000000021e+52
9.188289999999999607e+51
2.522060000000000137e+51
2.522060000000000137e+51
1.021299999999999962e+52
5.460119999999999841e+51
5.823679999999999786e+51
9.657430000000000278e+51
9.657430000000000278e+51
9.657430000000000278e+51
1.509229999999999968e+52
1.509229999999999968e+52
1.509229999999999968e+52
1.695639999999999870e+52
1.695639999999999870e+52
1.464930000000000094e+52
1.464930000000000094e+52
1.464930000000000094e+52
6.709339999999999814e+51
4.784930000000000098e+51
4.784930000000000098e+51
5.044299999999999972e+51
1.164940000000000013e+52
1.294069999999999919e+52
3.758160000000000221e+51
3.525160000000000239e+51
3.525160000000000239e+51
3.308659999999999783e+51
3.308659999999999783e+51
3.653440000000000044e+51
3.653440000000000044e+51
3.617130000000000238e+51
3.617130000000000238e+51
2.904279999999999967e+51
2.904279999999999967e+51
3.311120000000000302e+51
1.104709999999999988e+52
1.044849999999999939e+52
3.829620000000000054e+52
3.573949999999999945e+52
3.573949999999999945e+52
3.444089999999999738e+52
3.444089999999999738e+52
3.803310000000000062e+52
1.494480000000000013e+53
1.533979999999999922e+53
1.533979999999999922e+53
1.614880000000000084e+53
4.439219999999999871e+52
5.289140000000000000e+52
5.289140000000000000e+52
5.637939999999999887e+52
2.536520000000000034e+52
2.124529999999999911e+52
8.780250000000000092e+52
1.505309999999999908e+53
3.023620000000000038e+53
2.578809999999999789e+53
2.578809999999999789e+53
2.578809999999999789e+53
2.578809999999999789e+53
7.478339999999999522e+52
2.511999999999999813e+53
2.511999999999999813e+53
6.189009999999999481e+52
2.524550000000000061e+53
8.356809999999999601e+52
8.085830000000000425e+52
8.085830000000000425e+52
8.085830000000000425e+52
3.015259999999999888e+53
3.114050000000000073e+53
3.114050000000000073e+53
2.236560000000000129e+53
2.236560000000000129e+53
1.984420000000000190e+53
1.984420000000000190e+53
1.984420000000000190e+53
1.984420000000000190e+53
2.231549999999999840e+53
2.231549999999999840e+53
2.231549999999999840e+53
2.231549999999999840e+53
2.005819999999999805e+53
2.005819999999999805e+53
3.049440000000000070e+53
3.049440000000000070e+53
3.049440000000000070e+53
3.049440000000000070e+53
3.049440000000000070e+53
3.049440000000000070e+53
3.158879999999999946e+53
3.158879999999999946e+53
3.160179999999999969e+53
3.160179999999999969e+53
3.107390000000000018e+53
3.107390000000000018e+53
3.626139999999999894e+53
2.411599999999999954e+53
2.550730000000000072e+53
2.550730000000000072e+53
2.550730000000000072e+53
2.412110000000000067e+53
2.311420000000000177e+53
5.628300000000000399e+52
5.628300000000000399e+52
5.349669999999999521e+52
5.345840000000000041e+52
5.345840000000000041e+52
5.345840000000000041e+52
5.713570000000000224e+52
5.601070000000000092e+52
1.525630000000000061e+52
1.525630000000000061e+52
1.328419999999999961e+52
2.283589999999999974e+52
1.610880000000000052e+52
1.610880000000000052e+52
9.903109999999999559e+51
2.229279999999999905e+51
1.081830000000000082e+51
1.081830000000000082e+51
1.081830000000000082e+51
7.066069999999999603e+51
7.234709999999999388e+51
7.234709999999999388e+51
7.234709999999999388e+51
1.653590000000000138e+51
1.757660000000000078e+51
1.757660000000000078e+51
3.776199999999999819e+51
3.776199999999999819e+51
3.574779999999999947e+51
1.419869999999999903e+52
1.419869999999999903e+52
4.675619999999999990e+51
3.941780000000000093e+51
3.941780000000000093e+51
3.941780000000000093e+51
3.380329999999999994e+51
2.390380000000000063e+51
1.126830000000000041e+52
1.387120000000000097e+52
1.387120000000000097e+52
1.686960000000000098e+52
1.686960000000000098e+52
1.799679999999999994e+52
6.415300000000000170e+52
5.659930000000000225e+52
5.659930000000000225e+52
3.381200000000000194e+52
3.381200000000000194e+52
3.381200000000000194e+52
3.381200000000000194e+52
3.381200000000000194e+52
1.234060000000000056e+52
1.234060000000000056e+52
1.234060000000000056e+52
1.686789999999999919e+52
1.686789999999999919e+52
5.896439999999999827e+51
1.626819999999999988e+52
1.908650000000000009e+52
1.908650000000000009e+52
6.312279999999999795e+52
6.312279999999999795e+52
4.423220000000000169e+52
1.985430000000000181e+53
1.985430000000000181e+53
1.985430000000000181e+53
2.037950000000000147e+53
2.037950000000000147e+53
1.869679999999999993e+53
1.869679999999999993e+53
1.646689999999999901e+53
1.646689999999999901e+53
2.755359999999999908e+53
2.755359999999999908e+53
3.374829999999999957e+53
1.644590000000000159e+54
1.644590000000000159e+54
1.840080000000000002e+54
1.020370000000000081e+54
1.113560000000000019e+53
1.113560000000000019e+53
1.113560000000000019e+53
2.841830000000000163e+53
2.841830000000000163e+53
2.841830000000000163e+53
2.841830000000000163e+53
2.526030000000000073e+53
2.526030000000000073e+53
2.526030000000000073e+53
3.231130000000000140e+53
2.361860000000000022e+53
9.892639999999999751e+53
9.892639999999999751e+53
9.981810000000000281e+53
1.350909999999999985e+54
6.813230000000000070e+53
6.813230000000000070e+53
6.790600000000000381e+53
2.560479999999999814e+53
1.547290000000000010e+53
3.759940000000000155e+52
4.393939999999999917e+52
4.393939999999999917e+52
5.246250000000000350e+52
5.246250000000000350e+52
4.870489999999999503e+52
1.753749999999999868e+52
1.127379999999999981e+52
1.127379999999999981e+52
1.226710000000000109e+52
1.226710000000000109e+52
1.443290000000000032e+52
1.443290000000000032e+52
1.354759999999999969e+52
1.354759999999999969e+52
1.201870000000000107e+52
1.201870000000000107e+52
1.155660000000000053e+52
1.155660000000000053e+52
1.218700000000000076e+52
1.218700000000000076e+52
1.298659999999999983e+52
3.816280000000000269e+51
4.504390000000000237e+51
1.198519999999999920e+51
1.198519999999999920e+51
1.198519999999999920e+51
1.482640000000000080e+51
1.482640000000000080e+51
1.949429999999999881e+51
6.135629999999999711e+51
6.472240000000000074e+51
2.523009999999999870e+51
4.555600000000000264e+51
2.031350000000000018e+52
2.031350000000000018e+52
2.888180000000000034e+52
2.757979999999999999e+52
2.757979999999999999e+52
2.155870000000000026e+52
2.155870000000000026e+52
2.543699999999999801e+52
2.543699999999999801e+52
2.594959999999999943e+52
2.594959999999999943e+52
2.529220000000000203e+52
2.529220000000000203e+52
2.529220000000000203e+52
9.603440000000000270e+51
1.135530000000000046e+52
2.721260000000000084e+51
5.444719999999999796e+51
9.036420000000000557e+51
7.654460000000000297e+51
7.654460000000000297e+51
8.451510000000000662e+51
2.401710000000000101e+52
2.255480000000000082e+52
9.032029999999999625e+52
8.998490000000000283e+52
3.018419999999999949e+53
2.322789999999999829e+53
2.322789999999999829e+53
3.225619999999999973e+53
3.225619999999999973e+53
8.746169999999999929e+52
8.746169999999999929e+52
8.746169999999999929e+52
8.746169999999999929e+52
3.219839999999999822e+53
1.342869999999999978e+54
1.090709999999999993e+54
1.090709999999999993e+54
1.090709999999999993e+54
1.090709999999999993e+54
1.090709999999999993e+54
3.013090000000000113e+54
3.957809999999999896e+54
3.957809999999999896e+54
3.957809999999999896e+54
1.156770000000000068e+55
9.178580000000000277e+54
9.178580000000000277e+54
9.178580000000000277e+54
3.176970000000000116e+55
4.108759999999999778e+55
4.108759999999999778e+55
4.656000000000000207e+55
1.217850000000000033e+55
1.274500000000000009e+55
1.274500000000000009e+55
1.271630000000000116e+55
5.569629999999999683e+54
5.569629999999999683e+54
5.569629999999999683e+54
6.156909999999999506e+54
1.582240000000000113e+55
1.322089999999999990e+55
5.126599999999999508e+55
6.975610000000000269e+55
1.355889999999999958e+56
1.467940000000000010e+56
5.217450000000000362e+56
5.056089999999999729e+56
5.056089999999999729e+56
5.174929999999999777e+56
5.174929999999999777e+56
5.022169999999999968e+56
5.022169999999999968e+56
4.937849999999999739e+56
4.937849999999999739e+56
5.041989999999999687e+56
5.041989999999999687e+56
4.717330000000000413e+56
3.587780000000000120e+56
3.326950000000000204e+56
3.326950000000000204e+56
1.717199999999999908e+56
3.822050000000000107e+56
4.034410000000000394e+56
4.034410000000000394e+56
4.226619999999999841e+56
1.510019999999999986e+57
1.509100000000000072e+57
1.509100000000000072e+57
1.576260000000000053e+57
1.576260000000000053e+57
1.576260000000000053e+57
1.576260000000000053e+57
1.515860000000000022e+57
1.515860000000000022e+57
1.643889999999999861e+57
1.643889999999999861e+57
1.515080000000000035e+57
5.313170000000000114e+57
5.313170000000000114e+57
5.313170000000000114e+57
6.422950000000000128e+57
6.422950000000000128e+57
6.121750000000000225e+57
2.379829999999999919e+58
1.633790000000000062e+58
4.426649999999999775e+57
4.426649999999999775e+57
4.426649999999999775e+57
5.771790000000000011e+57
5.771790000000000011e+57
2.191570000000000005e+57
9.150419999999999760e+56
9.150419999999999760e+56
9.150419999999999760e+56
1.510909999999999941e+57
1.510909999999999941e+57
1.510909999999999941e+57
1.510909999999999941e+57
1.032779999999999962e+57
7.492250000000000274e+56
7.492250000000000274e+56
7.492250000000000274e+56
4.666569999999999911e+56
4.666569999999999911e+56
4.638209999999999811e+56
1.165320000000000015e+56
1.165320000000000015e+56
2.695289999999999863e+56
2.576709999999999840e+56
2.576709999999999840e+56
1.983950000000000172e+56
7.724009999999999804e+56
8.304039999999999342e+56
8.304039999999999342e+56
8.173800000000000816e+56
2.405750000000000030e+56
2.405750000000000030e+56
2.405750000000000030e+56
2.460799999999999854e+56
1.018070000000000079e+56
1.018070000000000079e+56
1.018070000000000079e+56
1.143500000000000104e+56
3.187680000000000160e+56
3.646509999999999860e+56
1.482750000000000033e+57
1.482750000000000033e+57
4.720079999999999588e+56
7.520930000000000406e+56
7.520930000000000406e+56
7.520930000000000406e+56
4.351650000000000264e+56
2.289190000000000200e+56
2.289190000000000200e+56
2.683370000000000029e+56
2.683370000000000029e+56
2.986909999999999894e+56
2.986909999999999894e+56
2.275259999999999956e+56
6.572520000000000024e+55
6.572520000000000024e+55
6.572520000000000024e+55
8.449199999999999513e+55
8.449199999999999513e+55
8.449199999999999513e+55
8.449199999999999513e+55
6.164070000000000137e+55
6.164070000000000137e+55
6.164070000000000137e+55
6.164070000000000137e+55
6.164070000000000137e+55
6.164070000000000137e+55
6.164070000000000137e+55
5.801649999999999863e+55
9.376189999999999805e+55
1.585670000000000006e+55
5.205649999999999859e+54
5.205649999999999859e+54
5.205649999999999859e+54
5.205649999999999859e+54
5.205649999999999859e+54
5.205649999999999859e+54
5.205649999999999859e+54
1.878479999999999934e+55
2.636410000000000163e+54
2.785970000000000061e+54
4.097219999999999980e+54
4.097219999999999980e+54
4.097219999999999980e+54
3.542200000000000331e+54
5.602770000000000186e+54
1.705050000000000106e+55
1.705050000000000106e+55
1.664159999999999950e+55
1.664159999999999950e+55
5.703340000000000038e+55
1.370060000000000116e+55
1.272689999999999891e+55
9.477289999999999680e+54
3.364959999999999921e+55
3.364959999999999921e+55
3.527410000000000222e+55
5.511069999999999714e+55
5.511069999999999714e+55
1.474410000000000030e+55
1.658550000000000012e+55
8.141240000000000041e+54
1.535440000000000058e+54
4.914919999999999729e+53
9.915359999999999434e+53
1.877359999999999935e+54
1.877359999999999935e+54
1.877359999999999935e+54
1.877359999999999935e+54
1.877359999999999935e+54
1.877359999999999935e+54
1.877359999999999935e+54
1.877359999999999935e+54
1.999290000000000007e+54
4.019119999999999856e+54
4.019119999999999856e+54
3.272729999999999833e+54
5.366529999999999847e+54
5.366529999999999847e+54
5.366529999999999847e+54
3.721960000000000329e+54
2.582570000000000128e+54
2.582570000000000128e+54
2.582570000000000128e+54
3.801089999999999980e+54
1.980150000000000163e+54
7.125819999999999345e+54
7.125819999999999345e+54
5.200820000000000241e+54
1.269679999999999929e+55
1.285280000000000061e+55
1.285280000000000061e+55
1.285280000000000061e+55
1.285280000000000061e+55
2.024580000000000032e+55
4.687839999999999769e+54
3.946050000000000323e+54
3.946050000000000323e+54
3.946050000000000323e+54
3.946050000000000323e+54
3.946050000000000323e+54
3.946050000000000323e+54
3.946050000000000323e+54
9.484140000000000131e+53
9.484140000000000131e+53
1.830929999999999900e+53
1.830929999999999900e+53
1.830929999999999900e+53
2.478609999999999966e+53
2.478609999999999966e+53
2.377180000000000070e+53
2.377180000000000070e+53
2.004899999999999809e+53
2.004899999999999809e+53
1.406090000000000007e+53
3.495690000000000239e+52
5.763630000000000256e+52
2.720789999999999890e+53
8.122929999999999900e+52
1.833069999999999947e+53
1.338339999999999989e+53
1.338339999999999989e+53
1.338339999999999989e+53
1.380609999999999910e+53
1.380609999999999910e+53
1.380609999999999910e+53
1.380609999999999910e+53
1.380609999999999910e+53
1.380609999999999910e+53
1.380609999999999910e+53
1.380609999999999910e+53
1.380609999999999910e+53
1.380609999999999910e+53
4.072289999999999833e+53
5.751379999999999636e+52
9.284539999999999992e+52
1.150489999999999953e+53
1.150489999999999953e+53
8.179869999999999219e+53
8.678059999999999718e+53
4.999820000000000401e+53
2.590809999999999831e+53
2.590809999999999831e+53
2.566169999999999971e+53
8.627649999999999304e+53
8.577379999999999638e+53
8.577379999999999638e+53
8.948920000000000744e+53
8.948920000000000744e+53
8.952649999999999780e+53
8.952649999999999780e+53
9.138470000000000236e+53
9.138470000000000236e+53
9.138470000000000236e+53
9.138470000000000236e+53
1.001269999999999989e+54
3.555040000000000015e+53
3.352219999999999889e+53
3.352219999999999889e+53
2.038870000000000143e+53
6.768900000000000074e+53
5.587020000000000210e+53
1.742179999999999957e+54
1.522739999999999932e+54
1.522739999999999932e+54
1.378289999999999958e+54
1.378289999999999958e+54
1.245499999999999922e+54
1.245499999999999922e+54
1.123480000000000026e+54
4.449590000000000108e+54
4.289530000000000226e+54
1.040320000000000051e+54
1.246410000000000023e+54
1.246410000000000023e+54
1.349799999999999933e+54
1.349799999999999933e+54
1.168649999999999918e+54
1.168649999999999918e+54
1.354920000000000008e+54
1.354920000000000008e+54
1.586079999999999855e+54
1.586079999999999855e+54
2.158800000000000109e+54
1.007100000000000043e+54
8.206339999999999261e+53
3.244500000000000153e+54
3.244500000000000153e+54
7.046750000000000598e+54
6.780400000000000154e+54
6.780400000000000154e+54
6.780400000000000154e+54
6.780400000000000154e+54
7.101129999999999922e+54
7.101129999999999922e+54
9.980359999999999530e+54
9.980359999999999530e+54
9.666040000000000048e+54
9.666040000000000048e+54
9.666040000000000048e+54
9.666040000000000048e+54
9.946000000000000379e+54
9.946000000000000379e+54
8.693739999999999830e+54
2.172559999999999874e+54
2.669900000000000155e+54
2.669900000000000155e+54
2.990309999999999866e+54
2.990309999999999866e+54
2.679580000000000034e+54
2.679580000000000034e+54
2.919239999999999843e+54
2.919239999999999843e+54
3.033779999999999833e+54
3.033779999999999833e+54
3.033779999999999833e+54
3.033779999999999833e+54
2.942419999999999992e+54
2.942419999999999992e+54
2.867099999999999903e+54
6.930749999999999876e+53
7.543800000000000423e+53
7.543800000000000423e+53
9.609220000000000368e+53
3.117840000000000099e+53
3.267549999999999960e+53
1.043099999999999915e+54
7.934830000000000351e+53
2.978579999999999893e+53
5.012790000000000343e+53
2.023989999999999921e+54
1.998399999999999867e+54
1.998399999999999867e+54
1.452499999999999995e+54
3.590700000000000209e+53
3.338610000000000173e+53
8.840720000000000113e+52
1.301580000000000022e+53
3.247909999999999834e+52
3.565890000000000062e+52
1.295499999999999975e+52
3.106959999999999982e+52
3.106959999999999982e+52
2.917969999999999762e+52
2.917969999999999762e+52
6.990559999999999862e+52
2.380540000000000113e+52
1.939849999999999960e+52
2.016999999999999869e+52
2.016999999999999869e+52
2.016999999999999869e+52
2.003540000000000020e+52
2.311390000000000055e+52
2.311390000000000055e+52
4.025050000000000088e+51
3.996729999999999818e+51
3.562579999999999841e+51
1.345749999999999954e+51
2.825159999999999978e+50
3.421879999999999885e+50
3.421879999999999885e+50
3.357300000000000140e+50
3.357300000000000140e+50
4.115460000000000382e+50
4.115460000000000382e+50
3.538339999999999944e+50
4.171449999999999689e+50
4.171449999999999689e+50
4.171449999999999689e+50
2.621839999999999975e+50
1.903629999999999903e+50
1.903629999999999903e+50
4.465139999999999846e+49
4.465139999999999846e+49
4.465139999999999846e+49
1.263280000000000099e+49
1.263280000000000099e+49
5.021519999999999698e+49
6.152649999999999651e+49
6.152649999999999651e+49
2.914279999999999947e+50
2.914279999999999947e+50
1.251670000000000052e+50
4.511110000000000245e+50
4.511110000000000245e+50
5.075670000000000103e+50
1.237610000000000039e+51
2.075969999999999951e+51
4.885259999999999676e+50
5.258489999999999657e+50
2.123270000000000068e+50
5.442239999999999975e+50
5.442239999999999975e+50
5.861490000000000062e+50
1.280849999999999999e+51
1.995299999999999908e+51
1.995299999999999908e+51
1.982849999999999890e+51
1.252589999999999960e+51
4.151300000000000313e+51
1.426889999999999939e+52
1.615540000000000065e+52
1.551430000000000046e+52
6.473459999999999752e+52
6.473459999999999752e+52
5.826760000000000459e+52
5.946940000000000449e+52
5.946940000000000449e+52
5.946940000000000449e+52
2.832730000000000219e+52
2.623439999999999945e+52
7.078620000000000117e+51
7.078620000000000117e+51
1.585050000000000051e+52
1.962450000000000004e+52
1.962450000000000004e+52
1.962450000000000004e+52
2.204609999999999883e+52
1.794059999999999999e+52
1.794059999999999999e+52
4.153499999999999940e+51
3.669410000000000129e+51
5.131969999999999885e+51
5.131969999999999885e+51
5.131969999999999885e+51
5.131969999999999885e+51
1.405109999999999978e+52
8.774620000000000446e+51
8.774620000000000446e+51
8.774620000000000446e+51
8.774620000000000446e+51
1.618130000000000034e+52
1.618130000000000034e+52
1.873080000000000023e+52
7.587289999999999969e+52
4.752049999999999913e+52
1.149319999999999938e+52
1.149319999999999938e+52
1.149319999999999938e+52
1.149319999999999938e+52
1.149319999999999938e+52
1.357119999999999991e+52
1.357119999999999991e+52
1.357119999999999991e+52
4.379629999999999834e+51
3.316649999999999983e+51
3.316649999999999983e+51
3.316649999999999983e+51
8.519319999999999383e+51
8.519319999999999383e+51
3.620589999999999742e+52
3.620589999999999742e+52
7.539200000000000017e+52
7.539200000000000017e+52
7.539200000000000017e+52
1.340339999999999925e+53
3.652949999999999870e+53
3.790170000000000048e+53
3.790170000000000048e+53
3.399529999999999956e+53
7.611269999999999795e+53
5.675600000000000017e+53
5.675600000000000017e+53
1.077820000000000066e+54
5.260349999999999921e+53
3.684610000000000192e+53
3.684610000000000192e+53
2.970969999999999985e+53
7.913390000000000219e+53
7.035370000000000115e+53
7.035370000000000115e+53
8.217339999999999974e+53
2.543869999999999895e+54
2.460409999999999994e+54
2.460409999999999994e+54
2.460409999999999994e+54
2.460409999999999994e+54
2.643749999999999831e+54
2.643749999999999831e+54
2.491569999999999927e+54
1.284590000000000077e+54
1.280969999999999975e+54
5.560719999999999837e+54
1.645879999999999997e+55
1.818450000000000069e+55
1.727229999999999887e+55
1.727229999999999887e+55
1.727229999999999887e+55
1.445860000000000020e+55
1.034550000000000050e+55
3.158299999999999799e+54
3.158299999999999799e+54
3.158299999999999799e+54
3.591079999999999809e+54
3.591079999999999809e+54
3.591079999999999809e+54
4.588420000000000300e+54
4.596510000000000040e+54
4.596510000000000040e+54
4.596510000000000040e+54
4.946660000000000065e+54
5.431069999999999816e+54
5.431069999999999816e+54
1.277219999999999957e+54
1.277219999999999957e+54
2.111299999999999987e+54
2.258359999999999986e+54
5.788489999999999986e+53
5.599530000000000366e+53
5.599530000000000366e+53
5.413139999999999659e+53
5.413139999999999659e+53
6.337959999999999716e+53
1.630370000000000098e+53
1.671450000000000038e+53
6.020519999999999670e+53
5.877140000000000166e+53
5.877140000000000166e+53
5.552110000000000259e+53
5.552110000000000259e+53
4.832660000000000044e+53
4.832660000000000044e+53
4.832660000000000044e+53
1.974070000000000084e+54
3.599700000000000134e+53
3.599700000000000134e+53
3.599700000000000134e+53
3.599700000000000134e+53
3.599700000000000134e+53
2.669119999999999972e+53
2.669119999999999972e+53
2.669119999999999972e+53
7.102890000000000240e+53
1.960260000000000161e+53
1.177800000000000020e+53
1.177800000000000020e+53
1.177800000000000020e+53
1.177800000000000020e+53
1.177800000000000020e+53
1.409469999999999937e+53
1.772370000000000034e+53
1.772370000000000034e+53
1.772370000000000034e+53
1.934370000000000181e+53
1.674020000000000014e+53
5.661359999999999484e+52
5.661359999999999484e+52
5.661359999999999484e+52
9.831290000000000464e+52
1.021349999999999918e+53
1.021349999999999918e+53
1.021349999999999918e+53
2.995320000000000133e+52
2.442979999999999948e+52
1.035359999999999920e+53
9.550210000000000314e+52
9.550210000000000314e+52
9.934649999999999072e+52
9.934649999999999072e+52
9.934649999999999072e+52
3.499139999999999906e+53
3.240919999999999974e+53
3.240919999999999974e+53
4.247440000000000125e+53
1.290189999999999898e+53
1.103160000000000053e+53
2.676220000000000192e+52
2.765289999999999747e+52
2.765289999999999747e+52
2.511930000000000077e+52
8.441899999999999861e+51
8.123740000000000068e+51
8.123740000000000068e+51
8.046259999999999982e+51
8.046259999999999982e+51
8.934660000000000059e+51
3.595149999999999950e+52
2.337990000000000025e+52
2.337990000000000025e+52
1.239539999999999887e+52
1.239539999999999887e+52
1.239539999999999887e+52
3.169269999999999703e+51
3.169269999999999703e+51
3.169269999999999703e+51
3.169269999999999703e+51
3.169269999999999703e+51
3.169269999999999703e+51
1.111720000000000040e+51
1.111720000000000040e+51
2.571699999999999978e+50
2.571699999999999978e+50
3.374739999999999832e+50
9.623990000000000635e+50
9.623990000000000635e+50
1.528759999999999853e+51
1.528759999999999853e+51
1.353710000000000038e+51
1.353710000000000038e+51
1.412179999999999996e+51
1.412179999999999996e+51
1.462970000000000064e+51
1.462970000000000064e+51
1.272069999999999963e+51
4.547999999999999741e+51
4.520909999999999730e+51
4.520909999999999730e+51
4.246669999999999917e+51
4.246669999999999917e+51
4.079769999999999867e+51
4.079769999999999867e+51
3.927020000000000301e+51
1.373960000000000077e+51
1.120769999999999955e+51
1.120769999999999955e+51
9.868540000000000153e+50
9.868540000000000153e+50
1.253530000000000042e+51
1.253530000000000042e+51
1.220980000000000067e+51
1.220980000000000067e+51
8.800300000000000167e+50
8.800300000000000167e+50
9.601739999999999803e+50
3.004379999999999931e+51
2.881690000000000039e+51
2.881690000000000039e+51
2.657970000000000083e+51
2.657970000000000083e+51
3.031799999999999720e+51
3.031799999999999720e+51
2.957899999999999933e+51
1.369789999999999938e+51
6.948939999999999840e+50
1.618230000000000065e+50
1.713930000000000028e+50
1.713930000000000028e+50
3.694930000000000119e+50
7.732480000000000265e+49
9.419270000000000491e+49
1.093559999999999980e+50
6.768400000000000442e+49
3.076050000000000080e+49
1.058120000000000000e+49
1.058120000000000000e+49
1.058120000000000000e+49
1.058120000000000000e+49
1.632560000000000122e+49
1.632560000000000122e+49
5.565539999999999803e+48
3.377760000000000117e+48
1.641499999999999921e+49
1.641499999999999921e+49
3.218350000000000256e+49
4.150160000000000131e+49
1.374779999999999945e+50
1.693429999999999994e+50
1.693429999999999994e+50
1.825509999999999937e+50
9.542239999999999249e+49
9.019830000000000226e+49
1.022769999999999993e+50
5.679580000000000516e+49
1.922879999999999960e+49
1.117559999999999974e+49
6.860050000000000097e+48
2.192600000000000088e+49
2.778360000000000205e+49
9.761339999999999573e+49
9.678510000000000999e+49
5.641280000000000066e+49
2.057540000000000178e+50
2.057540000000000178e+50
2.030890000000000093e+50
2.096460000000000168e+50
6.335310000000000430e+49
2.768189999999999992e+50
2.753879999999999859e+50
3.578499999999999844e+50
3.578499999999999844e+50
8.001409999999999571e+49
9.153859999999999592e+49
8.164330000000000368e+49
8.164330000000000368e+49
8.164330000000000368e+49
7.759369999999999864e+49
7.957960000000000296e+49
2.558050000000000169e+49
6.656840000000000199e+48
5.973189999999999572e+48
7.875749999999999860e+48
7.875749999999999860e+48
3.440920000000000212e+49
3.440920000000000212e+49
3.003009999999999928e+49
3.003009999999999928e+49
3.003009999999999928e+49
2.929109999999999787e+49
2.842830000000000156e+49
2.842830000000000156e+49
2.842830000000000156e+49
2.392830000000000225e+49
1.216099999999999989e+49
9.477350000000000150e+48
2.115419999999999887e+48
8.119050000000000128e+47
1.341110000000000033e+48
1.341110000000000033e+48
3.911469999999999911e+48
9.237679999999999535e+48
7.968690000000000016e+48
4.767989999999999779e+48
4.767989999999999779e+48
3.034549999999999840e+48
2.352950000000000143e+48
1.456819999999999936e+48
1.456819999999999936e+48
1.422929999999999929e+48
2.150730000000000121e+48
2.150730000000000121e+48
5.382090000000000117e+47
5.559680000000000362e+47
1.127080000000000079e+48
1.091310000000000008e+48
3.702399999999999761e+47
2.650219999999999814e+47
9.848060000000000304e+47
