     0.0000000        0.48738007        0.00080934
     0.1000000        0.29530207        0.00071755
     0.2000000        0.18090869        0.00097747
     0.3000000        0.11275662        0.00082213
     0.4000000        0.07111198        0.00047994
     0.5000000        0.04551526        0.00026545
     0.6000000        0.02950470        0.00030326
     0.7000000        0.01934340        0.00025414
     0.8000000        0.01288271        0.00022670
     0.9000000        0.00868112        0.00021563
     1.0000000        0.00588861        0.00018998
     1.1000000        0.00400933        0.00020558
     1.2000000        0.00268699        0.00025007
     1.3000000        0.00180184        0.00026973
     1.4000000        0.00123855        0.00024836
     1.5000000        0.00082939        0.00024869
     1.6000000        0.00048913        0.00025523
     1.7000000        0.00030337        0.00022093
     1.8000000        0.00021523        0.00017139
     1.9000000        0.00020861        0.00010700
     2.0000000        0.00016071        0.00009097
     2.1000000        0.00017763        0.00009665
     2.2000000        0.00016444        0.00012796
     2.3000000        0.00016521        0.00010223
     2.4000000        0.00013610        0.00009154
     2.5000000        0.00011745        0.00007996
     2.6000000        0.00008550        0.00007156
     2.7000000        0.00008614        0.00005358
     2.8000000        0.00011825        0.00006752
     2.9000000        0.00013853        0.00006753
     3.0000000        0.00012935        0.00004871
     3.1000000        0.00010341        0.00002327
     3.2000000        0.00010280        0.00003024
     3.3000000        0.00009779        0.00002783
     3.4000000        0.00007932        0.00001449
     3.5000000        0.00006929        0.00001146
     3.6000000        0.00005306        0.00002024
     3.7000000        0.00005537        0.00002375
     3.8000000        0.00005827        0.00002874
     3.9000000        0.00006823        0.00002770
     4.0000000        0.00006683        0.00002670
     4.1000000        0.00006701        0.00002517
     4.2000000        0.00007515        0.00001465
     4.3000000        0.00007606        0.00001359
     4.4000000        0.00007393        0.00001485
     4.5000000        0.00006370        0.00002627
     4.6000000        0.00005350        0.00003093
     4.7000000        0.00005436        0.00003129
     4.8000000        0.00006272        0.00002244
     4.9000000        0.00006838        0.00002181
     5.0000000        0.00006681        0.00002995
     5.1000000        0.00007176        0.00003850
     5.2000000        0.00007976        0.00003222
     5.3000000        0.00008252        0.00002619
     5.4000000        0.00007612        0.00002612
     5.5000000        0.00007191        0.00002429
     5.6000000        0.00007071        0.00001500
     5.7000000        0.00007793        0.00001020
     5.8000000        0.00007697        0.00000955
     5.9000000        0.00008407        0.00000815
     6.0000000        0.00009087        0.00000974
     6.1000000        0.00008812        0.00002059
     6.2000000        0.00007622        0.00002694
     6.3000000        0.00005401        0.00003195
     6.4000000        0.00003564        0.00002822
     6.5000000        0.00003655        0.00001986
     6.6000000        0.00003794        0.00002333
     6.7000000        0.00004267        0.00003162
     6.8000000        0.00004774        0.00003512
     6.9000000        0.00005687        0.00004639
     7.0000000        0.00006712        0.00006472
     7.1000000        0.00007380        0.00008172
     7.2000000        0.00007520        0.00009061
     7.3000000        0.00008568        0.00007516
     7.4000000        0.00009892        0.00005991
     7.5000000        0.00011151        0.00005650
     7.6000000        0.00012228        0.00006110
     7.7000000        0.00015164        0.00007124
     7.8000000        0.00020500        0.00008079
     7.9000000        0.00025862        0.00008318
     8.0000000        0.00031269        0.00009192
     8.1000000        0.00041093        0.00011612
     8.2000000        0.00051658        0.00014615
     8.3000000        0.00069461        0.00013595
     8.4000000        0.00098651        0.00015198
     8.5000000        0.00134081        0.00019170
     8.6000000        0.00178093        0.00022189
     8.7000000        0.00239280        0.00018402
     8.8000000        0.00330421        0.00016675
     8.9000000        0.00458498        0.00015794
     9.0000000        0.00650140        0.00016543
     9.1000000        0.00928717        0.00021752
     9.2000000        0.01362060        0.00018904
     9.3000000        0.02023732        0.00023640
     9.4000000        0.03042899        0.00034306
     9.5000000        0.04663918        0.00030973
     9.6000000        0.07256144        0.00021402
     9.7000000        0.11405838        0.00019837
     9.8000000        0.18226049        0.00031023
     9.9000000        0.29577204        0.00041681
    10.0000000        0.48738007        0.00080934
