7.914410000000000320e+65
1.334540000000000083e+66
7.784800000000000125e+65
2.213979999999999882e+66
2.213979999999999882e+66
3.645279999999999646e+66
1.191700000000000018e+67
1.573749999999999963e+67
1.573749999999999963e+67
1.573749999999999963e+67
8.855699999999999632e+66
2.316239999999999984e+67
7.781159999999999598e+66
2.356550000000000131e+66
2.440759999999999833e+66
2.898989999999999904e+66
5.731540000000000362e+66
5.731540000000000362e+66
5.731540000000000362e+66
1.489360000000000109e+67
5.296979999999999965e+67
5.296979999999999965e+67
5.296979999999999965e+67
4.747709999999999779e+67
5.062539999999999945e+67
5.981930000000000037e+67
8.569669999999999752e+67
2.345979999999999932e+68
2.801469999999999769e+68
2.801469999999999769e+68
3.345969999999999811e+68
3.345969999999999811e+68
2.583049999999999804e+68
2.583049999999999804e+68
2.583049999999999804e+68
2.583049999999999804e+68
2.583049999999999804e+68
2.881279999999999809e+68
2.176549999999999838e+68
3.176490000000000184e+68
4.511439999999999848e+68
1.312859999999999937e+69
5.383510000000000111e+68
4.290730000000000036e+68
1.344219999999999940e+69
7.004140000000000294e+68
1.320180000000000060e+69
1.450909999999999928e+69
1.456129999999999959e+69
1.456129999999999959e+69
3.876800000000000018e+69
7.721950000000000541e+69
1.537570000000000099e+70
1.537570000000000099e+70
1.642679999999999959e+70
5.372710000000000351e+69
5.372710000000000351e+69
1.038929999999999987e+70
2.961570000000000263e+70
1.097600000000000043e+71
1.899950000000000019e+71
6.185339999999999740e+70
3.840789999999999844e+70
3.840789999999999844e+70
8.527919999999999804e+70
1.850360000000000085e+71
1.850360000000000085e+71
1.850360000000000085e+71
6.872810000000000222e+71
2.616880000000000101e+72
2.616880000000000101e+72
2.616880000000000101e+72
9.614259999999999998e+71
1.635640000000000083e+72
2.486200000000000172e+72
1.695610000000000059e+72
4.561559999999999838e+72
1.664870000000000111e+73
4.251620000000000157e+73
2.044210000000000145e+73
2.044210000000000145e+73
2.044210000000000145e+73
3.582020000000000185e+73
2.043010000000000109e+73
2.043010000000000109e+73
7.722230000000000347e+72
3.048300000000000062e+72
4.028790000000000057e+72
5.142559999999999980e+72
1.585379999999999880e+73
4.865799999999999818e+73
1.612920000000000046e+73
1.624109999999999958e+73
2.307249999999999990e+73
7.965869999999999925e+72
9.270989999999999224e+72
6.864000000000000044e+72
1.895840000000000110e+73
2.142349999999999915e+73
6.551219999999999996e+73
2.069439999999999975e+73
2.069439999999999975e+73
6.524949999999999696e+73
6.524949999999999696e+73
5.962750000000000116e+73
5.962750000000000116e+73
5.962750000000000116e+73
2.000319999999999913e+74
7.738309999999999762e+74
3.181590000000000025e+75
9.784890000000000502e+75
9.784890000000000502e+75
9.405140000000000271e+75
9.405140000000000271e+75
9.405140000000000271e+75
2.310209999999999971e+76
6.707349999999999867e+76
6.707349999999999867e+76
6.707349999999999867e+76
6.707349999999999867e+76
6.707349999999999867e+76
6.707349999999999867e+76
2.107190000000000001e+77
1.205629999999999956e+77
3.829509999999999746e+77
6.081999999999999765e+77
6.081999999999999765e+77
6.081999999999999765e+77
6.081999999999999765e+77
7.074849999999999870e+77
2.395840000000000002e+78
2.395840000000000002e+78
5.797849999999999594e+78
8.009049999999999944e+78
8.009049999999999944e+78
4.687020000000000192e+78
1.106960000000000039e+79
2.594239999999999968e+79
2.159760000000000151e+79
9.410570000000000798e+78
3.155149999999999824e+78
2.883839999999999945e+78
2.868460000000000003e+78
6.455399999999999985e+78
6.455399999999999985e+78
1.795229999999999894e+79
1.868929999999999863e+79
1.119140000000000074e+79
7.519950000000000807e+78
7.519950000000000807e+78
7.519950000000000807e+78
2.559670000000000033e+79
2.559670000000000033e+79
6.935760000000000275e+78
1.568580000000000119e+79
9.008599999999999553e+78
2.574169999999999880e+78
2.574169999999999880e+78
2.574169999999999880e+78
2.574169999999999880e+78
2.574169999999999880e+78
1.263239999999999921e+78
2.770310000000000006e+78
2.770310000000000006e+78
9.304709999999999921e+78
9.304709999999999921e+78
3.141670000000000060e+79
3.141670000000000060e+79
3.141670000000000060e+79
3.141670000000000060e+79
8.989890000000000562e+78
8.989890000000000562e+78
8.989890000000000562e+78
1.420199999999999941e+79
4.086750000000000194e+78
4.086750000000000194e+78
1.863809999999999980e+78
1.220180000000000018e+78
4.539810000000000107e+77
5.057509999999999679e+77
5.057509999999999679e+77
2.658959999999999911e+77
7.036960000000000169e+77
5.116939999999999992e+77
5.116939999999999992e+77
8.391909999999999855e+77
3.528109999999999893e+77
3.528109999999999893e+77
3.370690000000000170e+77
9.746650000000000382e+77
8.801810000000000050e+77
1.589189999999999905e+78
4.049460000000000203e+78
4.049460000000000203e+78
9.061330000000000362e+78
3.312039999999999727e+79
8.715740000000000439e+79
1.471330000000000033e+80
2.758860000000000171e+80
8.867160000000000573e+79
5.972539999999999641e+79
5.972539999999999641e+79
5.972539999999999641e+79
2.602219999999999895e+79
1.075809999999999931e+79
1.375339999999999962e+79
6.295630000000000404e+78
2.495400000000000140e+79
2.495400000000000140e+79
6.104540000000000168e+78
2.329740000000000006e+78
3.666079999999999899e+78
1.277589999999999964e+79
1.277589999999999964e+79
3.583179999999999797e+78
1.308160000000000077e+79
5.114589999999999702e+79
1.376419999999999934e+79
1.376419999999999934e+79
1.376419999999999934e+79
1.376419999999999934e+79
1.376419999999999934e+79
4.274289999999999816e+78
2.776580000000000019e+78
1.902689999999999943e+78
3.783269999999999796e+78
3.910859999999999740e+78
9.406360000000000008e+78
1.737759999999999895e+79
1.869770000000000115e+79
7.274580000000000373e+78
1.184590000000000000e+79
1.184590000000000000e+79
2.220699999999999926e+79
2.220699999999999926e+79
5.605280000000000292e+79
5.187749999999999768e+79
5.187749999999999768e+79
1.445750000000000101e+80
1.445750000000000101e+80
1.306059999999999973e+80
3.103619999999999833e+80
1.239309999999999875e+80
2.821279999999999999e+80
9.670789999999999565e+80
9.670789999999999565e+80
9.670789999999999565e+80
3.276360000000000187e+81
2.099669999999999933e+81
2.779610000000000190e+81
6.220379999999999902e+81
1.807130000000000052e+82
5.475130000000000283e+82
4.483229999999999817e+82
1.341939999999999931e+83
9.816519999999999789e+82
9.816519999999999789e+82
2.777950000000000071e+82
1.023469999999999955e+83
1.023469999999999955e+83
1.224790000000000043e+83
5.773110000000000195e+82
2.187160000000000119e+83
7.285020000000000393e+83
2.884649999999999973e+83
7.469150000000000420e+82
2.817780000000000072e+82
8.556270000000000545e+82
2.301179999999999907e+82
8.543660000000000109e+82
3.106780000000000266e+83
1.066180000000000072e+84
1.066180000000000072e+84
1.294430000000000090e+84
3.110789999999999900e+84
1.132170000000000013e+85
3.599290000000000270e+85
1.414330000000000099e+86
6.333060000000000108e+85
9.661799999999999497e+85
7.530710000000000155e+85
7.599169999999999964e+85
2.785370000000000019e+86
1.465990000000000048e+86
3.848850000000000205e+85
1.254640000000000121e+86
1.474890000000000022e+86
7.969040000000000119e+85
2.607140000000000013e+85
2.607140000000000013e+85
5.316660000000000295e+85
3.001710000000000052e+85
1.914459999999999971e+85
6.265679999999999432e+85
6.265679999999999432e+85
1.734830000000000161e+85
6.121160000000000008e+85
6.121160000000000008e+85
7.022069999999999490e+85
7.022069999999999490e+85
2.888300000000000046e+85
1.105999999999999986e+86
4.034950000000000213e+86
4.476629999999999957e+86
2.007279999999999923e+86
2.337469999999999961e+86
2.203599999999999904e+86
2.203599999999999904e+86
2.203599999999999904e+86
2.203599999999999904e+86
2.321669999999999911e+86
3.501569999999999865e+86
3.501569999999999865e+86
1.370370000000000019e+87
1.147969999999999890e+87
5.567189999999999467e+86
1.276509999999999933e+87
1.276509999999999933e+87
1.276509999999999933e+87
1.276509999999999933e+87
3.506720000000000133e+86
3.506720000000000133e+86
1.499000000000000073e+86
1.499000000000000073e+86
4.861379999999999672e+85
4.861379999999999672e+85
4.861379999999999672e+85
1.196290000000000008e+85
1.982179999999999838e+85
1.982179999999999838e+85
5.607159999999999888e+85
4.699229999999999828e+85
4.699229999999999828e+85
8.736879999999999807e+85
8.736879999999999807e+85
8.736879999999999807e+85
5.224419999999999710e+85
1.153750000000000067e+86
1.153750000000000067e+86
3.276539999999999874e+85
3.276539999999999874e+85
5.920609999999999695e+85
9.529649999999999502e+85
3.508100000000000038e+86
1.442729999999999919e+87
5.205960000000000053e+87
2.134289999999999830e+88
2.134289999999999830e+88
5.331709999999999713e+88
5.762089999999999661e+88
8.815909999999999798e+88
8.815909999999999798e+88
8.815909999999999798e+88
6.863719999999999756e+88
6.863719999999999756e+88
2.098089999999999966e+89
1.976300000000000109e+89
6.963770000000000664e+88
2.504910000000000080e+89
2.504910000000000080e+89
1.734930000000000008e+89
1.590890000000000075e+89
1.590890000000000075e+89
1.590890000000000075e+89
2.966519999999999729e+89
1.035739999999999937e+90
2.849339999999999755e+89
2.849339999999999755e+89
8.442939999999999325e+88
8.442939999999999325e+88
3.386090000000000344e+88
3.386090000000000344e+88
2.937840000000000015e+88
1.639909999999999969e+88
1.231709999999999968e+88
4.527400000000000003e+88
4.527400000000000003e+88
4.527400000000000003e+88
1.490580000000000110e+89
8.115909999999999562e+88
4.240000000000000040e+88
1.004379999999999973e+89
1.004379999999999973e+89
1.004379999999999973e+89
1.004379999999999973e+89
3.793469999999999796e+89
5.488490000000000477e+89
3.469640000000000206e+89
1.044080000000000008e+90
3.932699999999999942e+89
1.409060000000000088e+90
1.409060000000000088e+90
4.162340000000000215e+90
4.162340000000000215e+90
4.162340000000000215e+90
4.162340000000000215e+90
4.162340000000000215e+90
1.687539999999999889e+91
1.687539999999999889e+91
1.687539999999999889e+91
5.360320000000000328e+91
5.360320000000000328e+91
5.360320000000000328e+91
7.445470000000000333e+91
6.532880000000000532e+91
6.532880000000000532e+91
1.583609999999999890e+92
5.014209999999999979e+92
5.014209999999999979e+92
5.014209999999999979e+92
5.240930000000000270e+92
8.321089999999999742e+92
3.355790000000000193e+93
3.355790000000000193e+93
3.355790000000000193e+93
9.449779999999999892e+92
4.087969999999999792e+92
1.489529999999999988e+93
4.734140000000000222e+93
1.914750000000000018e+94
5.309850000000000001e+94
1.778900000000000034e+95
2.858110000000000286e+95
4.811999999999999739e+95
6.593200000000000169e+95
6.593200000000000169e+95
2.703919999999999871e+96
2.703919999999999871e+96
7.401289999999999835e+95
1.188719999999999994e+96
1.413299999999999908e+96
1.413299999999999908e+96
1.413299999999999908e+96
7.667349999999999787e+95
7.667349999999999787e+95
7.667349999999999787e+95
7.667349999999999787e+95
1.076649999999999969e+96
4.191600000000000128e+95
4.248779999999999885e+95
1.128240000000000069e+95
3.963020000000000294e+95
3.963020000000000294e+95
3.963020000000000294e+95
3.963020000000000294e+95
3.963020000000000294e+95
9.626169999999999396e+94
2.523899999999999816e+94
8.876689999999999993e+94
8.876689999999999993e+94
8.876689999999999993e+94
2.201219999999999838e+94
2.201219999999999838e+94
1.051750000000000031e+94
1.417770000000000051e+94
6.725329999999999853e+93
2.468030000000000212e+93
2.468030000000000212e+93
2.468030000000000212e+93
2.468030000000000212e+93
7.581879999999999558e+93
4.002420000000000109e+93
9.698409999999999687e+92
9.698409999999999687e+92
9.698409999999999687e+92
3.933109999999999873e+92
2.747410000000000219e+92
2.747410000000000219e+92
2.747410000000000219e+92
2.747410000000000219e+92
2.747410000000000219e+92
1.101470000000000009e+93
1.101470000000000009e+93
8.254159999999999879e+92
5.345350000000000049e+92
5.345350000000000049e+92
5.345350000000000049e+92
5.345350000000000049e+92
2.595010000000000029e+92
2.595010000000000029e+92
6.686760000000000169e+92
2.436059999999999910e+93
9.069739999999999977e+93
1.689859999999999931e+94
4.200900000000000414e+93
4.200900000000000414e+93
2.641700000000000189e+93
2.641700000000000189e+93
2.862569999999999959e+93
2.506079999999999793e+93
1.188579999999999885e+93
3.901559999999999841e+92
1.286950000000000057e+93
1.286950000000000057e+93
3.149290000000000172e+92
1.303550000000000082e+93
1.303550000000000082e+93
3.536429999999999791e+92
1.185120000000000062e+92
3.841280000000000203e+92
1.148759999999999947e+92
1.148759999999999947e+92
4.654410000000000115e+92
6.962050000000000208e+92
4.945530000000000147e+92
8.959669999999999690e+92
7.601570000000000297e+92
7.601570000000000297e+92
1.810649999999999866e+92
1.810649999999999866e+92
6.358819999999999986e+91
9.714270000000000221e+91
9.714270000000000221e+91
3.295179999999999764e+92
9.436239999999999751e+92
9.436239999999999751e+92
5.452170000000000214e+92
5.452170000000000214e+92
5.452170000000000214e+92
5.452170000000000214e+92
5.452170000000000214e+92
5.452170000000000214e+92
1.311439999999999947e+93
2.320999999999999771e+93
2.706429999999999795e+93
1.118409999999999975e+94
2.704590000000000001e+93
2.704590000000000001e+93
2.654620000000000163e+93
2.171619999999999787e+93
2.171619999999999787e+93
2.171619999999999787e+93
2.171619999999999787e+93
1.226019999999999884e+93
1.226019999999999884e+93
5.002089999999999709e+93
7.844899999999999926e+93
2.921899999999999983e+94
4.067399999999999807e+94
2.590909999999999962e+94
2.149079999999999878e+94
7.780590000000000729e+94
7.780590000000000729e+94
7.780590000000000729e+94
7.780590000000000729e+94
7.780590000000000729e+94
7.780590000000000729e+94
7.780590000000000729e+94
3.343150000000000122e+94
3.343150000000000122e+94
1.865790000000000019e+94
1.865790000000000019e+94
1.865790000000000019e+94
4.438549999999999723e+94
8.258710000000000466e+94
8.258710000000000466e+94
1.644639999999999920e+95
4.364660000000000338e+94
4.364660000000000338e+94
4.364660000000000338e+94
3.758580000000000269e+94
3.758580000000000269e+94
9.302640000000000886e+93
9.302640000000000886e+93
3.354100000000000195e+94
3.354100000000000195e+94
2.504289999999999869e+94
2.504289999999999869e+94
6.518170000000000449e+93
6.518170000000000449e+93
2.261409999999999998e+93
2.261409999999999998e+93
2.261409999999999998e+93
6.602309999999999688e+93
1.566689999999999971e+94
1.566689999999999971e+94
1.566689999999999971e+94
1.566689999999999971e+94
2.138869999999999956e+94
2.440229999999999837e+94
2.440229999999999837e+94
2.440229999999999837e+94
2.440229999999999837e+94
4.351080000000000357e+94
4.351080000000000357e+94
1.084420000000000088e+94
5.909320000000000056e+93
5.909320000000000056e+93
4.878499999999999988e+93
7.549890000000000401e+93
1.398569999999999928e+94
1.398569999999999928e+94
1.398569999999999928e+94
3.684020000000000013e+93
1.368059999999999964e+94
1.368059999999999964e+94
5.503630000000000015e+94
5.503630000000000015e+94
1.410059999999999969e+95
7.221750000000000015e+94
8.686499999999999764e+94
2.210259999999999910e+94
5.738420000000000124e+93
2.222779999999999905e+94
2.222779999999999905e+94
7.863450000000000441e+94
2.606440000000000064e+95
2.606440000000000064e+95
2.606440000000000064e+95
2.606440000000000064e+95
4.677270000000000179e+95
1.504110000000000020e+96
3.995540000000000260e+95
3.995540000000000260e+95
1.567229999999999961e+96
1.567229999999999961e+96
2.228950000000000025e+96
2.228950000000000025e+96
7.645979999999999672e+95
2.153619999999999936e+95
1.571000000000000108e+95
4.394619999999999694e+94
1.403099999999999975e+95
1.403099999999999975e+95
5.072020000000000270e+95
5.072020000000000270e+95
5.072020000000000270e+95
5.072020000000000270e+95
1.376030000000000060e+96
3.623300000000000019e+96
3.623300000000000019e+96
1.065460000000000045e+96
1.065460000000000045e+96
3.448589999999999992e+96
3.448589999999999992e+96
3.448589999999999992e+96
6.084790000000000435e+96
1.664050000000000031e+96
1.912359999999999915e+96
2.359300000000000148e+96
1.076570000000000058e+96
3.632670000000000019e+95
1.287909999999999937e+96
3.202919999999999887e+95
3.202919999999999887e+95
3.202919999999999887e+95
7.768109999999999370e+94
2.929020000000000153e+95
2.929020000000000153e+95
2.555170000000000140e+95
3.642349999999999761e+95
3.642349999999999761e+95
3.642349999999999761e+95
9.762279999999999667e+94
9.762279999999999667e+94
9.762279999999999667e+94
9.762279999999999667e+94
9.762279999999999667e+94
9.762279999999999667e+94
9.762279999999999667e+94
3.193880000000000259e+95
3.193880000000000259e+95
1.101999999999999938e+95
1.101999999999999938e+95
4.534050000000000230e+95
2.430359999999999995e+95
7.577089999999999742e+95
7.577089999999999742e+95
5.109570000000000280e+95
5.109570000000000280e+95
6.898750000000000276e+95
2.176380000000000070e+95
7.345899999999999947e+95
7.345899999999999947e+95
7.345899999999999947e+95
1.731780000000000070e+95
6.632180000000000093e+95
2.613859999999999959e+96
2.613859999999999959e+96
1.046080000000000049e+96
6.773410000000000397e+95
1.356579999999999934e+96
3.340559999999999961e+95
3.340559999999999961e+95
3.340559999999999961e+95
3.340559999999999961e+95
1.987760000000000133e+95
1.107110000000000071e+95
1.107110000000000071e+95
9.733199999999999950e+94
1.502009999999999994e+95
1.502009999999999994e+95
6.170799999999999980e+95
6.170799999999999980e+95
6.170799999999999980e+95
6.170799999999999980e+95
6.170799999999999980e+95
6.170799999999999980e+95
2.678000000000000242e+95
1.432239999999999980e+95
1.487970000000000022e+95
4.064640000000000162e+94
4.064640000000000162e+94
1.759060000000000166e+94
4.350790000000000147e+94
4.350790000000000147e+94
1.604300000000000010e+94
8.078229999999999606e+93
8.078229999999999606e+93
3.393320000000000088e+94
3.393320000000000088e+94
1.253500000000000007e+94
1.001329999999999973e+94
1.001329999999999973e+94
2.507280000000000102e+93
3.998679999999999788e+93
1.629469999999999921e+94
6.556199999999999693e+94
1.026470000000000072e+95
1.026470000000000072e+95
1.026470000000000072e+95
1.026470000000000072e+95
1.026470000000000072e+95
3.851920000000000164e+95
3.851920000000000164e+95
3.851920000000000164e+95
3.851920000000000164e+95
1.107530000000000017e+95
2.928320000000000046e+95
8.813750000000000088e+95
1.672319999999999896e+96
6.148840000000000434e+95
6.148840000000000434e+95
2.094620000000000018e+95
7.834940000000000652e+94
2.070120000000000034e+94
3.389730000000000303e+94
5.504910000000000097e+94
2.662779999999999854e+94
7.502519999999999457e+94
4.093880000000000352e+94
4.093880000000000352e+94
4.093880000000000352e+94
1.064339999999999955e+94
1.064339999999999955e+94
2.698920000000000175e+93
2.698920000000000175e+93
2.698920000000000175e+93
6.607539999999999694e+93
1.461369999999999937e+94
4.290300000000000026e+94
1.676239999999999831e+94
5.028239999999999740e+93
3.698139999999999832e+93
3.698139999999999832e+93
1.338609999999999986e+94
2.383920000000000043e+94
6.513099999999999804e+94
6.513099999999999804e+94
6.513099999999999804e+94
4.167900000000000214e+94
5.720819999999999733e+94
8.720279999999999864e+94
8.720279999999999864e+94
8.720279999999999864e+94
5.403509999999999806e+94
5.403509999999999806e+94
5.403509999999999806e+94
3.735540000000000269e+94
1.070899999999999913e+94
8.398629999999999136e+93
2.575380000000000139e+93
9.683629999999999906e+93
9.683629999999999906e+93
3.992339999999999831e+94
3.992339999999999831e+94
3.992339999999999831e+94
1.321859999999999980e+94
1.321859999999999980e+94
4.537949999999999654e+93
1.126710000000000081e+94
3.840980000000000287e+94
1.113029999999999988e+94
2.266030000000000144e+94
7.881130000000000142e+94
7.881130000000000142e+94
4.047060000000000201e+94
4.748490000000000352e+94
6.701559999999999268e+94
2.327950000000000032e+95
2.748490000000000163e+95
1.003289999999999962e+96
1.003289999999999962e+96
3.376059999999999740e+95
3.376059999999999740e+95
1.325060000000000038e+96
3.592450000000000056e+95
9.469270000000000318e+94
9.469270000000000318e+94
3.641339999999999792e+95
1.144870000000000053e+95
1.144870000000000053e+95
3.579340000000000113e+94
4.770899999999999692e+94
1.695479999999999998e+95
4.370930000000000273e+94
4.370930000000000273e+94
1.640389999999999998e+94
1.640389999999999998e+94
1.640389999999999998e+94
3.547239999999999797e+94
1.188129999999999971e+95
3.241390000000000173e+95
3.241390000000000173e+95
3.241390000000000173e+95
5.536979999999999527e+95
2.229360000000000071e+96
2.229360000000000071e+96
3.128570000000000186e+96
1.096129999999999913e+96
1.363289999999999999e+96
1.363289999999999999e+96
1.363289999999999999e+96
1.363289999999999999e+96
3.302410000000000028e+95
3.302410000000000028e+95
9.466309999999999710e+94
2.341169999999999912e+95
7.763479999999999768e+95
7.763479999999999768e+95
3.066220000000000007e+96
3.066220000000000007e+96
8.650719999999999823e+95
8.650719999999999823e+95
2.371409999999999874e+95
7.076660000000000405e+94
9.082760000000000155e+94
1.219370000000000002e+95
7.213040000000000641e+94
7.213040000000000641e+94
2.023070000000000036e+95
2.023070000000000036e+95
2.023070000000000036e+95
1.268429999999999963e+95
1.268429999999999963e+95
1.268429999999999963e+95
5.073999999999999719e+94
5.073999999999999719e+94
5.073999999999999719e+94
5.073999999999999719e+94
5.073999999999999719e+94
5.073999999999999719e+94
5.073999999999999719e+94
5.073999999999999719e+94
5.073999999999999719e+94
5.073999999999999719e+94
1.396870000000000085e+95
4.249930000000000231e+95
4.249930000000000231e+95
4.249930000000000231e+95
1.590329999999999893e+95
7.572069999999999894e+94
2.787410000000000096e+95
2.787410000000000096e+95
2.787410000000000096e+95
1.689520000000000074e+95
1.689520000000000074e+95
4.157059999999999632e+94
3.800649999999999796e+94
3.800649999999999796e+94
9.616219999999999688e+94
9.616219999999999688e+94
9.616219999999999688e+94
3.931789999999999866e+95
3.931789999999999866e+95
3.931789999999999866e+95
3.931789999999999866e+95
1.158420000000000039e+95
4.046869999999999879e+95
1.223650000000000024e+96
3.047610000000000011e+95
8.921469999999999665e+94
8.921469999999999665e+94
8.921469999999999665e+94
8.921469999999999665e+94
8.921469999999999665e+94
5.114379999999999710e+94
7.547459999999999603e+94
1.617320000000000076e+95
1.617320000000000076e+95
6.166199999999999781e+95
6.166199999999999781e+95
1.707989999999999871e+95
2.414139999999999909e+95
2.414139999999999909e+95
2.414139999999999909e+95
2.123799999999999919e+95
7.942100000000000202e+94
3.694860000000000316e+94
3.694860000000000316e+94
3.694860000000000316e+94
3.694860000000000316e+94
1.377360000000000064e+94
3.915309999999999863e+94
1.532480000000000026e+95
1.532480000000000026e+95
6.093300000000000269e+95
6.093300000000000269e+95
6.093300000000000269e+95
6.093300000000000269e+95
1.038899999999999945e+96
3.299199999999999789e+96
1.332280000000000049e+97
1.332280000000000049e+97
1.332280000000000049e+97
2.174060000000000064e+97
5.295009999999999736e+96
5.295009999999999736e+96
5.182959999999999749e+96
5.182959999999999749e+96
2.210420000000000176e+96
2.210420000000000176e+96
5.444409999999999483e+95
5.444409999999999483e+95
1.498459999999999957e+95
3.636580000000000158e+94
3.636580000000000158e+94
3.636580000000000158e+94
3.636580000000000158e+94
1.228430000000000022e+94
1.228430000000000022e+94
1.228430000000000022e+94
1.228430000000000022e+94
4.532840000000000188e+94
4.532840000000000188e+94
1.705630000000000002e+94
3.629260000000000359e+94
3.629260000000000359e+94
1.647329999999999969e+94
5.411369999999999906e+93
5.411369999999999906e+93
1.481960000000000098e+93
5.921410000000000539e+92
1.397209999999999887e+93
1.397209999999999887e+93
3.485370000000000062e+92
5.321679999999999528e+92
8.192259999999999430e+92
6.142740000000000141e+92
6.142740000000000141e+92
6.142740000000000141e+92
1.906519999999999934e+93
1.906519999999999934e+93
1.906519999999999934e+93
1.906519999999999934e+93
7.650119999999999917e+93
7.650119999999999917e+93
7.650119999999999917e+93
1.911879999999999908e+93
1.911879999999999908e+93
7.253119999999999745e+93
1.916120000000000089e+93
1.916120000000000089e+93
1.916120000000000089e+93
1.916120000000000089e+93
5.945640000000000261e+93
5.945640000000000261e+93
1.807079999999999885e+93
3.585200000000000131e+93
3.585200000000000131e+93
3.841020000000000035e+93
3.841020000000000035e+93
3.841020000000000035e+93
1.580370000000000063e+94
5.774469999999999994e+94
1.622980000000000077e+94
4.494350000000000324e+93
4.494350000000000324e+93
4.494350000000000324e+93
4.494350000000000324e+93
4.494350000000000324e+93
1.382419999999999984e+93
4.700179999999999799e+92
1.563560000000000019e+92
4.969539999999999844e+92
4.396809999999999992e+92
4.396809999999999992e+92
4.396809999999999992e+92
5.763939999999999635e+92
1.495450000000000091e+93
1.495450000000000091e+93
5.035250000000000197e+93
1.980960000000000113e+93
5.724470000000000067e+93
2.394489999999999918e+94
2.394489999999999918e+94
2.394489999999999918e+94
5.354019999999999998e+94
8.994529999999999651e+94
8.994529999999999651e+94
