   -1.000000      0.000000
  1    1        0.00009581        0.00083417       -0.00000000        0.00000000
  1    2       -0.06075056        0.00037534        0.00000000        0.00000000
  2    1       -0.06042513        0.00057975        0.00000000        0.00000000
  2    2       -0.00084421        0.00028027       -0.00000000        0.00000000
   -0.500000      0.866025
  1    1       -0.00091014        0.00069719        0.00000000        0.00000000
  1    2        0.42474315        0.00169509       -0.00000000        0.00000000
  2    1       -0.06078152        0.00077933       -0.00000000        0.00000000
  2    2        0.00084228        0.00059778        0.00000000        0.00000000
    0.000000      1.732051
  1    1       -0.00025410        0.00018802       -0.00000000        0.00000000
  1    2       -0.06084956        0.00065091       -0.00000000        0.00000000
  2    1       -0.06163949        0.00136384        0.00000000        0.00000000
  2    2        0.00007169        0.00028834       -0.00000000        0.00000000
   -0.500000     -0.866025
  1    1        0.00038452        0.00059784       -0.00000000        0.00000000
  1    2       -0.05986236        0.00070299       -0.00000000        0.00000000
  2    1        0.42393101        0.00118249       -0.00000000        0.00000000
  2    2        0.00061006        0.00037241       -0.00000000        0.00000000
    0.000000      0.000000
  1    1        1.00000000        0.00000000        0.00000000        0.00000000
  1    2        0.42251386        0.00175373       -0.00000000        0.00000000
  2    1        0.42251386        0.00175373        0.00000000        0.00000000
  2    2        1.00000000        0.00000000       -0.00000000        0.00000000
    0.500000      0.866025
  1    1       -0.00038452        0.00059784        0.00000000        0.00000000
  1    2        0.42393101        0.00118249        0.00000000        0.00000000
  2    1       -0.05986236        0.00070299        0.00000000        0.00000000
  2    2       -0.00061006        0.00037241        0.00000000        0.00000000
    0.500000     -0.866025
  1    1        0.00091014        0.00069719       -0.00000000        0.00000000
  1    2       -0.06078152        0.00077933        0.00000000        0.00000000
  2    1        0.42474315        0.00169509        0.00000000        0.00000000
  2    2       -0.00084228        0.00059778       -0.00000000        0.00000000
    1.000000      0.000000
  1    1       -0.00009581        0.00083417        0.00000000        0.00000000
  1    2       -0.06042513        0.00057975       -0.00000000        0.00000000
  2    1       -0.06075056        0.00037534       -0.00000000        0.00000000
  2    2        0.00084421        0.00028027        0.00000000        0.00000000
    1.500000      0.866025
  1    1        0.00025410        0.00018802       -0.00000000        0.00000000
  1    2       -0.06163949        0.00136384       -0.00000000        0.00000000
  2    1       -0.06084956        0.00065091        0.00000000        0.00000000
  2    2       -0.00007169        0.00028834       -0.00000000        0.00000000
