   -2.094395     -1.209200
  1    1        0.65406587        0.00706730        0.00000000        0.00000000
  1    2       -0.28568206        0.00689518       -0.16571690        0.00135328
  2    1       -0.28568206        0.00689518        0.16571690        0.00135328
  2    2        0.66148382        0.00785088        0.00000000        0.00000000
   -2.094395      1.209200
  1    1        0.66130308        0.00586421       -0.00000000        0.00000000
  1    2       -0.28739161        0.00315478        0.16993852        0.00260266
  2    1       -0.28739161        0.00315478       -0.16993852        0.00260266
  2    2        0.66102103        0.00782295       -0.00000000        0.00000000
    0.000000     -2.418399
  1    1        0.66316498        0.00657973        0.00000000        0.00000000
  1    2        0.00265779        0.00570960       -0.33444702        0.00340962
  2    1        0.00265779        0.00570960        0.33444702        0.00340962
  2    2        0.66139776        0.00399219        0.00000000        0.00000000
    0.000000      0.000000
  1    1        1.63303938        0.06437081        0.00000000        0.00000000
  1    2       -1.57153313        0.06762203        0.00000000        0.00000000
  2    1       -1.57153313        0.06762203        0.00000000        0.00000000
  2    2        1.60114428        0.06081271        0.00000000        0.00000000
    0.000000      2.418399
  1    1        0.66316498        0.00657973       -0.00000000        0.00000000
  1    2        0.00265779        0.00570960        0.33444702        0.00340962
  2    1        0.00265779        0.00570960       -0.33444702        0.00340962
  2    2        0.66139776        0.00399219       -0.00000000        0.00000000
    2.094395     -1.209200
  1    1        0.66130308        0.00586421        0.00000000        0.00000000
  1    2       -0.28739161        0.00315478       -0.16993852        0.00260266
  2    1       -0.28739161        0.00315478        0.16993852        0.00260266
  2    2        0.66102103        0.00782295        0.00000000        0.00000000
    2.094395      1.209200
  1    1        0.65406587        0.00706730       -0.00000000        0.00000000
  1    2       -0.28568206        0.00689518        0.16571690        0.00135328
  2    1       -0.28568206        0.00689518       -0.16571690        0.00135328
  2    2        0.66148382        0.00785088       -0.00000000        0.00000000
    2.094395      3.627599
  1    1        0.61481569        0.01214231        0.00000000        0.00000000
  1    2        0.00783881        0.00490861       -0.00147489        0.00187004
  2    1        0.00783881        0.00490861        0.00147489        0.00187004
  2    2        0.62572040        0.01073572        0.00000000        0.00000000
    4.188790      0.000000
  1    1        0.61481569        0.01214231        0.00000000        0.00000000
  1    2        0.00783881        0.00490861        0.00147489        0.00187004
  2    1        0.00783881        0.00490861       -0.00147489        0.00187004
  2    2        0.62572040        0.01073572        0.00000000        0.00000000
