   -1.000000      0.000000
  1    1        0.11435386        0.00852615       -0.00000000        0.00000000
  1    2       -0.11231659        0.00876567       -0.00000000        0.00000000
  2    1       -0.11012401        0.00844674       -0.00000000        0.00000000
  2    2        0.10841273        0.00880660       -0.00000000        0.00000000
   -0.500000      0.866025
  1    1        0.11132082        0.00820660       -0.00000000        0.00000000
  1    2       -0.30411878        0.00570703        0.00000000        0.00000000
  2    1       -0.11054838        0.00710528        0.00000000        0.00000000
  2    2        0.10844141        0.00750702       -0.00000000        0.00000000
    0.000000      1.732051
  1    1        0.09823743        0.00675765       -0.00000000        0.00000000
  1    2       -0.10972585        0.00831956       -0.00000000        0.00000000
  2    1       -0.10926074        0.00887839       -0.00000000        0.00000000
  2    2        0.09652027        0.00654042       -0.00000000        0.00000000
   -0.500000     -0.866025
  1    1        0.11373322        0.00865851       -0.00000000        0.00000000
  1    2       -0.11136300        0.00797612        0.00000000        0.00000000
  2    1       -0.30444387        0.00741140        0.00000000        0.00000000
  2    2        0.10828715        0.00754697       -0.00000000        0.00000000
    0.000000      0.000000
  1    1        0.75774873        0.00040860        0.00000000        0.00000000
  1    2       -0.29963192        0.00639554       -0.00000000        0.00000000
  2    1       -0.29963192        0.00639554       -0.00000000        0.00000000
  2    2        0.75782114        0.00026353        0.00000000        0.00000000
    0.500000      0.866025
  1    1        0.11373322        0.00865851        0.00000000        0.00000000
  1    2       -0.30444387        0.00741140       -0.00000000        0.00000000
  2    1       -0.11136300        0.00797612        0.00000000        0.00000000
  2    2        0.10828715        0.00754697        0.00000000        0.00000000
    0.500000     -0.866025
  1    1        0.11132082        0.00820660       -0.00000000        0.00000000
  1    2       -0.11054838        0.00710528       -0.00000000        0.00000000
  2    1       -0.30411878        0.00570703        0.00000000        0.00000000
  2    2        0.10844141        0.00750702       -0.00000000        0.00000000
    1.000000      0.000000
  1    1        0.11435386        0.00852615        0.00000000        0.00000000
  1    2       -0.11012401        0.00844674        0.00000000        0.00000000
  2    1       -0.11231659        0.00876567        0.00000000        0.00000000
  2    2        0.10841273        0.00880660        0.00000000        0.00000000
    1.500000      0.866025
  1    1        0.09823743        0.00675765       -0.00000000        0.00000000
  1    2       -0.10926074        0.00887839       -0.00000000        0.00000000
  2    1       -0.10972585        0.00831956       -0.00000000        0.00000000
  2    2        0.09652027        0.00654042       -0.00000000        0.00000000
