   -1.000000      0.000000
  1    1       -0.00535930        0.00133020       -0.00000000        0.00000000
  1    2       -0.00169352        0.00135613       -0.00000000        0.00000000
  2    1       -0.00149586        0.00149111       -0.00000000        0.00000000
  2    2       -0.00577603        0.00158570       -0.00000000        0.00000000
   -0.500000      0.866025
  1    1       -0.00522099        0.00126450       -0.00000000        0.00000000
  1    2       -0.06383283        0.00150038       -0.00000000        0.00000000
  2    1       -0.00185588        0.00156488       -0.00000000        0.00000000
  2    2       -0.00557950        0.00171536       -0.00000000        0.00000000
    0.000000      1.732051
  1    1       -0.00335885        0.00125526        0.00000000        0.00000000
  1    2       -0.00156022        0.00159985        0.00000000        0.00000000
  2    1       -0.00129779        0.00181662        0.00000000        0.00000000
  2    2       -0.00409200        0.00199920        0.00000000        0.00000000
   -0.500000     -0.866025
  1    1       -0.00561423        0.00125918       -0.00000000        0.00000000
  1    2       -0.00138292        0.00126875       -0.00000000        0.00000000
  2    1       -0.06366669        0.00145977       -0.00000000        0.00000000
  2    2       -0.00573921        0.00133360       -0.00000000        0.00000000
    0.000000      0.000000
  1    1        0.24168024        0.00252268        0.00000000        0.00000000
  1    2       -0.06378995        0.00184101        0.00000000        0.00000000
  2    1       -0.06378995        0.00184101        0.00000000        0.00000000
  2    2        0.24151426        0.00263693        0.00000000        0.00000000
    0.500000      0.866025
  1    1       -0.00561423        0.00125918       -0.00000000        0.00000000
  1    2       -0.06366669        0.00145977       -0.00000000        0.00000000
  2    1       -0.00138292        0.00126875       -0.00000000        0.00000000
  2    2       -0.00573921        0.00133360       -0.00000000        0.00000000
    0.500000     -0.866025
  1    1       -0.00522099        0.00126450       -0.00000000        0.00000000
  1    2       -0.00185588        0.00156488       -0.00000000        0.00000000
  2    1       -0.06383283        0.00150038       -0.00000000        0.00000000
  2    2       -0.00557950        0.00171536       -0.00000000        0.00000000
    1.000000      0.000000
  1    1       -0.00535930        0.00133020       -0.00000000        0.00000000
  1    2       -0.00149586        0.00149111       -0.00000000        0.00000000
  2    1       -0.00169352        0.00135613       -0.00000000        0.00000000
  2    2       -0.00577603        0.00158570       -0.00000000        0.00000000
    1.500000      0.866025
  1    1       -0.00335885        0.00125526        0.00000000        0.00000000
  1    2       -0.00129779        0.00181662        0.00000000        0.00000000
  2    1       -0.00156022        0.00159985        0.00000000        0.00000000
  2    2       -0.00409200        0.00199920        0.00000000        0.00000000
