   -2.094395     -1.209200
  1    1        0.24557064        0.00130739        0.00000000        0.00000000
  1    2       -0.09393016        0.00068154       -0.05399541        0.00018230
  2    1       -0.09393016        0.00068154        0.05399541        0.00018230
  2    2        0.24596250        0.00144519        0.00000000        0.00000000
   -2.094395      1.209200
  1    1        0.24439092        0.00183213       -0.00000000        0.00000000
  1    2       -0.09297152        0.00078441        0.05407205        0.00070249
  2    1       -0.09297152        0.00078441       -0.05407205        0.00070249
  2    2        0.24548337        0.00094221       -0.00000000        0.00000000
    0.000000     -2.418399
  1    1        0.24515571        0.00141304        0.00000000        0.00000000
  1    2       -0.00018117        0.00021469       -0.10738567        0.00053861
  2    1       -0.00018117        0.00021469        0.10738567        0.00053861
  2    2        0.24537292        0.00088603        0.00000000        0.00000000
    0.000000      0.000000
  1    1        0.20257348        0.01254519       -0.00000000        0.00000000
  1    2       -0.20057566        0.01375154       -0.00000000        0.00000000
  2    1       -0.20057566        0.01375154       -0.00000000        0.00000000
  2    2        0.19914077        0.01579883       -0.00000000        0.00000000
    0.000000      2.418399
  1    1        0.24515571        0.00141304       -0.00000000        0.00000000
  1    2       -0.00018117        0.00021469        0.10738567        0.00053861
  2    1       -0.00018117        0.00021469       -0.10738567        0.00053861
  2    2        0.24537292        0.00088603       -0.00000000        0.00000000
    2.094395     -1.209200
  1    1        0.24439092        0.00183213        0.00000000        0.00000000
  1    2       -0.09297152        0.00078441       -0.05407205        0.00070249
  2    1       -0.09297152        0.00078441        0.05407205        0.00070249
  2    2        0.24548337        0.00094221        0.00000000        0.00000000
    2.094395      1.209200
  1    1        0.24557064        0.00130739       -0.00000000        0.00000000
  1    2       -0.09393016        0.00068154        0.05399541        0.00018230
  2    1       -0.09393016        0.00068154       -0.05399541        0.00018230
  2    2        0.24596250        0.00144519       -0.00000000        0.00000000
    2.094395      3.627599
  1    1        0.25115705        0.00128466        0.00000000        0.00000000
  1    2        0.00031589        0.00103378       -0.00043689        0.00056634
  2    1        0.00031589        0.00103378        0.00043689        0.00056634
  2    2        0.25042500        0.00195373        0.00000000        0.00000000
    4.188790      0.000000
  1    1        0.25115705        0.00128466        0.00000000        0.00000000
  1    2        0.00031589        0.00103378        0.00043689        0.00056634
  2    1        0.00031589        0.00103378       -0.00043689        0.00056634
  2    2        0.25042500        0.00195373        0.00000000        0.00000000
