           2        (-14.091232018975354,2.04284859470086587E-002)   1.0000000000000000     
           2        (-14.144176361254658,3.13761634267828871E-003)   1.0000000000000000     
           2        (-14.047543616030332,4.33510262011544854E-004)   1.0000000000000000     
           2        (-14.262925490620834,4.09392458831721665E-003)   1.0000000000000000     
           2        (-14.149382421394264,1.17349643312188515E-002)   1.0000000000000000     
           2       (-14.050604501688667,-1.23467029658206693E-002)   1.0000000000000000     
           2        (-14.001775006530153,6.57668588654255256E-004)   1.0000000000000000     
           2        (-14.768402273103105,9.17731256854172582E-003)   1.0000000000000000     
           2       (-14.020541104546712,-1.69120777676407888E-002)   1.0000000000000000     
           2        (-14.141700903017608,9.68319998913793126E-003)   1.0000000000000000     
           2        (-14.274491131268913,7.03254331944552606E-003)   1.0000000000000000     
           2       (-14.111762403168244,-4.99582493829846090E-003)   1.0000000000000000     
           2        (-14.117745024081719,1.39988452264952837E-002)   1.0000000000000000     
