   -2.094395     -1.209200
  1    1        1.00000000        0.00000000        0.00070390        0.00031287
  1    2        0.72672739        0.00012567        0.41938750        0.00039497
  2    1        0.72672739        0.00012567       -0.41938750        0.00039497
  2    2        1.00000000        0.00000000       -0.00028240        0.00039494
   -2.094395      1.209200
  1    1        1.00000000        0.00000000        0.00056569        0.00048172
  1    2        0.72705100        0.00022602       -0.41945451        0.00040871
  2    1        0.72705100        0.00022602        0.41945451        0.00040871
  2    2        1.00000000        0.00000000        0.00034196        0.00054359
    0.000000     -2.418399
  1    1        1.00000000        0.00000000        0.00064819        0.00074030
  1    2        0.00040289        0.00054123        0.83910719        0.00032740
  2    1        0.00040289        0.00054123       -0.83910719        0.00032740
  2    2        1.00000000        0.00000000       -0.00079382        0.00062482
    0.000000      0.000000
  1    1        1.00000000        0.00000000        0.00020305        0.00011823
  1    2        0.90671539        0.00016009        0.00003028        0.00016586
  2    1        0.90671539        0.00016009       -0.00003028        0.00016586
  2    2        1.00000000        0.00000000       -0.00020979        0.00017462
    0.000000      2.418399
  1    1        1.00000000        0.00000000       -0.00005022        0.00039213
  1    2        0.00010191        0.00029417       -0.83907097        0.00012496
  2    1        0.00010191        0.00029417        0.83907097        0.00012496
  2    2        1.00000000        0.00000000        0.00029276        0.00093854
    2.094395     -1.209200
  1    1        1.00000000        0.00000000        0.00005786        0.00117507
  1    2        0.72716308        0.00038733        0.41982879        0.00076795
  2    1        0.72716308        0.00038733       -0.41982879        0.00076795
  2    2        1.00000000        0.00000000        0.00010414        0.00041371
    2.094395      1.209200
  1    1        1.00000000        0.00000000       -0.00001954        0.00025642
  1    2        0.72691764        0.00031910       -0.41915379        0.00024524
  2    1        0.72691764        0.00031910        0.41915379        0.00024524
  2    2        1.00000000        0.00000000        0.00027832        0.00033514
    2.094395      3.627599
  1    1        1.00000000        0.00000000       -0.00157028        0.00150545
  1    2        0.00094949        0.00223126       -0.00067784        0.00209290
  2    1        0.00094949        0.00223126        0.00067784        0.00209290
  2    2        1.00000000        0.00000000        0.00132132        0.00172360
    4.188790      0.000000
  1    1        1.00000000        0.00000000       -0.00245227        0.00332930
  1    2        0.00183207        0.00073866        0.00323392        0.00152306
  2    1        0.00183207        0.00073866       -0.00323392        0.00152306
  2    2        1.00000000        0.00000000        0.00125457        0.00154721
