   1.0000000000000000                2           9
               (0.0000000000000000,0.0000000000000000)
               (0.0000000000000000,0.0000000000000000)
  -2.0943951023931953       -1.2091995761561449     
        (0.99999999999999900,1.22805669648256253E-003)
             (0.72709603245572318,0.41873117400607807)
            (0.72709603245572330,-0.41873117400607784)
        (0.99999999999999944,6.36254217038387314E-004)
  -2.0943951023931953        1.2091995761561449     
         (1.0000000000000004,1.05639954366719825E-003)
            (0.72635170408531868,-0.41962587373000593)
             (0.72635170408531879,0.41962587373000637)
        (1.0000000000000009,-6.19902637470250931E-004)
   0.0000000000000000       -2.4183991523122899     
        (0.99999999999999944,3.44941429321691671E-004)
        (1.82651494571365062E-003,0.83884642954106037)
       (1.82651494571478556E-003,-0.83884642954106103)
       (0.99999999999999956,-9.85840831428436279E-004)
   0.0000000000000000        0.0000000000000000     
         (1.0000000000000029,9.42985331856192183E-004)
       (0.90706015952333019,-1.32638191747920455E-003)
        (0.90706015952333074,1.32638191748015301E-003)
        (1.0000000000000038,-1.80496222618145661E-003)
   0.0000000000000000        2.4183991523122899     
        (0.99999999999999922,4.89746121590381748E-004)
      (-1.04373661200171360E-003,-0.83908957364263259)
       (-1.04373661200250312E-003,0.83908957364263348)
       (0.99999999999999956,-2.56685593738440344E-003)
   2.0943951023931953       -1.2091995761561449     
         (1.0000000000000004,1.63891567083943469E-003)
             (0.72668545119980565,0.41825953520982317)
            (0.72668545119980699,-0.41825953520982218)
        (1.0000000000000009,-6.13577477533582471E-004)
   2.0943951023931953        1.2091995761561449     
        (0.99999999999999922,1.30363373900945650E-003)
            (0.72710138070197916,-0.42007749644444187)
             (0.72710138070197872,0.42007749644444314)
       (0.99999999999999956,-1.67904402659455987E-003)
   2.0943951023931953        3.6275987284684348     
        (0.99999999999999978,2.98017110190164488E-003)
  (5.24691277975311218E-003,-5.37898849753362836E-003)
   (5.24691277975480267E-003,5.37898849753264650E-003)
         (1.0000000000000004,4.18255011507824050E-003)
   4.1887902047863905        0.0000000000000000     
        (0.99999999999999956,6.75467146890217562E-004)
   (2.48811493530000198E-003,2.34931120683839947E-003)
  (2.48811493530024875E-003,-2.34931120683796665E-003)
         (1.0000000000000000,3.00530499643256351E-003)
   1.0000000000000000                2           9
               (0.0000000000000000,0.0000000000000000)
               (0.0000000000000000,0.0000000000000000)
  -2.0943951023931953       -1.2091995761561449     
       (0.99999999999999900,-5.78886523123808296E-004)
             (0.72564586896829786,0.42138053309295437)
            (0.72564586896829719,-0.42138053309295448)
       (0.99999999999999900,-5.70185190734348851E-004)
  -2.0943951023931953        1.2091995761561449     
         (1.0000000000000002,1.10058473010197794E-003)
            (0.72763116529974370,-0.41942682790960051)
             (0.72763116529974359,0.41942682790960134)
        (1.0000000000000004,-8.88698282626230410E-004)
   0.0000000000000000       -2.4183991523122899     
       (0.99999999999999922,-1.28766703625356280E-003)
       (-2.80394952397906676E-003,0.83897292776319943)
      (-2.80394952397949263E-003,-0.83897292776320076)
       (0.99999999999999922,-3.48420904156165792E-004)
   0.0000000000000000        0.0000000000000000     
         (1.0000000000000027,1.02505513088506329E-004)
        (0.90649513750874178,3.27777906473305071E-004)
       (0.90649513750874255,-3.27777906472583860E-004)
        (1.0000000000000033,-5.54219282943615044E-004)
   0.0000000000000000        2.4183991523122899     
        (0.99999999999999878,8.18785621587055632E-005)
       (5.69468499254019694E-004,-0.83959273082796093)
        (5.69468499252187826E-004,0.83959273082796215)
        (0.99999999999999944,4.47388884608228364E-004)
   2.0943951023931953       -1.2091995761561449     
        (1.0000000000000002,-3.06793575484957351E-004)
             (0.72650141323742234,0.42084862504866138)
            (0.72650141323742290,-0.42084862504866111)
         (1.0000000000000007,1.68037370806519689E-004)
   2.0943951023931953        1.2091995761561449     
        (0.99999999999999878,8.73826829183475319E-004)
            (0.72583654485555393,-0.41964194376673825)
             (0.72583654485555249,0.41964194376673974)
       (0.99999999999999922,-6.18942410504500818E-005)
   2.0943951023931953        3.6275987284684348     
       (0.99999999999999867,-3.26428794373941457E-003)
  (-1.35453266636852295E-003,5.64580884678356470E-004)
 (-1.35453266637005254E-003,-5.64580884679203232E-004)
        (0.99999999999999978,4.78346397093857689E-003)
   4.1887902047863905        0.0000000000000000     
       (0.99999999999999978,-6.97162996144737486E-003)
 (-4.24385317053036903E-003,-1.49625130496443986E-003)
  (-4.24385317053103516E-003,1.49625130496450361E-003)
        (0.99999999999999978,8.84380525202418423E-003)
   1.0000000000000000                2           9
               (0.0000000000000000,0.0000000000000000)
               (0.0000000000000000,0.0000000000000000)
  -2.0943951023931953       -1.2091995761561449     
        (0.99999999999999878,1.11898384967486155E-003)
             (0.72702550878984895,0.41757117886555195)
            (0.72702550878984928,-0.41757117886555384)
       (0.99999999999999922,-1.12480839756094872E-003)
  -2.0943951023931953        1.2091995761561449     
         (1.0000000000000000,6.47781210530847364E-004)
            (0.72696046515097534,-0.41907780001687250)
             (0.72696046515097779,0.41907780001687212)
        (1.0000000000000004,-7.26872031799308455E-004)
   0.0000000000000000       -2.4183991523122899     
        (0.99999999999999900,4.63764116895216570E-004)
        (8.04779164685502147E-004,0.83901238538051892)
       (8.04779164684441255E-004,-0.83901238538052025)
        (0.99999999999999944,9.91485421315226371E-005)
   0.0000000000000000        0.0000000000000000     
         (1.0000000000000029,9.86243846481682637E-004)
       (0.90644363873535638,-9.87926732452012318E-004)
        (0.90644363873535860,9.87926732451482360E-004)
        (1.0000000000000036,-1.03486437952044017E-003)
   0.0000000000000000        2.4183991523122899     
        (0.99999999999999900,1.63041160449979225E-003)
       (4.41689055463588738E-005,-0.83957821971302726)
        (4.41689055461614948E-005,0.83957821971302871)
       (0.99999999999999922,-1.22682963097845528E-003)
   2.0943951023931953       -1.2091995761561449     
         (1.0000000000000000,1.40025654286472551E-003)
             (0.72682948193008967,0.41936821404249919)
            (0.72682948193009167,-0.41936821404249924)
        (1.0000000000000007,-2.12586674108975826E-003)
   2.0943951023931953        1.2091995761561449     
        (0.99999999999999900,1.52058079852416210E-004)
            (0.72654278614367762,-0.41956845499619999)
             (0.72654278614367840,0.41956845499620105)
       (0.99999999999999922,-2.14570912522577678E-003)
   2.0943951023931953        3.6275987284684348     
         (1.0000000000000000,1.83324654778102363E-003)
  (3.92426030845126513E-003,-2.00992848038298146E-003)
   (3.92426030845090690E-003,2.00992848038134778E-003)
        (0.99999999999999944,7.83882003349402096E-004)
   4.1887902047863905        0.0000000000000000     
        (0.99999999999999978,6.22849826603374002E-003)
   (6.74577988972295105E-003,2.56872423405699610E-003)
  (6.74577988972266743E-003,-2.56872423405566817E-003)
       (0.99999999999999944,-6.74256917291865977E-003)
   1.0000000000000000                2           9
               (0.0000000000000000,0.0000000000000000)
               (0.0000000000000000,0.0000000000000000)
  -2.0943951023931953       -1.2091995761561449     
       (0.99999999999999878,-2.25880452413473355E-003)
             (0.72687895114100820,0.42190814765179357)
            (0.72687895114100809,-0.42190814765179524)
        (0.99999999999999900,3.98748386149407486E-003)
  -2.0943951023931953        1.2091995761561449     
        (0.99999999999999978,2.58260063532656794E-004)
            (0.72862285786805048,-0.41876938325682872)
             (0.72862285786805203,0.41876938325682844)
         (1.0000000000000007,3.72160920633474201E-004)
   0.0000000000000000       -2.4183991523122899     
       (0.99999999999999900,-1.89894320410148088E-004)
       (-1.38374485719427402E-003,0.84002594310312051)
      (-1.38374485719638951E-003,-0.84002594310312206)
        (0.99999999999999922,5.91624136003234403E-004)
   0.0000000000000000        0.0000000000000000     
        (1.0000000000000029,-5.16149582766343572E-004)
        (0.90722414214105307,9.73014581943058973E-004)
       (0.90722414214105485,-9.73014581943835045E-004)
         (1.0000000000000033,1.73109645896088005E-003)
   0.0000000000000000        2.4183991523122899     
       (0.99999999999999922,-1.90245460337560624E-003)
       (1.67499531292579040E-003,-0.84034338841244594)
        (1.67499531292490829E-003,0.84034338841244749)
        (0.99999999999999922,7.09720189713325834E-004)
   2.0943951023931953       -1.2091995761561449     
        (1.0000000000000004,-7.20165395155897845E-004)
             (0.72719816021371253,0.42076821554666882)
            (0.72719816021371353,-0.42076821554666988)
         (1.0000000000000004,6.90282520044039911E-004)
   2.0943951023931953        1.2091995761561449     
       (0.99999999999999900,-4.48776073314319961E-004)
            (0.72842967020519478,-0.41922347916461739)
             (0.72842967020519545,0.41922347916461838)
        (0.99999999999999900,2.02416010405131628E-003)
   2.0943951023931953        3.6275987284684348     
         (1.0000000000000000,3.88614466129333770E-004)
  (1.62959608322156405E-003,-5.93618421213870390E-003)
   (1.62959608322055249E-003,5.93618421213783741E-003)
       (0.99999999999999922,-4.67514395472680595E-003)
   4.1887902047863905        0.0000000000000000     
         (1.0000000000000002,1.75798570817878915E-003)
   (9.17171076433572451E-003,2.51836434075928270E-004)
  (9.17171076433556318E-003,-2.51836434076171132E-004)
        (0.99999999999999944,2.46962319285392922E-004)
   1.0000000000000000                2           9
               (0.0000000000000000,0.0000000000000000)
               (0.0000000000000000,0.0000000000000000)
  -2.0943951023931953       -1.2091995761561449     
       (0.99999999999999900,-1.94167275811691709E-004)
             (0.72640826349643051,0.42291926186684514)
            (0.72640826349642973,-0.42291926186684564)
       (0.99999999999999922,-4.10338607807286110E-004)
  -2.0943951023931953        1.2091995761561449     
        (1.0000000000000002,-6.92020576155259900E-005)
            (0.72832369385896334,-0.41841579083052366)
             (0.72832369385896278,0.41841579083052288)
        (1.0000000000000007,-6.94890929530512223E-004)
   0.0000000000000000       -2.4183991523122899     
       (0.99999999999999900,-6.59491267129043988E-005)
       (-1.14168553448403443E-003,0.84096025877601255)
      (-1.14168553448625487E-003,-0.84096025877601244)
       (0.99999999999999944,-8.34201161870360992E-004)
   0.0000000000000000        0.0000000000000000     
        (1.0000000000000031,-4.04029718206279202E-004)
        (0.90707341180597767,1.12771643513670181E-003)
       (0.90707341180597667,-1.12771643513835326E-003)
         (1.0000000000000036,8.94482602453994182E-004)
   0.0000000000000000        2.4183991523122899     
        (0.99999999999999900,5.10867393454417077E-004)
       (4.94906485038736207E-004,-0.83925864364424274)
        (4.94906485039501003E-004,0.83925864364424263)
       (0.99999999999999922,-5.44354428774034005E-004)
   2.0943951023931953       -1.2091995761561449     
        (1.0000000000000002,-1.29561549851939305E-004)
             (0.72767719539299280,0.42127440305139063)
            (0.72767719539299058,-0.42127440305139241)
        (1.0000000000000004,-1.99525319440334927E-004)
   2.0943951023931953        1.2091995761561449     
        (0.99999999999999900,1.26542277665082936E-003)
            (0.72707224449836927,-0.42211745237133480)
             (0.72707224449836994,0.42211745237133269)
       (0.99999999999999900,-1.59610320925434798E-003)
   2.0943951023931953        3.6275987284684348     
        (1.0000000000000000,-1.12727101113326098E-003)
  (-1.53988019521238920E-003,2.01252818217077583E-003)
 (-1.53988019521352393E-003,-2.01252818217028838E-003)
        (0.99999999999999944,2.45985592545618992E-003)
   4.1887902047863905        0.0000000000000000     
         (1.0000000000000002,2.56071043589527723E-003)
 (-3.02939936543162366E-003,-1.48612344294147703E-002)
  (-3.02939936543245025E-003,1.48612344294140695E-002)
        (0.99999999999999922,4.44573742768935524E-003)
   1.0000000000000000                2           9
               (0.0000000000000000,0.0000000000000000)
               (0.0000000000000000,0.0000000000000000)
  -2.0943951023931953       -1.2091995761561449     
        (0.99999999999999878,2.58803746399705178E-003)
             (0.72571931699199899,0.41911780388328196)
            (0.72571931699199899,-0.41911780388328246)
       (0.99999999999999867,-8.93183994726086308E-004)
  -2.0943951023931953        1.2091995761561449     
         (1.0000000000000004,1.24693427161555546E-003)
            (0.72645973297491184,-0.41801666592833697)
             (0.72645973297491218,0.41801666592833664)
        (1.0000000000000004,-1.23961736411481289E-003)
   0.0000000000000000       -2.4183991523122899     
        (0.99999999999999922,3.20852240929215323E-003)
        (6.99542299297103098E-004,0.83890260560708729)
       (6.99542299296954996E-004,-0.83890260560708685)
       (0.99999999999999922,-2.87383137522137207E-003)
   0.0000000000000000        0.0000000000000000     
         (1.0000000000000029,3.41343101884463947E-004)
        (0.90620801351485702,1.48223731819374259E-004)
       (0.90620801351485747,-1.48223731819605519E-004)
        (1.0000000000000033,-9.62902887190387417E-004)
   0.0000000000000000        2.4183991523122899     
        (0.99999999999999900,5.27408419957760559E-004)
       (1.08381032719139111E-003,-0.83865290588279040)
        (1.08381032719171181E-003,0.83865290588279018)
       (0.99999999999999900,-1.58701669927757997E-003)
   2.0943951023931953       -1.2091995761561449     
         (1.0000000000000000,2.61451172111371510E-003)
             (0.72638383352289548,0.42086806622455836)
            (0.72638383352289582,-0.42086806622455836)
        (1.0000000000000004,-2.30847548983058358E-003)
   2.0943951023931953        1.2091995761561449     
        (0.99999999999999900,2.19760294694870077E-003)
            (0.72708277930153309,-0.41809846260428229)
             (0.72708277930153331,0.41809846260428268)
       (0.99999999999999900,-6.18160179853292284E-005)
   2.0943951023931953        3.6275987284684348     
        (1.0000000000000002,-9.40868956056810889E-003)
   (3.45584045582948522E-003,2.34304939502486681E-003)
  (3.45584045582997875E-003,-2.34304939502522330E-003)
        (0.99999999999999956,1.52694918241736647E-003)
   4.1887902047863905        0.0000000000000000     
       (0.99999999999999978,-9.65116930476561923E-004)
   (1.16022354860523258E-003,1.59974183812785901E-003)
  (1.16022354860565195E-003,-1.59974183812775102E-003)
       (0.99999999999999922,-1.24010680749727639E-004)
   1.0000000000000000                2           9
               (0.0000000000000000,0.0000000000000000)
               (0.0000000000000000,0.0000000000000000)
  -2.0943951023931953       -1.2091995761561449     
       (0.99999999999999922,-3.47908896953158086E-004)
             (0.72808740103221614,0.41872981090513339)
            (0.72808740103221692,-0.41872981090513101)
       (0.99999999999999900,-2.51142962317803015E-004)
  -2.0943951023931953        1.2091995761561449     
         (1.0000000000000002,1.97762579170116968E-003)
            (0.72733374590222510,-0.42006771917451297)
             (0.72733374590222277,0.42006771917451463)
         (1.0000000000000007,6.34625919877985297E-004)
   0.0000000000000000       -2.4183991523122899     
        (0.99999999999999944,1.53238441961111010E-003)
        (5.02679986674550456E-004,0.83977489185470389)
       (5.02679986676141739E-004,-0.83977489185470366)
       (0.99999999999999922,-1.50045889673024960E-003)
   0.0000000000000000        0.0000000000000000     
         (1.0000000000000029,5.59672153593617524E-004)
       (0.90658068200810904,-5.64435410956734367E-005)
        (0.90658068200810804,5.64435410980407583E-005)
        (1.0000000000000036,-3.44941191388013269E-004)
   0.0000000000000000        2.4183991523122899     
        (0.99999999999999900,2.94223048087605870E-004)
       (6.01940427393440002E-004,-0.83946260621570445)
        (6.01940427390787718E-004,0.83946260621570401)
       (0.99999999999999922,-4.03671953855421167E-004)
   2.0943951023931953       -1.2091995761561449     
         (1.0000000000000000,3.50681678057832708E-003)
             (0.72780617820330962,0.42106116172446900)
            (0.72780617820330917,-0.42106116172446689)
         (1.0000000000000004,4.95287989610137722E-004)
   2.0943951023931953        1.2091995761561449     
       (0.99999999999999900,-1.67753545580779056E-003)
            (0.72757143271172953,-0.41906393527715102)
             (0.72757143271172786,0.41906393527715252)
       (0.99999999999999944,-5.73804332098315018E-004)
   2.0943951023931953        3.6275987284684348     
         (1.0000000000000000,3.63670353286370783E-003)
  (-9.03126661966217360E-003,3.96444251013912050E-003)
 (-9.03126661966177982E-003,-3.96444251013907886E-003)
       (0.99999999999999944,-5.59416650761429806E-003)
   4.1887902047863905        0.0000000000000000     
        (1.0000000000000004,-6.47897143652669330E-004)
   (6.29389049412152138E-003,1.01768648826990118E-002)
  (6.29389049412153352E-003,-1.01768648826998341E-002)
       (0.99999999999999922,-9.66978001146235407E-004)
   1.0000000000000000                2           9
               (0.0000000000000000,0.0000000000000000)
               (0.0000000000000000,0.0000000000000000)
  -2.0943951023931953       -1.2091995761561449     
        (0.99999999999999845,2.75331320644077405E-003)
             (0.72653919633903641,0.41878077992688867)
            (0.72653919633903563,-0.41878077992688678)
       (0.99999999999999956,-2.80753030129158145E-003)
  -2.0943951023931953        1.2091995761561449     
         (1.0000000000000000,3.66054633585298798E-003)
            (0.72615387253343677,-0.42073074609885919)
             (0.72615387253343544,0.42073074609885996)
        (1.0000000000000004,-2.35195495802936007E-004)
   0.0000000000000000       -2.4183991523122899     
        (0.99999999999999878,1.02226287218368391E-003)
        (9.46164881643464387E-004,0.83815534977849848)
       (9.46164881643470567E-004,-0.83815534977849826)
       (0.99999999999999922,-1.58084331345789350E-003)
   0.0000000000000000        0.0000000000000000     
         (1.0000000000000027,6.77351332158070553E-004)
       (0.90717494908183249,-3.91771473661697118E-004)
        (0.90717494908183327,3.91771473662356584E-004)
        (1.0000000000000038,-7.56883360887028998E-004)
   0.0000000000000000        2.4183991523122899     
        (0.99999999999999900,2.71235775035590532E-003)
      (-9.60698747123073867E-004,-0.83876608126779073)
       (-9.60698747124251961E-004,0.83876608126779140)
        (1.0000000000000000,-9.18834607843969703E-004)
   2.0943951023931953       -1.2091995761561449     
        (0.99999999999999978,4.53348104210210296E-004)
             (0.72752357016590574,0.41773701974643074)
            (0.72752357016590519,-0.41773701974643013)
        (1.0000000000000007,-1.96245508638148757E-003)
   2.0943951023931953        1.2091995761561449     
        (0.99999999999999822,1.61608110354439127E-003)
            (0.72537579652848860,-0.42042696492433174)
             (0.72537579652848860,0.42042696492433124)
       (0.99999999999999922,-1.75486374772338598E-003)
   2.0943951023931953        3.6275987284684348     
        (0.99999999999999944,1.81023479859019633E-003)
  (1.78949031345254639E-003,-5.61389576683661226E-003)
   (1.78949031345285474E-003,5.61389576683559918E-003)
         (1.0000000000000007,6.78155723486148065E-003)
   4.1887902047863905        0.0000000000000000     
       (0.99999999999999978,-9.69758659404020180E-003)
 (-4.11915351278626871E-003,-2.35398185312814950E-003)
  (-4.11915351278601023E-003,2.35398185313050743E-003)
         (1.0000000000000000,2.81579605351965417E-003)
   1.0000000000000000                2           9
               (0.0000000000000000,0.0000000000000000)
               (0.0000000000000000,0.0000000000000000)
  -2.0943951023931953       -1.2091995761561449     
       (0.99999999999999922,-6.57405619601058298E-004)
             (0.72692107776802672,0.41877569533881825)
            (0.72692107776802706,-0.41877569533881892)
        (0.99999999999999922,1.77629169486838087E-003)
  -2.0943951023931953        1.2091995761561449     
        (1.0000000000000002,-1.94694365234459373E-003)
            (0.72716117192872143,-0.41979432614010531)
             (0.72716117192872209,0.41979432614010598)
         (1.0000000000000004,3.22622036322041351E-004)
   0.0000000000000000       -2.4183991523122899     
       (0.99999999999999900,-2.56754723026830778E-004)
        (1.62647007371530868E-003,0.83844966375633523)
       (1.62647007371486459E-003,-0.83844966375633645)
        (0.99999999999999922,1.08597837824900715E-004)
   0.0000000000000000        0.0000000000000000     
        (1.0000000000000027,-6.35329818162796642E-004)
       (0.90674123886930624,-3.66360448462981251E-004)
        (0.90674123886930735,3.66360448463840102E-004)
         (1.0000000000000033,4.63882059812951997E-004)
   0.0000000000000000        2.4183991523122899     
       (0.99999999999999944,-1.41582794211617558E-003)
       (3.62413876715989643E-004,-0.83890132516169746)
        (3.62413876714410665E-004,0.83890132516169857)
        (0.99999999999999922,1.58703836568502895E-003)
   2.0943951023931953       -1.2091995761561449     
        (1.0000000000000002,-1.61171938116513088E-003)
             (0.72741653850701382,0.41811532996044931)
            (0.72741653850701515,-0.41811532996044876)
         (1.0000000000000002,2.70772333070311028E-003)
   2.0943951023931953        1.2091995761561449     
       (0.99999999999999900,-2.03051321437051208E-003)
            (0.72687147224345661,-0.41872967744738099)
             (0.72687147224345605,0.41872967744738304)
        (0.99999999999999944,3.32452516491890844E-003)
   2.0943951023931953        3.6275987284684348     
        (1.0000000000000000,-9.79975796590242497E-003)
   (8.98094438766415711E-003,6.59161455024541171E-003)
  (8.98094438766432884E-003,-6.59161455024614117E-003)
        (0.99999999999999944,3.42372329734223291E-003)
   4.1887902047863905        0.0000000000000000     
        (1.0000000000000000,-1.14761665733171710E-002)
   (6.54566032824984313E-003,1.97677438500494908E-003)
  (6.54566032824970782E-003,-1.97677438500442650E-003)
        (0.99999999999999922,7.65997621871980072E-003)
   1.0000000000000000                2           9
               (0.0000000000000000,0.0000000000000000)
               (0.0000000000000000,0.0000000000000000)
  -2.0943951023931953       -1.2091995761561449     
       (0.99999999999999922,-3.16771239008729563E-004)
             (0.72604210678993608,0.41991994310528102)
            (0.72604210678993664,-0.41991994310528052)
        (0.99999999999999900,1.23652149901583557E-003)
  -2.0943951023931953        1.2091995761561449     
        (1.0000000000000002,-2.56520255402933113E-004)
            (0.72725886519459249,-0.41823209058970617)
             (0.72725886519459282,0.41823209058970684)
         (1.0000000000000004,6.78297874170329237E-004)
   0.0000000000000000       -2.4183991523122899     
       (0.99999999999999922,-1.84472301056775949E-003)
        (1.71898415407022317E-003,0.83857651844842973)
       (1.71898415407151228E-003,-0.83857651844842951)
        (0.99999999999999900,5.84930753633587500E-004)
   0.0000000000000000        0.0000000000000000     
         (1.0000000000000027,6.22705153302656141E-004)
       (0.90631403120137177,-4.83804040850721363E-006)
        (0.90631403120137166,4.83804040947906790E-006)
        (1.0000000000000033,-3.61717710316213732E-004)
   0.0000000000000000        2.4183991523122899     
       (0.99999999999999922,-7.65549656028338232E-004)
      (-9.43038300448654636E-005,-0.83862134553857925)
       (-9.43038300453157192E-005,0.83862134553857903)
        (0.99999999999999922,3.16937795027481936E-004)
   2.0943951023931953       -1.2091995761561449     
        (1.0000000000000002,-7.02811617014773168E-004)
             (0.72711838737624790,0.41897259402336728)
            (0.72711838737624901,-0.41897259402336617)
         (1.0000000000000004,2.19859782685968212E-004)
   2.0943951023931953        1.2091995761561449     
       (0.99999999999999922,-1.02258965453987354E-004)
            (0.72693988900193229,-0.41938386202838895)
             (0.72693988900193196,0.41938386202838995)
        (0.99999999999999900,7.43842715435901478E-004)
   2.0943951023931953        3.6275987284684348     
        (0.99999999999999978,2.43932061556019866E-004)
  (9.24849193129406721E-004,-3.62731222895186609E-004)
   (9.24849193130541664E-004,3.62731222894403002E-004)
        (0.99999999999999922,2.72176927199764031E-003)
   4.1887902047863905        0.0000000000000000     
        (1.0000000000000002,-3.13169222972058646E-003)
  (-1.67063924791101119E-003,3.36692758500678566E-003)
 (-1.67063924791032033E-003,-3.36692758500652329E-003)
        (0.99999999999999956,4.95484777126965238E-003)
   1.0000000000000000                2           9
               (0.0000000000000000,0.0000000000000000)
               (0.0000000000000000,0.0000000000000000)
  -2.0943951023931953       -1.2091995761561449     
        (0.99999999999999867,1.89182401343963982E-004)
             (0.72679764310883799,0.42062400236309194)
            (0.72679764310883810,-0.42062400236309250)
        (0.99999999999999944,2.24110394809803849E-004)
  -2.0943951023931953        1.2091995761561449     
        (1.0000000000000000,-1.14913022802638781E-004)
            (0.72790302736854273,-0.41918379743157497)
             (0.72790302736854451,0.41918379743157447)
         (1.0000000000000009,2.79806132653553918E-003)
   0.0000000000000000       -2.4183991523122899     
        (0.99999999999999878,3.92352678761867730E-004)
       (-4.25388810023402046E-004,0.83976516299992154)
      (-4.25388810024512269E-004,-0.83976516299992332)
        (0.99999999999999978,3.26650474487925565E-004)
   0.0000000000000000        0.0000000000000000     
        (1.0000000000000027,-3.99790376226100627E-005)
        (0.90683282336721360,5.26615658388701765E-004)
       (0.90683282336721449,-5.26615658389307075E-004)
         (1.0000000000000036,3.59133890273494660E-004)
   0.0000000000000000        2.4183991523122899     
       (0.99999999999999878,-3.44895324335625425E-004)
       (1.07888010475842844E-004,-0.84009574135884835)
        (1.07888010475879856E-004,0.84009574135884946)
        (0.99999999999999956,4.82881787941017056E-003)
   2.0943951023931953       -1.2091995761561449     
        (1.0000000000000002,-2.18921101339292386E-003)
             (0.72853274909921106,0.42099632139537940)
            (0.72853274909921195,-0.42099632139538001)
         (1.0000000000000007,1.31595705237223652E-003)
   2.0943951023931953        1.2091995761561449     
       (0.99999999999999878,-1.00255381268367751E-003)
            (0.72757794764058525,-0.41928269776682170)
             (0.72757794764058614,0.41928269776682159)
       (0.99999999999999956,-9.86282444649354013E-004)
   2.0943951023931953        3.6275987284684348     
        (0.99999999999999922,3.75973261531147495E-003)
  (4.94901682191527421E-003,-1.32466559011888284E-003)
   (4.94901682191601407E-003,1.32466559011740594E-003)
       (0.99999999999999944,-1.98349596901088157E-003)
   4.1887902047863905        0.0000000000000000     
        (0.99999999999999900,2.83122142562482616E-004)
   (3.56389678506489416E-003,1.95956831533865804E-003)
  (3.56389678506704088E-003,-1.95956831533986194E-003)
        (1.0000000000000007,-4.29951857166000970E-003)
   1.0000000000000000                2           9
               (0.0000000000000000,0.0000000000000000)
               (0.0000000000000000,0.0000000000000000)
  -2.0943951023931953       -1.2091995761561449     
        (0.99999999999999900,5.63574961344446128E-005)
             (0.72627721384462218,0.41991751189127691)
            (0.72627721384462263,-0.41991751189127791)
       (0.99999999999999900,-6.21136049473021922E-004)
  -2.0943951023931953        1.2091995761561449     
        (1.0000000000000002,-6.46928745468135420E-004)
            (0.72707415127712505,-0.41829811391252386)
             (0.72707415127712594,0.41829811391252353)
        (1.0000000000000004,-2.71908693021175561E-005)
   0.0000000000000000       -2.4183991523122899     
        (0.99999999999999944,5.77706539043661149E-004)
       (-1.68168768113918787E-003,0.83872802820777992)
      (-1.68168768114002661E-003,-0.83872802820778025)
       (0.99999999999999922,-1.49288423528205218E-003)
   0.0000000000000000        0.0000000000000000     
        (1.0000000000000029,-5.94994243366889631E-004)
        (0.90673693133516031,9.15503144123296433E-004)
       (0.90673693133516076,-9.15503144123670917E-004)
         (1.0000000000000036,2.82342562013651534E-004)
   0.0000000000000000        2.4183991523122899     
       (0.99999999999999900,-1.16123810939240723E-003)
       (1.96604467354418366E-003,-0.83743393389568743)
        (1.96604467354430682E-003,0.83743393389568788)
        (0.99999999999999922,7.33153628265618084E-004)
   2.0943951023931953       -1.2091995761561449     
        (1.0000000000000004,-1.24438103344168207E-003)
             (0.72477678181379834,0.42077264291292760)
            (0.72477678181379879,-0.42077264291292810)
         (1.0000000000000007,8.19290881421828833E-004)
   2.0943951023931953        1.2091995761561449     
        (0.99999999999999922,1.91978548211514124E-003)
            (0.72685102837861371,-0.41742985124417920)
             (0.72685102837861471,0.41742985124417942)
        (0.99999999999999900,8.77623164616375771E-004)
   2.0943951023931953        3.6275987284684348     
       (0.99999999999999978,-3.32092242842925163E-004)
 (-6.01100165578251171E-005,-3.36804928356770070E-003)
  (-6.01100165575167226E-005,3.36804928356678260E-003)
       (0.99999999999999900,-2.05193388391219792E-003)
   4.1887902047863905        0.0000000000000000     
         (1.0000000000000000,5.10470101029993420E-003)
   (7.08512114440140728E-003,5.47504695636570355E-003)
  (7.08512114440140728E-003,-5.47504695636560380E-003)
       (0.99999999999999922,-4.69609382058572885E-003)
   1.0000000000000000                2           9
               (0.0000000000000000,0.0000000000000000)
               (0.0000000000000000,0.0000000000000000)
  -2.0943951023931953       -1.2091995761561449     
        (0.99999999999999922,1.36638159957484188E-003)
             (0.72743519480737284,0.41923441983012871)
            (0.72743519480737251,-0.41923441983012877)
       (0.99999999999999900,-9.23144419259443118E-004)
  -2.0943951023931953        1.2091995761561449     
         (1.0000000000000002,6.05679854058567601E-004)
            (0.72706340731487684,-0.42131261074945714)
             (0.72706340731487562,0.42131261074945753)
        (1.0000000000000007,-1.95923271785460105E-004)
   0.0000000000000000       -2.4183991523122899     
        (0.99999999999999944,5.53747207183527546E-004)
       (-1.63654466203434610E-004,0.84050528068891195)
      (-1.63654466203576478E-004,-0.84050528068891239)
        (0.99999999999999944,7.72913290227951363E-005)
   0.0000000000000000        0.0000000000000000     
         (1.0000000000000031,6.93660359459298288E-004)
       (0.90713444795299436,-5.28710659863560872E-004)
        (0.90713444795299358,5.28710659863947390E-004)
        (1.0000000000000036,-3.57202479763633646E-004)
   0.0000000000000000        2.4183991523122899     
       (0.99999999999999922,-2.48248999991638282E-004)
      (-2.25181279427647289E-003,-0.84063378461056060)
       (-2.25181279427746602E-003,0.84063378461056137)
       (0.99999999999999922,-2.21434794686972995E-003)
   2.0943951023931953       -1.2091995761561449     
        (1.0000000000000002,-3.63682637487503858E-004)
             (0.72774662948128210,0.42010715908025603)
            (0.72774662948128088,-0.42010715908025587)
        (1.0000000000000007,-4.54035070051156267E-004)
   2.0943951023931953        1.2091995761561449     
       (0.99999999999999900,-1.07696084794256779E-003)
            (0.72707075023292000,-0.42081490816295708)
             (0.72707075023291901,0.42081490816295758)
        (0.99999999999999900,6.57369598013888938E-004)
   2.0943951023931953        3.6275987284684348     
        (1.0000000000000002,-2.47229703310999048E-003)
 (-3.41281594866005289E-003,-7.65249174058308789E-003)
  (-3.41281594866136044E-003,7.65249174058374622E-003)
        (0.99999999999999978,5.74615151273920668E-003)
   4.1887902047863905        0.0000000000000000     
        (0.99999999999999978,9.12451021390125669E-004)
  (-4.20246855701902552E-003,3.67041404338885576E-003)
 (-4.20246855702044453E-003,-3.67041404338954271E-003)
        (0.99999999999999944,4.69253283806941607E-003)
