           2         (8.7894927964738958,2.04284859470202848E-002)   1.0000000000000000     
           2         (8.7384548870266805,3.13761634268731491E-003)   1.0000000000000000     
           2         (8.8302008433175931,4.33510262006236383E-004)   1.0000000000000000     
           2         (8.6457828853316219,4.09392458830918488E-003)   1.0000000000000000     
           2         (8.7599838565831618,1.17349643311986489E-002)   1.0000000000000000     
           2        (8.8178954128718487,-1.23467029658242307E-002)   1.0000000000000000     
           2         (8.8951339804143341,6.57668588684312376E-004)   1.0000000000000000     
           2         (8.1062701889755040,9.17731256854991892E-003)   1.0000000000000000     
           2        (8.8574353336710896,-1.69120777676310223E-002)   1.0000000000000000     
           2         (8.7320427423834808,9.68319998915019402E-003)   1.0000000000000000     
           2         (8.6281445141420505,7.03254331943764868E-003)   1.0000000000000000     
           2        (8.7536334294416083,-4.99582493830456800E-003)   1.0000000000000000     
           2         (8.7890360693070946,1.39988452264999830E-002)   1.0000000000000000     
