   1.0000000000000000                2           9
               (0.0000000000000000,0.0000000000000000)
               (0.0000000000000000,0.0000000000000000)
  -2.0943951023931953       -1.2091995761561449     
        (0.65959161199526717,3.20731096002822995E-016)
           (-0.29076989232789313,-0.16403029955236681)
            (-0.29076989232789358,0.16403029955236656)
        (0.66143180110987265,4.07081775695890715E-016)
  -2.0943951023931953        1.2091995761561449     
        (0.66170438556769273,2.22044604925031308E-016)
            (-0.28609886567499526,0.16703067417452144)
           (-0.28609886567499532,-0.16703067417452183)
        (0.65849517864844131,2.83723661848651094E-016)
   0.0000000000000000       -2.4183991523122899     
        (0.65977635464420337,2.71387850463927176E-016)
      (-2.63086447730801832E-003,-0.33062639024491391)
       (-2.63086447730835138E-003,0.33062639024491375)
        (0.65933966504267094,3.45402718772270929E-016)
   0.0000000000000000        0.0000000000000000     
         (1.5955258103008012,3.08866150112209873E-016)
       (-1.5523525686291528,-4.32783447509249615E-016)
       (-1.5523525686291528,-4.32783447509250108E-016)
         (1.5985131848294680,6.32239608777508236E-016)
   0.0000000000000000        2.4183991523122899     
        (0.65977635464420337,1.23358113847239621E-016)
       (-2.63086447730837610E-003,0.33062639024491391)
      (-2.63086447730798145E-003,-0.33062639024491375)
        (0.65933966504267094,1.97372982155583374E-016)
   2.0943951023931953       -1.2091995761561449     
        (0.66170438556769284,3.20731096002822995E-016)
           (-0.28609886567499521,-0.16703067417452186)
            (-0.28609886567499526,0.16703067417452128)
        (0.65849517864844143,3.08395284618099028E-016)
   2.0943951023931953        1.2091995761561449     
        (0.65959161199526706,2.22044604925031308E-016)
            (-0.29076989232789346,0.16403029955236675)
           (-0.29076989232789319,-0.16403029955236667)
        (0.66143180110987265,2.34380416309755275E-016)
   2.0943951023931953        3.6275987284684348     
        (0.62270320845248073,4.84358635603528976E-016)
  (-2.41897844061650982E-005,1.69861826923052247E-003)
 (-2.41897844061650982E-005,-1.69861826923134278E-003)
        (0.62256509785582959,5.96647308104875304E-016)
   4.1887902047863905        0.0000000000000000     
        (0.62270320845248095,2.02129099565745194E-016)
 (-2.41897844064981651E-005,-1.69861826923073823E-003)
  (-2.41897844064611599E-005,1.69861826923066515E-003)
        (0.62256509785582981,3.01636207545097599E-016)
   1.0000000000000000                2           9
               (0.0000000000000000,0.0000000000000000)
               (0.0000000000000000,0.0000000000000000)
  -2.0943951023931953       -1.2091995761561449     
        (0.66460312279333322,3.82410152926442830E-016)
           (-0.28501283434277935,-0.16784447367644104)
            (-0.28501283434277952,0.16784447367644045)
        (0.65785483379592702,3.20731096002822995E-016)
  -2.0943951023931953        1.2091995761561449     
        (0.66271318199774165,1.48029736616687531E-016)
            (-0.28820483429935889,0.16558283838112578)
           (-0.28820483429935873,-0.16558283838112553)
        (0.65744023914801020,6.16790569236198105E-017)
   0.0000000000000000       -2.4183991523122899     
        (0.66263257047851309,3.82410152926442830E-016)
       (2.59420863588843975E-003,-0.33278167140704018)
        (2.59420863588821164E-003,0.33278167140703990)
        (0.65725738903464848,3.33066907387546962E-016)
   0.0000000000000000        0.0000000000000000     
         (1.6095614591645748,1.39977926932273133E-015)
       (-1.5620817544327881,-1.09788310046032680E-015)
       (-1.5620817544327881,-1.09788310046032661E-015)
         (1.6010172339179136,1.02902802426773221E-015)
   0.0000000000000000        2.4183991523122899     
        (0.66263257047851321,1.85037170770859432E-016)
        (2.59420863588818084E-003,0.33278167140704018)
       (2.59420863588845840E-003,-0.33278167140703996)
        (0.65725738903464848,1.60365548001411498E-016)
   2.0943951023931953       -1.2091995761561449     
        (0.66271318199774154,1.72701359386135465E-016)
           (-0.28820483429935867,-0.16558283838112567)
            (-0.28820483429935900,0.16558283838112567)
        (0.65744023914801031,2.34380416309755275E-016)
   2.0943951023931953        1.2091995761561449     
        (0.66460312279333333,1.85037170770859432E-016)
            (-0.28501283434277946,0.16784447367644065)
           (-0.28501283434277941,-0.16784447367644090)
        (0.65785483379592702,1.72701359386135465E-016)
   2.0943951023931953        3.6275987284684348     
        (0.62747557537054310,6.16433443738611128E-016)
   (3.66293519559580776E-003,8.06742852831861875E-005)
  (3.66293519559583248E-003,-8.06742852839759068E-005)
        (0.62012001908347103,5.16980603029689393E-016)
   4.1887902047863905        0.0000000000000000     
        (0.62747557537054310,3.82096080926800484E-016)
  (3.66293519559548727E-003,-8.06742852834273954E-005)
   (3.66293519559551198E-003,8.06742852833006792E-005)
        (0.62012001908347103,2.09206568612870857E-016)
   1.0000000000000000                2           9
               (0.0000000000000000,0.0000000000000000)
               (0.0000000000000000,0.0000000000000000)
  -2.0943951023931953       -1.2091995761561449     
       (0.66167490971939469,-4.93432455388958435E-017)
           (-0.28933168343693327,-0.16497356434214214)
            (-0.28933168343693327,0.16497356434214228)
       (0.65889755753443935,-1.23358113847239621E-016)
  -2.0943951023931953        1.2091995761561449     
       (0.65977379919857360,-9.86864910777916870E-017)
            (-0.28762485965016871,0.16572033355118312)
           (-0.28762485965016882,-0.16572033355118324)
       (0.66019256854159103,-1.23358113847239621E-016)
   0.0000000000000000       -2.4183991523122899     
        (0.65824414795007335,4.93432455388958435E-017)
      (-2.70548023541621226E-003,-0.32944164733951609)
       (-2.70548023541615024E-003,0.32944164733951575)
       (0.65772309240719040,-6.16790569236198105E-017)
   0.0000000000000000        0.0000000000000000     
        (1.5935705983619850,-9.62602253271542842E-018)
        (-1.5482384914005989,6.18425996013749623E-017)
        (-1.5482384914005989,6.18425996013749746E-017)
        (1.5873369948828306,-1.27953047909508796E-016)
   0.0000000000000000        2.4183991523122899     
       (0.65824414795007335,-1.23358113847239621E-016)
       (-2.70548023541611338E-003,0.32944164733951603)
      (-2.70548023541624912E-003,-0.32944164733951586)
       (0.65772309240719040,-3.08395284618099028E-016)
   2.0943951023931953       -1.2091995761561449     
       (0.65977379919857360,-7.40148683083437653E-017)
           (-0.28762485965016882,-0.16572033355118318)
            (-0.28762485965016871,0.16572033355118304)
       (0.66019256854159103,-7.40148683083437653E-017)
   2.0943951023931953        1.2091995761561449     
       (0.66167490971939480,-1.72701359386135465E-016)
            (-0.28933168343693327,0.16497356434214244)
           (-0.28933168343693327,-0.16497356434214203)
       (0.65889755753443957,-2.46716227694479242E-016)
   2.0943951023931953        3.6275987284684348     
        (0.62277998151879621,2.42970564122203240E-016)
   (4.52420224669279744E-004,1.97022830907080348E-004)
  (4.52420224669131750E-004,-1.97022830907809664E-004)
        (0.62270993567815724,1.57709517497536921E-016)
   4.1887902047863905        0.0000000000000000     
       (0.62277998151879621,-8.85605549324452574E-017)
  (4.52420224668786323E-004,-1.97022830907332182E-004)
   (4.52420224668983702E-004,1.97022830907213245E-004)
       (0.62270993567815724,-1.85812596739023855E-016)
   1.0000000000000000                2           9
               (0.0000000000000000,0.0000000000000000)
               (0.0000000000000000,0.0000000000000000)
  -2.0943951023931953       -1.2091995761561449     
       (0.66652132470264069,-6.90805437544541858E-016)
           (-0.29083905983426322,-0.16992659853021649)
            (-0.29083905983426250,0.16992659853021685)
       (0.66237497306585424,-4.31753398465338649E-016)
  -2.0943951023931953        1.2091995761561449     
       (0.66586143214601656,-6.16790569236198056E-016)
            (-0.29269831581601857,0.16296725241408139)
           (-0.29269831581601841,-0.16296725241408064)
       (0.66205239263388016,-4.93432455388958484E-016)
   0.0000000000000000       -2.4183991523122899     
       (0.66313330285841543,-3.33066907387546962E-016)
      (-4.55113937461377842E-003,-0.32987938113684412)
       (-4.55113937461354423E-003,0.32987938113684423)
       (0.65914778158149012,-3.20731096002822995E-016)
   0.0000000000000000        0.0000000000000000     
        (1.6084210444094094,-2.13013931582960563E-015)
        (-1.5675109050068499,2.06740670601798319E-015)
        (-1.5675109050068496,2.06740670601798240E-015)
        (1.6127988677663760,-2.07789972309274550E-015)
   0.0000000000000000        2.4183991523122899     
       (0.66313330285841543,-5.55111512312578270E-016)
       (-4.55113937461348265E-003,0.32987938113684456)
      (-4.55113937461385301E-003,-0.32987938113684384)
       (0.65914778158149023,-4.93432455388958484E-016)
   2.0943951023931953       -1.2091995761561449     
       (0.66586143214601667,-5.18104078158406418E-016)
           (-0.29269831581601852,-0.16296725241408072)
            (-0.29269831581601863,0.16296725241408117)
       (0.66205239263388016,-4.19417587080614682E-016)
   2.0943951023931953        1.2091995761561449     
       (0.66652132470264069,-7.40148683083437726E-016)
            (-0.29083905983426261,0.16992659853021705)
           (-0.29083905983426322,-0.16992659853021641)
       (0.66237497306585424,-5.30439889543130336E-016)
   2.0943951023931953        3.6275987284684348     
       (0.62726442192378273,-2.60387410875361278E-016)
  (-1.01527842437323631E-003,1.43045754597935417E-003)
 (-1.01527842437348307E-003,-1.43045754598018359E-003)
        (0.62158869366714298,8.55603637281101576E-017)
   4.1887902047863905        0.0000000000000000     
       (0.62726442192378273,-5.43364393812709428E-016)
 (-1.01527842437380378E-003,-1.43045754597969439E-003)
  (-1.01527842437360624E-003,1.43045754597944091E-003)
       (0.62158869366714298,-1.73235199801103891E-016)
   1.0000000000000000                2           9
               (0.0000000000000000,0.0000000000000000)
               (0.0000000000000000,0.0000000000000000)
  -2.0943951023931953       -1.2091995761561449     
       (0.65917500946423679,-3.20731096002822995E-016)
           (-0.28260152600812138,-0.16774727432606293)
            (-0.28260152600812127,0.16774727432606301)
       (0.65739367103381319,-3.94745964311166748E-016)
  -2.0943951023931953        1.2091995761561449     
       (0.66021862134604237,-3.70074341541718863E-016)
            (-0.29086283265648305,0.16335746306476137)
           (-0.29086283265648338,-0.16335746306476087)
       (0.66117052698758094,-4.07081775695890715E-016)
   0.0000000000000000       -2.4183991523122899     
       (0.66033913043772219,-3.33066907387546962E-016)
       (2.46317184814793914E-003,-0.33276471341625324)
        (2.46317184814840795E-003,0.33276471341625313)
       (0.65914381562433721,-2.96059473233375061E-016)
   0.0000000000000000        0.0000000000000000     
        (1.6025572467980036,-6.57035324320726643E-016)
        (-1.5610700801232253,4.43414639305970326E-016)
        (-1.5610700801232253,4.43414639305970425E-016)
        (1.6070372538751654,-2.62477585091104233E-016)
   0.0000000000000000        2.4183991523122899     
       (0.66033913043772219,-5.55111512312578270E-016)
        (2.46317184814837109E-003,0.33276471341625341)
       (2.46317184814796386E-003,-0.33276471341625302)
       (0.65914381562433733,-5.18104078158406418E-016)
   2.0943951023931953       -1.2091995761561449     
       (0.66021862134604226,-3.45402718772270929E-016)
           (-0.29086283265648338,-0.16335746306476107)
            (-0.29086283265648305,0.16335746306476123)
       (0.66117052698758094,-3.33066907387546962E-016)
   2.0943951023931953        1.2091995761561449     
       (0.65917500946423679,-4.19417587080614682E-016)
            (-0.28260152600812127,0.16774727432606312)
           (-0.28260152600812138,-0.16774727432606282)
       (0.65739367103381308,-5.18104078158406418E-016)
   2.0943951023931953        3.6275987284684348     
       (0.62303782371451477,-1.26841548295137673E-016)
  (3.25073319743271772E-005,-3.65676544632613509E-003)
   (3.25073319742284945E-005,3.65676544632540044E-003)
       (0.62472818690939569,-1.01598264912415035E-016)
   4.1887902047863905        0.0000000000000000     
       (0.62303782371451488,-4.22299047056172313E-016)
   (3.25073319739200932E-005,3.65676544632595251E-003)
  (3.25073319739817775E-005,-3.65676544632613336E-003)
       (0.62472818690939591,-3.85695515728060442E-016)
   1.0000000000000000                2           9
               (0.0000000000000000,0.0000000000000000)
               (0.0000000000000000,0.0000000000000000)
  -2.0943951023931953       -1.2091995761561449     
       (0.65885645988990582,-9.86864910777916870E-017)
           (-0.28688752435702120,-0.16528432753289002)
            (-0.28688752435702125,0.16528432753288996)
        (0.65809689449733677,2.46716227694479218E-017)
  -2.0943951023931953        1.2091995761561449     
       (0.65921859978625874,-1.48029736616687531E-016)
            (-0.28806599854928616,0.16525195602807463)
           (-0.28806599854928605,-0.16525195602807441)
       (0.65934508997485120,-4.93432455388958435E-017)
   0.0000000000000000       -2.4183991523122899     
       (0.65831738342989354,-6.16790569236198105E-017)
      (-1.15842264826245445E-003,-0.33052217978835768)
       (-1.15842264826233735E-003,0.33052217978835746)
        (0.65783834332090385,1.23358113847239609E-017)
   0.0000000000000000        0.0000000000000000     
        (1.5950178205365357,-3.62552316303192074E-016)
        (-1.5533381744000405,2.21808558701808401E-016)
        (-1.5533381744000405,2.21808558701808376E-016)
        (1.6000234923106538,-8.80531324943575851E-017)
   0.0000000000000000        2.4183991523122899     
       (0.65831738342989354,-2.83723661848651094E-016)
       (-1.15842264826233107E-003,0.33052217978835779)
      (-1.15842264826246074E-003,-0.33052217978835741)
       (0.65783834332090385,-2.09708793540307341E-016)
   2.0943951023931953       -1.2091995761561449     
       (0.65921859978625874,-9.86864910777916870E-017)
           (-0.28806599854928600,-0.16525195602807463)
            (-0.28806599854928600,0.16525195602807458)
        (0.65934508997485120,4.93432455388958435E-017)
   2.0943951023931953        1.2091995761561449     
       (0.65885645988990582,-1.97372982155583374E-016)
            (-0.28688752435702120,0.16528432753289016)
           (-0.28688752435702131,-0.16528432753288985)
       (0.65809689449733677,-1.23358113847239621E-016)
   2.0943951023931953        3.6275987284684348     
        (0.62278128118729914,2.33653381563260701E-016)
   (6.85292557335095715E-004,4.68680975826870066E-004)
  (6.85292557335145046E-004,-4.68680975827600709E-004)
        (0.62355143827205617,2.36882977131653994E-016)
   4.1887902047863905        0.0000000000000000     
       (0.62278128118729925,-4.90032760034315800E-017)
  (6.85292557334836591E-004,-4.68680975827055410E-004)
   (6.85292557334799620E-004,4.68680975827109457E-004)
       (0.62355143827205617,-9.58726771152662788E-017)
   1.0000000000000000                2           9
               (0.0000000000000000,0.0000000000000000)
               (0.0000000000000000,0.0000000000000000)
  -2.0943951023931953       -1.2091995761561449     
        (0.65818664157288553,8.63506796930677298E-016)
           (-0.28699423969911236,-0.16547168682098645)
            (-0.28699423969911281,0.16547168682098565)
        (0.65773644139156673,9.00514231084849150E-016)
  -2.0943951023931953        1.2091995761561449     
        (0.65810639864559450,7.40148683083437726E-016)
            (-0.28491522144732323,0.16660396716814319)
           (-0.28491522144732273,-0.16660396716814366)
        (0.65790001406478515,8.14163551391781430E-016)
   0.0000000000000000       -2.4183991523122899     
        (0.65860187072480159,9.00514231084849150E-016)
       (4.17824307732498734E-004,-0.33149694413543712)
        (4.17824307731616681E-004,0.33149694413543701)
        (0.65831254131903616,8.75842608315401315E-016)
   0.0000000000000000        0.0000000000000000     
         (1.5853064284203462,2.02352730695765937E-015)
       (-1.5420297737539643,-2.00905556056717912E-015)
       (-1.5420297737539643,-2.00905556056717912E-015)
         (1.5841042064558324,2.08021625463735551E-015)
   0.0000000000000000        2.4183991523122899     
        (0.65860187072480147,6.78469626159817842E-016)
        (4.17824307731647527E-004,0.33149694413543718)
       (4.17824307732480194E-004,-0.33149694413543684)
        (0.65831254131903627,7.77156117237609578E-016)
   2.0943951023931953       -1.2091995761561449     
        (0.65810639864559439,8.38835174161229364E-016)
           (-0.28491522144732279,-0.16660396716814374)
            (-0.28491522144732329,0.16660396716814296)
        (0.65790001406478504,8.38835174161229364E-016)
   2.0943951023931953        1.2091995761561449     
        (0.65818664157288553,7.89491928622333496E-016)
            (-0.28699423969911275,0.16547168682098581)
           (-0.28699423969911231,-0.16547168682098629)
        (0.65773644139156673,7.52484494468161644E-016)
   2.0943951023931953        3.6275987284684348     
        (0.62192301973244790,1.05902381048662355E-015)
  (-1.83552170703007699E-005,1.48579377939905767E-003)
 (-1.83552170702514251E-005,-1.48579377939962298E-003)
        (0.62074426000723826,1.05280587934064461E-015)
   4.1887902047863905        0.0000000000000000     
        (0.62192301973244812,8.14354581713923155E-016)
 (-1.83552170706091644E-005,-1.48579377939906201E-003)
  (-1.83552170705474869E-005,1.48579377939908283E-003)
        (0.62074426000723848,8.33066222776685701E-016)
   1.0000000000000000                2           9
               (0.0000000000000000,0.0000000000000000)
               (0.0000000000000000,0.0000000000000000)
  -2.0943951023931953       -1.2091995761561449     
        (0.66766292641619474,4.31753398465338649E-016)
           (-0.28872678279479458,-0.16632511404385525)
            (-0.28872678279479491,0.16632511404385475)
        (0.66607657993413305,6.53798003390370007E-016)
  -2.0943951023931953        1.2091995761561449     
        (0.66669720893087570,5.67447323697302188E-016)
            (-0.28586027133062891,0.16553084334279969)
           (-0.28586027133062847,-0.16553084334280010)
        (0.66177585238300451,3.82410152926442830E-016)
   0.0000000000000000       -2.4183991523122899     
        (0.66912842921028159,5.67447323697302188E-016)
       (6.66312211266475735E-004,-0.33415611256434646)
        (6.66312211266451015E-004,0.33415611256434635)
        (0.66373633445600677,3.94745964311166748E-016)
   0.0000000000000000        0.0000000000000000     
         (1.6983258142689936,3.64918487724874640E-015)
       (-1.6630083966230575,-3.32446827373930371E-015)
       (-1.6630083966230575,-3.32446827373930450E-015)
         (1.7208077286230623,3.05907394248583512E-015)
   0.0000000000000000        2.4183991523122899     
        (0.66912842921028159,3.45402718772270929E-016)
        (6.66312211266426296E-004,0.33415611256434663)
       (6.66312211266475735E-004,-0.33415611256434619)
        (0.66373633445600677,1.48029736616687531E-016)
   2.0943951023931953       -1.2091995761561449     
        (0.66669720893087570,6.66133814775093924E-016)
           (-0.28586027133062858,-0.16553084334280010)
            (-0.28586027133062886,0.16553084334279963)
        (0.66177585238300451,5.05768266773682402E-016)
   2.0943951023931953        1.2091995761561449     
        (0.66766292641619462,2.59052039079203209E-016)
            (-0.28872678279479486,0.16632511404385505)
           (-0.28872678279479463,-0.16632511404385500)
        (0.66607657993413305,4.81096644004234468E-016)
   2.0943951023931953        3.6275987284684348     
        (0.63271185632271143,7.30306492255845350E-016)
  (-5.50129053882687617E-003,9.65663216218569809E-004)
 (-5.50129053882695077E-003,-9.65663216220244902E-004)
        (0.63607649365690955,9.85674045814393337E-016)
   4.1887902047863905        0.0000000000000000     
        (0.63271185632271143,4.13497102436811791E-016)
 (-5.50129053882722138E-003,-9.65663216219639700E-004)
  (-5.50129053882719710E-003,9.65663216218810719E-004)
        (0.63607649365690955,6.64807556962664136E-016)
   1.0000000000000000                2           9
               (0.0000000000000000,0.0000000000000000)
               (0.0000000000000000,0.0000000000000000)
  -2.0943951023931953       -1.2091995761561449     
        (0.65895427997848566,4.07081775695890715E-016)
           (-0.28927088189788780,-0.16423409993760565)
            (-0.28927088189788791,0.16423409993760518)
        (0.65936697031658520,3.94745964311166748E-016)
  -2.0943951023931953        1.2091995761561449     
        (0.65842330069990718,2.83723661848651094E-016)
            (-0.29017765185575695,0.16339695468829468)
           (-0.29017765185575684,-0.16339695468829477)
        (0.65885182061120462,9.86864910777916870E-017)
   0.0000000000000000       -2.4183991523122899     
        (0.65784817157282460,4.31753398465338649E-016)
      (-5.38308389455646394E-003,-0.32876403104689772)
       (-5.38308389455687160E-003,0.32876403104689744)
        (0.65867947928330373,3.82410152926442830E-016)
   0.0000000000000000        0.0000000000000000     
         (1.5886493460294178,5.45225019782859622E-016)
       (-1.5465306018996166,-4.10570380937184272E-016)
       (-1.5465306018996166,-4.10570380937184174E-016)
         (1.5899604880198308,3.96612647402836561E-016)
   0.0000000000000000        2.4183991523122899     
        (0.65784817157282471,2.34380416309755275E-016)
       (-5.38308389455679701E-003,0.32876403104689778)
      (-5.38308389455651338E-003,-0.32876403104689744)
        (0.65867947928330373,1.85037170770859432E-016)
   2.0943951023931953       -1.2091995761561449     
        (0.65842330069990718,4.07081775695890715E-016)
           (-0.29017765185575684,-0.16339695468829499)
            (-0.29017765185575706,0.16339695468829446)
        (0.65885182061120462,2.22044604925031308E-016)
   2.0943951023931953        1.2091995761561449     
        (0.65895427997848566,2.59052039079203209E-016)
            (-0.28927088189788791,0.16423409993760532)
           (-0.28927088189788774,-0.16423409993760543)
        (0.65936697031658520,2.22044604925031308E-016)
   2.0943951023931953        3.6275987284684348     
        (0.62201565878198983,6.15408316149669596E-016)
 (-4.39439954007536659E-003,-1.10932069699745130E-003)
  (-4.39439954007539088E-003,1.10932069699679644E-003)
        (0.62219656831327774,5.79977788405478127E-016)
   4.1887902047863905        0.0000000000000000     
        (0.62201565878198983,3.33416117536307531E-016)
  (-4.39439954007566237E-003,1.10932069699730515E-003)
 (-4.39439954007569966E-003,-1.10932069699729973E-003)
        (0.62219656831327785,3.22657168834259286E-016)
   1.0000000000000000                2           9
               (0.0000000000000000,0.0000000000000000)
               (0.0000000000000000,0.0000000000000000)
  -2.0943951023931953       -1.2091995761561449     
        (0.66219675657023036,3.57738530156994896E-016)
           (-0.28915774354492868,-0.16816926974019161)
            (-0.28915774354492896,0.16816926974019142)
        (0.66177755722593234,3.45402718772270929E-016)
  -2.0943951023931953        1.2091995761561449     
        (0.66042843441283872,2.59052039079203209E-016)
            (-0.28809568139584829,0.16656464436121762)
           (-0.28809568139584807,-0.16656464436121776)
        (0.66088479771856534,3.57738530156994896E-016)
   0.0000000000000000       -2.4183991523122899     
        (0.66085985150702387,4.07081775695890715E-016)
      (-1.68466016079085420E-004,-0.33289694727844088)
       (-1.68466016079449332E-004,0.33289694727844066)
        (0.66178910877043862,4.56425021234786534E-016)
   0.0000000000000000        0.0000000000000000     
         (1.6034633910311491,6.16131382233989952E-016)
       (-1.5605063385123072,-6.73791246040787996E-016)
       (-1.5605063385123072,-6.73791246040788390E-016)
         (1.6019477514295144,7.75703842897276329E-016)
   0.0000000000000000        2.4183991523122899     
        (0.66085985150702375,1.35693925231963588E-016)
       (-1.68466016079418487E-004,0.33289694727844094)
      (-1.68466016079103933E-004,-0.33289694727844066)
        (0.66178910877043851,2.34380416309755275E-016)
   2.0943951023931953       -1.2091995761561449     
        (0.66042843441283872,3.57738530156994896E-016)
           (-0.28809568139584818,-0.16656464436121787)
            (-0.28809568139584829,0.16656464436121743)
        (0.66088479771856534,4.31753398465338649E-016)
   2.0943951023931953        1.2091995761561449     
        (0.66219675657023047,2.34380416309755275E-016)
            (-0.28915774354492896,0.16816926974019156)
           (-0.28915774354492874,-0.16816926974019150)
        (0.66177755722593234,2.22044604925031308E-016)
   2.0943951023931953        3.6275987284684348     
        (0.62249874503548663,6.15824580510498989E-016)
 (-1.47197073009350558E-003,-3.99642313767082811E-004)
  (-1.47197073009345636E-003,3.99642313766599094E-004)
        (0.62384849193336978,5.35362114792655109E-016)
   4.1887902047863905        0.0000000000000000     
        (0.62249874503548686,3.45425979359948148E-016)
  (-1.47197073009378942E-003,3.99642313767167325E-004)
 (-1.47197073009382629E-003,-3.99642313767012338E-004)
        (0.62384849193336978,2.64942055945320468E-016)
   1.0000000000000000                2           9
               (0.0000000000000000,0.0000000000000000)
               (0.0000000000000000,0.0000000000000000)
  -2.0943951023931953       -1.2091995761561449     
       (0.66150139986405565,-2.59052039079203209E-016)
           (-0.29003544867679459,-0.16322467248264377)
            (-0.29003544867679437,0.16322467248264388)
       (0.66368046117348689,-3.94745964311166748E-016)
  -2.0943951023931953        1.2091995761561449     
       (0.66721390610134490,-3.70074341541718863E-016)
            (-0.28878936132714417,0.16898755385661021)
           (-0.28878936132714417,-0.16898755385660916)
       (0.66354952165057857,-4.93432455388958484E-016)
   0.0000000000000000       -2.4183991523122899     
       (0.66201540986709917,-2.96059473233375061E-016)
      (-9.24129892899102300E-004,-0.33197799166716768)
       (-9.24129892898781485E-004,0.33197799166716763)
       (0.66075645840238018,-3.33066907387546962E-016)
   0.0000000000000000        0.0000000000000000     
        (1.6122614970586173,-9.78348001186352510E-016)
        (-1.5701104871854319,1.08413308051205786E-015)
        (-1.5701104871854314,1.08413308051205806E-015)
        (1.6142052188532772,-1.23756834366655687E-015)
   0.0000000000000000        2.4183991523122899     
       (0.66201540986709917,-4.93432455388958484E-016)
       (-9.24129892898793845E-004,0.33197799166716790)
      (-9.24129892899089940E-004,-0.33197799166716746)
       (0.66075645840238029,-5.30439889543130336E-016)
   2.0943951023931953       -1.2091995761561449     
       (0.66721390610134490,-2.96059473233375061E-016)
           (-0.28878936132714417,-0.16898755385660921)
            (-0.28878936132714417,0.16898755385660996)
       (0.66354952165057868,-4.19417587080614682E-016)
   2.0943951023931953        1.2091995761561449     
       (0.66150139986405565,-3.82410152926442830E-016)
            (-0.29003544867679443,0.16322467248264397)
           (-0.29003544867679454,-0.16322467248264363)
       (0.66368046117348700,-4.68760832619510550E-016)
   2.0943951023931953        3.6275987284684348     
       (0.62684375937983960,-3.62732522044781683E-017)
   (1.67870631282343282E-003,1.32599396897585715E-003)
  (1.67870631282343282E-003,-1.32599396897637887E-003)
        (0.62416959706976582,8.59690018597013820E-018)
   4.1887902047863905        0.0000000000000000     
       (0.62684375937983972,-3.20018457312729946E-016)
  (1.67870631282316133E-003,-1.32599396897584588E-003)
   (1.67870631282313661E-003,1.32599396897601219E-003)
       (0.62416959706976582,-3.49098007755689843E-016)
   1.0000000000000000                2           9
               (0.0000000000000000,0.0000000000000000)
               (0.0000000000000000,0.0000000000000000)
  -2.0943951023931953       -1.2091995761561449     
       (0.65980565676275593,-9.86864910777916870E-017)
           (-0.28818595907178107,-0.16488179154109009)
            (-0.28818595907178096,0.16488179154109028)
       (0.65857932554826804,-1.48029736616687531E-016)
  -2.0943951023931953        1.2091995761561449     
       (0.65946336199401712,-1.85037170770859432E-016)
            (-0.28710926158484029,0.16636270599158701)
           (-0.28710926158484035,-0.16636270599158662)
       (0.66226474156600668,-3.20731096002822995E-016)
   0.0000000000000000       -2.4183991523122899     
       (0.66021483236902390,-3.70074341541718826E-017)
      (-1.67619586854903272E-003,-0.33220845143135513)
       (-1.67619586854894642E-003,0.33220845143135508)
        (0.66021445456918570,1.23358113847239609E-017)
   0.0000000000000000        0.0000000000000000     
        (1.6040105010825378,-5.86658265118994706E-016)
        (-1.5602817551833104,5.24628365882840474E-016)
        (-1.5602817551833104,5.24628365882840376E-016)
        (1.6042560518631723,-5.07905793156898352E-016)
   0.0000000000000000        2.4183991523122899     
       (0.66021483236902390,-2.83723661848651094E-016)
       (-1.67619586854895878E-003,0.33220845143135525)
      (-1.67619586854900800E-003,-0.33220845143135497)
       (0.66021445456918570,-2.83723661848651094E-016)
   2.0943951023931953       -1.2091995761561449     
       (0.65946336199401712,-1.11022302462515654E-016)
           (-0.28710926158484029,-0.16636270599158681)
            (-0.28710926158484029,0.16636270599158692)
       (0.66226474156600668,-2.96059473233375061E-016)
   2.0943951023931953        1.2091995761561449     
       (0.65980565676275593,-2.71387850463927176E-016)
            (-0.28818595907178102,0.16488179154109034)
           (-0.28818595907178107,-0.16488179154108998)
       (0.65857932554826804,-2.96059473233375061E-016)
   2.0943951023931953        3.6275987284684348     
        (0.62358094113302498,1.26828572244062454E-016)
  (-8.43385736601266625E-004,1.24509558084065605E-003)
 (-8.43385736601328317E-004,-1.24509558084124282E-003)
        (0.62333505222452035,2.21321317268633777E-016)
   4.1887902047863905        0.0000000000000000     
       (0.62358094113302498,-1.56568292469338835E-016)
 (-8.43385736601661383E-004,-1.24509558084072306E-003)
  (-8.43385736601525641E-004,1.24509558084074995E-003)
       (0.62333505222452035,-1.11239094989495725E-016)
   1.0000000000000000                2           9
               (0.0000000000000000,0.0000000000000000)
               (0.0000000000000000,0.0000000000000000)
  -2.0943951023931953       -1.2091995761561449     
        (0.65974586936636126,1.11022302462515654E-016)
           (-0.28781472053582297,-0.16628259200990803)
            (-0.28781472053582285,0.16628259200990778)
        (0.66005667620418784,7.40148683083437653E-017)
  -2.0943951023931953        1.2091995761561449     
       (0.65897754243381268,-6.16790569236198105E-017)
            (-0.28633832462334313,0.16682786146122436)
           (-0.28633832462334313,-0.16682786146122464)
        (0.66117431004990157,4.93432455388958435E-017)
   0.0000000000000000       -2.4183991523122899     
        (0.66000597009799877,1.72701359386135465E-016)
       (1.29737598299842520E-003,-0.33326988561050386)
        (1.29737598299843149E-003,0.33326988561050364)
        (0.66058019808592805,1.72701359386135465E-016)
   0.0000000000000000        0.0000000000000000     
         (1.5978755640416047,2.35553325179767103E-017)
       (-1.5528792585362114,-6.16659875838377525E-017)
       (-1.5528792585362121,-6.16659875838377156E-017)
         (1.5943862253104257,9.66806759836422264E-017)
   0.0000000000000000        2.4183991523122899     
       (0.66000597009799877,-7.40148683083437653E-017)
        (1.29737598299841284E-003,0.33326988561050375)
       (1.29737598299841913E-003,-0.33326988561050369)
       (0.66058019808592805,-4.93432455388958435E-017)
   2.0943951023931953       -1.2091995761561449     
        (0.65897754243381257,6.16790569236198105E-017)
           (-0.28633832462334308,-0.16682786146122466)
            (-0.28633832462334313,0.16682786146122444)
        (0.66117431004990157,1.48029736616687531E-016)
   2.0943951023931953        1.2091995761561449     
       (0.65974586936636126,-1.23358113847239609E-017)
            (-0.28781472053582285,0.16628259200990791)
           (-0.28781472053582285,-0.16628259200990783)
       (0.66005667620418784,-4.93432455388958435E-017)
   2.0943951023931953        3.6275987284684348     
        (0.62232885212337030,3.19485946785744955E-016)
   (1.59241356685053200E-004,6.01188937512945969E-004)
  (1.59241356684979176E-004,-6.01188937513763024E-004)
        (0.62374066963561670,3.40157597011430612E-016)
   4.1887902047863905        0.0000000000000000     
        (0.62232885212337041,6.15388128724038557E-017)
  (1.59241356684633776E-004,-6.01188937513164653E-004)
   (1.59241356684806462E-004,6.01188937512985000E-004)
        (0.62374066963561670,4.55728571760085496E-017)
