   -1.000000      0.000000
  1    1        0.10956627        0.00138254        0.00000000        0.00000000
  1    2       -0.11039255        0.00146530       -0.00000000        0.00000000
  2    1       -0.11034109        0.00154921       -0.00000000        0.00000000
  2    2        0.10978785        0.00163652       -0.00000000        0.00000000
   -0.500000      0.866025
  1    1        0.10956285        0.00136363        0.00000000        0.00000000
  1    2       -0.30217628        0.00132183       -0.00000000        0.00000000
  2    1       -0.11023607        0.00161466        0.00000000        0.00000000
  2    2        0.10993219        0.00180681        0.00000000        0.00000000
    0.000000      1.732051
  1    1        0.09738678        0.00141672       -0.00000000        0.00000000
  1    2       -0.11043702        0.00168537       -0.00000000        0.00000000
  2    1       -0.11052807        0.00189235       -0.00000000        0.00000000
  2    2        0.09794434        0.00206034       -0.00000000        0.00000000
   -0.500000     -0.866025
  1    1        0.10963030        0.00129246       -0.00000000        0.00000000
  1    2       -0.11027085        0.00140532       -0.00000000        0.00000000
  2    1       -0.30149804        0.00147005       -0.00000000        0.00000000
  2    2        0.10994782        0.00147195       -0.00000000        0.00000000
    0.000000      0.000000
  1    1        0.75832139        0.00252402        0.00000000        0.00000000
  1    2       -0.30270562        0.00222025       -0.00000000        0.00000000
  2    1       -0.30270562        0.00222025       -0.00000000        0.00000000
  2    2        0.75848700        0.00263746        0.00000000        0.00000000
    0.500000      0.866025
  1    1        0.10963030        0.00129246        0.00000000        0.00000000
  1    2       -0.30149804        0.00147005       -0.00000000        0.00000000
  2    1       -0.11027085        0.00140532       -0.00000000        0.00000000
  2    2        0.10994782        0.00147195        0.00000000        0.00000000
    0.500000     -0.866025
  1    1        0.10956285        0.00136363        0.00000000        0.00000000
  1    2       -0.11023607        0.00161466       -0.00000000        0.00000000
  2    1       -0.30217628        0.00132183       -0.00000000        0.00000000
  2    2        0.10993219        0.00180681        0.00000000        0.00000000
    1.000000      0.000000
  1    1        0.10956627        0.00138254        0.00000000        0.00000000
  1    2       -0.11034109        0.00154921        0.00000000        0.00000000
  2    1       -0.11039255        0.00146530        0.00000000        0.00000000
  2    2        0.10978785        0.00163652        0.00000000        0.00000000
    1.500000      0.866025
  1    1        0.09738678        0.00141672       -0.00000000        0.00000000
  1    2       -0.11052807        0.00189235       -0.00000000        0.00000000
  2    1       -0.11043702        0.00168537       -0.00000000        0.00000000
  2    2        0.09794434        0.00206034       -0.00000000        0.00000000
