1.493564340999999907e-01
1.587265367000000038e-01
1.539085082999999965e-01
1.490257479000000052e-01
1.372219471999999996e-01
1.681229304000000091e-01
1.140803447000000026e-01
8.130731021999999808e-02
1.572810618000000105e-01
1.472798451000000008e-01
1.459452371999999942e-01
1.140455321999999938e-01
1.830219718999999967e-01
1.065833830999999982e-01
1.234674979999999950e-01
1.335158693999999868e-01
1.563608864000000098e-01
1.070975651000000001e-01
9.252418464000000675e-02
1.281374269999999982e-01
1.723561114999999921e-01
1.660454158999999930e-01
1.304667304000000083e-01
1.708024964000000034e-01
1.499214767000000004e-01
7.208248690000000625e-02
7.741423403000000092e-02
1.361125964000000077e-01
1.277760304999999985e-01
1.334403781999999872e-01
1.074431584999999967e-01
1.575926484000000072e-01
1.408946795999999890e-01
1.337316476000000032e-01
1.107451874000000003e-01
1.023532790000000053e-01
1.512810209000000072e-01
1.372280744000000108e-01
1.566347530999999960e-01
1.730348177999999904e-01
1.407728175999999887e-01
1.725074930999999923e-01
1.372933739999999958e-01
1.119420591999999992e-01
1.773266974999999912e-01
1.523121823999999958e-01
2.094674075000000080e-01
1.234926479999999965e-01
1.050290041999999979e-01
1.458972506000000002e-01
1.955750263999999905e-01
1.335109325999999930e-01
1.423514281999999909e-01
1.179708520000000010e-01
1.353483470000000077e-01
1.398048803999999978e-01
8.943588874999999772e-02
1.187865156000000033e-01
1.265100647000000078e-01
1.544953715999999866e-01
1.668555434000000004e-01
8.911145100999999513e-02
1.292034656999999920e-01
1.257541681999999883e-01
1.249583325999999994e-01
1.462628019999999973e-01
1.359867596999999872e-01
1.487730737000000081e-01
1.697031207999999958e-01
1.337594119000000137e-01
1.170351698999999995e-01
1.762713563999999955e-01
1.645764724000000068e-01
1.549332277000000091e-01
1.733984553000000040e-01
9.786457920999999671e-02
9.300298821999999910e-02
7.077319734999999723e-02
9.469730599999999499e-02
1.181285150000000034e-01
1.705783311000000080e-01
1.315463696999999987e-01
1.879519872000000036e-01
1.995352602999999891e-01
1.401953760000000104e-01
1.397181295000000101e-01
1.227455095000000024e-01
1.010135211999999977e-01
1.647422189999999953e-01
1.588111755000000125e-01
1.340226964000000021e-01
1.379428487000000092e-01
1.042249073999999970e-01
1.183968531000000046e-01
7.207689663999999885e-02
1.221554948999999946e-01
1.184937617000000054e-01
1.296515330000000132e-01
1.710328457999999996e-01
1.615136090000000024e-01
1.062405394999999947e-01
1.947803594999999999e-01
9.201682271000000135e-02
1.341597820000000052e-01
1.588520330000000036e-01
1.547739586000000112e-01
1.275436206999999988e-01
1.054773533000000069e-01
1.514990193000000096e-01
1.557381022999999864e-01
1.348397292000000081e-01
1.392028549999999865e-01
1.557602733000000017e-01
1.463558660000000011e-01
9.704879226000000247e-02
1.167999571000000042e-01
1.548723265999999987e-01
1.455687730000000124e-01
1.392135422999999927e-01
1.165332560000000017e-01
1.784154441999999952e-01
1.227143767999999968e-01
1.521522515000000020e-01
1.482568496999999985e-01
1.268281074000000008e-01
1.504891643000000057e-01
1.736669446999999922e-01
1.724096566999999969e-01
1.571436243000000066e-01
1.305560457999999924e-01
1.271705559999999902e-01
1.462046801000000118e-01
1.633135467999999868e-01
1.192447551999999966e-01
1.237654269999999973e-01
1.514040781999999863e-01
1.420174435999999873e-01
1.280396334999999997e-01
1.308430875000000104e-01
1.129395695000000033e-01
1.430690148000000050e-01
1.238056518999999939e-01
1.639122456000000061e-01
1.685070465000000073e-01
1.621886087999999948e-01
1.437267106000000016e-01
9.626113275000000580e-02
1.363831400000000138e-01
1.692983603999999864e-01
1.597111203999999895e-01
1.537577175000000018e-01
1.815847673000000051e-01
1.527271941999999993e-01
1.610575814999999911e-01
9.638955338000000650e-02
8.337524222000000651e-02
1.550401791000000085e-01
1.638528069999999892e-01
1.656432747999999899e-01
1.780236990000000075e-01
1.525578694999999985e-01
1.388800085000000128e-01
1.185648740000000007e-01
1.100601702999999959e-01
1.600830471999999949e-01
1.464021332999999869e-01
1.382970407000000124e-01
1.162755763999999969e-01
1.477051276000000135e-01
1.517442774999999966e-01
1.530070175000000088e-01
1.072343889999999994e-01
1.639714208999999978e-01
1.113004330000000042e-01
1.561984676000000016e-01
1.307426604999999964e-01
1.201400209999999996e-01
1.376436570000000026e-01
1.806021317000000015e-01
1.747386675000000000e-01
1.730638050999999955e-01
1.325974883000000104e-01
1.183233375000000004e-01
1.020513497000000019e-01
1.535300366000000027e-01
1.214514772000000048e-01
9.121837336999999435e-02
1.087598062000000032e-01
1.754484484999999927e-01
1.563413533000000133e-01
1.226103900999999941e-01
1.442132611999999980e-01
1.275374753000000083e-01
1.619922749000000106e-01
1.501750589999999996e-01
1.481216063999999943e-01
1.740033007000000020e-01
1.509979304999999883e-01
1.877580456999999869e-01
1.765769074999999910e-01
1.625990693000000098e-01
1.327903870000000097e-01
1.276588801999999911e-01
1.347754422000000118e-01
1.256683348000000033e-01
1.187130802000000013e-01
1.235012112000000023e-01
1.516925124000000069e-01
1.649754089999999895e-01
1.769116889000000026e-01
1.501403987000000106e-01
1.485834843999999932e-01
1.464750733000000082e-01
1.299719380999999896e-01
1.024116604000000069e-01
1.059215877999999944e-01
1.175271258000000069e-01
1.548225109999999960e-01
1.329099243999999902e-01
1.373148144000000126e-01
1.321269992999999920e-01
1.973325562999999894e-01
1.856064219000000126e-01
7.268297008999999309e-02
1.286313601999999889e-01
1.519451394999999927e-01
1.469446470999999921e-01
1.173806775000000024e-01
1.168360747000000005e-01
7.916870507999999862e-02
1.019519948999999953e-01
1.377340029999999937e-01
1.662519205000000111e-01
1.429029971999999926e-01
1.586800653999999866e-01
1.554465432000000091e-01
1.368392323000000022e-01
9.532973675000000480e-02
1.055654998000000039e-01
1.573181616000000060e-01
1.790962090000000062e-01
1.644788563000000037e-01
1.834568095999999926e-01
1.589160581999999877e-01
1.609067754000000072e-01
1.420019250000000011e-01
1.524821068999999973e-01
1.212331403999999946e-01
1.473806031999999877e-01
1.226011983999999999e-01
1.361121497999999985e-01
1.261807638999999925e-01
1.534538111000000038e-01
1.364814685000000083e-01
1.230308553000000055e-01
1.618027890000000024e-01
1.540570880000000087e-01
1.374741221000000124e-01
1.523337741999999939e-01
1.153054364999999970e-01
1.537360677000000064e-01
1.636237086000000007e-01
1.470087833000000010e-01
1.155958339000000001e-01
9.489752790000000049e-02
1.585584952999999908e-01
1.271659669000000104e-01
1.231316997999999940e-01
1.556377887000000015e-01
1.404730234999999883e-01
1.520285305999999892e-01
1.057000466999999944e-01
1.570698613000000021e-01
1.549029677000000049e-01
1.381645405999999965e-01
1.477734309000000024e-01
1.567556854000000111e-01
1.032993222000000016e-01
1.636154987000000005e-01
1.352872051000000020e-01
1.032870808000000001e-01
1.132831918999999965e-01
1.034771745000000048e-01
1.113025416999999934e-01
1.010641129000000027e-01
1.177526656999999949e-01
1.333718037000000134e-01
1.504677365000000044e-01
1.263125230999999904e-01
1.345557545000000133e-01
1.055619503999999931e-01
1.680786512000000121e-01
1.363854023999999943e-01
1.150710974999999969e-01
1.363394861999999985e-01
1.191145926999999938e-01
1.335431596999999970e-01
1.460335460999999946e-01
1.523821670000000128e-01
1.675566548000000100e-01
1.534600603999999868e-01
1.504599652999999981e-01
1.429538636000000085e-01
1.661164961999999912e-01
1.484054855999999978e-01
6.557465446000000642e-02
1.200054916999999943e-01
1.304230537000000134e-01
1.042642087999999939e-01
1.401821198000000046e-01
1.438876555999999973e-01
1.232727061999999985e-01
1.031941182999999984e-01
1.153698538999999995e-01
1.333435276000000114e-01
1.330865417000000051e-01
1.449715386000000050e-01
1.557641438000000045e-01
1.349923516000000046e-01
1.719206447000000137e-01
1.345102130999999979e-01
1.862595323000000025e-01
1.475664643000000054e-01
1.665882680000000116e-01
1.220206992999999934e-01
1.574211489000000019e-01
1.076970965000000058e-01
1.377121282999999863e-01
1.156549718000000060e-01
1.338109563999999863e-01
1.329104946000000120e-01
1.191245937999999976e-01
1.049986061999999970e-01
1.032924043999999958e-01
1.180086659000000038e-01
1.573060383999999867e-01
1.226048911999999963e-01
1.706797235999999995e-01
1.057787602999999965e-01
9.204229681999999413e-02
1.409738298999999861e-01
1.120887049999999968e-01
1.550856951000000039e-01
1.493096849999999975e-01
1.262703232000000064e-01
1.680667217000000047e-01
1.707814803000000103e-01
1.482342011999999987e-01
1.205072989000000039e-01
1.534695898000000003e-01
1.688782179999999966e-01
1.562410104999999994e-01
1.491664922000000004e-01
1.223838720000000047e-01
1.426906802000000030e-01
1.458460745000000058e-01
9.464019501999999806e-02
7.990445999999999660e-02
1.301914526000000072e-01
1.376217037999999948e-01
1.043750110000000036e-01
1.848134110999999913e-01
1.554659858000000117e-01
1.352649284999999924e-01
1.382872314999999963e-01
1.247954649999999943e-01
1.482201888999999939e-01
1.757336828000000128e-01
1.243047340999999945e-01
1.273253933999999865e-01
1.289511613999999862e-01
1.573774259999999869e-01
1.909151548999999948e-01
1.390867504999999948e-01
1.572717550999999936e-01
1.380163611000000123e-01
1.509351539999999881e-01
1.229945612000000049e-01
1.923362174000000091e-01
1.451350436999999938e-01
9.570085550000000107e-02
1.180322788000000012e-01
1.388755754999999870e-01
1.339581014000000014e-01
1.696388119999999999e-01
1.404467729999999970e-01
1.051992612999999993e-01
1.422680554999999902e-01
1.301947807000000124e-01
1.160590853000000033e-01
1.406776167000000077e-01
1.069008651000000060e-01
1.191035005000000008e-01
1.133234463999999997e-01
1.478150420999999881e-01
1.054322305999999959e-01
1.260728852999999927e-01
8.181786325999999832e-02
1.306046948000000041e-01
1.144385445999999973e-01
1.351110087000000071e-01
1.731544197999999868e-01
1.797749043999999907e-01
1.295278648000000032e-01
1.782340340000000134e-01
1.205900911999999991e-01
1.255400570999999910e-01
1.066933278000000013e-01
6.960396536000000578e-02
7.123166995000000667e-02
1.526230409999999871e-01
1.545013104999999887e-01
9.214948733000000169e-02
1.363515157000000089e-01
8.213839224999999744e-02
1.110818853000000023e-01
1.269516525999999923e-01
1.427425568000000033e-01
1.536072936000000000e-01
1.588065193000000042e-01
1.447730748000000123e-01
1.323564567999999941e-01
8.331351672999999514e-02
1.579390780000000105e-01
9.783850482000000515e-02
1.396582426000000099e-01
1.680586678000000056e-01
1.260334784000000097e-01
1.649675969999999936e-01
1.387105657999999908e-01
1.607894349000000001e-01
1.222718609999999956e-01
1.342845468999999958e-01
1.136242742999999944e-01
1.435059579999999890e-01
1.697095680000000051e-01
1.470366869999999992e-01
1.322633470000000033e-01
1.554588644000000075e-01
4.937335510000000205e-02
4.615825181999999756e-03
9.179781688999999554e-04
1.522808769000000007e-01
1.364484428999999943e-01
1.191354067999999961e-01
1.647632938999999963e-01
1.029258276999999999e-01
1.325483080000000036e-01
1.261660079999999962e-01
9.329416274000000564e-02
1.282665023000000015e-01
1.260291003000000021e-01
1.436331620000000087e-01
1.570057246999999878e-01
8.540085494000000665e-02
7.043951367999999602e-02
9.762759594000000596e-02
1.499232933000000101e-01
1.269617812000000123e-01
1.493952930999999928e-01
1.310285706000000050e-01
1.499367769999999933e-01
1.298924160000000105e-01
1.100002001999999951e-01
1.011186154999999948e-01
1.652740470000000073e-01
1.370195593999999906e-01
1.766982658000000039e-01
1.705812510999999976e-01
1.593720933999999978e-01
1.712137427000000045e-01
1.334506513000000005e-01
1.585791152000000093e-01
1.211440136999999972e-01
1.350260919999999865e-01
1.538105539999999882e-01
1.783620234000000138e-01
1.531585192000000095e-01
1.231213914000000020e-01
1.239474544000000039e-01
1.453985576999999862e-01
1.392715861999999916e-01
1.355231648999999927e-01
1.112259592999999963e-01
1.642738193000000124e-01
1.472629837999999969e-01
1.198777466000000014e-01
1.134875167999999934e-01
1.302273878999999912e-01
1.683635615999999890e-01
4.554192915000000036e-02
1.716673897000000060e-01
1.661927229999999867e-01
2.975736332000000067e-02
1.070650590999999985e-01
1.482749264999999872e-01
1.610758146999999862e-01
1.301519096000000042e-01
9.750154169999999954e-02
1.405328032000000005e-01
1.847837727999999957e-01
1.942569516000000052e-01
1.415206760000000119e-01
1.535999036000000040e-01
1.303134196000000078e-01
1.382703580000000099e-01
1.573390883000000129e-01
9.934240041000000354e-02
1.011686361000000006e-01
1.731367612999999972e-01
1.336316345999999933e-01
1.436526062000000048e-01
9.123968805000000348e-02
3.168852377999999831e-02
1.403802278000000070e-01
1.662168729000000067e-01
1.196375466000000054e-01
9.547829744999999924e-02
1.247078103999999937e-01
1.177146855999999936e-01
1.265654414000000061e-01
1.579803141999999994e-01
1.377642379000000028e-01
7.739489662000000048e-02
6.081408163000000255e-02
8.526026578999999772e-02
1.216578086999999947e-01
1.923090660000000007e-01
1.927938932000000105e-01
1.658313291999999883e-01
1.639057640000000093e-01
1.064171552000000021e-01
6.727032197000000491e-02
1.893507463999999918e-01
1.633051588999999970e-01
1.434111201000000113e-01
1.316971596000000022e-01
1.552650449000000099e-01
1.582459837000000091e-01
1.377589023000000135e-01
1.256271902999999968e-01
1.650117950999999972e-01
1.279003298999999982e-01
9.825946708999999668e-02
1.148562176999999990e-01
1.215602085999999971e-01
1.373130257000000076e-01
1.051364426999999990e-01
1.324952454999999973e-01
1.416646440999999867e-01
1.571455144999999998e-01
1.285733088000000079e-01
1.113166299999999997e-01
1.793208570000000002e-01
1.036602979000000035e-01
6.232126531999999941e-02
1.075466246000000015e-01
1.141620762999999983e-01
1.176486043999999953e-01
1.630323161999999992e-01
1.300986132999999989e-01
1.418316165999999878e-01
1.613297862999999999e-01
9.806780013999999435e-02
1.669220137999999909e-01
1.004033715999999993e-01
1.565469371000000054e-01
1.665017911999999989e-01
1.745897016000000079e-01
1.280816627999999957e-01
9.778360514999999420e-02
1.101354821000000012e-01
1.354299039999999898e-01
1.276645819999999987e-01
1.688665518999999948e-01
1.737612739999999933e-01
1.403025206000000080e-01
1.876301216000000049e-01
1.443801219999999996e-01
1.366381993999999933e-01
1.209551534000000012e-01
9.291716969999999631e-02
1.392813082999999896e-01
1.715010225999999971e-01
1.794456188999999924e-01
1.721793718999999889e-01
1.468991114000000042e-01
1.079415122000000060e-01
1.528431482000000008e-01
1.503676050999999958e-01
1.013165225000000058e-01
1.452472062000000064e-01
1.628144847999999922e-01
1.486699767999999922e-01
1.257056661000000020e-01
1.647015924000000131e-01
1.630128767000000034e-01
5.275635453000000058e-02
1.580033513000000112e-01
6.953892254000000606e-02
9.211362761999999926e-02
1.328017958000000109e-01
1.842681958999999869e-01
1.317093904999999954e-01
1.136724484999999951e-01
1.636174330999999871e-01
1.501013237000000111e-01
1.643324684999999952e-01
1.316038370000000013e-01
1.333603076000000054e-01
1.384750435000000057e-01
1.287089697999999893e-01
1.223425407999999964e-01
1.141515231999999935e-01
1.479276629000000065e-01
1.007831188999999961e-01
6.559287976000000020e-02
1.662617012000000005e-01
6.734423521000000579e-02
1.436840383999999915e-01
1.593238982999999886e-01
1.330564247000000089e-01
8.718616196999999512e-02
1.454416769000000109e-01
1.872734067000000058e-01
1.656184649999999925e-01
1.855106900000000059e-01
1.775714012999999869e-01
1.234786825000000060e-01
1.089586245999999981e-01
1.637905889000000059e-01
1.349412343999999986e-01
1.031579415999999971e-01
1.066444082999999932e-01
1.365523540999999952e-01
1.465916315000000136e-01
1.158748824000000038e-01
1.422706727999999976e-01
1.302955425000000000e-01
1.465272635000000045e-01
1.394695307999999911e-01
1.258273974999999933e-01
1.659473847000000057e-01
1.117560367999999998e-01
1.378760048999999877e-01
1.325066887000000138e-01
1.324368005999999875e-01
1.274672998999999973e-01
1.308070886000000099e-01
1.664953899000000126e-01
1.362043168000000026e-01
1.870228872999999958e-01
1.329463130999999909e-01
1.069015885000000055e-01
1.052987276000000028e-01
1.264238008000000135e-01
1.281552864999999930e-01
1.141066562999999978e-01
1.175766282000000051e-01
1.209500718999999974e-01
1.416163508000000126e-01
1.431156772999999938e-01
1.919557389000000058e-01
1.245391792999999969e-01
1.495301005000000127e-01
1.100113164000000032e-01
1.091193190000000063e-01
1.783544780999999912e-01
1.868749322000000102e-01
1.243642534999999938e-01
9.360690498000000248e-02
1.153341452000000017e-01
1.096150964999999949e-01
9.837206252999999845e-02
1.179104972000000057e-01
1.154967662999999978e-01
1.520228624999999945e-01
1.144028099999999937e-01
1.539000618999999959e-01
1.396849866000000051e-01
1.323202170999999983e-01
1.315974091999999873e-01
1.160864102999999981e-01
1.955064065000000073e-01
6.917867104000000045e-02
9.867290369999999478e-02
1.552289092999999953e-01
1.484846512000000118e-01
1.403452839999999868e-01
1.469025872999999982e-01
1.345551399000000092e-01
1.476912494000000020e-01
9.032199930999999793e-02
9.139478138999999890e-02
1.566534880000000074e-01
1.281570673999999910e-01
8.252781487999999444e-02
1.664558365999999900e-01
1.163022345000000041e-01
1.344313212999999896e-01
8.997843526000000314e-02
6.917541694999999879e-02
9.556874751999999695e-02
1.097925805999999949e-01
1.499454735999999899e-01
1.523081302000000026e-01
1.506953118000000091e-01
1.465078908000000124e-01
1.570865995999999876e-01
1.793037020999999898e-01
1.906597764000000084e-01
7.915334708000000552e-02
1.837472884999999945e-01
1.262116564000000107e-01
7.299252119999999344e-02
8.782614547000000549e-02
1.026065827999999985e-01
1.697649746000000071e-01
1.055800293000000029e-01
1.096702363000000013e-01
1.591120772999999877e-01
1.051678038000000009e-01
1.656890031000000096e-01
6.352809990999999656e-02
1.497132331000000094e-01
1.681492900000000068e-01
1.278848384999999865e-01
9.050446865000000285e-02
1.345973353000000095e-01
1.390976877000000000e-01
1.523063038999999952e-01
1.361540452999999984e-01
2.053126359999999928e-01
1.455717233999999916e-01
1.836154997999999983e-01
1.599944336999999939e-01
1.531930381000000119e-01
9.606350620999999645e-02
1.133513354000000029e-01
1.436374933000000020e-01
9.609083157999999403e-02
1.056514605999999967e-01
1.121623910000000002e-01
1.268576932000000101e-01
1.147811578999999998e-01
1.393253583999999878e-01
1.431777171999999987e-01
1.339279039000000060e-01
1.281345124000000113e-01
1.305600912999999863e-01
1.171148530000000049e-01
1.210656935000000017e-01
1.479851550999999876e-01
1.704615261999999909e-01
1.537519528000000080e-01
1.303698974999999982e-01
1.660761132999999945e-01
1.044102378999999942e-01
9.706811718999999727e-02
1.468185311999999909e-01
1.413285015999999894e-01
1.415343840999999936e-01
1.658364998000000090e-01
1.501427448000000053e-01
1.588074847000000012e-01
1.523846940999999955e-01
1.192312561000000021e-01
1.400298473999999904e-01
1.545037466999999998e-01
1.849584967000000024e-01
1.523307744000000075e-01
1.363467053000000095e-01
1.088643098999999975e-01
1.005423572000000015e-01
1.370596272000000060e-01
1.059614796999999997e-01
1.077046807999999939e-01
1.614772167000000092e-01
1.539873223999999874e-01
1.616489060000000089e-01
1.459085710999999952e-01
1.524309296999999952e-01
1.590141267000000080e-01
1.637420357999999909e-01
1.650712817999999971e-01
1.386940145999999985e-01
1.719687504999999894e-01
1.545087511000000080e-01
1.668560869000000058e-01
9.436468919000000344e-02
1.156648524000000039e-01
1.647826691000000010e-01
1.411533047999999901e-01
1.616434692000000006e-01
1.450176149000000081e-01
1.287136244000000040e-01
1.266405670999999900e-01
1.651904070000000113e-01
1.353032000000000123e-01
1.336828267999999875e-01
8.680367141000000508e-02
1.348844697000000092e-01
1.689841611000000021e-01
1.651159291000000029e-01
1.343628886000000078e-01
1.250039944000000125e-01
1.013266800000000023e-01
1.642208031000000068e-01
1.722120396000000053e-01
1.488613806000000095e-01
1.603597523999999996e-01
1.550539606999999931e-01
1.441303452000000096e-01
1.553253398999999979e-01
1.174696023000000034e-01
1.227594233000000035e-01
1.513394834000000022e-01
1.755761718999999943e-01
1.735357110000000092e-01
1.752377987000000026e-01
1.824375789999999886e-01
1.338492317999999959e-01
1.715682820999999969e-01
1.472619577000000013e-01
1.206415812000000004e-01
1.421538306000000029e-01
1.460919482999999963e-01
1.124098726000000020e-01
1.621735763000000108e-01
1.095486227000000007e-01
1.549524334999999864e-01
1.704639907999999926e-01
1.310050462000000027e-01
1.335684319999999869e-01
1.630185544999999958e-01
1.715587782000000117e-01
1.634955525000000021e-01
1.570090510000000106e-01
1.446185064999999936e-01
1.619303578999999882e-01
1.295391180999999892e-01
1.557434097000000017e-01
1.345404608000000113e-01
1.360505307000000053e-01
9.790727847999999844e-02
1.099749537999999971e-01
1.606271978999999905e-01
1.187116693000000028e-01
8.451016132999999986e-02
1.103206741999999962e-01
1.787654687000000131e-01
1.205255043000000026e-01
8.340708141000000020e-02
1.475994360000000005e-01
1.349135558000000013e-01
8.876826791000000383e-02
1.359427847999999939e-01
1.484484859999999906e-01
1.513730755000000094e-01
1.565551099999999973e-01
8.304333012999999541e-02
1.427870300000000092e-01
1.510544315000000026e-01
1.289074833999999947e-01
1.525636113000000127e-01
1.348048779000000086e-01
1.305543745999999949e-01
1.503703647999999893e-01
1.695242486999999909e-01
1.014664264000000038e-01
9.162056566000000013e-02
1.369572250999999963e-01
1.640906370000000114e-01
1.607955380999999961e-01
8.871245398999999532e-02
1.787065114999999982e-01
1.723033898000000119e-01
1.402912654000000037e-01
1.234234344000000039e-01
9.005585745999999947e-02
1.846754479000000115e-01
1.070852976000000040e-01
1.576844758000000013e-01
1.330325887000000096e-01
8.285269652000000484e-02
6.103867329999999869e-02
1.176769950000000065e-01
1.250828203999999888e-01
1.392465203000000096e-01
1.602054699000000082e-01
1.560132586000000099e-01
1.569448710000000136e-01
1.227480477000000014e-01
1.482151569999999863e-01
1.567216009000000077e-01
1.819696389999999886e-01
1.511729635999999877e-01
1.564502076000000019e-01
1.561324647000000010e-01
1.367875430000000114e-01
1.583881598999999918e-01
1.546693603000000028e-01
1.341662958000000017e-01
1.381274399000000097e-01
1.328385139999999909e-01
1.082396830000000032e-01
1.217930130999999999e-01
1.277249357999999946e-01
1.806886839999999883e-01
1.214525939999999971e-01
1.624711708999999893e-01
1.116291299999999931e-01
1.370647798000000084e-01
1.363228156999999885e-01
1.752268747999999876e-01
1.687850559000000084e-01
1.585796921000000026e-01
1.755407056000000132e-01
1.512880279999999911e-01
1.137951626999999938e-01
1.346946437000000052e-01
1.043747155000000065e-01
1.386098215000000078e-01
1.743975329999999935e-01
1.483938475000000090e-01
1.110616509999999973e-01
1.805182509999999907e-01
1.672618166000000017e-01
1.482285771999999890e-01
1.228714330999999965e-01
9.035362915000000328e-02
8.118738150000000264e-02
1.885229328999999954e-01
8.917011178000000537e-02
1.473485016999999953e-01
1.662604296000000093e-01
1.657913440999999877e-01
1.277124694000000005e-01
1.382339482999999924e-01
1.116052082000000001e-01
1.530790452999999940e-01
1.172548672999999958e-01
9.976762782999999690e-02
1.259041535000000045e-01
1.213729551999999934e-01
1.764944512000000132e-01
9.146409141000000353e-02
1.248819094000000046e-01
1.096914628999999947e-01
1.242220472999999992e-01
1.348544003999999907e-01
1.219730868000000051e-01
1.670717141999999988e-01
1.177012382000000024e-01
1.466670548000000018e-01
1.274396811000000074e-01
9.143184739000000116e-02
1.020803071000000034e-01
9.052685843999999649e-02
8.652752678000000253e-02
1.509896541999999897e-01
1.518571887000000065e-01
1.184546966000000062e-01
1.608594312999999942e-01
1.229949578999999932e-01
1.605839172000000092e-01
9.704749944000000406e-02
1.327210430999999913e-01
1.436674890999999898e-01
1.244381247999999940e-01
1.476366034999999910e-01
1.658477130999999882e-01
1.258630352000000008e-01
1.249546383999999982e-01
1.712093493999999883e-01
1.485463371000000088e-01
1.391960053999999891e-01
1.393697113000000043e-01
1.350246145000000009e-01
1.617248914999999954e-01
8.533817925000000693e-02
1.129464614999999977e-01
7.827929689000000246e-02
2.548749998999999891e-02
1.762989714000000041e-01
1.717961275999999871e-01
1.671033486000000068e-01
1.597789299000000052e-01
1.673356178000000027e-01
1.450256729999999938e-01
1.288369830999999965e-01
1.656417901999999998e-01
1.173598955000000055e-01
1.213716345000000058e-01
1.362269450999999965e-01
1.157544744000000014e-01
1.488625721000000068e-01
1.408968190000000065e-01
9.812904320000000180e-02
1.247136283000000040e-01
1.253102154000000079e-01
1.692664700000000022e-01
1.001753992000000010e-01
1.616519523999999930e-01
1.265018052000000115e-01
8.132850714000000591e-02
1.071104269999999942e-01
1.368536214999999945e-01
1.338830048000000106e-01
1.162975940000000041e-01
1.334597423999999977e-01
1.591304788000000026e-01
1.831921307000000110e-01
1.341903449999999887e-01
1.634957042000000083e-01
1.410947831999999902e-01
1.436393179999999881e-01
1.148914329000000067e-01
1.634564142999999914e-01
9.380866364999999873e-02
1.287813415999999878e-01
1.217224491000000047e-01
1.328458507999999982e-01
1.351308893000000011e-01
1.002998778000000063e-01
1.256870569000000104e-01
1.274427248999999984e-01
1.205212348999999961e-01
1.493694633000000049e-01
1.435078143999999889e-01
1.639310733999999881e-01
1.659701526000000038e-01
9.336428645000000026e-02
1.448819184000000038e-01
1.094492700999999957e-01
8.225320506000000087e-02
1.162645795000000065e-01
1.476557039999999987e-01
1.559373557000000021e-01
1.742428907999999943e-01
1.745777383999999877e-01
1.282843465000000072e-01
1.200247791000000064e-01
1.348439798000000134e-01
1.901409238000000002e-02
1.230870867999999951e-01
1.687335201000000062e-01
1.375623652000000086e-01
1.243027245000000031e-01
1.318028686999999921e-01
1.270737282000000135e-01
1.150275637999999961e-01
1.290672871000000110e-01
1.405176902999999977e-01
8.089254893000000224e-02
1.088226223000000048e-01
1.207559913999999984e-01
1.094328769000000035e-01
4.770755726999999918e-02
1.325350372999999915e-01
1.487004215999999934e-01
1.684052515999999999e-01
1.408286377000000089e-01
1.593310282000000022e-01
1.327098968000000045e-01
1.320054826000000014e-01
1.116529666999999948e-01
1.169819348000000064e-01
1.116178488000000024e-01
1.591983992999999875e-01
1.422105730000000068e-01
1.768300500999999969e-01
1.060422917999999937e-01
1.621434663999999914e-01
1.367838909999999908e-01
1.109921833000000052e-01
6.437720445000000291e-02
1.214308602000000042e-01
1.470953141999999936e-01
1.848924412999999878e-01
1.549509711000000012e-01
8.647810979999999426e-02
1.094834850000000054e-01
1.308530460000000006e-01
1.145449107000000022e-01
1.403000917999999986e-01
1.245813422000000004e-01
9.728895390000000254e-02
7.811187224000000484e-02
1.242687531000000040e-01
1.522524906999999927e-01
1.550987282999999883e-01
1.605925784999999995e-01
1.391354445000000106e-01
1.472960369999999908e-01
1.459003197000000029e-01
1.490664321999999875e-01
1.250337363000000035e-01
1.214318625999999957e-01
9.415078670000000260e-02
1.333254360999999999e-01
1.282446409999999926e-01
1.516964463000000096e-01
1.620144872000000014e-01
1.466801469000000024e-01
1.558554605999999954e-01
1.290636307999999954e-01
1.318474135999999908e-01
1.445718398999999987e-01
1.520520996999999985e-01
1.298696896000000045e-01
1.809110519999999889e-01
1.518721643000000010e-01
1.321750294000000048e-01
1.449572376000000107e-01
1.443006095999999905e-01
1.606761516000000112e-01
1.581829489000000089e-01
1.505353027000000121e-01
1.517614264000000102e-01
1.760812932999999969e-01
8.928309013000000627e-02
1.727445230000000109e-01
1.189526758999999989e-01
1.326562534000000071e-01
1.262243359999999925e-01
8.639637645000000643e-02
1.246187410999999995e-01
1.373893048000000006e-01
1.612988038000000013e-01
9.928541222999999472e-02
9.037068761000000006e-02
7.478161089000000261e-02
8.971988207999999354e-02
1.473109559999999929e-01
1.514739109000000084e-01
1.078442203000000016e-01
1.898557906999999989e-01
8.673480718999999894e-02
1.270066602000000100e-01
1.357830654999999942e-01
1.626454080999999996e-01
1.591611859000000018e-01
1.197431919000000039e-01
1.569683641999999879e-01
1.295096205000000056e-01
1.802375147999999982e-01
1.543457550000000011e-01
1.585417524999999939e-01
1.805306533000000102e-01
1.284127368999999907e-01
1.336895351999999870e-01
1.731936259999999894e-01
1.491823600000000138e-01
1.468775720000000118e-01
1.439691714000000122e-01
1.633814343999999974e-01
1.171578835000000041e-01
2.025354292000000056e-01
1.416894666999999886e-01
8.473365854999999336e-02
7.312518784999999522e-02
1.263370561000000114e-01
1.400838802999999910e-01
1.721036995000000125e-01
1.097428520000000018e-01
1.330492976000000049e-01
1.604846500999999870e-01
1.262197891000000072e-01
1.564855970000000041e-01
1.161305009000000027e-01
1.638217871000000048e-01
1.399457491999999970e-01
1.186242514999999997e-01
1.378366186999999965e-01
1.576818242999999953e-01
1.263221942999999958e-01
1.455661921999999997e-01
1.560077515999999942e-01
1.590846323000000007e-01
9.738266476000000116e-02
1.864272650999999892e-01
1.657588962000000055e-01
1.064797838999999996e-01
1.016171044999999995e-01
1.541106375999999889e-01
1.418878191999999872e-01
1.546920422999999989e-01
1.165632067000000049e-01
1.376753269999999862e-01
1.485050840999999934e-02
1.310349134000000047e-02
5.100741232000000069e-02
1.644610219000000040e-01
1.225757200999999935e-01
1.518725313000000021e-01
1.446780152000000097e-01
1.916071742999999883e-01
1.235280960999999983e-01
1.414194616999999987e-01
1.522382328000000118e-01
1.280833963000000131e-01
1.351697572999999986e-01
1.271696009000000127e-01
1.445302814999999963e-01
1.262024240999999880e-01
1.152375313999999956e-01
1.502200945000000121e-01
1.851680675000000054e-01
1.109885946000000040e-01
8.049595264999999389e-02
1.328430516999999922e-01
1.240845552999999962e-01
1.112912556999999941e-01
1.618848535999999894e-01
1.361656747999999972e-01
1.578860679999999905e-01
1.867979298999999926e-02
1.332058704000000093e-01
1.017602776000000042e-01
1.810640263000000139e-01
1.385343661000000004e-01
1.049949599999999983e-01
1.566352045999999942e-01
1.812188118999999986e-01
1.078618865999999982e-01
1.068547457999999978e-01
1.039556031999999963e-01
1.630030913999999942e-01
1.051061504000000008e-01
1.332265984000000070e-01
1.636347008000000047e-01
1.037483532000000042e-01
1.501730889000000013e-01
1.177109313000000018e-01
1.469234308000000044e-01
1.342216861999999955e-01
1.228004267000000066e-01
8.691243237000000066e-02
1.903412593000000097e-01
8.893684528999999672e-02
1.377530203000000009e-01
1.396863586000000046e-01
1.764827529999999922e-01
1.406027747999999966e-01
1.473185280000000041e-01
1.145722351000000028e-01
1.729510864999999897e-01
1.649179309000000093e-01
1.423112572999999936e-01
1.524903361000000124e-01
1.768575384999999944e-01
1.408506045000000040e-01
1.079092316000000024e-01
9.049232014999999962e-02
1.664847700000000041e-01
1.432328390000000007e-01
1.557652546999999943e-01
1.923084210000000072e-01
1.958340744000000022e-01
9.639064039000000417e-02
1.848069797999999930e-01
7.883088595999999948e-02
9.627080568000000171e-02
1.832509451000000067e-01
1.501022485999999878e-01
1.885398944999999993e-01
1.465114057999999941e-01
1.693825016999999933e-01
1.108194816999999999e-01
9.626968503999999704e-02
1.244935843000000014e-01
1.205974077000000061e-01
1.713844941000000066e-01
1.363719015000000034e-01
1.434399117000000057e-01
1.507512954999999932e-01
1.810305459000000061e-01
1.592984641999999895e-01
1.232483223000000044e-01
1.399078182000000059e-01
1.792180631999999996e-01
1.576648719000000032e-01
1.686225238000000071e-01
1.466595293000000078e-01
1.287188891000000113e-01
1.076512426000000022e-01
1.751502514999999927e-01
1.442488268000000073e-01
1.595291605999999973e-01
1.187062670000000042e-01
1.719070269000000095e-01
1.417678997000000052e-01
1.477975984000000076e-01
1.173383967999999944e-01
1.792051761000000021e-01
1.260343217999999876e-01
1.250306052999999862e-01
1.330667705999999950e-01
1.322902092000000085e-01
1.302637660000000031e-01
9.427454670000000314e-02
1.494570540999999864e-01
1.018699477000000048e-01
1.712735511000000044e-01
1.368624368999999952e-01
1.378026374999999915e-01
1.026965378000000012e-01
1.902695318000000024e-01
9.645533406999999559e-02
1.168303301999999988e-01
1.543892598000000116e-01
1.433526555000000091e-01
1.408192759000000127e-01
1.365931769000000018e-01
1.161104057000000023e-01
1.562340614999999933e-01
1.491799145000000104e-01
1.445740164000000050e-01
1.401420129000000014e-01
9.348810337000000581e-02
1.180163506999999945e-01
1.229136141999999932e-01
1.360696738999999933e-01
1.719325787000000050e-01
1.269795559999999934e-01
1.158432860000000036e-01
1.462412529999999877e-01
1.534486248999999969e-01
1.030665877000000036e-01
1.164960864999999984e-01
1.420992464999999982e-01
1.216686971000000006e-01
1.476999163000000115e-01
1.442622628000000129e-01
1.315503670000000014e-01
1.324633007000000084e-01
1.825697534000000066e-01
9.362919588000000182e-02
1.793846319000000078e-01
1.213076322000000012e-01
1.484564864000000040e-01
1.297082219000000036e-01
1.834891771999999921e-01
1.158828397000000038e-01
1.464525931000000003e-01
7.071147895000000350e-02
1.551108982999999941e-01
1.726609973000000076e-01
1.376133207999999941e-01
9.754042329999999816e-02
8.859196602999999670e-02
1.162596226999999954e-01
1.329752971000000006e-01
1.430203406999999982e-01
1.036112119999999942e-01
1.096910764000000038e-01
9.736794112999999640e-02
1.745410708000000033e-01
1.135771215999999972e-01
1.222708054000000016e-01
1.224690328999999966e-01
1.361263855000000023e-01
1.219262490000000004e-01
1.402914882999999890e-01
1.202925491000000069e-01
1.027557610000000010e-01
1.137898829999999945e-01
1.709656515000000099e-01
1.706203138999999869e-01
9.696613391000000193e-02
5.861584831999999690e-02
5.770558719999999836e-02
1.174117818999999979e-01
1.605161247000000124e-01
1.824783483000000095e-01
1.646440212999999986e-01
1.511508290999999948e-01
1.369104993999999964e-01
1.429852087000000049e-01
1.353180833000000027e-01
1.381605210999999889e-01
1.534275978000000096e-01
1.100013685000000019e-01
1.078094993000000001e-01
1.104639302999999989e-01
1.193534593000000060e-01
1.473521004999999995e-01
1.047449369000000019e-01
1.180965367000000044e-01
1.110554252000000020e-01
1.417560267999999901e-01
1.081981959999999965e-01
1.250130261000000076e-01
1.304040944000000035e-01
1.531873810999999919e-01
1.994872691000000031e-01
7.573175945000000520e-02
5.075136152999999706e-02
1.651664982999999920e-01
1.486212285999999883e-01
1.448770504999999931e-01
1.262450351999999942e-01
1.277885833999999887e-01
1.799504819999999949e-01
1.873248761000000095e-01
1.746997950999999993e-01
1.816202449000000052e-01
1.557462075000000112e-01
1.224075128000000068e-01
1.316404043000000135e-01
1.291866885000000076e-01
1.436269899000000017e-01
1.429202968999999934e-01
1.444655924999999896e-01
1.475899837000000103e-01
1.460471684999999908e-01
1.458639999000000131e-01
1.624972557000000095e-01
1.592393008999999915e-01
9.802345211000000613e-02
1.284217109999999940e-01
1.435617596000000051e-01
1.591048676000000051e-01
1.767228986000000113e-01
1.433296407999999911e-01
1.065171610999999935e-01
1.133453588000000040e-01
1.476369634999999958e-01
1.705752504999999974e-01
1.013637082999999939e-01
1.128694769999999958e-01
1.701350889000000088e-01
1.359834752000000091e-01
1.538402121999999927e-01
1.291980640000000014e-01
1.314801180999999874e-01
1.071775890000000037e-01
1.487407484000000113e-01
1.037758968000000032e-01
1.411681022999999868e-01
1.006360686999999976e-01
1.421181696999999911e-01
1.525125347999999881e-01
1.104215399000000042e-01
8.556805770000000533e-02
8.341968056000000076e-02
1.002651588000000038e-01
1.033846503999999999e-01
1.275664385999999983e-01
1.555966431999999955e-01
1.600967399999999874e-01
1.459456222000000136e-01
1.643585867000000034e-01
1.604018370999999998e-01
1.638963240000000099e-01
1.235621001999999968e-01
1.354814713999999976e-01
1.019100859999999970e-01
8.711677907999999804e-02
1.447548724999999925e-01
1.121800476999999935e-01
1.362125741000000112e-01
1.111136979000000025e-01
1.008362830999999932e-01
1.334037891000000031e-01
1.315557669999999901e-01
1.502863862000000106e-01
1.758680481999999878e-01
1.639284456000000001e-01
1.317214555000000009e-01
1.241037692999999997e-01
1.193757359999999962e-01
1.258591881999999995e-01
9.264716846999999922e-02
1.067294508999999947e-01
1.519942995000000130e-01
1.822227204999999906e-01
1.428764275999999944e-01
1.500793007000000012e-01
1.525403348999999908e-01
1.905820870999999916e-01
1.329059086000000112e-01
1.595100228000000120e-01
1.338393506999999982e-01
1.156690912999999987e-01
1.039447770999999965e-01
1.270830796999999901e-01
1.497000890999999889e-01
1.213841088000000012e-01
1.352979629000000128e-01
1.790276037000000098e-01
1.335173346999999899e-01
1.179544876999999992e-01
1.170720610999999994e-01
1.107795540999999967e-01
1.521860914000000009e-01
1.358462416000000006e-01
1.240962146000000044e-01
1.413176402999999914e-01
1.145000255999999994e-01
1.469785167000000059e-01
1.538736072000000121e-01
1.651879860000000089e-01
1.212432298000000047e-01
1.514061753000000010e-01
1.583392932000000086e-01
1.378294703999999871e-01
1.474695188000000046e-01
1.386566989999999944e-01
1.094937869999999952e-01
1.019761614000000011e-01
1.187056591999999938e-01
1.325410711999999991e-01
7.149903474999999564e-02
1.494723058000000104e-01
1.572074666999999926e-01
1.786477030999999993e-01
1.495818384000000001e-01
1.493484721999999987e-01
1.674039522000000113e-01
1.983132830000000069e-01
1.268704820999999872e-01
1.038852834999999947e-01
1.405655372999999875e-01
1.441100654999999953e-01
1.312865552999999963e-01
1.406698899000000114e-01
1.632638527999999978e-01
1.653997825999999893e-01
1.067294631000000049e-01
1.178431999000000008e-01
1.330447657999999922e-01
1.317665318000000030e-01
1.391071889999999922e-01
1.609560029000000059e-01
1.142356350000000020e-01
1.678932774000000128e-01
1.114802844000000043e-01
1.696552165000000112e-01
1.521249115999999957e-01
1.345971122000000075e-01
9.732185622000000258e-02
1.561931862000000004e-01
1.147676385999999993e-01
1.594969193999999924e-01
1.530673459000000125e-01
1.710894239000000094e-01
1.774303596000000038e-01
1.371389279000000128e-01
1.442104565000000005e-01
1.239763665999999986e-01
5.576048083000000044e-02
8.497942427999999673e-03
3.286308044999999844e-02
1.794719234999999913e-01
9.347055423000000252e-02
4.011809959999999842e-02
1.848002967000000052e-01
1.567136188999999902e-01
1.601972658999999966e-01
1.358054806000000003e-01
1.368763956999999865e-01
1.609205637999999994e-01
1.319528397999999991e-01
1.259074706999999960e-01
1.087677217999999946e-01
1.803706814000000103e-01
1.444572940000000139e-01
1.135301372000000059e-01
1.250510971999999887e-01
1.183304606000000064e-01
1.547984277999999991e-01
1.532526559999999871e-01
1.497133183000000090e-01
1.473844339000000003e-01
1.526983721999999877e-01
1.301501157000000131e-01
1.415041934000000057e-01
1.668812879999999887e-01
1.387766410000000061e-01
9.878501264000000281e-02
9.997081656999999566e-02
1.406441572000000084e-01
1.148878660999999995e-01
1.337240083000000024e-01
1.259336165999999924e-01
1.280612781999999894e-01
1.419381588999999999e-01
1.327776515999999907e-01
1.266077697000000113e-01
1.547181417999999864e-01
1.785030338999999966e-01
1.397621384000000133e-01
1.654817425000000009e-01
1.367636120999999871e-01
1.638523963999999888e-01
1.268409886999999903e-01
1.532548871999999951e-01
8.595668157999999948e-02
1.563477533000000030e-01
1.192463916999999957e-01
1.359692757000000030e-01
1.649248930999999974e-01
8.351386825999999874e-02
1.287861431000000001e-01
1.685660676000000080e-01
1.301558741000000130e-01
1.304160109999999984e-01
1.393798971000000109e-01
1.463848191000000076e-01
1.510747205999999898e-01
1.171229963999999985e-01
1.141169261999999962e-01
1.447308853000000006e-01
1.286044198000000083e-01
1.144742051000000038e-01
1.369045224999999866e-01
2.203042933000000023e-02
6.888840491999999316e-02
1.119557224999999934e-01
1.336647767999999958e-01
1.302675480000000108e-01
1.425412926999999885e-01
1.047614632999999962e-01
1.267258810000000124e-01
1.329203010999999990e-01
1.095932329999999982e-01
1.000615105000000060e-01
1.578346193000000064e-01
1.518704322999999967e-01
1.090145317000000003e-01
1.158879139999999947e-01
1.446631861999999880e-01
1.729179778999999917e-01
1.652478720999999984e-01
1.402072208000000042e-01
1.444537288999999947e-01
1.242297110000000065e-01
1.592389428000000051e-01
1.253368266000000064e-01
9.906492745999999350e-02
1.031496622000000057e-01
1.376868813999999885e-01
1.684005074000000102e-01
7.488117597000000514e-02
1.932866541999999910e-01
1.313406196999999942e-01
1.369795299000000077e-01
1.302260933000000120e-01
1.297062226000000040e-01
1.237174231000000013e-01
1.620284885999999924e-01
1.451378155999999975e-01
1.573533015999999951e-01
1.210345926999999988e-01
1.478317134000000088e-01
1.378242782000000111e-01
1.237915467000000047e-01
1.589235318999999980e-01
1.159995800000000049e-01
1.423337615999999972e-01
1.324419648000000060e-01
1.121342570999999955e-01
1.413814478000000041e-01
1.230655219000000022e-01
1.502043017999999952e-01
1.440405546000000092e-01
1.512553943999999928e-01
1.754645317999999898e-01
1.725944547999999912e-01
1.743929834000000068e-01
1.690223130999999879e-01
8.476046000999999663e-02
1.615514916000000134e-01
1.098276809999999964e-01
1.079403723000000037e-01
1.311590018000000080e-01
1.229657539000000022e-01
1.729479459999999913e-01
1.220860500999999959e-01
1.705713509000000017e-01
1.380452712000000137e-01
1.520225263999999965e-01
1.204689712999999947e-02
1.595454688000000065e-01
1.524117516999999866e-01
1.447892793999999983e-01
1.336113956999999963e-01
1.277960137999999968e-01
1.320527753000000082e-01
1.125591727000000014e-01
1.515627194999999983e-01
1.098361481999999972e-01
1.224508163999999955e-01
1.538075637999999912e-01
9.231136779000000125e-02
1.217591492999999941e-01
1.806231217000000000e-01
1.380932917000000093e-01
6.724744621000000588e-02
2.975378180000000025e-02
1.865070033000000016e-01
1.665227053999999984e-01
1.400803763000000035e-01
1.433286330000000108e-01
1.263353452000000043e-01
1.409668970000000077e-01
1.074497610000000047e-01
1.105933119000000048e-01
1.129240348000000033e-01
1.167326055999999973e-01
1.713589423000000111e-01
1.235524471000000041e-01
1.258741442999999904e-01
1.661128179999999954e-01
1.586490063999999867e-01
1.317073430000000045e-01
7.478579508999999570e-02
1.492978778999999867e-01
1.861422675000000138e-01
1.571802818999999962e-01
1.417757919000000033e-01
1.363857618000000049e-01
1.393694023000000004e-01
1.227722529000000035e-01
9.641232043000000362e-02
1.604128391000000098e-01
8.775312698999999939e-02
1.213265812999999999e-01
1.444548421000000082e-01
1.720800796999999993e-01
1.378716684000000081e-01
1.170693458999999964e-01
1.099512091000000025e-01
1.704543829999999871e-01
1.674536748999999880e-01
1.307262876999999990e-01
1.407083382000000049e-01
1.188170681000000062e-01
1.752013594999999868e-01
1.048273200000000016e-01
9.032325514000000277e-02
1.414450425999999872e-01
1.146535077000000041e-01
1.728658678999999976e-01
1.149593371000000031e-01
1.711421136000000065e-01
9.397097986999999875e-02
1.161798026000000067e-01
4.490521178000000252e-02
9.847643244999999823e-02
1.698397443000000118e-01
1.769359212999999931e-01
8.298484187000000623e-02
9.024615417999999611e-02
1.227470885000000039e-01
1.545772032999999934e-01
1.398279527000000078e-01
1.408872898999999901e-01
1.084559108999999938e-01
1.324623541999999932e-01
1.275595841999999924e-01
1.287891263000000008e-01
1.370337385000000019e-01
1.041532720999999995e-01
8.431344548999999966e-02
1.482338772000000027e-01
1.176400630999999974e-01
1.295662890000000012e-01
1.298014175999999964e-01
1.377691380000000132e-01
1.307252852000000132e-01
6.862658023999999857e-02
1.451304686999999871e-01
1.357668666999999885e-01
1.679462726000000017e-01
1.273360071000000093e-01
1.407790114999999953e-01
1.444306340000000022e-01
1.174675153000000055e-01
1.705062478000000104e-01
1.519634807999999948e-01
8.837236997000000316e-02
9.183087738999999583e-02
1.743360385000000123e-01
4.968284082999999823e-02
1.215071409000000047e-01
1.105208788999999941e-01
1.135090257000000019e-01
1.074863618999999937e-01
1.175110983999999997e-01
1.673676269999999910e-01
1.371463569999999965e-01
1.004234623000000021e-01
1.244206283000000024e-01
1.667056812000000110e-01
1.267003760000000034e-01
1.779615948000000114e-01
1.471839008999999976e-01
1.661599612999999920e-01
1.579597356999999924e-01
1.351007495999999863e-01
1.145333763000000032e-01
1.205767321999999947e-01
1.466449026999999961e-01
1.420191919999999886e-01
1.500320974000000085e-01
1.464945138000000036e-01
1.600072498000000010e-01
1.314085683000000004e-01
8.225985115999999431e-02
1.667240735999999945e-01
1.093427101999999984e-01
1.775363788000000054e-01
1.443440524999999863e-01
1.499267864999999922e-01
1.525356576000000131e-01
1.239201037000000061e-01
1.509320986000000087e-01
1.392741375000000059e-01
1.481643451999999916e-01
7.091769741999999488e-02
1.342235451999999885e-01
1.905860389000000044e-01
1.255257652000000002e-01
1.248002613000000066e-01
1.128743311999999971e-01
6.800759353999999424e-02
1.586494693999999928e-01
1.294498468999999985e-01
1.438505401000000072e-01
1.734229731999999968e-01
1.304943860999999983e-01
1.345149197999999935e-01
1.023639789999999938e-01
9.211223863000000608e-03
2.525626887000000098e-02
1.341781850000000054e-01
1.595031060000000056e-01
8.736170290000000449e-02
1.149645608999999985e-01
1.295492206999999951e-01
1.387079736000000063e-01
1.309834857000000130e-01
1.227622404999999944e-01
1.011051320000000003e-01
1.065910573999999944e-01
1.026664803999999959e-01
1.318632258999999918e-01
1.310439342999999979e-01
1.623149651000000138e-01
1.735625956000000081e-01
1.658841755000000084e-01
1.177706929000000013e-01
1.023794400999999965e-01
1.122420370999999972e-01
1.263716948999999978e-01
1.205951281999999986e-01
1.199082486999999975e-01
1.444953958000000094e-01
1.683539414999999928e-01
1.362084353000000136e-01
1.256197793000000118e-01
1.402514102999999901e-01
1.550235412000000035e-01
8.412436170999999796e-02
9.198858537000000057e-02
1.630651310000000020e-01
1.613984726000000092e-01
1.034425150999999932e-01
1.328605058000000005e-01
1.205866934999999945e-01
1.481142924000000138e-01
1.823110179000000108e-01
1.173192514999999991e-01
1.146905690000000061e-01
1.078161564000000017e-01
1.151463489000000007e-01
1.394971825000000110e-01
1.518717715000000024e-01
8.591306474000000304e-02
1.223239423000000020e-01
1.286064694999999869e-01
1.463812334000000048e-01
1.224715997000000028e-01
1.558213723999999911e-01
1.297011781000000086e-01
1.489922583000000134e-01
1.446808662000000079e-01
1.423707063000000106e-01
8.554735192000000044e-02
1.089386138999999948e-01
1.644217997999999903e-01
1.598685233000000094e-01
1.047667320999999957e-01
1.600582174999999885e-01
1.658448999999999895e-01
1.483761167000000047e-01
1.280404793000000097e-01
1.532466881000000003e-01
1.589830070000000095e-01
1.727724207000000123e-01
1.424148389999999875e-01
1.501454282999999945e-01
1.871736049000000124e-01
1.303402345000000129e-01
8.946781881000000214e-02
1.615630989999999878e-01
8.141424816999999481e-02
1.789793973000000094e-01
6.885860275999999836e-02
1.465814195000000042e-01
1.333204387999999962e-01
1.364607728999999992e-01
1.792352158999999945e-01
1.182774984999999945e-01
1.867935300000000132e-01
1.802065825999999982e-01
1.604748860000000110e-01
1.703965530000000062e-01
1.415372034999999862e-01
1.497318484000000061e-01
1.379925104999999985e-01
1.644549187000000079e-01
1.542086564000000048e-01
1.539541023000000064e-01
1.509775764999999881e-01
1.321853765999999875e-01
8.145697925000000561e-02
1.424851350000000128e-01
1.451437768000000128e-01
1.485829150999999904e-01
1.794218411999999874e-01
1.310381599999999869e-01
1.864598635999999976e-01
1.650017799999999868e-01
1.518996937000000047e-01
1.687212009999999873e-01
1.871830092000000001e-01
1.640130166000000056e-01
1.125785643000000030e-01
1.690376621000000135e-01
1.615061254000000057e-01
1.727382424999999999e-01
1.207776423999999960e-01
1.405809718000000097e-01
1.592785938000000068e-01
1.623364723000000065e-01
1.288202907999999869e-01
1.661176976000000027e-01
1.391887256000000073e-01
1.428560426000000105e-01
1.592781671000000066e-01
1.068178704000000007e-01
1.012733427000000047e-01
1.355159776000000038e-01
1.095485199000000021e-01
1.752394647000000139e-01
1.820012367999999936e-01
1.511558580000000040e-01
1.888405609000000096e-01
1.572029714000000022e-01
1.194107502999999931e-01
1.505000703000000106e-01
1.442186756999999930e-01
1.582027635000000099e-01
8.590203357999999512e-02
1.342707180999999916e-01
1.320938423999999944e-01
9.870539877999999490e-02
8.893956409999999313e-02
1.782735490000000034e-01
1.157065468000000041e-01
1.449510118000000014e-01
1.632758821999999999e-01
1.939963529000000020e-01
1.529564797000000087e-01
1.122125293999999968e-01
1.359888756000000032e-01
1.080498185999999999e-01
1.723110156999999865e-01
1.527111455000000062e-01
1.652408845999999987e-01
1.153298215999999932e-01
1.506134781000000034e-01
1.436164382000000017e-01
1.406456648999999948e-01
1.368211024000000053e-01
1.452247586000000035e-01
1.600664102000000089e-01
1.469898931999999991e-01
1.657930655000000031e-01
1.361295752999999997e-01
1.382588460999999991e-01
1.463934786999999960e-01
8.637774196000000404e-02
1.525096528999999868e-01
1.870509230999999883e-01
1.121006461000000065e-01
1.479273403999999958e-01
1.303814346999999929e-01
1.294625279000000129e-01
1.425546114000000031e-01
1.415215637999999998e-01
1.136715977000000016e-01
1.233197345999999944e-01
1.799008357000000113e-01
1.548053051999999929e-01
1.293494175999999884e-01
1.342436928000000085e-01
1.087590568000000035e-01
8.284995420000000610e-02
1.611639179000000088e-01
1.529266599000000115e-01
1.259017090000000005e-01
1.057244373000000015e-01
1.430363967999999930e-01
1.491780449000000008e-01
1.253457755000000062e-01
1.376869581999999870e-01
8.399927777000000539e-02
1.134644370000000013e-01
1.571260852999999957e-01
1.581054795999999874e-01
1.229208896999999939e-01
1.567135840999999974e-01
1.127436395000000063e-01
1.018218171999999977e-01
1.184087005999999997e-01
1.534753594999999915e-01
1.058451816000000045e-01
1.619059258999999973e-01
1.684078109000000101e-01
1.350514472999999882e-01
1.435959773999999911e-01
1.363946335000000010e-01
1.493849902999999923e-01
1.212026640999999960e-01
1.345688844000000051e-01
1.666422023999999946e-01
1.414759435999999870e-01
1.110412466999999986e-01
1.168446182000000000e-01
1.155383133000000007e-01
1.661395100999999985e-01
9.704602865000000467e-02
1.360671306000000025e-01
