     0.0000000        1.51680780        0.03261395
     0.1000000        1.28616158        0.02735187
     0.2000000        1.10872708        0.02411363
     0.3000000        0.96956416        0.02294306
     0.4000000        0.85830906        0.02207633
     0.5000000        0.76408509        0.02010753
     0.6000000        0.68766532        0.01953168
     0.7000000        0.62268753        0.01851117
     0.8000000        0.56871404        0.01765267
     0.9000000        0.52297977        0.01760372
     1.0000000        0.48348954        0.01814491
     1.1000000        0.44925010        0.01948784
     1.2000000        0.41559077        0.01816233
     1.3000000        0.38900748        0.01877775
     1.4000000        0.36608900        0.01953975
     1.5000000        0.34739450        0.02026080
     1.6000000        0.32869230        0.01859582
     1.7000000        0.31068999        0.01631301
     1.8000000        0.29456081        0.01422176
     1.9000000        0.28075121        0.01333291
     2.0000000        0.26961483        0.01266752
     2.1000000        0.25885093        0.01167874
     2.2000000        0.24940617        0.01115275
     2.3000000        0.24138434        0.01054019
     2.4000000        0.23287089        0.01000714
     2.5000000        0.22505201        0.00955970
     2.6000000        0.21890544        0.00975110
     2.7000000        0.21396163        0.01039447
     2.8000000        0.20889070        0.01065169
     2.9000000        0.20449401        0.01065914
     3.0000000        0.20139083        0.01177649
     3.1000000        0.19836306        0.01288089
     3.2000000        0.19598574        0.01443837
     3.3000000        0.19296784        0.01464666
     3.4000000        0.18883801        0.01252206
     3.5000000        0.18528312        0.01130286
     3.6000000        0.18271562        0.01045775
     3.7000000        0.18197424        0.01140723
     3.8000000        0.18191713        0.01297665
     3.9000000        0.18284852        0.01537790
     4.0000000        0.18350427        0.01738446
     4.1000000        0.18460130        0.02034147
     4.2000000        0.18560905        0.02372944
     4.3000000        0.18643027        0.02626427
     4.4000000        0.18653500        0.02725878
     4.5000000        0.18286654        0.02485367
     4.6000000        0.18409568        0.02626943
     4.7000000        0.18331951        0.02550391
     4.8000000        0.18517286        0.02761237
     4.9000000        0.18952381        0.03192970
     5.0000000        0.19424504        0.03622387
     5.1000000        0.19874952        0.03907343
     5.2000000        0.20115463        0.04020538
     5.3000000        0.20389176        0.04221153
     5.4000000        0.20321408        0.04032192
     5.5000000        0.20114266        0.03805625
     5.6000000        0.20395790        0.04104400
     5.7000000        0.20459458        0.04111712
     5.8000000        0.20870064        0.04496414
     5.9000000        0.20918558        0.04418044
     6.0000000        0.20678979        0.04078722
     6.1000000        0.20991041        0.04192458
     6.2000000        0.21126313        0.04187042
     6.3000000        0.21623141        0.04460562
     6.4000000        0.21746009        0.04447436
     6.5000000        0.21974107        0.04442358
     6.6000000        0.22451208        0.04653040
     6.7000000        0.22998879        0.04786561
     6.8000000        0.22946146        0.04290157
     6.9000000        0.22777037        0.03751963
     7.0000000        0.22957184        0.03598455
     7.1000000        0.23419463        0.03830151
     7.2000000        0.23807009        0.03952336
     7.3000000        0.24562348        0.04249464
     7.4000000        0.25513038        0.04711914
     7.5000000        0.25986765        0.04597492
     7.6000000        0.26552379        0.04477846
     7.7000000        0.27230889        0.04361288
     7.8000000        0.28139391        0.04412160
     7.9000000        0.28462890        0.03775160
     8.0000000        0.29026003        0.03326073
     8.1000000        0.29825575        0.02927404
     8.2000000        0.30993691        0.02801390
     8.3000000        0.32482660        0.02774924
     8.4000000        0.34119222        0.02797419
     8.5000000        0.35989826        0.02855225
     8.6000000        0.38340624        0.03037596
     8.7000000        0.40754198        0.03054914
     8.8000000        0.43715235        0.03200452
     8.9000000        0.47230726        0.03513083
     9.0000000        0.50869312        0.03780843
     9.1000000        0.55677658        0.04601491
     9.2000000        0.61218800        0.05645663
     9.3000000        0.66172003        0.05311419
     9.4000000        0.71998071        0.04734045
     9.5000000        0.79338891        0.04527764
     9.6000000        0.88359633        0.04542682
     9.7000000        0.99688523        0.04786542
     9.8000000        1.13616695        0.05040034
     9.9000000        1.30039322        0.04014165
    10.0000000        1.51680780        0.03261395
