7.323262367000000452e-13
7.323378014999999825e-13
7.323262367000000452e-13
6.159818026000000141e-13
5.100572742000000170e-13
5.100433963999999723e-13
5.100572742000000170e-13
5.100433963999999723e-13
5.100572742000000170e-13
5.100433963999999723e-13
5.100572742000000170e-13
5.100433963999999723e-13
5.100572742000000170e-13
5.100433963999999723e-13
5.100572742000000170e-13
5.100433963999999723e-13
5.100572742000000170e-13
5.460724465000000255e-13
5.670741654000000147e-13
5.670602875999999700e-13
5.670741654000000147e-13
5.670602875999999700e-13
5.670741654000000147e-13
5.670602875999999700e-13
5.670741654000000147e-13
5.670602875999999700e-13
5.670741654000000147e-13
5.670602875999999700e-13
5.670741654000000147e-13
5.670602875999999700e-13
8.497832067999999553e-13
1.151340597000000057e-12
1.151308214999999968e-12
1.151340597000000057e-12
1.151308214999999968e-12
1.151340597000000057e-12
1.151308214999999968e-12
1.318452292000000068e-12
1.671651242999999985e-12
1.671614236000000053e-12
1.671651242999999985e-12
1.671614236000000053e-12
1.671651242999999985e-12
1.671614236000000053e-12
1.671651242999999985e-12
1.671614236000000053e-12
1.502511078999999915e-12
1.153019809000000072e-12
1.108735787999999955e-12
9.273993609999999486e-13
9.274086128999999774e-13
9.273993609999999486e-13
9.274086128999999774e-13
9.273993609999999486e-13
9.274086128999999774e-13
9.273993609999999486e-13
9.274086128999999774e-13
9.273993609999999486e-13
9.274086128999999774e-13
9.273993609999999486e-13
9.274086128999999774e-13
9.273993609999999486e-13
9.274086128999999774e-13
9.273993609999999486e-13
9.274086128999999774e-13
9.273993609999999486e-13
9.274086128999999774e-13
9.273993609999999486e-13
9.274086128999999774e-13
9.273993609999999486e-13
9.388554747999999187e-13
1.168528237000000079e-12
1.168549054000000035e-12
1.168528237000000079e-12
1.168549054000000035e-12
1.168528237000000079e-12
1.168549054000000035e-12
1.168528237000000079e-12
1.168549054000000035e-12
1.168528237000000079e-12
1.168549054000000035e-12
1.168528237000000079e-12
1.168549054000000035e-12
1.168528237000000079e-12
1.168549054000000035e-12
1.336491103000000028e-12
1.919913301999999868e-12
1.919936432000000133e-12
1.919913301999999868e-12
1.919936432000000133e-12
1.919913301999999868e-12
1.919936432000000133e-12
1.919913301999999868e-12
1.919936432000000133e-12
1.919913301999999868e-12
1.919936432000000133e-12
1.919913301999999868e-12
1.919936432000000133e-12
1.919913301999999868e-12
1.919936432000000133e-12
1.919913301999999868e-12
1.919936432000000133e-12
1.919913301999999868e-12
1.919936432000000133e-12
1.919913301999999868e-12
1.919936432000000133e-12
1.919913301999999868e-12
1.919936432000000133e-12
1.919913301999999868e-12
1.919936432000000133e-12
1.919913301999999868e-12
1.919936432000000133e-12
1.919913301999999868e-12
1.919936432000000133e-12
1.919913301999999868e-12
2.310684051999999856e-12
3.858071270000000025e-12
3.858075896000000239e-12
3.858071270000000025e-12
4.407076555999999674e-12
6.790191094999999753e-12
6.790193407999999860e-12
6.790191094999999753e-12
6.790193407999999860e-12
6.790191094999999753e-12
6.790193407999999860e-12
6.790191094999999753e-12
6.790193407999999860e-12
6.790191094999999753e-12
6.790193407999999860e-12
6.790191094999999753e-12
6.790193407999999860e-12
6.790191094999999753e-12
6.790193407999999860e-12
6.790191094999999753e-12
6.790193407999999860e-12
6.790191094999999753e-12
6.790193407999999860e-12
6.790191094999999753e-12
6.790193407999999860e-12
6.790191094999999753e-12
6.790193407999999860e-12
6.790191094999999753e-12
6.790193407999999860e-12
6.790191094999999753e-12
6.790193407999999860e-12
6.790191094999999753e-12
6.790193407999999860e-12
6.798300348999999650e-12
7.629901340000000322e-12
7.629929095999999994e-12
7.629901340000000322e-12
7.629929095999999994e-12
7.629901340000000322e-12
7.629929095999999994e-12
7.629901340000000322e-12
7.629929095999999994e-12
7.629901340000000322e-12
7.629929095999999994e-12
7.629901340000000322e-12
7.629929095999999994e-12
7.629901340000000322e-12
7.629929095999999994e-12
7.629901340000000322e-12
7.629929095999999994e-12
7.629901340000000322e-12
7.629929095999999994e-12
7.629901340000000322e-12
7.629929095999999994e-12
7.629901340000000322e-12
7.629929095999999994e-12
7.629901340000000322e-12
7.629929095999999994e-12
7.629901340000000322e-12
7.629929095999999994e-12
7.629901340000000322e-12
7.629929095999999994e-12
7.629901340000000322e-12
7.629929095999999994e-12
7.629901340000000322e-12
7.629929095999999994e-12
7.629901340000000322e-12
7.629929095999999994e-12
7.629901340000000322e-12
7.629929095999999994e-12
7.629901340000000322e-12
7.629929095999999994e-12
7.629901340000000322e-12
7.629929095999999994e-12
7.629901340000000322e-12
7.629929095999999994e-12
7.629901340000000322e-12
7.629929095999999994e-12
7.629901340000000322e-12
7.629929095999999994e-12
7.629901340000000322e-12
7.629929095999999994e-12
7.629901340000000322e-12
7.629929095999999994e-12
7.629901340000000322e-12
7.629929095999999994e-12
7.629901340000000322e-12
7.629929095999999994e-12
7.629901340000000322e-12
7.629929095999999994e-12
7.629901340000000322e-12
7.629929095999999994e-12
7.629901340000000322e-12
7.629929095999999994e-12
7.629901340000000322e-12
7.629929095999999994e-12
7.629901340000000322e-12
7.629929095999999994e-12
7.629901340000000322e-12
7.629929095999999994e-12
7.629901340000000322e-12
7.629929095999999994e-12
7.629901340000000322e-12
7.629929095999999994e-12
7.629901340000000322e-12
7.629929095999999994e-12
7.629901340000000322e-12
7.629929095999999994e-12
7.629901340000000322e-12
7.629929095999999994e-12
7.629901340000000322e-12
7.629929095999999994e-12
7.629901340000000322e-12
7.629929095999999994e-12
7.629901340000000322e-12
7.629929095999999994e-12
7.629901340000000322e-12
7.629929095999999994e-12
7.629901340000000322e-12
7.629929095999999994e-12
7.629901340000000322e-12
7.629929095999999994e-12
7.629901340000000322e-12
7.629929095999999994e-12
7.629901340000000322e-12
7.629929095999999994e-12
7.629901340000000322e-12
7.629929095999999994e-12
7.629901340000000322e-12
7.629929095999999994e-12
7.629901340000000322e-12
7.629929095999999994e-12
7.629901340000000322e-12
7.629929095999999994e-12
7.629901340000000322e-12
7.629929095999999994e-12
7.629901340000000322e-12
7.629929095999999994e-12
7.629901340000000322e-12
7.629929095999999994e-12
7.629901340000000322e-12
7.629929095999999994e-12
7.629901340000000322e-12
7.629929095999999994e-12
7.629901340000000322e-12
7.629929095999999994e-12
7.629901340000000322e-12
7.629929095999999994e-12
7.629901340000000322e-12
7.629929095999999994e-12
7.629901340000000322e-12
7.629929095999999994e-12
7.629901340000000322e-12
7.629929095999999994e-12
7.629901340000000322e-12
7.629929095999999994e-12
7.629901340000000322e-12
7.629929095999999994e-12
7.629901340000000322e-12
7.629929095999999994e-12
7.629901340000000322e-12
7.629929095999999994e-12
7.629901340000000322e-12
7.629929095999999994e-12
7.629901340000000322e-12
7.629929095999999994e-12
7.629901340000000322e-12
7.629929095999999994e-12
7.629901340000000322e-12
7.629929095999999994e-12
7.629901340000000322e-12
7.629929095999999994e-12
7.629901340000000322e-12
7.629929095999999994e-12
7.629901340000000322e-12
7.629929095999999994e-12
7.629901340000000322e-12
7.629929095999999994e-12
7.629901340000000322e-12
7.629929095999999994e-12
7.629901340000000322e-12
7.629929095999999994e-12
7.629901340000000322e-12
7.629929095999999994e-12
7.629901340000000322e-12
7.629929095999999994e-12
7.629901340000000322e-12
7.629929095999999994e-12
7.629901340000000322e-12
7.629929095999999994e-12
7.629901340000000322e-12
7.629929095999999994e-12
7.629901340000000322e-12
6.986913362999999666e-12
4.337241213999999648e-12
4.337250466000000077e-12
4.337241213999999648e-12
4.337250466000000077e-12
4.337241213999999648e-12
4.337250466000000077e-12
4.337241213999999648e-12
4.337250466000000077e-12
4.337241213999999648e-12
4.337250466000000077e-12
4.337241213999999648e-12
4.337250466000000077e-12
4.337241213999999648e-12
4.337250466000000077e-12
4.337241213999999648e-12
4.337250466000000077e-12
4.337241213999999648e-12
4.337250466000000077e-12
4.337241213999999648e-12
4.337250466000000077e-12
4.337241213999999648e-12
4.337070054999999685e-12
9.677973700000000731e-12
9.677950570999999626e-12
9.677973700000000731e-12
9.677950570999999626e-12
9.677973700000000731e-12
9.677950570999999626e-12
9.677973700000000731e-12
9.677950570999999626e-12
9.677973700000000731e-12
9.677950570999999626e-12
9.677973700000000731e-12
9.677950570999999626e-12
9.677973700000000731e-12
9.677950570999999626e-12
9.677973700000000731e-12
9.677950570999999626e-12
9.677973700000000731e-12
9.677950570999999626e-12
9.677973700000000731e-12
9.677950570999999626e-12
9.677973700000000731e-12
9.677950570999999626e-12
9.677973700000000731e-12
9.677950570999999626e-12
9.677973700000000731e-12
9.677950570999999626e-12
9.677973700000000731e-12
9.677950570999999626e-12
9.677973700000000731e-12
9.677950570999999626e-12
9.677973700000000731e-12
9.677950570999999626e-12
9.677973700000000731e-12
9.677950570999999626e-12
9.677973700000000731e-12
9.677950570999999626e-12
9.677973700000000731e-12
9.677950570999999626e-12
9.677973700000000731e-12
9.677950570999999626e-12
9.677973700000000731e-12
9.677950570999999626e-12
9.677973700000000731e-12
9.677950570999999626e-12
9.677973700000000731e-12
9.677950570999999626e-12
9.677973700000000731e-12
9.677950570999999626e-12
9.677973700000000731e-12
9.677950570999999626e-12
9.677973700000000731e-12
9.677950570999999626e-12
9.677973700000000731e-12
9.677950570999999626e-12
9.677973700000000731e-12
9.677950570999999626e-12
9.677973700000000731e-12
9.677950570999999626e-12
9.677973700000000731e-12
9.677950570999999626e-12
9.672616873999999880e-12
5.298208631000000126e-12
5.298204004999999911e-12
5.298208631000000126e-12
5.298204004999999911e-12
5.298208631000000126e-12
5.298204004999999911e-12
5.298208631000000126e-12
5.298204004999999911e-12
5.298208631000000126e-12
5.298204004999999911e-12
5.298208631000000126e-12
5.298204004999999911e-12
5.298208631000000126e-12
5.298204004999999911e-12
5.298208631000000126e-12
5.298204004999999911e-12
5.298208631000000126e-12
5.298204004999999911e-12
5.298208631000000126e-12
5.298204004999999911e-12
5.298208631000000126e-12
5.298204004999999911e-12
5.298208631000000126e-12
5.298204004999999911e-12
5.298208631000000126e-12
5.298204004999999911e-12
5.298208631000000126e-12
5.298204004999999911e-12
5.298208631000000126e-12
5.298204004999999911e-12
5.298208631000000126e-12
5.298204004999999911e-12
5.298208631000000126e-12
5.298204004999999911e-12
5.298208631000000126e-12
5.298204004999999911e-12
5.298208631000000126e-12
5.298204004999999911e-12
5.298208631000000126e-12
5.298204004999999911e-12
5.298208631000000126e-12
5.298204004999999911e-12
5.298208631000000126e-12
5.298204004999999911e-12
5.298208631000000126e-12
5.298204004999999911e-12
5.298208631000000126e-12
5.298204004999999911e-12
5.298208631000000126e-12
5.297838556999999720e-12
3.858947882999999964e-12
3.858945569999999857e-12
3.858947882999999964e-12
3.858945569999999857e-12
3.858947882999999964e-12
3.858945569999999857e-12
3.858947882999999964e-12
3.858945569999999857e-12
3.858947882999999964e-12
3.858945569999999857e-12
3.858947882999999964e-12
3.858945569999999857e-12
3.858947882999999964e-12
3.858945569999999857e-12
3.858947882999999964e-12
3.858945569999999857e-12
3.858947882999999964e-12
3.858945569999999857e-12
3.858947882999999964e-12
3.858945569999999857e-12
3.858947882999999964e-12
3.858945569999999857e-12
3.552769189999999872e-12
3.517371578999999960e-12
3.517343823999999852e-12
3.517371578999999960e-12
3.517343823999999852e-12
3.517371578999999960e-12
3.517343823999999852e-12
3.517371578999999960e-12
3.517343823999999852e-12
3.517371578999999960e-12
3.517343823999999852e-12
3.517371578999999960e-12
3.517343823999999852e-12
3.517371578999999960e-12
3.517343823999999852e-12
3.517371578999999960e-12
3.517343823999999852e-12
3.517371578999999960e-12
3.517343823999999852e-12
3.517371578999999960e-12
3.517343823999999852e-12
3.517371578999999960e-12
3.517343823999999852e-12
3.517371578999999960e-12
3.517343823999999852e-12
3.517371578999999960e-12
3.517343823999999852e-12
3.517371578999999960e-12
3.517343823999999852e-12
3.517371578999999960e-12
3.517343823999999852e-12
3.517371578999999960e-12
3.517343823999999852e-12
3.517371578999999960e-12
3.517343823999999852e-12
3.517371578999999960e-12
3.517343823999999852e-12
3.517371578999999960e-12
3.517343823999999852e-12
3.517371578999999960e-12
3.517343823999999852e-12
3.517371578999999960e-12
3.517343823999999852e-12
3.517371578999999960e-12
3.517343823999999852e-12
3.517371578999999960e-12
3.517343823999999852e-12
3.517371578999999960e-12
3.517343823999999852e-12
3.517371578999999960e-12
3.517343823999999852e-12
3.517371578999999960e-12
3.517343823999999852e-12
3.517371578999999960e-12
3.517343823999999852e-12
3.517371578999999960e-12
3.517343823999999852e-12
3.517371578999999960e-12
3.517343823999999852e-12
3.517371578999999960e-12
3.517343823999999852e-12
3.517371578999999960e-12
3.517343823999999852e-12
3.517371578999999960e-12
3.517343823999999852e-12
3.517371578999999960e-12
3.517343823999999852e-12
3.517371578999999960e-12
3.517343823999999852e-12
3.517371578999999960e-12
3.517343823999999852e-12
3.517371578999999960e-12
3.517343823999999852e-12
3.517371578999999960e-12
3.517343823999999852e-12
3.517371578999999960e-12
3.517343823999999852e-12
3.517371578999999960e-12
3.517343823999999852e-12
8.569422949000000575e-12
9.288768828000000248e-12
9.288787331999999491e-12
9.288768828000000248e-12
9.288787331999999491e-12
9.288768828000000248e-12
9.288787331999999491e-12
9.288768828000000248e-12
9.288787331999999491e-12
9.288768828000000248e-12
9.288787331999999491e-12
9.288768828000000248e-12
9.288787331999999491e-12
9.288768828000000248e-12
9.288787331999999491e-12
9.288768828000000248e-12
9.288787331999999491e-12
9.288768828000000248e-12
9.288787331999999491e-12
9.288768828000000248e-12
9.288787331999999491e-12
1.761292500999999938e-11
1.761291113000000041e-11
1.761292268999999868e-11
2.121234438000000041e-11
2.262691192000000063e-11
2.262692811000000060e-11
2.262691192000000063e-11
2.262692811000000060e-11
2.262691192000000063e-11
2.262692811000000060e-11
2.262691192000000063e-11
4.130562789999999714e-11
5.091452954000000121e-11
5.091451103000000055e-11
5.091452954000000121e-11
5.091451103000000055e-11
5.091452954000000121e-11
5.091451103000000055e-11
4.011310497000000101e-11
3.395398546000000109e-11
3.395400396000000208e-11
3.395398546000000109e-11
3.395400396000000208e-11
3.395398546000000109e-11
4.469678330999999887e-11
5.093824204999999881e-11
5.093824898999999830e-11
5.093824204999999881e-11
5.093824898999999830e-11
5.093824204999999881e-11
6.755759608999999608e-11
9.592314443000000154e-11
9.592312824000000479e-11
9.592314443000000154e-11
9.592312824000000479e-11
9.592314443000000154e-11
9.592312824000000479e-11
9.592314443000000154e-11
9.592312824000000479e-11
9.592314443000000154e-11
9.592312824000000479e-11
9.592314443000000154e-11
9.592312824000000479e-11
9.592314443000000154e-11
9.592312824000000479e-11
9.592314443000000154e-11
1.284353480000000009e-10
1.770459519999999883e-10
1.770459450000000037e-10
1.770459519999999883e-10
1.770459450000000037e-10
1.770459519999999883e-10
1.770459450000000037e-10
1.770459519999999883e-10
1.770459450000000037e-10
1.770459519999999883e-10
1.770459450000000037e-10
1.770459519999999883e-10
1.881444352000000101e-10
2.075128263999999927e-10
2.075127894000000036e-10
2.075128263999999927e-10
2.125540090999999964e-10
2.356940383999999943e-10
1.986914383000000073e-10
9.795237305999999960e-11
9.795240312999999531e-11
9.795237305999999960e-11
1.047709002999999967e-10
7.558847991999999834e-11
7.558847297999999885e-11
7.558847991999999834e-11
7.558847297999999885e-11
7.558847991999999834e-11
7.558847297999999885e-11
6.902406423999999694e-11
1.994891752000000093e-11
1.994888744999999876e-11
1.994891752000000093e-11
2.024979027000000061e-11
4.706581651999999682e-11
2.097658621000000151e-11
1.673330455999999928e-11
1.054308724000000041e-11
7.507638029999999213e-12
7.507628778000000399e-12
7.507638029999999213e-12
7.507628778000000399e-12
7.507638029999999213e-12
7.507628778000000399e-12
7.507638029999999213e-12
7.507628778000000399e-12
7.507638029999999213e-12
7.507628778000000399e-12
7.507638029999999213e-12
7.507628778000000399e-12
7.507638029999999213e-12
7.507628778000000399e-12
7.507638029999999213e-12
7.507628778000000399e-12
7.507638029999999213e-12
7.507628778000000399e-12
7.507638029999999213e-12
7.507628778000000399e-12
7.507638029999999213e-12
7.507628778000000399e-12
7.507638029999999213e-12
7.507628778000000399e-12
7.507638029999999213e-12
7.507628778000000399e-12
7.507638029999999213e-12
7.507628778000000399e-12
7.507638029999999213e-12
7.507628778000000399e-12
7.507638029999999213e-12
7.507628778000000399e-12
7.507638029999999213e-12
7.507628778000000399e-12
7.507638029999999213e-12
7.507628778000000399e-12
7.507638029999999213e-12
7.507628778000000399e-12
5.022521750000000091e-12
4.589541709999999705e-12
4.589539396999999598e-12
4.589541709999999705e-12
4.589539396999999598e-12
4.589541709999999705e-12
4.589539396999999598e-12
4.589541709999999705e-12
4.589539396999999598e-12
4.589541709999999705e-12
4.589539396999999598e-12
4.589541709999999705e-12
4.589539396999999598e-12
4.589541709999999705e-12
3.789373907000000048e-12
2.750503528999999932e-12
2.750496590000000014e-12
2.750503528999999932e-12
2.750496590000000014e-12
2.750503528999999932e-12
2.750496590000000014e-12
2.750503528999999932e-12
2.750496590000000014e-12
2.750503528999999932e-12
2.750496590000000014e-12
2.750503528999999932e-12
2.750496590000000014e-12
2.750503528999999932e-12
2.750496590000000014e-12
2.750503528999999932e-12
2.750496590000000014e-12
2.750503528999999932e-12
2.750496590000000014e-12
2.750503528999999932e-12
2.750496590000000014e-12
2.750503528999999932e-12
2.750496590000000014e-12
2.750503528999999932e-12
2.750496590000000014e-12
2.750503528999999932e-12
2.750496590000000014e-12
2.750503528999999932e-12
2.750496590000000014e-12
2.750503528999999932e-12
2.750496590000000014e-12
2.750503528999999932e-12
2.750496590000000014e-12
2.750503528999999932e-12
2.750496590000000014e-12
2.750503528999999932e-12
2.750496590000000014e-12
2.750503528999999932e-12
2.750496590000000014e-12
2.750503528999999932e-12
2.750496590000000014e-12
2.750503528999999932e-12
2.750496590000000014e-12
2.750503528999999932e-12
2.750496590000000014e-12
2.750503528999999932e-12
2.750496590000000014e-12
2.750503528999999932e-12
2.750496590000000014e-12
2.750503528999999932e-12
2.750496590000000014e-12
2.750503528999999932e-12
2.750496590000000014e-12
2.750503528999999932e-12
2.750496590000000014e-12
2.750503528999999932e-12
2.750496590000000014e-12
2.750503528999999932e-12
2.750496590000000014e-12
2.750503528999999932e-12
2.750496590000000014e-12
2.750503528999999932e-12
2.750496590000000014e-12
2.750503528999999932e-12
2.750496590000000014e-12
2.750503528999999932e-12
2.750496590000000014e-12
2.750503528999999932e-12
2.750496590000000014e-12
2.750503528999999932e-12
2.750496590000000014e-12
2.750503528999999932e-12
3.791698437000000012e-12
4.201743119999999768e-12
4.201754685000000305e-12
3.369260889000000186e-12
2.252679523999999808e-12
2.252677211000000104e-12
2.252679523999999808e-12
2.252677211000000104e-12
2.252679523999999808e-12
2.252677211000000104e-12
2.252679523999999808e-12
2.252677211000000104e-12
2.252679523999999808e-12
2.252677211000000104e-12
2.252679523999999808e-12
2.252677211000000104e-12
2.252679523999999808e-12
2.252677211000000104e-12
2.252679523999999808e-12
2.252677211000000104e-12
2.252679523999999808e-12
2.252677211000000104e-12
2.252679523999999808e-12
2.252677211000000104e-12
2.252679523999999808e-12
2.252677211000000104e-12
2.252679523999999808e-12
2.252677211000000104e-12
2.252679523999999808e-12
2.252677211000000104e-12
2.252679523999999808e-12
2.252677211000000104e-12
2.252679523999999808e-12
2.252677211000000104e-12
2.252679523999999808e-12
2.252677211000000104e-12
2.252679523999999808e-12
2.252677211000000104e-12
2.252679523999999808e-12
2.252677211000000104e-12
2.252679523999999808e-12
2.252677211000000104e-12
2.252679523999999808e-12
2.252677211000000104e-12
2.252679523999999808e-12
2.252677211000000104e-12
2.252679523999999808e-12
2.252677211000000104e-12
2.252679523999999808e-12
2.252677211000000104e-12
2.252679523999999808e-12
2.252677211000000104e-12
2.252679523999999808e-12
2.252677211000000104e-12
2.252679523999999808e-12
2.252677211000000104e-12
2.252679523999999808e-12
2.252677211000000104e-12
2.252679523999999808e-12
2.252677211000000104e-12
2.252679523999999808e-12
2.252677211000000104e-12
2.252679523999999808e-12
2.252677211000000104e-12
2.252679523999999808e-12
2.252677211000000104e-12
2.252679523999999808e-12
2.252677211000000104e-12
2.252679523999999808e-12
2.252677211000000104e-12
2.252679523999999808e-12
2.252677211000000104e-12
2.252679523999999808e-12
2.252677211000000104e-12
2.252679523999999808e-12
2.252677211000000104e-12
2.252679523999999808e-12
2.252677211000000104e-12
1.957015568000000167e-12
1.431991100000000070e-12
1.431988786999999962e-12
1.431991100000000070e-12
1.431988786999999962e-12
1.431991100000000070e-12
1.431988786999999962e-12
1.431991100000000070e-12
1.431988786999999962e-12
1.431991100000000070e-12
1.431988786999999962e-12
1.431991100000000070e-12
1.431988786999999962e-12
1.431991100000000070e-12
1.431988786999999962e-12
1.431991100000000070e-12
1.431988786999999962e-12
1.431991100000000070e-12
1.431988786999999962e-12
1.431991100000000070e-12
1.431988786999999962e-12
1.431991100000000070e-12
1.431988786999999962e-12
1.431991100000000070e-12
1.431988786999999962e-12
1.431991100000000070e-12
1.431988786999999962e-12
1.431991100000000070e-12
1.431988786999999962e-12
1.431991100000000070e-12
1.431988786999999962e-12
1.431991100000000070e-12
1.431988786999999962e-12
1.431991100000000070e-12
1.431988786999999962e-12
1.431991100000000070e-12
1.431988786999999962e-12
1.431991100000000070e-12
1.431988786999999962e-12
1.431991100000000070e-12
1.431988786999999962e-12
1.431991100000000070e-12
1.431988786999999962e-12
1.431991100000000070e-12
1.431988786999999962e-12
1.431991100000000070e-12
1.431988786999999962e-12
1.431991100000000070e-12
1.431988786999999962e-12
1.431991100000000070e-12
1.431988786999999962e-12
1.431991100000000070e-12
1.431988786999999962e-12
1.431991100000000070e-12
1.431988786999999962e-12
1.431991100000000070e-12
1.431988786999999962e-12
1.431991100000000070e-12
1.431988786999999962e-12
1.431991100000000070e-12
1.431988786999999962e-12
1.431991100000000070e-12
1.431988786999999962e-12
1.431991100000000070e-12
1.431988786999999962e-12
1.431991100000000070e-12
1.431988786999999962e-12
1.431991100000000070e-12
1.431988786999999962e-12
1.431991100000000070e-12
1.431988786999999962e-12
1.431991100000000070e-12
1.464837511000000072e-12
1.471101019000000037e-12
1.471073262999999960e-12
1.471101019000000037e-12
1.471073262999999960e-12
1.471101019000000037e-12
1.471073262999999960e-12
1.471101019000000037e-12
1.471073262999999960e-12
1.471101019000000037e-12
1.471073262999999960e-12
1.471101019000000037e-12
1.471073262999999960e-12
1.471101019000000037e-12
1.471073262999999960e-12
1.471101019000000037e-12
1.471073262999999960e-12
1.471101019000000037e-12
1.471073262999999960e-12
1.471101019000000037e-12
1.471073262999999960e-12
1.471101019000000037e-12
1.471073262999999960e-12
1.471101019000000037e-12
1.471073262999999960e-12
1.471101019000000037e-12
1.471073262999999960e-12
1.471101019000000037e-12
1.471073262999999960e-12
1.471101019000000037e-12
1.471073262999999960e-12
1.471101019000000037e-12
1.471073262999999960e-12
1.471101019000000037e-12
1.471073262999999960e-12
1.471101019000000037e-12
1.471073262999999960e-12
1.471101019000000037e-12
1.471073262999999960e-12
1.471101019000000037e-12
1.471073262999999960e-12
1.471101019000000037e-12
1.471073262999999960e-12
1.471101019000000037e-12
1.471073262999999960e-12
1.471101019000000037e-12
1.471073262999999960e-12
1.471101019000000037e-12
1.471073262999999960e-12
1.471101019000000037e-12
1.471073262999999960e-12
1.471101019000000037e-12
1.471073262999999960e-12
1.310433242999999979e-12
9.760965184000000724e-13
9.761011444000000852e-13
9.760965184000000724e-13
9.761011444000000852e-13
9.760965184000000724e-13
9.761011444000000852e-13
9.760965184000000724e-13
9.761011444000000852e-13
9.760965184000000724e-13
9.761011444000000852e-13
9.760965184000000724e-13
9.761011444000000852e-13
9.760965184000000724e-13
9.761011444000000852e-13
9.760965184000000724e-13
9.761011444000000852e-13
9.760965184000000724e-13
9.761011444000000852e-13
9.760965184000000724e-13
9.761011444000000852e-13
9.760965184000000724e-13
9.761011444000000852e-13
9.760965184000000724e-13
9.761011444000000852e-13
9.760965184000000724e-13
9.761011444000000852e-13
9.274502461999999127e-13
8.090958459000000121e-13
8.090912198999999993e-13
8.090958459000000121e-13
8.090912198999999993e-13
8.090958459000000121e-13
8.090912198999999993e-13
8.090958459000000121e-13
8.090912198999999993e-13
8.090958459000000121e-13
8.090912198999999993e-13
8.090958459000000121e-13
8.090912198999999993e-13
8.090958459000000121e-13
8.090912198999999993e-13
8.090958459000000121e-13
8.090912198999999993e-13
8.090958459000000121e-13
8.090912198999999993e-13
8.090958459000000121e-13
8.090912198999999993e-13
8.090958459000000121e-13
8.090912198999999993e-13
8.090958459000000121e-13
8.090912198999999993e-13
8.090958459000000121e-13
9.103343079000000298e-13
1.163166785000000023e-12
1.163169097999999928e-12
1.163166785000000023e-12
1.163169097999999928e-12
1.163166785000000023e-12
1.163169097999999928e-12
1.163166785000000023e-12
1.163169097999999928e-12
1.163166785000000023e-12
1.163169097999999928e-12
1.163166785000000023e-12
1.163169097999999928e-12
1.163166785000000023e-12
1.163169097999999928e-12
1.163166785000000023e-12
1.163169097999999928e-12
1.163166785000000023e-12
1.163169097999999928e-12
1.163166785000000023e-12
1.163169097999999928e-12
1.652432820000000030e-12
2.925504746000000046e-12
2.925527875999999908e-12
2.925504746000000046e-12
2.925527875999999908e-12
2.925504746000000046e-12
2.925527875999999908e-12
2.925504746000000046e-12
2.925527875999999908e-12
2.925504746000000046e-12
2.925527875999999908e-12
2.925504746000000046e-12
2.925527875999999908e-12
2.925504746000000046e-12
2.925527875999999908e-12
2.925504746000000046e-12
2.925527875999999908e-12
2.925504746000000046e-12
2.925527875999999908e-12
2.925504746000000046e-12
2.925527875999999908e-12
2.925504746000000046e-12
2.925527875999999908e-12
2.925504746000000046e-12
2.925527875999999908e-12
2.471536863999999947e-12
1.326964002000000057e-12
1.326966314999999962e-12
1.326964002000000057e-12
1.326966314999999962e-12
1.326964002000000057e-12
1.326966314999999962e-12
1.326964002000000057e-12
1.326966314999999962e-12
1.326964002000000057e-12
1.326966314999999962e-12
1.326964002000000057e-12
1.326966314999999962e-12
1.326964002000000057e-12
1.326966314999999962e-12
1.326964002000000057e-12
1.326966314999999962e-12
1.326964002000000057e-12
1.326966314999999962e-12
1.326964002000000057e-12
1.326966314999999962e-12
1.326964002000000057e-12
1.326966314999999962e-12
1.326964002000000057e-12
1.326966314999999962e-12
1.326964002000000057e-12
1.326966314999999962e-12
1.326964002000000057e-12
1.326966314999999962e-12
1.326964002000000057e-12
1.326966314999999962e-12
1.326964002000000057e-12
1.326966314999999962e-12
1.326964002000000057e-12
1.326966314999999962e-12
1.326964002000000057e-12
1.326966314999999962e-12
1.326964002000000057e-12
1.326966314999999962e-12
1.326964002000000057e-12
1.326966314999999962e-12
1.326964002000000057e-12
1.326966314999999962e-12
1.326964002000000057e-12
1.326966314999999962e-12
1.326964002000000057e-12
1.326966314999999962e-12
1.326964002000000057e-12
1.326966314999999962e-12
1.326964002000000057e-12
1.326966314999999962e-12
1.326964002000000057e-12
1.326966314999999962e-12
1.326964002000000057e-12
1.326966314999999962e-12
1.326964002000000057e-12
1.326966314999999962e-12
1.326964002000000057e-12
1.326966314999999962e-12
1.326964002000000057e-12
1.189446689000000005e-12
8.087882216000000223e-13
8.087812826999999999e-13
8.087882216000000223e-13
8.087812826999999999e-13
8.087882216000000223e-13
8.087812826999999999e-13
8.087882216000000223e-13
8.087812826999999999e-13
8.087882216000000223e-13
8.087812826999999999e-13
8.087882216000000223e-13
8.087812826999999999e-13
8.536620485000000391e-13
1.183449171999999994e-12
1.183460736999999925e-12
1.183449171999999994e-12
1.183460736999999925e-12
1.183449171999999994e-12
1.183460736999999925e-12
1.183449171999999994e-12
1.183460736999999925e-12
1.183449171999999994e-12
1.183460736999999925e-12
1.183449171999999994e-12
1.183460736999999925e-12
1.183449171999999994e-12
1.183460736999999925e-12
1.183449171999999994e-12
1.183460736999999925e-12
1.183449171999999994e-12
1.183460736999999925e-12
1.183449171999999994e-12
1.183460736999999925e-12
1.183449171999999994e-12
1.183460736999999925e-12
1.183449171999999994e-12
1.183460736999999925e-12
1.183449171999999994e-12
1.183460736999999925e-12
1.183449171999999994e-12
1.183460736999999925e-12
1.183449171999999994e-12
1.183460736999999925e-12
1.183449171999999994e-12
1.183460736999999925e-12
1.183449171999999994e-12
1.183460736999999925e-12
1.183449171999999994e-12
1.183460736999999925e-12
1.183449171999999994e-12
1.183460736999999925e-12
1.183449171999999994e-12
1.183460736999999925e-12
1.183449171999999994e-12
1.183460736999999925e-12
1.183449171999999994e-12
1.183460736999999925e-12
1.183449171999999994e-12
1.183460736999999925e-12
1.183449171999999994e-12
1.183460736999999925e-12
1.183449171999999994e-12
1.183460736999999925e-12
1.183449171999999994e-12
1.183460736999999925e-12
1.183449171999999994e-12
1.183460736999999925e-12
1.183449171999999994e-12
1.183460736999999925e-12
1.183449171999999994e-12
1.183460736999999925e-12
1.183449171999999994e-12
1.183460736999999925e-12
1.183449171999999994e-12
1.183460736999999925e-12
1.183449171999999994e-12
1.183460736999999925e-12
1.183449171999999994e-12
1.183460736999999925e-12
1.183449171999999994e-12
1.183460736999999925e-12
1.183449171999999994e-12
1.183460736999999925e-12
1.183449171999999994e-12
1.183460736999999925e-12
1.183449171999999994e-12
1.183460736999999925e-12
1.183449171999999994e-12
1.183460736999999925e-12
1.379553879000000003e-12
3.080565894999999881e-12
3.080563582000000178e-12
3.626328404000000119e-12
9.830333306999999843e-12
9.830330994000000543e-12
9.830333306999999843e-12
9.830330994000000543e-12
9.830333306999999843e-12
9.830330994000000543e-12
9.830333306999999843e-12
9.830330994000000543e-12
1.062826910000000060e-11
1.337913808000000063e-11
1.337914269999999942e-11
1.337913808000000063e-11
1.337914269999999942e-11
1.337913808000000063e-11
1.337914269999999942e-11
1.337913808000000063e-11
1.085062364000000007e-11
8.776021575999999262e-12
8.776030827999999691e-12
8.776021575999999262e-12
8.776030827999999691e-12
8.776021575999999262e-12
8.776030827999999691e-12
8.776021575999999262e-12
8.776030827999999691e-12
8.776021575999999262e-12
8.776030827999999691e-12
2.052518802999999921e-11
2.205633824000000062e-11
2.205631741999999894e-11
2.205633824000000062e-11
2.205631741999999894e-11
2.205633824000000062e-11
2.205631741999999894e-11
2.205633824000000062e-11
2.205631741999999894e-11
2.205633824000000062e-11
2.205631741999999894e-11
2.205633824000000062e-11
3.240124373000000217e-11
4.504045979000000113e-11
4.504046673000000061e-11
4.504045979000000113e-11
4.504046673000000061e-11
4.504045979000000113e-11
4.504046673000000061e-11
4.504045979000000113e-11
4.504046673000000061e-11
4.504045979000000113e-11
3.433999843999999891e-11
2.295720789000000161e-11
2.295722177000000057e-11
2.295720789000000161e-11
2.295722177000000057e-11
2.295720789000000161e-11
2.295722177000000057e-11
2.295720789000000161e-11
2.295722177000000057e-11
2.295720789000000161e-11
2.295722177000000057e-11
2.295720789000000161e-11
2.295722177000000057e-11
2.295720789000000161e-11
2.295722177000000057e-11
2.295720789000000161e-11
2.295722177000000057e-11
2.295720789000000161e-11
2.295722177000000057e-11
2.295720789000000161e-11
2.295722177000000057e-11
2.295720789000000161e-11
2.295722177000000057e-11
2.295720789000000161e-11
2.295722177000000057e-11
2.228470186000000090e-11
2.111961068999999902e-11
2.111962687999999899e-11
2.111961068999999902e-11
2.111962687999999899e-11
2.111961068999999902e-11
2.607164947000000014e-11
3.413014547000000030e-11
3.413014316000000252e-11
3.413014547000000030e-11
3.413014316000000252e-11
3.413014547000000030e-11
3.413014316000000252e-11
3.413014547000000030e-11
3.413014316000000252e-11
3.413014547000000030e-11
3.413014316000000252e-11
3.413014547000000030e-11
3.413014316000000252e-11
3.413014547000000030e-11
3.413014316000000252e-11
3.413014547000000030e-11
3.413014316000000252e-11
3.413014547000000030e-11
3.413014316000000252e-11
3.413014547000000030e-11
3.413014316000000252e-11
3.413014547000000030e-11
3.413014316000000252e-11
3.413014547000000030e-11
3.413014316000000252e-11
3.413014547000000030e-11
3.413014316000000252e-11
3.635758592000000263e-11
3.991552228000000029e-11
3.991551301999999688e-11
3.991552228000000029e-11
3.991551301999999688e-11
2.954098771000000009e-11
1.459946747000000051e-11
1.459945589999999932e-11
1.459946747000000051e-11
1.459945589999999932e-11
1.459946747000000051e-11
1.459945589999999932e-11
1.459946747000000051e-11
1.459945589999999932e-11
1.459946747000000051e-11
1.459945589999999932e-11
1.459946747000000051e-11
1.459945589999999932e-11
1.459946747000000051e-11
1.459945589999999932e-11
1.459946747000000051e-11
1.459945589999999932e-11
1.459946747000000051e-11
1.459945589999999932e-11
1.459946747000000051e-11
1.459945589999999932e-11
1.459946747000000051e-11
1.177830518000000001e-11
6.502035021999999677e-12
6.502007266000000004e-12
6.502035021999999677e-12
6.502007266000000004e-12
6.502035021999999677e-12
6.502007266000000004e-12
6.502035021999999677e-12
6.502007266000000004e-12
6.502035021999999677e-12
6.502007266000000004e-12
6.502035021999999677e-12
6.502007266000000004e-12
6.502035021999999677e-12
6.502007266000000004e-12
6.502035021999999677e-12
6.502007266000000004e-12
6.502035021999999677e-12
6.502007266000000004e-12
6.502035021999999677e-12
6.502007266000000004e-12
6.502035021999999677e-12
6.502007266000000004e-12
6.502035021999999677e-12
6.502007266000000004e-12
6.502035021999999677e-12
6.502007266000000004e-12
6.502035021999999677e-12
6.502007266000000004e-12
6.502035021999999677e-12
6.502007266000000004e-12
6.502035021999999677e-12
6.502007266000000004e-12
6.502035021999999677e-12
6.502007266000000004e-12
6.502035021999999677e-12
6.502007266000000004e-12
6.502035021999999677e-12
6.502007266000000004e-12
6.502035021999999677e-12
6.502007266000000004e-12
6.502035021999999677e-12
6.502007266000000004e-12
6.502035021999999677e-12
6.502007266000000004e-12
6.502035021999999677e-12
6.502007266000000004e-12
6.502035021999999677e-12
6.502007266000000004e-12
6.502035021999999677e-12
6.502007266000000004e-12
6.502035021999999677e-12
6.502007266000000004e-12
6.502035021999999677e-12
6.502007266000000004e-12
6.502035021999999677e-12
6.502007266000000004e-12
6.502035021999999677e-12
6.502007266000000004e-12
6.502035021999999677e-12
6.502007266000000004e-12
6.502035021999999677e-12
6.502007266000000004e-12
6.502035021999999677e-12
6.502007266000000004e-12
6.502035021999999677e-12
6.502007266000000004e-12
6.502035021999999677e-12
6.502007266000000004e-12
6.502035021999999677e-12
6.502007266000000004e-12
6.502035021999999677e-12
6.502007266000000004e-12
6.502035021999999677e-12
6.502007266000000004e-12
6.502035021999999677e-12
6.502007266000000004e-12
6.502035021999999677e-12
6.502007266000000004e-12
6.502035021999999677e-12
6.502007266000000004e-12
6.502035021999999677e-12
6.502007266000000004e-12
6.502035021999999677e-12
6.502007266000000004e-12
6.502035021999999677e-12
6.502007266000000004e-12
6.502035021999999677e-12
6.502007266000000004e-12
6.502035021999999677e-12
6.502007266000000004e-12
6.502035021999999677e-12
6.502007266000000004e-12
6.502035021999999677e-12
6.502007266000000004e-12
6.502035021999999677e-12
6.502007266000000004e-12
6.502035021999999677e-12
6.502007266000000004e-12
6.502035021999999677e-12
6.502007266000000004e-12
6.502035021999999677e-12
6.502007266000000004e-12
6.502035021999999677e-12
6.502007266000000004e-12
9.303962692999999630e-12
1.396562726999999994e-11
1.396563189000000034e-11
1.396562726999999994e-11
1.396563189000000034e-11
1.396562726999999994e-11
1.396563189000000034e-11
1.396562726999999994e-11
1.396563189000000034e-11
1.396562726999999994e-11
1.396563189000000034e-11
1.396562726999999994e-11
1.396563189000000034e-11
1.396562726999999994e-11
1.396563189000000034e-11
1.396562726999999994e-11
1.396563189000000034e-11
1.396562726999999994e-11
1.396563189000000034e-11
1.396562726999999994e-11
1.249182933000000036e-11
1.027892586000000062e-11
1.154898399000000013e-11
1.154898399000000013e-11
1.154898399000000013e-11
1.154898399000000013e-11
1.154898399000000013e-11
1.154898399000000013e-11
1.154898399000000013e-11
1.154898399000000013e-11
1.154898399000000013e-11
1.154898399000000013e-11
1.154898399000000013e-11
1.154898399000000013e-11
1.154898399000000013e-11
1.154898399000000013e-11
1.154898399000000013e-11
1.154898399000000013e-11
1.154898399000000013e-11
1.154898399000000013e-11
1.154898399000000013e-11
1.154898399000000013e-11
1.154898399000000013e-11
1.154898399000000013e-11
1.154898399000000013e-11
1.154898399000000013e-11
1.154898399000000013e-11
1.154898399000000013e-11
1.154898399000000013e-11
1.154898399000000013e-11
1.154898399000000013e-11
1.154898399000000013e-11
1.154898399000000013e-11
1.154898399000000013e-11
1.154898399000000013e-11
1.154898399000000013e-11
1.154898399000000013e-11
1.361033971000000066e-11
5.477984270000000011e-11
5.477984500999999789e-11
5.477984270000000011e-11
5.477984500999999789e-11
5.477984270000000011e-11
5.477984500999999789e-11
5.477984270000000011e-11
5.477984500999999789e-11
5.477984270000000011e-11
5.477984500999999789e-11
4.895432208000000080e-11
3.525008526000000310e-11
5.542759307000000042e-11
5.914969670999999968e-11
5.186022675999999886e-11
7.158539964999999404e-11
8.086462287000000304e-11
8.086460668000000630e-11
8.086462287000000304e-11
8.086460668000000630e-11
8.086462287000000304e-11
8.086460668000000630e-11
1.426634505000000127e-10
2.213388060999999877e-10
4.204088859000000052e-10
4.204089068000000011e-10
4.019062143000000132e-10
3.512216466999999746e-10
2.997706435000000023e-10
2.997706389000000190e-10
2.997706435000000023e-10
2.997706389000000190e-10
2.997706435000000023e-10
2.997706389000000190e-10
2.997706435000000023e-10
3.032979885999999848e-10
3.067637209000000209e-10
3.067637024000000005e-10
3.067637209000000209e-10
3.067637024000000005e-10
3.067637209000000209e-10
3.067637024000000005e-10
3.067637209000000209e-10
3.195843197000000054e-10
3.397430300000000119e-10
4.509538946000000228e-10
5.463866281000000404e-10
5.463866188000000382e-10
7.377285958000000180e-10
9.984857546999999382e-10
9.984857640000000438e-10
1.313996118000000007e-09
1.246425744999999974e-09
6.782643982999999627e-10
1.857218200999999910e-09
9.341873223999999350e-10
1.347276713999999925e-09
1.854983542000000081e-09
1.854983557999999987e-09
2.476878089000000061e-09
1.992147719999999916e-10
3.241949231999999926e-10
5.971625716999999910e-10
1.318869551000000126e-10
6.682572320000000319e-11
2.321180353999999924e-10
1.689689754000000087e-10
5.228222485000000254e-11
4.573488810000000094e-11
8.093734941999999482e-11
1.059244243000000056e-10
1.467487474000000109e-11
1.341250490000000046e-11
1.953811881000000056e-11
2.123932973999999950e-12
2.807830357000000144e-12
4.618009677999999747e-12
5.143577693000000288e-12
1.454132416000000054e-11
1.403639242000000007e-11
1.823080343999999850e-11
2.242887589000000123e-11
9.908978730000000368e-12
2.345137972999999845e-13
6.315110471999999903e-13
6.183410265000000076e-13
4.824265986999999922e-13
4.645150005000000501e-13
1.714045572000000067e-13
1.070925754999999949e-13
8.303543037999999797e-14
8.181649801999999497e-14
6.581124534000000037e-13
2.653153853999999934e-11
2.464560075000000041e-09
4.536571366000000109e-09
2.002621148000000076e-10
3.414657769999999965e-10
4.492326810999999831e-10
2.423080948999999904e-11
1.145660881000000019e-11
9.942886791999999472e-12
1.010425540000000017e-11
2.571379220999999897e-11
1.010347175999999952e-10
3.068734734000000171e-10
2.651489212999999978e-11
7.381093422000000058e-12
4.851598290000000191e-12
2.774692512999999985e-12
2.774690199999999877e-12
2.774692512999999985e-12
2.774690199999999877e-12
3.324072498999999851e-12
3.745876294000000265e-12
3.745855478000000074e-12
3.745876294000000265e-12
3.745855478000000074e-12
3.745876294000000265e-12
3.745855478000000074e-12
3.745876294000000265e-12
3.745855478000000074e-12
3.745876294000000265e-12
3.745855478000000074e-12
3.745876294000000265e-12
3.745855478000000074e-12
3.745876294000000265e-12
3.745855478000000074e-12
3.745876294000000265e-12
4.012748466999999617e-12
4.306432524999999699e-12
4.306420960999999938e-12
4.306432524999999699e-12
4.306420960999999938e-12
4.306432524999999699e-12
4.306420960999999938e-12
4.306432524999999699e-12
4.306420960999999938e-12
4.306432524999999699e-12
4.306420960999999938e-12
4.306432524999999699e-12
4.306420960999999938e-12
4.306432524999999699e-12
4.155176202999999803e-12
3.821882624999999766e-12
3.821882624999999766e-12
3.821882624999999766e-12
3.821882624999999766e-12
4.552402437000000079e-12
5.713434354999999748e-12
6.505194531000000071e-12
8.074446204000000296e-12
7.629235206999999747e-12
1.367090236999999975e-11
1.948397693000000084e-11
1.028335980999999948e-11
3.179051929000000045e-12
3.179075058999999907e-12
3.614684940000000047e-12
6.180667089000000045e-12
9.786782495999999981e-12
9.220059901000000510e-12
3.543480323999999980e-12
2.834436389000000075e-12
6.794201774999999681e-12
3.247743971999999858e-11
7.197923507000000192e-11
8.487290963000000497e-11
1.568101828999999982e-10
2.247817672999999941e-10
2.247817857999999887e-10
2.247817672999999941e-10
2.247817857999999887e-10
2.247664878000000111e-10
2.883965335000000125e-10
2.861837317999999772e-10
2.054397208000000103e-10
2.284152704999999918e-10
2.398899690000000127e-10
2.531460226999999815e-10
3.918003769000000013e-10
5.429913439999999523e-10
5.429913787000000014e-10
4.917174352999999858e-10
4.216692134000000205e-10
4.073899644000000197e-10
2.955483474000000249e-10
7.699179256999999906e-11
7.209570903000000531e-11
3.316646262999999936e-11
3.316645106999999786e-11
3.297896909000000180e-11
1.576454938999999867e-11
1.576456095000000017e-11
1.576455401000000069e-11
1.576456095000000017e-11
1.576455401000000069e-11
1.576456095000000017e-11
1.576455401000000069e-11
1.576456095000000017e-11
1.576455401000000069e-11
1.576456095000000017e-11
1.323770491000000052e-11
1.252994930000000075e-11
1.252994005000000025e-11
1.543775987000000074e-11
1.634263557999999883e-11
1.634262401000000087e-11
1.634263557999999883e-11
1.634262401000000087e-11
1.634263557999999883e-11
1.634262401000000087e-11
1.634263557999999883e-11
1.634262401000000087e-11
1.634263557999999883e-11
1.634262401000000087e-11
1.634263557999999883e-11
1.634262401000000087e-11
1.634263557999999883e-11
1.634262401000000087e-11
1.634263557999999883e-11
1.634262401000000087e-11
1.634263557999999883e-11
1.634262401000000087e-11
1.634263557999999883e-11
1.634262401000000087e-11
1.634263557999999883e-11
1.634262401000000087e-11
1.634263557999999883e-11
1.634262401000000087e-11
1.634263557999999883e-11
1.634262401000000087e-11
1.634263557999999883e-11
1.634262401000000087e-11
1.634263557999999883e-11
1.634262401000000087e-11
1.634263557999999883e-11
1.634262401000000087e-11
1.634263557999999883e-11
1.634262401000000087e-11
1.634263557999999883e-11
1.634262401000000087e-11
1.634263557999999883e-11
1.634262401000000087e-11
1.634263557999999883e-11
1.634262401000000087e-11
1.634263557999999883e-11
1.634262401000000087e-11
1.634263557999999883e-11
1.634262401000000087e-11
1.634263557999999883e-11
1.634262401000000087e-11
1.850884722999999848e-11
3.698820185000000052e-11
7.231044004000000096e-11
8.374419675999999392e-11
8.374419213999999836e-11
8.374419675999999392e-11
8.374419213999999836e-11
8.374419675999999392e-11
1.340353638000000023e-10
1.499177101999999878e-10
1.499177287000000081e-10
1.499177101999999878e-10
1.499177287000000081e-10
1.499177101999999878e-10
1.499177287000000081e-10
1.499177101999999878e-10
1.499177287000000081e-10
1.090411534000000057e-10
8.762481019000000175e-11
8.762479631000000279e-11
8.762481019000000175e-11
8.762479631000000279e-11
8.762481019000000175e-11
8.762479631000000279e-11
8.762481019000000175e-11
8.762479631000000279e-11
9.316990466000000101e-11
9.438070000999999798e-11
9.438070463999999968e-11
9.438070000999999798e-11
9.438070463999999968e-11
6.756674617999999546e-11
5.563304214999999942e-11
5.563305602999999839e-11
5.563304214999999942e-11
5.563305602999999839e-11
5.563304214999999942e-11
5.563305602999999839e-11
5.563304214999999942e-11
5.563305602999999839e-11
5.563304214999999942e-11
5.563305602999999839e-11
5.563304214999999942e-11
5.563305602999999839e-11
5.563304214999999942e-11
5.563305602999999839e-11
5.563304214999999942e-11
5.563305602999999839e-11
5.563304214999999942e-11
5.563305602999999839e-11
7.157236609000000402e-11
1.132714987000000026e-10
1.029814336000000030e-10
8.010747390000000079e-11
8.010744845000000064e-11
8.010747390000000079e-11
8.010744845000000064e-11
6.768809123999999641e-11
6.177928307999999603e-11
6.177926688999999929e-11
6.177928307999999603e-11
6.177926688999999929e-11
6.965067411999999741e-11
7.993378875000000012e-11
1.300545041999999887e-10
2.009669884000000113e-10
3.247340659999999814e-10
3.247340775999999752e-10
3.247340659999999814e-10
3.683502946999999922e-10
2.261185798999999882e-10
1.697648179000000093e-10
2.547925943999999788e-10
2.808419723999999977e-10
2.808419816000000159e-10
4.001749255999999995e-10
4.208713887000000065e-10
4.208713864000000149e-10
4.208713887000000065e-10
4.208713864000000149e-10
4.208713887000000065e-10
4.208713864000000149e-10
4.208713887000000065e-10
4.208713864000000149e-10
4.208713887000000065e-10
7.607405562000000058e-10
8.611506693000000150e-10
4.009916171999999929e-10
2.713703729000000075e-10
1.549050332000000002e-10
9.762416338000000129e-11
1.493168529000000100e-10
1.824027988999999952e-10
1.824027850000000098e-10
1.824027988999999952e-10
1.221856596999999924e-10
9.127931512000000184e-11
9.127932206000000132e-11
1.492941534000000088e-10
1.840995133999999997e-10
1.840995204000000102e-10
1.840995133999999997e-10
1.840995204000000102e-10
1.840995133999999997e-10
1.233224424999999919e-10
8.841970674000000398e-11
8.841969517999999601e-11
1.316292977000000069e-10
1.609862058000000050e-10
1.609861942999999951e-10
1.609862058000000050e-10
1.609861942999999951e-10
1.609862058000000050e-10
1.801442143999999879e-10
4.055478776999999846e-10
2.154259339999999917e-10
2.154259734000000080e-10
2.154259339999999917e-10
2.154259734000000080e-10
2.154259339999999917e-10
2.154259734000000080e-10
2.154259339999999917e-10
2.088662830999999885e-10
1.959957450999999980e-10
1.959957542999999904e-10
1.959957450999999980e-10
1.959957542999999904e-10
1.833024542000000044e-10
1.656670795999999894e-10
1.501206289000000053e-10
1.501206658999999943e-10
1.501206289000000053e-10
1.501206658999999943e-10
1.493821131999999973e-10
4.474484672000000102e-11
4.474485134000000304e-11
4.474484672000000102e-11
4.474485134000000304e-11
4.474484672000000102e-11
4.474485134000000304e-11
4.474484672000000102e-11
4.474485134000000304e-11
4.474484672000000102e-11
5.299373439999999993e-11
5.304601896999999733e-11
5.304603284000000307e-11
5.304601896999999733e-11
5.304603284000000307e-11
5.304601896999999733e-11
5.304603284000000307e-11
5.304601896999999733e-11
1.364389411999999924e-10
1.391083290000000096e-10
1.406007786999999982e-10
1.406007926000000095e-10
1.405962407000000023e-10
4.848127686000000189e-11
4.900810543999999777e-11
4.404115267000000130e-11
3.694265726999999740e-11
3.694266188999999942e-11
6.234378985000000320e-11
7.687418525999999898e-11
7.687418062999999728e-11
7.687418525999999898e-11
7.492217262999999775e-11
7.289379979000000288e-11
7.289378360000000614e-11
7.289379979000000288e-11
7.289378360000000614e-11
7.289379979000000288e-11
7.289378360000000614e-11
7.289379979000000288e-11
7.289378360000000614e-11
7.289379979000000288e-11
7.289378360000000614e-11
7.289379979000000288e-11
7.289378360000000614e-11
7.289379979000000288e-11
6.153740480000000267e-11
4.719767169999999933e-11
3.278838543000000144e-11
2.437063283000000140e-11
2.437064438999999967e-11
3.360982094000000275e-11
4.679836610999999929e-11
4.679839385999999754e-11
8.801943202000000445e-11
2.213859882000000016e-10
2.983739666999999920e-10
6.241764928999999853e-10
1.449677785000000113e-10
1.344418997000000108e-10
7.070614232999999903e-11
4.565352031999999785e-11
4.550317993000000059e-11
2.355026127999999842e-11
2.380629489999999993e-11
2.628110923000000150e-11
2.108647284999999954e-11
1.721459318000000052e-11
1.721459779999999931e-11
1.721459318000000052e-11
1.721459779999999931e-11
1.721459318000000052e-11
1.721459779999999931e-11
1.721459318000000052e-11
1.520375491999999868e-11
1.042220244999999956e-11
6.905973477999999797e-12
6.905987355999999633e-12
6.905973477999999797e-12
6.905987355999999633e-12
6.905973477999999797e-12
6.905987355999999633e-12
6.905973477999999797e-12
9.690699631999999860e-12
1.260057105000000050e-11
9.454983092999999757e-12
3.896168110000000148e-12
3.896151920000000173e-12
3.896168110000000148e-12
3.896151920000000173e-12
3.896168110000000148e-12
3.896151920000000173e-12
3.896168110000000148e-12
3.896151920000000173e-12
3.896168110000000148e-12
3.896151920000000173e-12
3.896168110000000148e-12
3.896151920000000173e-12
3.896168110000000148e-12
3.896151920000000173e-12
6.039867680000000308e-12
9.554112130999999794e-12
9.554084375000000121e-12
8.452992935000000071e-12
7.423219446999999322e-12
9.012501392999999635e-12
9.012487516000000574e-12
1.060077025999999930e-11
1.439048416999999923e-11
1.439048185999999983e-11
1.439048416999999923e-11
1.439048185999999983e-11
1.439048416999999923e-11
1.439048185999999983e-11
1.439048416999999923e-11
1.295554403999999977e-11
8.273053538999999746e-12
8.273044286999999317e-12
8.273053538999999746e-12
8.273044286999999317e-12
8.273053538999999746e-12
8.855791099999999193e-12
1.127969476999999966e-11
1.207289823999999969e-11
1.591861827999999953e-11
1.591864140999999899e-11
1.437769811000000022e-11
7.303377809999999550e-12
8.274698056000000170e-12
7.654143522999999209e-12
3.054554294999999960e-12
6.604374455000000046e-12
6.604346699000000374e-12
6.604374455000000046e-12
2.329971170000000127e-11
4.101811713999999838e-11
2.427124241999999983e-11
2.223108965000000095e-11
