     0.0000000        3.07320505        0.06596739
     0.1000000        2.88377606        0.06580129
     0.2000000        2.72272771        0.06916501
     0.3000000        2.63228973        0.10712678
     0.4000000        2.42704131        0.06845454
     0.5000000        2.32370460        0.07720113
     0.6000000        2.38797048        0.18236324
     0.7000000        2.10156574        0.09779754
     0.8000000        2.00847129        0.07878685
     0.9000000        1.91711001        0.04579691
     1.0000000        1.80602638        0.04168788
     1.1000000        1.90191062        0.09643833
     1.2000000        1.80728158        0.13811916
     1.3000000        1.81214412        0.17042686
     1.4000000        1.73623094        0.21896823
     1.5000000        1.68806676        0.13138485
     1.6000000        1.70709685        0.16243402
     1.7000000        1.67430597        0.05893530
     1.8000000        2.07099798        0.32147959
     1.9000000        2.01608017        0.22198780
     2.0000000        1.59003057        0.11164308
     2.1000000        1.46173617        0.18514181
     2.2000000        1.40520302        0.09748692
     2.3000000        1.41573075        0.18356196
     2.4000000        1.52810731        0.27600770
     2.5000000        1.67560443        0.32507136
     2.6000000        2.25115578        0.82931361
     2.7000000        2.18563889        0.48852074
     2.8000000        2.34051279        0.64211205
     2.9000000        1.91284784        0.41218111
     3.0000000        1.87936587        0.42220928
     3.1000000        2.37512236        0.97559216
     3.2000000        4.03825476        2.97223829
     3.3000000        2.12646625        0.55563643
     3.4000000        1.66730855        0.31583885
     3.5000000        1.77452246        0.46003417
     3.6000000        2.06537718        0.53741113
     3.7000000        1.89572374        0.40554419
     3.8000000        2.24350419        0.66629465
     3.9000000        4.21571148        2.70498700
     4.0000000        2.48401975        1.11537931
     4.1000000        1.75400767        0.75242564
     4.2000000        2.10401612        1.29901436
     4.3000000        1.97440819        1.04180319
     4.4000000        1.58932072        0.28495365
     4.5000000        1.07686558        0.11898372
     4.6000000        1.09201211        0.11363202
     4.7000000        0.98654065        0.14627571
     4.8000000        1.30498858        0.47386523
     4.9000000        1.19944100        0.27115658
     5.0000000        1.13807595        0.23709051
     5.1000000        1.07872171        0.26652285
     5.2000000        1.23863973        0.23572662
     5.3000000        1.37364333        0.36261857
     5.4000000        1.28598995        0.35594462
     5.5000000        1.91874681        0.54506237
     5.6000000        1.55881127        0.27194461
     5.7000000        1.17932559        0.25484958
     5.8000000        1.25201305        0.26753941
     5.9000000        0.97817701        0.09879745
     6.0000000        1.24167249        0.19295229
     6.1000000        1.08317143        0.09900136
     6.2000000        1.12769284        0.37241072
     6.3000000        1.12406230        0.21599709
     6.4000000        1.18415810        0.52025495
     6.5000000        1.12923060        0.27458988
     6.6000000        1.01458060        0.14780524
     6.7000000        0.97911172        0.11375685
     6.8000000        1.04269342        0.12354062
     6.9000000        1.01145805        0.17912586
     7.0000000        0.85660486        0.12701449
     7.1000000        0.82059583        0.06091988
     7.2000000        1.00312910        0.06911787
     7.3000000        1.23552783        0.16779027
     7.4000000        1.37492720        0.39760689
     7.5000000        1.30738077        0.21657949
     7.6000000        1.38974882        0.27960055
     7.7000000        1.70332259        0.42475942
     7.8000000        1.40871831        0.26460182
     7.9000000        1.74917091        0.64793849
     8.0000000        1.67132640        0.71616539
     8.1000000        1.49074428        0.37657185
     8.2000000        1.57366469        0.46238779
     8.3000000        2.06233035        0.95519253
     8.4000000        1.66741167        0.31375270
     8.5000000        1.72711100        0.32708390
     8.6000000        1.79439827        0.26126300
     8.7000000        1.97031182        0.29137688
     8.8000000        1.94944388        0.24477481
     8.9000000        2.12135734        0.28431570
     9.0000000        2.20152676        0.23973905
     9.1000000        2.10075214        0.12715300
     9.2000000        2.21441665        0.10899961
     9.3000000        2.15427970        0.09067548
     9.4000000        2.26750060        0.13364877
     9.5000000        2.28543542        0.11038385
     9.6000000        2.47910765        0.13864783
     9.7000000        2.49681484        0.04990738
     9.8000000        2.68535617        0.09250618
     9.9000000        2.81424918        0.07348937
    10.0000000        3.07320505        0.06596739
