     0.0000000        0.41554422        0.00909244
     0.1000000        0.35489468        0.00868301
     0.2000000        0.30398560        0.00816138
     0.3000000        0.26137652        0.00738946
     0.4000000        0.22434013        0.00661153
     0.5000000        0.19232138        0.00578091
     0.6000000        0.16563956        0.00537291
     0.7000000        0.14405348        0.00540882
     0.8000000        0.12470403        0.00541007
     0.9000000        0.10877035        0.00544627
     1.0000000        0.09480063        0.00516144
     1.1000000        0.08259730        0.00493907
     1.2000000        0.07146689        0.00474193
     1.3000000        0.06184561        0.00483323
     1.4000000        0.05321925        0.00473933
     1.5000000        0.04553075        0.00441645
     1.6000000        0.03891743        0.00409540
     1.7000000        0.03342060        0.00404677
     1.8000000        0.02963093        0.00422802
     1.9000000        0.02672574        0.00441156
     2.0000000        0.02321553        0.00475265
     2.1000000        0.02052084        0.00489508
     2.2000000        0.01848265        0.00504944
     2.3000000        0.01648744        0.00511429
     2.4000000        0.01377164        0.00524572
     2.5000000        0.01185281        0.00509570
     2.6000000        0.01027448        0.00502564
     2.7000000        0.00903138        0.00470249
     2.8000000        0.00672585        0.00444573
     2.9000000        0.00521286        0.00445561
     3.0000000        0.00374435        0.00454155
     3.1000000        0.00232309        0.00446143
     3.2000000        0.00125431        0.00415965
     3.3000000        0.00048220        0.00381244
     3.4000000        0.00025998        0.00344472
     3.5000000       -0.00060890        0.00332655
     3.6000000       -0.00009784        0.00314387
     3.7000000        0.00039136        0.00316204
     3.8000000        0.00056258        0.00294466
     3.9000000        0.00038078        0.00244834
     4.0000000        0.00008170        0.00238570
     4.1000000       -0.00050742        0.00229435
     4.2000000       -0.00160726        0.00214331
     4.3000000       -0.00302274        0.00225762
     4.4000000       -0.00412948        0.00234274
     4.5000000       -0.00458582        0.00245793
     4.6000000       -0.00505505        0.00252509
     4.7000000       -0.00511326        0.00278670
     4.8000000       -0.00530011        0.00320431
     4.9000000       -0.00442982        0.00321628
     5.0000000       -0.00357809        0.00307545
     5.1000000       -0.00237970        0.00295860
     5.2000000       -0.00161948        0.00279202
     5.3000000       -0.00139075        0.00260231
     5.4000000       -0.00181657        0.00221663
     5.5000000       -0.00190958        0.00234682
     5.6000000       -0.00234752        0.00261084
     5.7000000       -0.00231791        0.00279379
     5.8000000       -0.00113607        0.00308511
     5.9000000        0.00002495        0.00308665
     6.0000000        0.00077615        0.00302481
     6.1000000        0.00175259        0.00319507
     6.2000000        0.00202687        0.00345846
     6.3000000        0.00263863        0.00382784
     6.4000000        0.00329621        0.00403794
     6.5000000        0.00296105        0.00422160
     6.6000000        0.00344686        0.00452349
     6.7000000        0.00418334        0.00461072
     6.8000000        0.00465332        0.00437005
     6.9000000        0.00649208        0.00409916
     7.0000000        0.00849823        0.00413530
     7.1000000        0.00932817        0.00382867
     7.2000000        0.01024500        0.00377749
     7.3000000        0.01174491        0.00391859
     7.4000000        0.01355994        0.00373213
     7.5000000        0.01518962        0.00353025
     7.6000000        0.01659926        0.00343443
     7.7000000        0.01845014        0.00345231
     7.8000000        0.02003617        0.00372741
     7.9000000        0.02255507        0.00380671
     8.0000000        0.02506642        0.00389313
     8.1000000        0.02762235        0.00376244
     8.2000000        0.02976786        0.00382439
     8.3000000        0.03311439        0.00394152
     8.4000000        0.03797524        0.00411128
     8.5000000        0.04430865        0.00401161
     8.6000000        0.05151260        0.00411486
     8.7000000        0.05925360        0.00421677
     8.8000000        0.06884165        0.00457074
     8.9000000        0.07959016        0.00456989
     9.0000000        0.09247037        0.00455140
     9.1000000        0.10885009        0.00484902
     9.2000000        0.12700465        0.00505444
     9.3000000        0.14733123        0.00568551
     9.4000000        0.16972395        0.00627386
     9.5000000        0.19679638        0.00676302
     9.6000000        0.22806153        0.00735188
     9.7000000        0.26422062        0.00799288
     9.8000000        0.30576080        0.00838144
     9.9000000        0.35603037        0.00870112
    10.0000000        0.41554422        0.00909244
