     0.0000000        0.26167473        0.01502235
     0.1000000        0.11377412        0.00982099
     0.2000000        0.05042645        0.00841929
     0.3000000        0.02243626        0.00779627
     0.4000000        0.01480602        0.00518665
     0.5000000        0.00541171        0.00446243
     0.6000000        0.00484909        0.00340886
     0.7000000        0.00209426        0.00317560
     0.8000000        0.00219086        0.00392183
     0.9000000        0.00579377        0.00572224
     1.0000000        0.00514134        0.00475431
     1.1000000        0.00401526        0.00408830
     1.2000000        0.00409959        0.00540004
     1.3000000        0.00682117        0.00552729
     1.4000000        0.00610195        0.00281868
     1.5000000        0.01068378        0.00206085
     1.6000000        0.01206532        0.00456656
     1.7000000        0.01138795        0.00539592
     1.8000000        0.01069204        0.00346452
     1.9000000        0.00578614        0.00299415
     2.0000000        0.00434293        0.00524846
     2.1000000        0.00183582        0.00421569
     2.2000000        0.00134725        0.00642190
     2.3000000        0.00016531        0.00650702
     2.4000000       -0.00001855        0.00675672
     2.5000000        0.00195311        0.00753597
     2.6000000        0.00023154        0.00447614
     2.7000000       -0.00050706        0.00504965
     2.8000000       -0.00328634        0.00634041
     2.9000000       -0.00476743        0.00585598
     3.0000000       -0.00962022        0.00506755
     3.1000000       -0.00717158        0.00335850
     3.2000000       -0.00862735        0.00301990
     3.3000000       -0.00850458        0.00289054
     3.4000000       -0.01126461        0.00462784
     3.5000000       -0.00970659        0.00472777
     3.6000000       -0.00499480        0.00522091
     3.7000000       -0.00304180        0.00567609
     3.8000000       -0.00022188        0.00408421
     3.9000000        0.00123591        0.00503662
     4.0000000       -0.00250003        0.00533414
     4.1000000        0.00003711        0.00662620
     4.2000000        0.00041285        0.00736790
     4.3000000        0.00396641        0.00544166
     4.4000000        0.00391536        0.00453980
     4.5000000        0.00166184        0.00420825
     4.6000000        0.00104941        0.00354240
     4.7000000        0.00234135        0.00410079
     4.8000000        0.00341843        0.00412882
     4.9000000        0.00441587        0.00406615
     5.0000000        0.00087065        0.00375772
     5.1000000       -0.00340204        0.00417180
     5.2000000       -0.00247402        0.00436987
     5.3000000       -0.00418841        0.00466749
     5.4000000       -0.00681952        0.00346164
     5.5000000       -0.00675298        0.00216706
     5.6000000       -0.00642233        0.00231230
     5.7000000       -0.00346693        0.00083431
     5.8000000       -0.00042996        0.00098104
     5.9000000       -0.00165268        0.00152055
     6.0000000       -0.00403906        0.00350512
     6.1000000       -0.00547468        0.00558583
     6.2000000       -0.00427805        0.00450411
     6.3000000       -0.00092293        0.00199446
     6.4000000        0.00112226        0.00225677
     6.5000000        0.00222480        0.00301794
     6.6000000        0.00128889        0.00062080
     6.7000000        0.00343268        0.00323646
     6.8000000        0.00066400        0.00295896
     6.9000000       -0.00270270        0.00243749
     7.0000000       -0.00412442        0.00147933
     7.1000000       -0.00804814        0.00173274
     7.2000000       -0.01250471        0.00199159
     7.3000000       -0.01353072        0.00075103
     7.4000000       -0.01176861        0.00275213
     7.5000000       -0.00791416        0.00550113
     7.6000000       -0.00588800        0.00709599
     7.7000000       -0.00520157        0.00623732
     7.8000000       -0.00671266        0.00484384
     7.9000000       -0.00438965        0.00351739
     8.0000000       -0.00223252        0.00124995
     8.1000000       -0.00434298        0.00300168
     8.2000000       -0.00578094        0.00172940
     8.3000000       -0.00627211        0.00185186
     8.4000000       -0.00613977        0.00266900
     8.5000000       -0.00697345        0.00100055
     8.6000000       -0.00406833        0.00249941
     8.7000000       -0.00111725        0.00151397
     8.8000000        0.00041926        0.00184212
     8.9000000       -0.00052990        0.00207983
     9.0000000       -0.00112940        0.00448563
     9.1000000       -0.00237304        0.00354674
     9.2000000       -0.00009898        0.00488092
     9.3000000        0.00301085        0.00645578
     9.4000000        0.00379430        0.00338306
     9.5000000        0.00622237        0.00273842
     9.6000000        0.01272011        0.00652824
     9.7000000        0.02711198        0.00848953
     9.8000000        0.05579165        0.01188233
     9.9000000        0.11701744        0.01365539
    10.0000000        0.26167473        0.01502235
