     0.0000000        0.60538130        0.01567401
     0.1000000        0.42138952        0.01540939
     0.2000000        0.30947405        0.01159685
     0.3000000        0.23537212        0.00784956
     0.4000000        0.18221782        0.00600715
     0.5000000        0.14549086        0.00338409
     0.6000000        0.11823696        0.00232682
     0.7000000        0.10052340        0.00334851
     0.8000000        0.08428897        0.00236635
     0.9000000        0.07292413        0.00212144
     1.0000000        0.06207129        0.00158149
     1.1000000        0.05128310        0.00129548
     1.2000000        0.04399785        0.00200841
     1.3000000        0.03736911        0.00231070
     1.4000000        0.03306205        0.00344785
     1.5000000        0.02703672        0.00343366
     1.6000000        0.02329042        0.00373957
     1.7000000        0.01909035        0.00280876
     1.8000000        0.01491589        0.00209602
     1.9000000        0.01152035        0.00248130
     2.0000000        0.01193718        0.00358420
     2.1000000        0.01101108        0.00552948
     2.2000000        0.00901853        0.00706490
     2.3000000        0.00962038        0.00752927
     2.4000000        0.00941970        0.00573166
     2.5000000        0.00920069        0.00463178
     2.6000000        0.00952416        0.00446436
     2.7000000        0.00806870        0.00285485
     2.8000000        0.00886986        0.00329467
     2.9000000        0.00843390        0.00326846
     3.0000000        0.00706710        0.00268447
     3.1000000        0.00659375        0.00306635
     3.2000000        0.00618756        0.00364103
     3.3000000        0.00670476        0.00307555
     3.4000000        0.00682994        0.00254386
     3.5000000        0.00609418        0.00237948
     3.6000000        0.00613352        0.00138748
     3.7000000        0.00641211        0.00162003
     3.8000000        0.00517105        0.00142940
     3.9000000        0.00462177        0.00122490
     4.0000000        0.00474951        0.00189880
     4.1000000        0.00315679        0.00234573
     4.2000000        0.00288548        0.00315651
     4.3000000        0.00280214        0.00343494
     4.4000000        0.00214475        0.00296323
     4.5000000        0.00062966        0.00309207
     4.6000000       -0.00039030        0.00350838
     4.7000000       -0.00016174        0.00362379
     4.8000000       -0.00014882        0.00350883
     4.9000000        0.00037176        0.00377669
     5.0000000        0.00053556        0.00276647
     5.1000000        0.00148112        0.00190927
     5.2000000        0.00194691        0.00106591
     5.3000000        0.00207262        0.00149783
     5.4000000        0.00154111        0.00179833
     5.5000000        0.00098159        0.00143200
     5.6000000        0.00070073        0.00111292
     5.7000000       -0.00018576        0.00105190
     5.8000000        0.00015966        0.00032527
     5.9000000       -0.00019424        0.00102516
     6.0000000       -0.00051616        0.00251688
     6.1000000       -0.00030357        0.00260540
     6.2000000       -0.00100955        0.00349807
     6.3000000       -0.00156767        0.00374159
     6.4000000       -0.00153247        0.00294637
     6.5000000       -0.00219672        0.00421622
     6.6000000       -0.00360116        0.00489183
     6.7000000       -0.00409189        0.00518755
     6.8000000       -0.00301646        0.00384353
     6.9000000       -0.00127687        0.00302191
     7.0000000       -0.00057050        0.00266567
     7.1000000       -0.00078072        0.00309353
     7.2000000       -0.00077689        0.00443275
     7.3000000       -0.00005103        0.00395480
     7.4000000        0.00051447        0.00334877
     7.5000000        0.00250587        0.00100430
     7.6000000        0.00397080        0.00001340
     7.7000000        0.00687269        0.00251102
     7.8000000        0.01004013        0.00595713
     7.9000000        0.01270875        0.00706183
     8.0000000        0.01570711        0.00610548
     8.1000000        0.01751996        0.00481752
     8.2000000        0.01975319        0.00389530
     8.3000000        0.02307511        0.00553095
     8.4000000        0.02735876        0.00532022
     8.5000000        0.03328563        0.00716717
     8.6000000        0.03916319        0.00721801
     8.7000000        0.04423845        0.00931701
     8.8000000        0.04654413        0.00705699
     8.9000000        0.05121550        0.00550448
     9.0000000        0.05953952        0.00440731
     9.1000000        0.06940016        0.00330325
     9.2000000        0.08049577        0.00327668
     9.3000000        0.09615148        0.00495480
     9.4000000        0.11627336        0.00509340
     9.5000000        0.14489477        0.00554581
     9.6000000        0.18308412        0.00759548
     9.7000000        0.23402861        0.00806631
     9.8000000        0.30919979        0.01056613
     9.9000000        0.42027021        0.01432110
    10.0000000        0.60538130        0.01567401
