     0.0000000        1.33122713        0.01421557
     0.1000000        1.10638006        0.01365713
     0.2000000        0.93089913        0.01305358
     0.3000000        0.79071369        0.01342184
     0.4000000        0.67420895        0.01230036
     0.5000000        0.57661224        0.01088138
     0.6000000        0.49532444        0.01096203
     0.7000000        0.42750643        0.01139764
     0.8000000        0.37165900        0.01328946
     0.9000000        0.32535101        0.01617905
     1.0000000        0.28699713        0.01965450
     1.1000000        0.25363374        0.02142923
     1.2000000        0.22141326        0.01911122
     1.3000000        0.19331936        0.01686011
     1.4000000        0.16956264        0.01539463
     1.5000000        0.14731884        0.01243115
     1.6000000        0.12677573        0.00901612
     1.7000000        0.11061299        0.00800463
     1.8000000        0.09646799        0.00765172
     1.9000000        0.08450343        0.00697715
     2.0000000        0.07358130        0.00578029
     2.1000000        0.06445951        0.00563529
     2.2000000        0.05678323        0.00539078
     2.3000000        0.05034497        0.00436376
     2.4000000        0.04426205        0.00435881
     2.5000000        0.03983340        0.00444655
     2.6000000        0.03608546        0.00486222
     2.7000000        0.03265550        0.00525962
     2.8000000        0.02956979        0.00527150
     2.9000000        0.02632876        0.00486141
     3.0000000        0.02337712        0.00409651
     3.1000000        0.02039224        0.00304803
     3.2000000        0.01830754        0.00277886
     3.3000000        0.01699360        0.00257780
     3.4000000        0.01536835        0.00225877
     3.5000000        0.01389982        0.00192952
     3.6000000        0.01263783        0.00145215
     3.7000000        0.01206285        0.00150371
     3.8000000        0.01174445        0.00202809
     3.9000000        0.01068042        0.00253035
     4.0000000        0.00944065        0.00252030
     4.1000000        0.00872918        0.00249800
     4.2000000        0.00821999        0.00281665
     4.3000000        0.00751599        0.00317658
     4.4000000        0.00815829        0.00396156
     4.5000000        0.00822520        0.00444005
     4.6000000        0.00716205        0.00355536
     4.7000000        0.00544405        0.00247375
     4.8000000        0.00425407        0.00182027
     4.9000000        0.00390970        0.00137410
     5.0000000        0.00384198        0.00130696
     5.1000000        0.00302990        0.00135633
     5.2000000        0.00250930        0.00128513
     5.3000000        0.00340328        0.00100524
     5.4000000        0.00384465        0.00085907
     5.5000000        0.00405052        0.00089869
     5.6000000        0.00408616        0.00147464
     5.7000000        0.00544319        0.00186975
     5.8000000        0.00736812        0.00253900
     5.9000000        0.00808081        0.00230496
     6.0000000        0.00844924        0.00141602
     6.1000000        0.00755107        0.00161080
     6.2000000        0.00726793        0.00212305
     6.3000000        0.00734234        0.00276878
     6.4000000        0.00715983        0.00334410
     6.5000000        0.00782829        0.00353689
     6.6000000        0.00882858        0.00330223
     6.7000000        0.01040986        0.00326953
     6.8000000        0.01163503        0.00340015
     6.9000000        0.01381833        0.00305394
     7.0000000        0.01647409        0.00239871
     7.1000000        0.01800648        0.00295112
     7.2000000        0.02072880        0.00310494
     7.3000000        0.02393427        0.00374558
     7.4000000        0.02782397        0.00421046
     7.5000000        0.03152167        0.00560771
     7.6000000        0.03680267        0.00579292
     7.7000000        0.04283672        0.00591300
     7.8000000        0.04939275        0.00517822
     7.9000000        0.05630873        0.00498485
     8.0000000        0.06517715        0.00404698
     8.1000000        0.07521121        0.00278540
     8.2000000        0.08771793        0.00255634
     8.3000000        0.10051542        0.00418769
     8.4000000        0.11640739        0.00502159
     8.5000000        0.13620531        0.00409460
     8.6000000        0.15760795        0.00378159
     8.7000000        0.18110976        0.00350862
     8.8000000        0.20845311        0.00364713
     8.9000000        0.23991532        0.00477742
     9.0000000        0.27626462        0.00572194
     9.1000000        0.31892061        0.00680010
     9.2000000        0.36838679        0.00783550
     9.3000000        0.42646418        0.00807586
     9.4000000        0.49435356        0.00864527
     9.5000000        0.57477343        0.01036782
     9.6000000        0.67077575        0.01131848
     9.7000000        0.78668009        0.01275262
     9.8000000        0.92878310        0.01356028
     9.9000000        1.10587051        0.01399234
    10.0000000        1.33122713        0.01421557
