     0.0000000        2.00000000        0.00000000
     0.1000000        1.59208756        0.00138586
     0.2000000        1.28422785        0.00202363
     0.3000000        1.04357900        0.00511269
     0.4000000        0.84755424        0.00565384
     0.5000000        0.69213463        0.00505409
     0.6000000        0.56879805        0.00422410
     0.7000000        0.47503608        0.00503792
     0.8000000        0.39196254        0.00408377
     0.9000000        0.32516586        0.00384579
     1.0000000        0.26791550        0.00438726
     1.1000000        0.22450009        0.00426948
     1.2000000        0.18718368        0.00491457
     1.3000000        0.15403935        0.00455477
     1.4000000        0.13127582        0.00582462
     1.5000000        0.10519444        0.00453023
     1.6000000        0.09119127        0.00355931
     1.7000000        0.07320852        0.00402046
     1.8000000        0.06186909        0.00330168
     1.9000000        0.05165433        0.00221796
     2.0000000        0.04012211        0.00458325
     2.1000000        0.03495401        0.00333387
     2.2000000        0.02833100        0.00432696
     2.3000000        0.02323109        0.00553604
     2.4000000        0.01978622        0.00462926
     2.5000000        0.01376293        0.00264745
     2.6000000        0.00919103        0.00343649
     2.7000000        0.00804955        0.00392141
     2.8000000        0.00739429        0.00241661
     2.9000000        0.00670283        0.00242845
     3.0000000        0.00564383        0.00401466
     3.1000000        0.00488481        0.00387824
     3.2000000        0.00714973        0.00483571
     3.3000000        0.00189165        0.00432670
     3.4000000        0.00000484        0.00369105
     3.5000000       -0.00380439        0.00233007
     3.6000000        0.00286536        0.00502289
     3.7000000        0.00407412        0.00346884
     3.8000000        0.00424334        0.00409274
     3.9000000        0.00150769        0.00322108
     4.0000000       -0.00011496        0.00459753
     4.1000000       -0.00375893        0.00399497
     4.2000000       -0.00351071        0.00577106
     4.3000000       -0.00413554        0.00275236
     4.4000000       -0.00196605        0.00168573
     4.5000000       -0.00072201        0.00275299
     4.6000000       -0.00399443        0.00400877
     4.7000000       -0.00005131        0.00125512
     4.8000000        0.00465878        0.00280945
     4.9000000        0.00441429        0.00225702
     5.0000000        0.00184055        0.00400637
     5.1000000        0.00285314        0.00228109
     5.2000000        0.00358379        0.00392787
     5.3000000        0.00339322        0.00266346
     5.4000000        0.00610799        0.00400743
     5.5000000        0.00734453        0.00507402
     5.6000000        0.00646941        0.00453887
     5.7000000        0.00716655        0.00471803
     5.8000000        0.00499115        0.00323118
     5.9000000        0.00392704        0.00246422
     6.0000000        0.00753951        0.00263733
     6.1000000        0.00428295        0.00347560
     6.2000000        0.00297679        0.00461414
     6.3000000        0.00286417        0.00478987
     6.4000000        0.00207359        0.00401093
     6.5000000        0.00458792        0.00352638
     6.6000000        0.00656902        0.00328519
     6.7000000        0.00157448        0.00375767
     6.8000000        0.00134536        0.00413639
     6.9000000        0.00443232        0.00410030
     7.0000000        0.00690502        0.00297279
     7.1000000        0.00771905        0.00306892
     7.2000000        0.01170613        0.00409464
     7.3000000        0.01443757        0.00379714
     7.4000000        0.01252802        0.00411904
     7.5000000        0.00797541        0.00274224
     7.6000000        0.01817382        0.00242026
     7.7000000        0.02704007        0.00230101
     7.8000000        0.03002222        0.00173260
     7.9000000        0.03165290        0.00315653
     8.0000000        0.04275026        0.00373126
     8.1000000        0.04838542        0.00371855
     8.2000000        0.05822913        0.00334319
     8.3000000        0.06988534        0.00258286
     8.4000000        0.08968030        0.00479870
     8.5000000        0.10737597        0.00351695
     8.6000000        0.13280924        0.00253561
     8.7000000        0.15812792        0.00403007
     8.8000000        0.18950005        0.00418514
     8.9000000        0.22750097        0.00494108
     9.0000000        0.26931242        0.00603410
     9.1000000        0.32304569        0.00584523
     9.2000000        0.38819419        0.00567822
     9.3000000        0.46918248        0.00473451
     9.4000000        0.56554582        0.00512550
     9.5000000        0.69233255        0.00436887
     9.6000000        0.84467540        0.00256136
     9.7000000        1.03415970        0.00188462
     9.8000000        1.26817969        0.00444865
     9.9000000        1.58129279        0.00229293
    10.0000000        2.00000000        0.00000008
