     0.0000000        0.22716690        0.00184970
     0.1000000        0.13062311        0.00188502
     0.2000000        0.07561669        0.00177317
     0.3000000        0.04444897        0.00150328
     0.4000000        0.02638888        0.00125809
     0.5000000        0.01555832        0.00124315
     0.6000000        0.00904185        0.00116343
     0.7000000        0.00556905        0.00093316
     0.8000000        0.00352030        0.00067890
     0.9000000        0.00230657        0.00056603
     1.0000000        0.00146253        0.00050663
     1.1000000        0.00093942        0.00045401
     1.2000000        0.00042350        0.00034243
     1.3000000        0.00012516        0.00026915
     1.4000000        0.00010532        0.00023373
     1.5000000        0.00018604        0.00018780
     1.6000000        0.00014569        0.00018836
     1.7000000        0.00005242        0.00019030
     1.8000000        0.00003874        0.00020596
     1.9000000        0.00004748        0.00019712
     2.0000000       -0.00000149        0.00017435
     2.1000000        0.00004099        0.00014732
     2.2000000       -0.00003450        0.00013131
     2.3000000       -0.00009977        0.00012780
     2.4000000       -0.00008937        0.00013016
     2.5000000       -0.00010605        0.00011593
     2.6000000       -0.00008494        0.00009660
     2.7000000       -0.00005437        0.00009332
     2.8000000       -0.00008915        0.00012090
     2.9000000       -0.00011723        0.00011226
     3.0000000       -0.00006685        0.00009131
     3.1000000       -0.00001033        0.00007928
     3.2000000       -0.00001720        0.00007700
     3.3000000       -0.00005942        0.00007588
     3.4000000       -0.00007880        0.00008158
     3.5000000       -0.00008502        0.00007833
     3.6000000       -0.00007675        0.00007334
     3.7000000       -0.00009807        0.00006550
     3.8000000       -0.00005549        0.00005325
     3.9000000       -0.00002573        0.00006936
     4.0000000       -0.00002249        0.00007780
     4.1000000       -0.00000095        0.00007817
     4.2000000        0.00002368        0.00008502
     4.3000000        0.00000856        0.00008840
     4.4000000        0.00002705        0.00008745
     4.5000000        0.00005826        0.00008680
     4.6000000        0.00004774        0.00008529
     4.7000000        0.00004208        0.00009686
     4.8000000        0.00003031        0.00007782
     4.9000000        0.00005647        0.00007618
     5.0000000        0.00008844        0.00007827
     5.1000000        0.00011556        0.00008526
     5.2000000        0.00013930        0.00010190
     5.3000000        0.00009914        0.00009280
     5.4000000        0.00008696        0.00009181
     5.5000000        0.00004698        0.00005902
     5.6000000        0.00000453        0.00003013
     5.7000000       -0.00001285        0.00002719
     5.8000000       -0.00006754        0.00002749
     5.9000000       -0.00008581        0.00004254
     6.0000000       -0.00011297        0.00005401
     6.1000000       -0.00010174        0.00006693
     6.2000000       -0.00009763        0.00007496
     6.3000000       -0.00008152        0.00006752
     6.4000000       -0.00004749        0.00007775
     6.5000000       -0.00001528        0.00008861
     6.6000000       -0.00001030        0.00009782
     6.7000000       -0.00000454        0.00009942
     6.8000000        0.00000480        0.00010921
     6.9000000       -0.00001362        0.00013532
     7.0000000       -0.00003674        0.00014995
     7.1000000        0.00000116        0.00017361
     7.2000000       -0.00007327        0.00019029
     7.3000000       -0.00018008        0.00024870
     7.4000000       -0.00018432        0.00025020
     7.5000000       -0.00014567        0.00026200
     7.6000000       -0.00012167        0.00026840
     7.7000000       -0.00006588        0.00024478
     7.8000000       -0.00013873        0.00022539
     7.9000000       -0.00011077        0.00023240
     8.0000000       -0.00015419        0.00029735
     8.1000000       -0.00016233        0.00034251
     8.2000000       -0.00024361        0.00035560
     8.3000000       -0.00026814        0.00036453
     8.4000000       -0.00022585        0.00039772
     8.5000000       -0.00016622        0.00043250
     8.6000000       -0.00037472        0.00053743
     8.7000000       -0.00022301        0.00059431
     8.8000000        0.00002378        0.00063848
     8.9000000        0.00034535        0.00059213
     9.0000000        0.00058763        0.00071648
     9.1000000        0.00119772        0.00085859
     9.2000000        0.00233124        0.00104575
     9.3000000        0.00394752        0.00171746
     9.4000000        0.00796866        0.00159485
     9.5000000        0.01326242        0.00261680
     9.6000000        0.02495400        0.00168578
     9.7000000        0.04462871        0.00081595
     9.8000000        0.07616675        0.00092938
     9.9000000        0.13110217        0.00111869
    10.0000000        0.22716690        0.00184970
