     0.0000000        2.00000000        0.00000008
     0.1000000        1.60853120        0.00134591
     0.2000000        1.31666256        0.00224881
     0.3000000        1.09022116        0.00431196
     0.4000000        0.91174158        0.00380788
     0.5000000        0.76774115        0.00503512
     0.6000000        0.65473373        0.00408917
     0.7000000        0.56460086        0.00459847
     0.8000000        0.48673189        0.00420623
     0.9000000        0.42157069        0.00337636
     1.0000000        0.36627716        0.00270490
     1.1000000        0.32272352        0.00363581
     1.2000000        0.28230126        0.00271681
     1.3000000        0.25092810        0.00231643
     1.4000000        0.22403393        0.00232521
     1.5000000        0.19991902        0.00273231
     1.6000000        0.17967928        0.00289980
     1.7000000        0.16004479        0.00263644
     1.8000000        0.14581186        0.00230109
     1.9000000        0.13184055        0.00168773
     2.0000000        0.11941063        0.00177182
     2.1000000        0.10705100        0.00231443
     2.2000000        0.09647349        0.00227737
     2.3000000        0.08977198        0.00225712
     2.4000000        0.08249824        0.00241738
     2.5000000        0.07420536        0.00231343
     2.6000000        0.06664105        0.00187542
     2.7000000        0.06132053        0.00253838
     2.8000000        0.05621168        0.00261720
     2.9000000        0.05301127        0.00319373
     3.0000000        0.04854663        0.00288031
     3.1000000        0.04652111        0.00330646
     3.2000000        0.04280805        0.00337885
     3.3000000        0.04029509        0.00329297
     3.4000000        0.03850038        0.00309772
     3.5000000        0.03691828        0.00228370
     3.6000000        0.03603957        0.00224709
     3.7000000        0.03352266        0.00219981
     3.8000000        0.03098776        0.00234736
     3.9000000        0.02743682        0.00300869
     4.0000000        0.02685391        0.00296449
     4.1000000        0.02390714        0.00309587
     4.2000000        0.02348742        0.00384771
     4.3000000        0.02226118        0.00407446
     4.4000000        0.02161144        0.00323925
     4.5000000        0.02217574        0.00294034
     4.6000000        0.02051739        0.00263475
     4.7000000        0.02142079        0.00193615
     4.8000000        0.02168961        0.00165908
     4.9000000        0.02266330        0.00249994
     5.0000000        0.02293355        0.00279699
     5.1000000        0.02347392        0.00210666
     5.2000000        0.02187517        0.00289395
     5.3000000        0.02363788        0.00273929
     5.4000000        0.02396224        0.00281302
     5.5000000        0.02469760        0.00264027
     5.6000000        0.02546164        0.00154743
     5.7000000        0.02504558        0.00151187
     5.8000000        0.02755256        0.00137244
     5.9000000        0.02758060        0.00158972
     6.0000000        0.02888800        0.00166967
     6.1000000        0.03043199        0.00233598
     6.2000000        0.03161578        0.00201599
     6.3000000        0.03416087        0.00135040
     6.4000000        0.03488416        0.00178231
     6.5000000        0.03652642        0.00178956
     6.6000000        0.03906456        0.00185362
     6.7000000        0.04088485        0.00167588
     6.8000000        0.04468834        0.00233093
     6.9000000        0.04607493        0.00240471
     7.0000000        0.05030313        0.00267026
     7.1000000        0.05383896        0.00311051
     7.2000000        0.05797983        0.00360405
     7.3000000        0.06291713        0.00332478
     7.4000000        0.06758356        0.00337082
     7.5000000        0.07296318        0.00346594
     7.6000000        0.08127173        0.00382517
     7.7000000        0.09025204        0.00376424
     7.8000000        0.09632859        0.00439034
     7.9000000        0.10637365        0.00375077
     8.0000000        0.11967142        0.00348411
     8.1000000        0.13264909        0.00309627
     8.2000000        0.14569796        0.00306746
     8.3000000        0.16274237        0.00287332
     8.4000000        0.18256020        0.00288160
     8.5000000        0.20545718        0.00318771
     8.6000000        0.23089644        0.00400211
     8.7000000        0.25525177        0.00474042
     8.8000000        0.28645013        0.00467876
     8.9000000        0.32442052        0.00511249
     9.0000000        0.36958908        0.00534971
     9.1000000        0.42416877        0.00546148
     9.2000000        0.48789042        0.00620444
     9.3000000        0.56528424        0.00504578
     9.4000000        0.65730121        0.00457615
     9.5000000        0.77077727        0.00397548
     9.6000000        0.91279620        0.00302191
     9.7000000        1.08829822        0.00135193
     9.8000000        1.30714530        0.00180153
     9.9000000        1.60177129        0.00244815
    10.0000000        2.00000000        0.00000008
