-5.136589999999999854e+57
-1.361350000000000089e+58
4.448549999999999902e+58
2.463889999999999932e+58
7.839080000000000354e+58
1.991720000000000022e+59
1.454130000000000002e+59
6.263979999999999903e+59
2.355870000000000059e+59
4.925310000000000166e+59
2.364360000000000007e+60
2.930269999999999844e+60
4.483840000000000160e+60
4.485530000000000203e+60
2.035030000000000012e+60
3.105400000000000048e+60
1.744169999999999864e+60
2.863100000000000174e+60
8.452899999999999844e+60
3.986949999999999700e+60
4.454070000000000021e+60
5.092469999999999865e+60
3.257239999999999889e+60
5.439430000000000200e+60
5.460679999999999941e+60
4.035150000000000283e+60
1.421350000000000040e+61
3.499980000000000248e+61
2.346329999999999973e+61
4.375260000000000044e+61
4.260140000000000145e+61
2.031570000000000131e+61
1.519660000000000007e+62
1.000709999999999992e+62
1.825989999999999941e+62
2.241030000000000000e+61
2.323109999999999868e+61
9.248330000000000384e+61
1.285960000000000000e+62
7.320520000000000382e+61
1.486719999999999975e+62
2.152799999999999807e+62
2.022409999999999991e+62
5.597360000000000228e+62
2.161919999999999970e+63
6.772010000000000134e+62
2.394870000000000181e+63
9.788330000000000657e+62
9.148429999999999889e+62
1.755749999999999837e+63
4.457160000000000189e+62
1.248379999999999932e+63
3.888869999999999884e+62
2.771450000000000092e+62
2.748440000000000178e+62
1.449619999999999993e+63
1.767809999999999896e+62
4.604790000000000114e+62
3.943189999999999953e+62
3.142000000000000088e+62
5.041910000000000087e+62
1.349589999999999944e+63
6.793680000000000269e+63
7.380100000000000365e+63
1.895019999999999819e+63
4.802499999999999612e+62
2.307520000000000023e+63
8.241719999999999665e+62
4.075029999999999991e+63
7.117909999999999825e+63
5.061819999999999696e+63
4.645649999999999959e+63
4.883460000000000088e+63
6.250900000000000328e+63
1.695710000000000157e+63
2.209089999999999955e+63
7.442459999999999559e+62
2.305230000000000131e+62
3.739159999999999892e+63
1.010720000000000000e+64
1.121529999999999932e+64
1.056619999999999948e+64
1.715319999999999884e+63
3.432580000000000225e+63
1.073529999999999932e+64
2.374400000000000012e+64
1.638490000000000028e+64
4.368070000000000349e+63
1.545430000000000043e+64
1.747310000000000059e+64
7.053110000000000432e+63
2.570120000000000012e+64
7.305639999999999504e+64
1.156490000000000059e+66
1.093729999999999946e+66
7.667829999999999797e+65
8.833540000000000401e+65
4.301310000000000129e+67
6.381690000000000586e+67
1.328599999999999904e+68
2.124910000000000086e+68
4.806140000000000396e+68
4.140939999999999881e+68
1.104180000000000067e+69
1.104780000000000011e+69
2.673879999999999845e+68
1.132859999999999895e+68
6.799180000000000451e+67
6.799180000000000451e+67
2.716919999999999807e+68
3.042549999999999902e+67
7.302579999999999820e+67
6.777599999999999547e+67
2.555099999999999889e+67
1.235050000000000063e+67
1.340750000000000018e+68
7.039669999999999804e+67
7.627620000000000092e+67
2.141049999999999952e+68
1.202689999999999929e+69
2.524680000000000015e+69
8.854900000000000409e+68
8.535199999999999955e+68
1.394570000000000119e+68
9.757829999999999461e+67
1.729839999999999926e+68
1.730469999999999925e+68
6.812319999999999639e+68
2.898289999999999824e+69
7.709280000000000741e+69
2.526950000000000069e+70
9.288820000000000215e+70
7.931470000000000410e+69
2.120550000000000125e+70
5.696830000000000080e+69
5.286389999999999989e+69
9.000319999999999959e+69
6.665199999999999896e+69
6.023609999999999644e+69
5.205680000000000129e+69
7.423340000000000451e+69
1.286440000000000078e+71
1.271270000000000080e+71
4.819070000000000247e+71
4.523540000000000362e+71
3.497060000000000217e+71
3.740509999999999801e+72
1.070390000000000020e+72
4.376699999999999918e+72
7.524420000000000196e+71
1.931239999999999836e+72
6.001599999999999632e+71
8.025099999999999635e+71
3.078910000000000069e+71
1.291750000000000053e+72
2.093959999999999997e+71
4.104089999999999920e+70
1.408800000000000038e+71
2.901920000000000016e+71
2.323309999999999875e+71
7.948089999999999877e+70
5.477760000000000351e+69
5.777930000000000028e+69
5.248019999999999742e+69
5.530460000000000007e+69
6.541290000000000230e+69
6.068379999999999806e+69
2.466040000000000165e+69
2.992290000000000198e+68
7.777550000000000087e+68
7.284099999999999616e+68
8.994699999999999454e+68
4.013580000000000104e+68
1.256999999999999997e+68
2.272710000000000222e+68
7.048149999999999901e+68
8.039570000000000333e+68
4.820239999999999753e+68
4.908370000000000332e+69
7.756470000000000684e+69
1.798770000000000006e+70
7.022440000000000218e+70
4.913179999999999887e+69
7.450349999999999853e+68
2.272989999999999902e+68
2.646610000000000000e+69
4.852850000000000038e+69
7.399860000000000122e+68
6.762569999999999884e+68
3.486009999999999772e+69
3.782950000000000252e+69
4.681819999999999678e+69
3.235130000000000207e+70
1.304519999999999967e+69
5.612970000000000274e+69
3.462019999999999712e+69
3.146509999999999784e+70
3.003439999999999923e+70
3.180530000000000121e+70
3.501959999999999854e+70
