-5.136589999999999854e+57
-1.361350000000000089e+58
4.448549999999999902e+58
2.463889999999999932e+58
7.839080000000000354e+58
1.991720000000000022e+59
1.454130000000000002e+59
6.263979999999999903e+59
2.355870000000000059e+59
4.925310000000000166e+59
2.364360000000000007e+60
2.930269999999999844e+60
4.483840000000000160e+60
4.485530000000000203e+60
2.035030000000000012e+60
3.105400000000000048e+60
1.744169999999999864e+60
2.863100000000000174e+60
8.452899999999999844e+60
3.986949999999999700e+60
4.454070000000000021e+60
5.092469999999999865e+60
3.257239999999999889e+60
5.439430000000000200e+60
5.460679999999999941e+60
4.035150000000000283e+60
1.421350000000000040e+61
3.499980000000000248e+61
2.346329999999999973e+61
4.375260000000000044e+61
4.260140000000000145e+61
2.031570000000000131e+61
1.519660000000000007e+62
1.000709999999999992e+62
1.825989999999999941e+62
2.241030000000000000e+61
2.323109999999999868e+61
9.248330000000000384e+61
1.285960000000000000e+62
7.320520000000000382e+61
1.486719999999999975e+62
2.152799999999999807e+62
2.022409999999999991e+62
5.597360000000000228e+62
2.161919999999999970e+63
6.772010000000000134e+62
2.394870000000000181e+63
9.788330000000000657e+62
9.148429999999999889e+62
1.755749999999999837e+63
4.457160000000000189e+62
1.248379999999999932e+63
3.888869999999999884e+62
2.771450000000000092e+62
2.748440000000000178e+62
1.449619999999999993e+63
1.767809999999999896e+62
4.604790000000000114e+62
3.943189999999999953e+62
3.142000000000000088e+62
5.041910000000000087e+62
1.349589999999999944e+63
6.793680000000000269e+63
7.380100000000000365e+63
1.895019999999999819e+63
4.802499999999999612e+62
2.307520000000000023e+63
8.241719999999999665e+62
4.075029999999999991e+63
7.117909999999999825e+63
5.061819999999999696e+63
4.645649999999999959e+63
4.883460000000000088e+63
6.250900000000000328e+63
1.695710000000000157e+63
2.209089999999999955e+63
7.442459999999999559e+62
2.305230000000000131e+62
3.739159999999999892e+63
1.010720000000000000e+64
1.121529999999999932e+64
1.056619999999999948e+64
1.715319999999999884e+63
3.432580000000000225e+63
1.073529999999999932e+64
2.374400000000000012e+64
1.638490000000000028e+64
4.368070000000000349e+63
1.545430000000000043e+64
1.747310000000000059e+64
7.053110000000000432e+63
2.570120000000000012e+64
7.305639999999999504e+64
1.156490000000000059e+66
1.093729999999999946e+66
7.667829999999999797e+65
8.833540000000000401e+65
4.301310000000000129e+67
6.381690000000000586e+67
1.328599999999999904e+68
