-5.136589999999999854e+57
-1.361350000000000089e+58
4.448549999999999902e+58
2.463889999999999932e+58
7.839080000000000354e+58
1.991720000000000022e+59
1.454130000000000002e+59
6.263979999999999903e+59
2.355870000000000059e+59
4.925310000000000166e+59
2.364360000000000007e+60
2.930269999999999844e+60
4.483840000000000160e+60
4.485530000000000203e+60
2.035030000000000012e+60
3.105400000000000048e+60
1.744169999999999864e+60
2.863100000000000174e+60
8.452899999999999844e+60
3.986949999999999700e+60
4.454070000000000021e+60
5.092469999999999865e+60
3.257239999999999889e+60
5.439430000000000200e+60
5.460679999999999941e+60
4.035150000000000283e+60
1.421350000000000040e+61
3.499980000000000248e+61
2.346329999999999973e+61
4.375260000000000044e+61
4.260140000000000145e+61
2.031570000000000131e+61
1.519660000000000007e+62
1.000709999999999992e+62
1.825989999999999941e+62
2.241030000000000000e+61
2.323109999999999868e+61
9.248330000000000384e+61
1.285960000000000000e+62
7.320520000000000382e+61
1.486719999999999975e+62
2.152799999999999807e+62
2.022409999999999991e+62
5.597360000000000228e+62
2.161919999999999970e+63
6.772010000000000134e+62
2.394870000000000181e+63
9.788330000000000657e+62
9.148429999999999889e+62
1.755749999999999837e+63
4.457160000000000189e+62
1.248379999999999932e+63
3.888869999999999884e+62
2.771450000000000092e+62
2.748440000000000178e+62
1.449619999999999993e+63
1.767809999999999896e+62
4.604790000000000114e+62
3.943189999999999953e+62
3.142000000000000088e+62
5.041910000000000087e+62
1.349589999999999944e+63
6.793680000000000269e+63
7.380100000000000365e+63
1.895019999999999819e+63
4.802499999999999612e+62
2.307520000000000023e+63
8.241719999999999665e+62
4.075029999999999991e+63
7.117909999999999825e+63
5.061819999999999696e+63
4.645649999999999959e+63
4.883460000000000088e+63
6.250900000000000328e+63
1.695710000000000157e+63
2.209089999999999955e+63
7.442459999999999559e+62
2.305230000000000131e+62
3.739159999999999892e+63
1.010720000000000000e+64
1.121529999999999932e+64
1.056619999999999948e+64
1.715319999999999884e+63
3.432580000000000225e+63
1.073529999999999932e+64
2.374400000000000012e+64
1.638490000000000028e+64
4.368070000000000349e+63
1.545430000000000043e+64
1.747310000000000059e+64
7.053110000000000432e+63
2.570120000000000012e+64
7.305639999999999504e+64
1.156490000000000059e+66
1.093729999999999946e+66
7.667829999999999797e+65
8.833540000000000401e+65
4.301310000000000129e+67
6.381690000000000586e+67
1.328599999999999904e+68
2.124910000000000086e+68
4.806140000000000396e+68
4.140939999999999881e+68
1.104180000000000067e+69
1.104780000000000011e+69
2.673879999999999845e+68
1.132859999999999895e+68
6.799180000000000451e+67
6.799180000000000451e+67
2.716919999999999807e+68
3.042549999999999902e+67
7.302579999999999820e+67
6.777599999999999547e+67
2.555099999999999889e+67
1.235050000000000063e+67
1.340750000000000018e+68
7.039669999999999804e+67
7.627620000000000092e+67
2.141049999999999952e+68
1.202689999999999929e+69
2.524680000000000015e+69
8.854900000000000409e+68
8.535199999999999955e+68
1.394570000000000119e+68
9.757829999999999461e+67
1.729839999999999926e+68
1.730469999999999925e+68
6.812319999999999639e+68
2.898289999999999824e+69
7.709280000000000741e+69
2.526950000000000069e+70
9.288820000000000215e+70
7.931470000000000410e+69
2.120550000000000125e+70
5.696830000000000080e+69
5.286389999999999989e+69
9.000319999999999959e+69
6.665199999999999896e+69
6.023609999999999644e+69
5.205680000000000129e+69
7.423340000000000451e+69
1.286440000000000078e+71
1.271270000000000080e+71
4.819070000000000247e+71
4.523540000000000362e+71
3.497060000000000217e+71
3.740509999999999801e+72
1.070390000000000020e+72
4.376699999999999918e+72
7.524420000000000196e+71
1.931239999999999836e+72
6.001599999999999632e+71
8.025099999999999635e+71
3.078910000000000069e+71
1.291750000000000053e+72
2.093959999999999997e+71
4.104089999999999920e+70
1.408800000000000038e+71
2.901920000000000016e+71
2.323309999999999875e+71
7.948089999999999877e+70
5.477760000000000351e+69
5.777930000000000028e+69
5.248019999999999742e+69
5.530460000000000007e+69
6.541290000000000230e+69
6.068379999999999806e+69
2.466040000000000165e+69
2.992290000000000198e+68
7.777550000000000087e+68
7.284099999999999616e+68
8.994699999999999454e+68
4.013580000000000104e+68
1.256999999999999997e+68
2.272710000000000222e+68
7.048149999999999901e+68
8.039570000000000333e+68
4.820239999999999753e+68
4.908370000000000332e+69
7.756470000000000684e+69
1.798770000000000006e+70
7.022440000000000218e+70
4.913179999999999887e+69
7.450349999999999853e+68
2.272989999999999902e+68
2.646610000000000000e+69
4.852850000000000038e+69
7.399860000000000122e+68
6.762569999999999884e+68
3.486009999999999772e+69
3.782950000000000252e+69
4.681819999999999678e+69
3.235130000000000207e+70
1.304519999999999967e+69
5.612970000000000274e+69
3.462019999999999712e+69
3.146509999999999784e+70
3.003439999999999923e+70
3.180530000000000121e+70
3.501959999999999854e+70
1.866730000000000048e+70
5.872579999999999975e+69
6.898859999999999860e+69
2.671110000000000176e+69
1.954529999999999825e+69
4.314100000000000435e+68
1.247879999999999947e+68
4.805959999999999780e+67
1.716549999999999986e+68
5.057859999999999749e+67
1.609760000000000051e+66
2.568649999999999870e+66
1.264300000000000017e+66
-7.261739999999999696e+66
-2.030529999999999991e+66
-7.041989999999999694e+66
-2.780069999999999869e+66
-2.649810000000000021e+66
-4.523689999999999805e+66
-4.307420000000000236e+66
-1.409220000000000019e+66
-8.847740000000000709e+65
-2.663160000000000091e+66
-8.431730000000000451e+65
-1.059169999999999977e+67
-8.405039999999999965e+66
-2.967200000000000029e+66
-7.419210000000000427e+66
-1.105420000000000033e+66
-2.766119999999999824e+65
-1.988570000000000001e+65
-6.574949999999999808e+64
-1.334710000000000018e+66
-5.443369999999999995e+65
-6.950009999999999752e+65
-5.633660000000000403e+65
-1.146020000000000026e+65
-9.386749999999999072e+65
-2.512070000000000031e+66
-9.859290000000000145e+66
-4.016699999999999756e+67
-2.522499999999999881e+67
-5.209899999999999964e+66
-4.882920000000000013e+66
-2.505669999999999770e+65
-3.309729999999999927e+65
-1.449299999999999944e+66
-1.447249999999999944e+66
-6.750249999999999566e+65
-5.463670000000000342e+65
-7.579019999999999945e+65
-4.783970000000000297e+66
-6.495319999999999916e+66
-3.762320000000000178e+65
-8.595870000000000500e+64
-2.673459999999999954e+64
-4.375159999999999854e+64
-1.746840000000000078e+65
-1.345750000000000078e+65
-5.529519999999999703e+64
-1.017910000000000002e+64
-5.711140000000000564e+64
-2.256859999999999938e+65
-8.328029999999999773e+65
-5.806190000000000304e+64
-2.146140000000000088e+65
-1.233680000000000028e+66
-2.968559999999999885e+66
-7.778329999999999753e+65
-7.696720000000000347e+65
-2.761560000000000072e+66
-2.851870000000000001e+66
-2.845490000000000079e+66
-3.405389999999999951e+66
-9.590600000000000163e+66
-6.807850000000000700e+66
-2.368720000000000123e+66
-3.380289999999999805e+65
-6.860829999999999568e+65
-1.686370000000000011e+66
-2.209700000000000105e+66
-6.632899999999999812e+66
-1.986419999999999897e+66
-2.935700000000000090e+66
-8.582469999999999488e+65
-1.976349999999999910e+65
-1.326149999999999904e+65
-8.216320000000000166e+64
4.685600000000000100e+64
1.072719999999999958e+66
3.697619999999999826e+66
1.091260000000000030e+66
3.570990000000000101e+66
1.446959999999999921e+67
2.391300000000000027e+68
1.180500000000000084e+69
8.719729999999999872e+67
4.074740000000000237e+68
9.368220000000000488e+67
2.704040000000000152e+68
1.043170000000000040e+68
4.451429999999999976e+67
6.824579999999999789e+66
5.396300000000000237e+66
5.417589999999999921e+66
2.439410000000000007e+66
9.140569999999999717e+65
8.660349999999999415e+65
6.610119999999999894e+66
6.357529999999999781e+66
5.484380000000000016e+66
8.913640000000000449e+65
8.038160000000000241e+66
1.863419999999999921e+66
1.848470000000000043e+66
1.866469999999999847e+66
6.306150000000000159e+66
2.719059999999999740e+67
4.833259999999999727e+67
1.351560000000000020e+68
4.813100000000000245e+68
6.003769999999999755e+68
1.407520000000000078e+69
5.690010000000000453e+68
1.970509999999999894e+68
8.386039999999999560e+67
2.716299999999999763e+67
2.768720000000000026e+67
7.034249999999999632e+68
7.263830000000000396e+68
5.866920000000000419e+67
2.102060000000000008e+67
3.508589999999999730e+67
1.092780000000000016e+67
9.896280000000000401e+65
6.733569999999999687e+65
2.451539999999999976e+65
6.760419999999999985e+64
2.544389999999999839e+65
1.466300000000000009e+66
5.807280000000000025e+66
1.081089999999999929e+67
5.769019999999999803e+66
5.769019999999999803e+66
1.175230000000000041e+67
2.188129999999999978e+66
8.091969999999999849e+66
3.088739999999999858e+67
2.181649999999999913e+67
1.528469999999999985e+68
4.722310000000000022e+68
5.950090000000000452e+68
4.443460000000000185e+68
2.739179999999999764e+68
2.925380000000000202e+68
2.895600000000000077e+68
2.855469999999999887e+67
2.221579999999999999e+67
7.135829999999999829e+66
3.251499999999999946e+66
1.394830000000000130e+67
4.379629999999999694e+66
5.003639999999999917e+67
1.754050000000000085e+67
2.828770000000000195e+67
2.588549999999999910e+67
6.555579999999999725e+67
2.362220000000000000e+67
4.385520000000000206e+67
3.872159999999999830e+68
3.159059999999999978e+68
2.745709999999999900e+68
5.752560000000000230e+67
2.066820000000000073e+67
1.439099999999999987e+68
3.388820000000000281e+67
7.118930000000000617e+66
1.166110000000000051e+67
1.667499999999999910e+66
1.667499999999999910e+66
2.821160000000000124e+66
9.521929999999999817e+66
1.382370000000000114e+67
1.994340000000000051e+67
2.917070000000000167e+67
3.586560000000000143e+67
1.301469999999999900e+68
4.821460000000000412e+68
7.393329999999999795e+69
1.614970000000000053e+69
5.153509999999999826e+68
2.173529999999999921e+69
1.716239999999999964e+69
2.475510000000000007e+69
5.921440000000000295e+69
1.356400000000000013e+69
1.095359999999999988e+69
1.563889999999999997e+69
5.624239999999999757e+69
4.736729999999999834e+69
7.823359999999999871e+70
1.257370000000000027e+72
9.322780000000000538e+70
1.357720000000000012e+71
1.357720000000000012e+71
2.582030000000000018e+71
6.296359999999999588e+71
1.545829999999999882e+71
3.510469999999999939e+70
7.744110000000000341e+70
7.744110000000000341e+70
6.505959999999999903e+69
2.961110000000000159e+70
4.950359999999999866e+69
5.797289999999999808e+69
4.088840000000000073e+68
5.757529999999999821e+68
8.953990000000000594e+68
1.433100000000000067e+68
1.293019999999999905e+68
1.486749999999999986e+69
5.980409999999999837e+69
6.812860000000000336e+69
5.693739999999999956e+68
4.680779999999999635e+68
5.596010000000000270e+68
7.522670000000000306e+68
5.636649999999999690e+68
4.714539999999999797e+68
1.497459999999999965e+68
4.949930000000000152e+67
6.652119999999999812e+67
3.908750000000000250e+67
1.026239999999999978e+67
3.440380000000000278e+67
3.632210000000000169e+67
8.607120000000000079e+67
2.295170000000000224e+68
2.718440000000000151e+69
2.195349999999999874e+69
1.833580000000000061e+69
1.121680000000000001e+69
1.002729999999999924e+69
1.731129999999999883e+69
5.721010000000000519e+67
9.642119999999999445e+67
1.959409999999999899e+67
2.726580000000000148e+67
3.723479999999999759e+66
2.011289999999999932e+66
1.195140000000000064e+65
3.746469999999999847e+64
8.775710000000000501e+63
1.835270000000000001e+64
2.502590000000000083e+64
1.723200000000000126e+64
7.826819999999999307e+63
5.123890000000000162e+63
6.701340000000000001e+63
1.780290000000000063e+64
8.757660000000000527e+63
8.409930000000000459e+63
3.655149999999999763e+63
1.249799999999999983e+63
2.027180000000000036e+63
2.650800000000000134e+63
7.302100000000000310e+63
6.044479999999999805e+63
6.019629999999999823e+63
7.053420000000000553e+63
1.961640000000000081e+63
2.732459999999999848e+63
4.662689999999999843e+63
1.430220000000000001e+63
1.942239999999999906e+63
1.165269999999999997e+64
2.524900000000000138e+64
2.155089999999999973e+64
3.994150000000000191e+64
5.621379999999999575e+64
1.432129999999999920e+64
1.951990000000000095e+63
9.920519999999999766e+62
6.029330000000000093e+62
2.298779999999999924e+62
7.440019999999999498e+61
2.894240000000000000e+62
1.850880000000000014e+62
2.442269999999999923e+62
4.703810000000000438e+62
1.184399999999999912e+63
4.143820000000000375e+62
1.338939999999999925e+63
6.470450000000000017e+62
6.777890000000000017e+62
3.194009999999999877e+62
9.255030000000000645e+62
7.052929999999999954e+62
7.692499999999999573e+62
1.033930000000000067e+63
5.152489999999999950e+62
2.191240000000000115e+62
6.074529999999999999e+62
1.776010000000000024e+62
3.211629999999999822e+61
7.496290000000000171e+61
6.832379999999999958e+61
3.996900000000000178e+61
6.986229999999999739e+61
2.291100000000000006e+61
3.685089999999999900e+61
-1.987920000000000035e+61
-3.238570000000000270e+61
-5.234950000000000339e+61
-9.421720000000000361e+61
-5.957790000000000302e+62
-1.626569999999999926e+62
-1.003360000000000017e+62
-6.453240000000000489e+61
2.532900000000000029e+61
1.634890000000000099e+62
1.874050000000000063e+62
6.744839999999999905e+62
3.398220000000000323e+63
5.160769999999999804e+64
1.643880000000000064e+65
9.845199999999999925e+64
1.086689999999999968e+66
8.630120000000000191e+65
1.694149999999999905e+66
1.717569999999999822e+66
1.171639999999999960e+65
9.895760000000000332e+64
1.124989999999999933e+66
1.150770000000000006e+66
5.565490000000000394e+65
3.204409999999999944e+65
1.267980000000000099e+65
6.068449999999999890e+64
3.079159999999999712e+64
9.572870000000000445e+64
1.772900000000000033e+65
1.879759999999999977e+65
5.413969999999999733e+64
6.702799999999999915e+64
2.823719999999999882e+64
2.582930000000000096e+64
6.338960000000000182e+64
1.591330000000000020e+65
1.011340000000000039e+65
4.813130000000000138e+65
5.132370000000000124e+65
1.864370000000000076e+66
4.250650000000000403e+65
1.616220000000000113e+65
1.681200000000000020e+65
1.149190000000000116e+65
8.480369999999999975e+64
6.822270000000000293e+64
8.813289999999999264e+65
6.267629999999999926e+66
5.677649999999999772e+66
8.942580000000000396e+66
3.325080000000000038e+66
2.663339999999999868e+66
1.380099999999999921e+66
3.405860000000000201e+66
4.344580000000000239e+66
7.402560000000000074e+66
1.761479999999999945e+68
3.413910000000000135e+67
2.091769999999999968e+67
3.366790000000000112e+68
6.323030000000000301e+68
2.378289999999999863e+69
1.698640000000000055e+68
3.777239999999999894e+67
1.921770000000000140e+67
1.617270000000000130e+67
6.728990000000000157e+66
1.085319999999999933e+67
7.941970000000000353e+66
1.214520000000000054e+67
4.434209999999999680e+66
7.175380000000000451e+66
6.563459999999999837e+66
1.321800000000000073e+67
3.313160000000000027e+66
8.179509999999999922e+65
1.506100000000000051e+66
8.442310000000000290e+65
1.272930000000000055e+65
3.934889999999999986e+64
1.118570000000000022e+64
7.067519999999999692e+64
6.512379999999999782e+64
1.139549999999999888e+65
9.455309999999999658e+64
1.259499999999999961e+64
7.717869999999999961e+63
6.733030000000000074e+64
7.063030000000000238e+64
1.117379999999999973e+65
6.005870000000000209e+64
4.343970000000000072e+63
4.829779999999999737e+63
7.051450000000000109e+63
5.573349999999999587e+64
9.662360000000000225e+64
8.517210000000000120e+65
1.797189999999999965e+66
3.770410000000000230e+66
4.096379999999999850e+66
4.020230000000000111e+66
6.462060000000000076e+66
1.887150000000000070e+67
3.393069999999999895e+66
2.983860000000000112e+67
9.566709999999999921e+67
9.217970000000000037e+67
1.357000000000000100e+68
3.154550000000000204e+68
2.779040000000000229e+67
8.264020000000000500e+66
2.103469999999999859e+67
2.391540000000000009e+67
2.378299999999999961e+67
6.351759999999999470e+67
2.898629999999999901e+67
1.382439999999999914e+68
1.899149999999999946e+69
2.560580000000000087e+69
2.560580000000000087e+69
5.890859999999999894e+68
1.625649999999999977e+69
1.288070000000000079e+69
2.930760000000000078e+68
3.244680000000000086e+68
9.618380000000000255e+68
4.498470000000000364e+69
3.927870000000000072e+69
1.000790000000000060e+69
2.367149999999999834e+68
9.278809999999999714e+68
8.078550000000000143e+68
5.322290000000000252e+68
8.209289999999999822e+68
2.915990000000000186e+68
1.047680000000000054e+68
1.814870000000000093e+68
2.342480000000000098e+68
1.885730000000000024e+68
-2.515799999999999923e+69
-1.426269999999999912e+69
-8.011840000000000192e+68
-6.719210000000000424e+68
-9.180449999999999312e+69
-3.222749999999999859e+70
-1.475929999999999953e+70
-5.765010000000000325e+70
-1.763690000000000104e+71
-5.528660000000000090e+71
-9.011670000000000073e+70
-3.383199999999999973e+71
-2.097570000000000078e+71
-1.997780000000000072e+71
-2.832179999999999940e+71
-2.832179999999999940e+71
-3.607550000000000338e+72
-1.682329999999999999e+72
-6.097050000000000373e+71
-6.097050000000000373e+71
-1.913160000000000064e+72
-1.161630000000000054e+71
-3.282889999999999972e+70
-6.026450000000000592e+70
-6.556959999999999942e+69
-9.162039999999999746e+69
-9.168269999999999623e+69
-3.857550000000000078e+71
-4.586450000000000120e+71
-4.446179999999999543e+71
-3.651219999999999767e+71
-1.353909999999999984e+72
-5.269670000000000131e+72
-6.798360000000000306e+72
-5.736110000000000263e+72
-6.170090000000000019e+72
-7.736729999999999997e+72
-1.488340000000000025e+72
-4.232389999999999997e+71
-1.128540000000000075e+72
-4.848589999999999664e+72
-1.339890000000000051e+72
-9.206629999999999776e+71
-2.096500000000000081e+71
-1.966120000000000147e+70
-1.032869999999999996e+71
-1.486730000000000005e+71
-1.524629999999999992e+71
-1.173119999999999955e+71
-1.323440000000000107e+71
3.512839999999999862e+70
1.680960000000000032e+70
4.506430000000000171e+70
1.962199999999999873e+70
4.463000000000000159e+70
1.277650000000000021e+70
1.120299999999999996e+70
1.326470000000000026e+70
1.275690000000000038e+70
7.046259999999999474e+70
2.540930000000000042e+71
4.363150000000000262e+70
4.590099999999999628e+69
1.310599999999999962e+70
2.809890000000000141e+69
8.606949999999999897e+69
3.620140000000000218e+69
1.864829999999999924e+70
1.864829999999999924e+70
2.542110000000000125e+69
8.560160000000000044e+68
8.660389999999999337e+68
2.739249999999999876e+69
2.508919999999999900e+69
4.081939999999999815e+70
3.751209999999999818e+70
9.504790000000000623e+69
6.222310000000000131e+69
2.434439999999999993e+70
3.496739999999999900e+70
1.039389999999999938e+70
1.350039999999999915e+69
1.975269999999999917e+69
6.676010000000000234e+68
9.792599999999999804e+68
1.091450000000000062e+70
3.830650000000000003e+70
1.004889999999999952e+70
1.319700000000000028e+70
5.910060000000000021e+69
1.628649999999999851e+70
1.517010000000000047e+70
7.263149999999999476e+69
1.155469999999999979e+69
1.035360000000000022e+69
6.578290000000000263e+67
7.484709999999999673e+67
3.262019999999999984e+67
3.044210000000000109e+67
1.249089999999999933e+68
2.669970000000000146e+67
9.223470000000000084e+66
2.593570000000000052e+67
4.205739999999999657e+66
3.162500000000000101e+66
2.618770000000000003e+67
8.426200000000000392e+66
2.239899999999999915e+67
3.420949999999999740e+67
1.932330000000000145e+67
1.209770000000000027e+67
8.051159999999999290e+66
1.104139999999999962e+67
6.074499999999999831e+66
1.673370000000000027e+66
3.929530000000000166e+66
1.926699999999999869e+66
5.129549999999999934e+66
5.138679999999999730e+67
3.082260000000000093e+67
7.101880000000000593e+66
1.898450000000000066e+66
1.898450000000000066e+66
3.518370000000000133e+65
5.480540000000000215e+65
4.749620000000000268e+65
1.756210000000000032e+66
1.707489999999999946e+66
1.412899999999999989e+67
6.114360000000000235e+66
9.876829999999999729e+66
5.377650000000000031e+66
1.538210000000000088e+66
2.383249999999999898e+66
1.166110000000000051e+67
7.297139999999999799e+66
9.094669999999999634e+66
2.419830000000000078e+66
2.419830000000000078e+66
2.462260000000000130e+66
1.229250000000000038e+67
7.573639999999999763e+66
-2.450640000000000023e+67
-3.239970000000000027e+67
-1.077839999999999942e+67
-4.203469999999999988e+67
-1.272489999999999986e+67
-4.734230000000000227e+66
-7.154959999999999566e+65
-7.141529999999999823e+65
-4.169629999999999820e+65
-3.146259999999999916e+65
-2.142940000000000098e+65
3.740079999999999872e+64
9.863900000000000277e+64
1.739870000000000116e+65
1.838500000000000067e+65
2.371490000000000132e+64
2.308409999999999868e+64
5.699849999999999494e+64
5.144549999999999841e+64
4.148360000000000077e+64
5.107619999999999878e+64
5.409619999999999659e+65
6.154439999999999973e+65
5.440609999999999793e+65
1.569349999999999911e+66
5.905819999999999667e+66
3.639049999999999788e+66
1.708180000000000090e+66
1.519040000000000047e+66
1.009939999999999973e+66
1.741760000000000117e+66
8.431300000000000318e+65
2.505690000000000015e+65
3.883879999999999784e+65
1.610610000000000008e+65
1.578479999999999913e+65
1.135049999999999937e+66
1.590389999999999941e+65
9.154270000000000201e+64
1.581860000000000008e+64
2.201200000000000131e+64
1.717529999999999869e+64
1.718309999999999855e+64
9.853369999999999590e+63
3.196199999999999729e+64
6.299500000000000238e+63
8.007339999999999529e+63
8.035259999999999280e+63
8.055500000000000586e+63
6.207119999999999742e+63
7.334240000000000352e+63
2.890509999999999907e+64
3.095640000000000059e+64
4.878260000000000133e+64
3.088620000000000186e+64
1.269180000000000008e+64
2.646680000000000048e+63
1.902120000000000075e+63
1.252410000000000054e+63
1.274679999999999954e+63
8.916880000000000711e+62
1.029210000000000033e+63
1.198690000000000024e+63
4.309349999999999785e+63
6.394270000000000283e+63
1.028599999999999993e+64
1.513290000000000000e+64
8.377879999999999650e+64
4.640559999999999863e+64
1.538469999999999912e+65
3.320169999999999801e+64
7.208549999999999981e+64
6.169700000000000195e+65
5.069229999999999650e+65
4.892889999999999755e+65
1.757859999999999986e+66
1.057510000000000068e+66
3.146310000000000062e+65
6.370889999999999693e+65
9.411820000000000439e+65
2.560830000000000046e+65
3.520299999999999969e+65
2.109849999999999912e+65
6.205839999999999465e+64
7.400399999999999893e+64
2.175249999999999947e+64
1.108919999999999964e+64
6.145439999999999416e+64
1.646830000000000026e+65
7.299569999999999599e+64
1.256760000000000063e+64
1.191699999999999992e+64
8.427990000000000380e+64
6.022489999999999820e+64
1.515289999999999947e+66
5.224929999999999702e+65
4.636859999999999699e+65
1.571760000000000027e+66
1.495829999999999995e+66
6.151089999999999545e+65
1.734680000000000021e+66
5.135000000000000134e+65
5.140780000000000104e+64
5.754430000000000368e+64
8.342529999999999553e+64
3.246340000000000009e+64
1.267639999999999901e+65
3.749280000000000078e+65
2.814300000000000016e+65
1.414790000000000008e+66
8.845979999999999685e+65
9.607850000000000444e+64
8.413059999999999765e+64
2.996419999999999765e+64
5.069269999999999790e+64
5.378379999999999731e+64
1.026780000000000016e+65
1.096240000000000073e+64
3.232490000000000139e+64
6.811279999999999865e+65
4.300979999999999858e+64
5.933820000000000049e+65
8.630809999999999540e+64
2.395940000000000028e+64
5.031439999999999888e+64
2.474899999999999998e+65
1.410370000000000010e+65
8.781310000000000250e+63
5.523189999999999705e+63
1.372790000000000136e+64
1.157100000000000039e+64
1.135030000000000037e+64
4.383050000000000116e+64
5.571419999999999517e+64
5.589360000000000362e+64
1.626110000000000019e+64
2.042240000000000113e+64
1.388259999999999955e+64
3.237730000000000029e+63
4.508980000000000174e+62
1.556230000000000075e+63
1.518930000000000050e+63
5.078770000000000346e+62
7.103969999999999881e+62
2.915429999999999959e+63
3.343459999999999666e+63
1.399259999999999921e+64
2.650270000000000148e+64
8.254290000000000208e+63
3.935489999999999750e+63
3.374379999999999700e+63
3.782020000000000352e+63
7.866419999999999829e+63
3.454489999999999901e+63
2.565849999999999856e+62
7.381360000000000418e+62
2.129289999999999785e+62
1.961210000000000052e+62
7.712420000000000518e+61
5.361349999999999712e+61
1.084359999999999944e+62
3.311240000000000173e+62
4.183859999999999750e+62
1.766970000000000180e+63
1.766970000000000180e+63
6.628900000000000199e+63
5.671260000000000054e+64
4.245509999999999869e+64
3.946549999999999985e+64
1.434559999999999930e+65
1.764560000000000094e+65
1.650099999999999940e+65
1.908639999999999935e+65
6.434019999999999577e+64
9.504559999999999654e+64
8.497410000000000297e+65
7.727560000000000042e+65
2.830439999999999908e+66
1.093439999999999997e+67
4.752749999999999679e+66
7.691529999999999784e+65
5.363619999999999846e+66
4.200359999999999662e+66
8.487989999999999730e+65
1.235859999999999958e+67
5.683500000000000017e+66
6.393230000000000011e+66
1.902079999999999890e+67
2.973829999999999784e+67
1.953859999999999856e+66
1.911420000000000149e+66
4.900669999999999836e+67
1.316760000000000023e+67
3.087620000000000179e+67
5.374379999999999837e+66
1.892060000000000114e+66
3.816909999999999819e+66
2.101639999999999978e+66
9.386080000000000108e+66
7.632179999999999339e+66
1.206320000000000055e+67
1.131889999999999951e+67
4.846670000000000197e+67
7.857049999999999625e+67
4.308869999999999755e+67
2.070789999999999917e+68
