     0.0000000        0.81285069        0.01255343
     0.1000000        0.64759545        0.01314072
     0.2000000        0.52967707        0.01287567
     0.3000000        0.43960158        0.01054949
     0.4000000        0.37101591        0.00926110
     0.5000000        0.31666005        0.00878840
     0.6000000        0.26989177        0.00700036
     0.7000000        0.23081630        0.00562202
     0.8000000        0.19879888        0.00483779
     0.9000000        0.17046206        0.00384275
     1.0000000        0.14677525        0.00325526
     1.1000000        0.12645605        0.00285068
     1.2000000        0.10897133        0.00242215
     1.3000000        0.09415697        0.00191319
     1.4000000        0.08156675        0.00179577
     1.5000000        0.06985117        0.00185547
     1.6000000        0.06058214        0.00177613
     1.7000000        0.05344086        0.00169529
     1.8000000        0.04616009        0.00146309
     1.9000000        0.03865611        0.00132788
     2.0000000        0.03202508        0.00136156
     2.1000000        0.02729094        0.00130216
     2.2000000        0.02309895        0.00126612
     2.3000000        0.01894837        0.00141172
     2.4000000        0.01634978        0.00142102
     2.5000000        0.01430345        0.00154317
     2.6000000        0.01292311        0.00144984
     2.7000000        0.01119263        0.00155382
     2.8000000        0.00999978        0.00174327
     2.9000000        0.00846577        0.00182718
     3.0000000        0.00699244        0.00184346
     3.1000000        0.00596746        0.00185757
     3.2000000        0.00634964        0.00202650
     3.3000000        0.00625066        0.00217244
     3.4000000        0.00590662        0.00213835
     3.5000000        0.00526638        0.00187200
     3.6000000        0.00420850        0.00181205
     3.7000000        0.00324471        0.00173821
     3.8000000        0.00377705        0.00189632
     3.9000000        0.00305438        0.00219729
     4.0000000        0.00139948        0.00174700
     4.1000000        0.00101677        0.00181602
     4.2000000        0.00086387        0.00178439
     4.3000000        0.00080058        0.00189553
     4.4000000        0.00045930        0.00207813
     4.5000000        0.00082981        0.00226644
     4.6000000        0.00111052        0.00244866
     4.7000000        0.00145603        0.00237572
     4.8000000        0.00091339        0.00257446
     4.9000000        0.00064904        0.00283743
     5.0000000        0.00026207        0.00262530
     5.1000000        0.00011144        0.00236914
     5.2000000       -0.00019268        0.00215830
     5.3000000       -0.00042506        0.00196303
     5.4000000       -0.00012192        0.00194961
     5.5000000        0.00014877        0.00188642
     5.6000000        0.00029134        0.00194009
     5.7000000        0.00116529        0.00196382
     5.8000000        0.00181855        0.00180461
     5.9000000        0.00251696        0.00178791
     6.0000000        0.00249070        0.00189467
     6.1000000        0.00197995        0.00241554
     6.2000000        0.00211115        0.00256912
     6.3000000        0.00316087        0.00253326
     6.4000000        0.00396998        0.00265187
     6.5000000        0.00459502        0.00285157
     6.6000000        0.00501130        0.00280859
     6.7000000        0.00485569        0.00290608
     6.8000000        0.00516347        0.00299566
     6.9000000        0.00644312        0.00323292
     7.0000000        0.00686093        0.00383779
     7.1000000        0.00758701        0.00435316
     7.2000000        0.00833928        0.00519905
     7.3000000        0.00901218        0.00593204
     7.4000000        0.00973847        0.00762536
     7.5000000        0.01386985        0.00584419
     7.6000000        0.01667179        0.00551190
     7.7000000        0.02106759        0.00469936
     7.8000000        0.02610443        0.00423131
     7.9000000        0.03157890        0.00375389
     8.0000000        0.03731016        0.00304371
     8.1000000        0.04305365        0.00235506
     8.2000000        0.05054148        0.00192393
     8.3000000        0.05769238        0.00182230
     8.4000000        0.06489831        0.00206876
     8.5000000        0.07408513        0.00254885
     8.6000000        0.08447021        0.00224748
     8.7000000        0.09584317        0.00201488
     8.8000000        0.10966195        0.00193299
     8.9000000        0.12569049        0.00200104
     9.0000000        0.14609483        0.00258139
     9.1000000        0.16928138        0.00355225
     9.2000000        0.19625715        0.00384054
     9.3000000        0.22750409        0.00402923
     9.4000000        0.26576610        0.00456233
     9.5000000        0.31147344        0.00503909
     9.6000000        0.36774680        0.00605233
     9.7000000        0.43880339        0.00779249
     9.8000000        0.52821635        0.00929890
     9.9000000        0.64616965        0.01055148
    10.0000000        0.81285069        0.01255343
