7.093040000000000456e-02
2.943970000000000198e-01
3.252489999999999881e+00
2.768740000000000201e+00
5.677710000000000257e+00
8.446680000000000632e+00
1.018200000000000038e+01
1.447860000000000014e+01
1.574319999999999986e+01
1.838800000000000168e+01
2.361280000000000001e+01
2.601849999999999952e+01
2.611319999999999908e+01
2.839189999999999969e+01
2.989740000000000109e+01
2.828419999999999845e+01
2.849380000000000024e+01
3.001180000000000092e+01
3.164549999999999841e+01
2.824459999999999837e+01
3.110210000000000008e+01
3.267620000000000147e+01
3.393019999999999925e+01
3.578710000000000235e+01
3.670839999999999748e+01
3.586129999999999995e+01
3.854200000000000159e+01
4.138490000000000180e+01
4.730819999999999936e+01
4.389039999999999964e+01
4.558120000000000260e+01
4.423660000000000281e+01
4.767040000000000077e+01
4.933239999999999981e+01
4.962550000000000239e+01
5.077770000000000294e+01
5.084570000000000078e+01
5.290409999999999968e+01
5.694890000000000185e+01
5.777850000000000108e+01
5.995210000000000150e+01
6.009329999999999927e+01
5.937120000000000175e+01
5.960300000000000153e+01
5.835569999999999879e+01
6.152340000000000231e+01
6.260110000000000241e+01
6.283290000000000219e+01
6.189269999999999783e+01
6.261339999999999861e+01
6.457569999999999766e+01
6.524379999999999313e+01
6.662130000000000507e+01
6.844379999999999598e+01
7.157779999999999632e+01
7.352639999999999532e+01
7.550320000000000675e+01
7.817010000000000502e+01
8.347910000000000252e+01
8.243659999999999854e+01
8.375289999999999679e+01
8.178470000000000084e+01
8.202190000000000225e+01
8.007189999999999941e+01
8.128619999999999379e+01
8.186939999999999884e+01
8.232460000000000377e+01
8.216429999999999723e+01
8.189149999999999352e+01
8.124139999999999873e+01
8.296550000000000580e+01
8.322700000000000387e+01
8.326690000000000680e+01
8.577689999999999770e+01
8.388450000000000273e+01
8.444580000000000553e+01
8.315189999999999770e+01
8.491729999999999734e+01
8.453329999999999700e+01
8.615250000000000341e+01
8.750879999999999370e+01
8.879879999999999995e+01
8.836119999999999663e+01
9.021330000000000382e+01
8.963309999999999889e+01
9.166930000000000689e+01
9.158280000000000598e+01
9.491240000000000521e+01
9.834810000000000230e+01
1.002639999999999958e+02
9.952779999999999916e+01
1.019339999999999975e+02
1.005520000000000067e+02
1.005610000000000070e+02
1.048419999999999987e+02
1.035909999999999940e+02
9.760739999999999839e+01
9.753409999999999513e+01
9.941440000000000055e+01
9.820090000000000430e+01
1.017000000000000028e+02
1.029279999999999973e+02
1.045150000000000006e+02
1.046050000000000040e+02
1.047870000000000061e+02
1.092349999999999994e+02
1.099959999999999951e+02
1.134699999999999989e+02
1.167079999999999984e+02
1.133469999999999942e+02
1.134890000000000043e+02
1.180559999999999974e+02
1.203599999999999994e+02
1.190819999999999936e+02
1.190259999999999962e+02
1.225019999999999953e+02
1.238139999999999930e+02
1.231779999999999973e+02
1.220450000000000017e+02
1.249849999999999994e+02
1.283950000000000102e+02
1.280800000000000125e+02
1.291649999999999920e+02
1.264969999999999999e+02
1.272000000000000028e+02
1.272510000000000048e+02
1.244200000000000017e+02
1.244590000000000032e+02
1.209650000000000034e+02
1.188539999999999992e+02
1.179759999999999991e+02
1.180649999999999977e+02
1.193010000000000019e+02
1.195480000000000018e+02
1.206730000000000018e+02
1.220060000000000002e+02
1.206949999999999932e+02
1.209819999999999993e+02
1.192789999999999964e+02
1.180190000000000055e+02
1.170570000000000022e+02
1.169410000000000025e+02
1.169000000000000057e+02
1.171989999999999981e+02
1.184419999999999931e+02
1.183610000000000042e+02
1.167309999999999945e+02
1.181449999999999960e+02
1.193269999999999982e+02
1.207920000000000016e+02
1.218670000000000044e+02
1.239759999999999991e+02
1.203700000000000045e+02
1.195570000000000022e+02
1.188629999999999995e+02
1.226940000000000026e+02
1.179849999999999994e+02
1.178449999999999989e+02
1.173569999999999993e+02
1.159330000000000069e+02
1.153870000000000005e+02
1.152009999999999934e+02
1.149980000000000047e+02
1.123020000000000067e+02
1.096009999999999991e+02
1.095780000000000030e+02
1.085420000000000016e+02
1.128110000000000070e+02
1.128199999999999932e+02
1.143780000000000001e+02
1.166820000000000022e+02
1.154050000000000011e+02
1.149989999999999952e+02
1.122819999999999965e+02
1.134710000000000036e+02
1.148020000000000067e+02
1.127849999999999966e+02
1.117630000000000052e+02
1.104180000000000064e+02
1.118070000000000022e+02
1.108460000000000036e+02
1.115319999999999965e+02
1.106949999999999932e+02
1.125949999999999989e+02
1.131470000000000056e+02
1.124410000000000025e+02
1.153760000000000048e+02
1.144159999999999968e+02
1.195550000000000068e+02
1.184120000000000061e+02
1.206280000000000001e+02
1.175550000000000068e+02
1.187019999999999982e+02
1.195079999999999956e+02
1.189699999999999989e+02
1.176219999999999999e+02
1.210540000000000020e+02
1.202129999999999939e+02
1.255679999999999978e+02
1.234240000000000066e+02
1.222609999999999957e+02
1.210610000000000070e+02
1.221700000000000017e+02
1.235420000000000016e+02
1.249560000000000031e+02
1.263640000000000043e+02
1.304430000000000121e+02
1.292729999999999961e+02
1.308199999999999932e+02
1.293309999999999889e+02
1.290720000000000027e+02
1.264099999999999966e+02
1.292079999999999984e+02
1.313199999999999932e+02
1.303569999999999993e+02
1.317489999999999952e+02
1.384120000000000061e+02
1.384830000000000041e+02
1.394199999999999875e+02
1.421560000000000059e+02
1.363990000000000009e+02
1.349010000000000105e+02
1.349600000000000080e+02
1.347500000000000000e+02
1.373120000000000118e+02
1.373609999999999900e+02
1.398890000000000100e+02
1.384819999999999993e+02
1.376839999999999975e+02
1.392019999999999982e+02
1.353739999999999952e+02
1.338379999999999939e+02
1.317050000000000125e+02
1.317170000000000130e+02
1.328110000000000070e+02
1.328609999999999900e+02
1.339199999999999875e+02
1.374470000000000027e+02
1.401740000000000066e+02
1.381510000000000105e+02
1.371810000000000116e+02
1.359269999999999925e+02
1.353729999999999905e+02
1.379950000000000045e+02
1.390960000000000036e+02
1.390769999999999982e+02
1.404339999999999975e+02
1.407270000000000039e+02
1.417110000000000127e+02
1.412309999999999945e+02
1.423969999999999914e+02
1.410699999999999932e+02
1.410190000000000055e+02
1.429970000000000141e+02
1.425380000000000109e+02
1.401119999999999948e+02
1.416610000000000014e+02
1.415829999999999984e+02
1.445809999999999889e+02
1.456769999999999925e+02
1.467150000000000034e+02
1.444360000000000070e+02
1.461829999999999927e+02
1.415540000000000020e+02
1.400579999999999927e+02
1.400020000000000095e+02
1.365629999999999882e+02
1.332299999999999898e+02
1.298000000000000114e+02
1.302429999999999950e+02
1.328520000000000039e+02
1.346349999999999909e+02
1.353280000000000030e+02
1.366889999999999930e+02
1.378489999999999895e+02
1.361839999999999975e+02
1.379509999999999934e+02
1.401220000000000141e+02
1.396839999999999975e+02
1.432379999999999995e+02
1.399439999999999884e+02
1.422889999999999873e+02
1.435430000000000064e+02
1.476169999999999902e+02
1.479459999999999980e+02
1.492270000000000039e+02
1.517680000000000007e+02
1.481380000000000052e+02
1.504569999999999936e+02
1.494730000000000132e+02
1.502030000000000030e+02
1.501370000000000005e+02
1.505610000000000070e+02
1.503110000000000070e+02
1.480540000000000020e+02
1.466030000000000086e+02
1.488760000000000048e+02
1.472500000000000000e+02
1.448629999999999995e+02
1.437599999999999909e+02
1.428779999999999859e+02
1.432640000000000100e+02
1.445399999999999920e+02
1.434219999999999970e+02
1.459809999999999945e+02
1.428580000000000041e+02
1.425589999999999975e+02
1.397079999999999984e+02
1.393089999999999975e+02
1.404950000000000045e+02
1.399600000000000080e+02
1.417299999999999898e+02
1.409869999999999948e+02
1.412779999999999916e+02
1.445329999999999870e+02
1.421769999999999925e+02
1.424209999999999923e+02
1.438170000000000073e+02
1.412980000000000018e+02
1.422920000000000016e+02
1.450550000000000068e+02
1.451320000000000050e+02
1.439439999999999884e+02
1.404329999999999927e+02
1.404190000000000111e+02
1.388530000000000086e+02
1.367319999999999993e+02
1.370639999999999930e+02
1.400000000000000000e+02
1.403149999999999977e+02
1.393890000000000100e+02
1.391570000000000107e+02
1.388720000000000141e+02
1.368629999999999995e+02
1.356810000000000116e+02
1.355670000000000073e+02
1.307510000000000048e+02
1.304000000000000057e+02
1.287170000000000130e+02
1.277900000000000063e+02
1.296750000000000114e+02
1.323329999999999984e+02
1.274669999999999987e+02
1.262819999999999965e+02
1.245079999999999956e+02
1.254219999999999970e+02
1.227279999999999944e+02
1.255879999999999939e+02
1.241029999999999944e+02
1.246919999999999931e+02
1.275310000000000059e+02
1.254120000000000061e+02
1.279959999999999951e+02
1.255619999999999976e+02
1.251790000000000020e+02
1.215169999999999959e+02
1.230550000000000068e+02
1.192800000000000011e+02
1.179740000000000038e+02
1.216410000000000053e+02
1.217000000000000028e+02
1.189270000000000067e+02
1.188960000000000008e+02
1.161899999999999977e+02
1.163220000000000027e+02
1.137909999999999968e+02
1.157279999999999944e+02
1.124569999999999936e+02
1.124489999999999981e+02
1.121520000000000010e+02
1.084309999999999974e+02
1.063870000000000005e+02
1.033169999999999931e+02
1.029689999999999941e+02
1.039839999999999947e+02
1.035780000000000030e+02
1.024500000000000028e+02
1.033780000000000001e+02
1.039189999999999969e+02
1.041689999999999969e+02
1.035480000000000018e+02
1.063179999999999978e+02
1.087540000000000049e+02
1.087429999999999950e+02
1.101050000000000040e+02
1.114020000000000010e+02
1.091140000000000043e+02
1.088750000000000000e+02
1.089350000000000023e+02
1.063689999999999998e+02
1.073829999999999956e+02
1.093490000000000038e+02
1.141290000000000049e+02
1.133509999999999991e+02
1.145699999999999932e+02
1.175810000000000031e+02
1.176159999999999997e+02
1.151800000000000068e+02
1.138110000000000070e+02
1.143709999999999951e+02
1.145439999999999969e+02
1.182510000000000048e+02
1.182510000000000048e+02
1.170450000000000017e+02
1.142870000000000061e+02
1.125879999999999939e+02
1.104609999999999985e+02
1.121779999999999973e+02
1.135330000000000013e+02
1.149459999999999980e+02
1.149459999999999980e+02
1.141329999999999956e+02
1.115330000000000013e+02
1.140660000000000025e+02
1.125709999999999980e+02
1.120330000000000013e+02
1.137560000000000002e+02
1.179809999999999945e+02
1.168419999999999987e+02
1.174260000000000019e+02
1.180690000000000026e+02
1.165699999999999932e+02
1.178110000000000070e+02
1.174300000000000068e+02
1.170729999999999933e+02
1.190010000000000048e+02
1.190870000000000033e+02
1.186050000000000040e+02
1.210360000000000014e+02
1.208539999999999992e+02
1.205619999999999976e+02
1.250139999999999958e+02
1.250199999999999960e+02
1.224749999999999943e+02
1.256490000000000009e+02
1.284420000000000073e+02
1.257620000000000005e+02
1.199659999999999940e+02
1.222770000000000010e+02
1.236959999999999980e+02
1.192349999999999994e+02
1.165619999999999976e+02
1.160120000000000005e+02
1.161569999999999965e+02
1.148460000000000036e+02
1.148509999999999991e+02
1.088370000000000033e+02
1.093029999999999973e+02
1.092600000000000051e+02
1.121089999999999947e+02
1.145040000000000049e+02
1.164879999999999995e+02
1.141239999999999952e+02
1.120190000000000055e+02
1.131389999999999958e+02
1.146149999999999949e+02
1.182319999999999993e+02
1.174569999999999936e+02
1.160360000000000014e+02
1.171189999999999998e+02
1.159909999999999997e+02
1.173930000000000007e+02
1.219989999999999952e+02
1.211340000000000003e+02
1.200949999999999989e+02
1.212049999999999983e+02
1.200439999999999969e+02
1.171500000000000057e+02
1.206449999999999960e+02
1.188149999999999977e+02
1.184719999999999942e+02
1.176610000000000014e+02
1.175669999999999931e+02
1.179419999999999931e+02
1.203469999999999942e+02
1.201850000000000023e+02
1.212069999999999936e+02
1.251110000000000042e+02
1.247459999999999951e+02
1.224240000000000066e+02
1.256479999999999961e+02
1.255490000000000066e+02
1.241959999999999980e+02
1.274729999999999990e+02
1.275669999999999931e+02
1.318460000000000036e+02
1.293969999999999914e+02
1.305060000000000002e+02
1.312899999999999920e+02
1.336879999999999882e+02
1.387769999999999868e+02
1.402649999999999864e+02
1.416160000000000139e+02
1.465869999999999891e+02
1.440540000000000020e+02
1.441910000000000025e+02
1.453890000000000100e+02
1.452439999999999998e+02
1.420850000000000080e+02
1.436709999999999923e+02
1.445740000000000123e+02
1.465519999999999925e+02
1.478439999999999941e+02
1.475660000000000025e+02
1.484149999999999920e+02
1.495250000000000057e+02
1.485109999999999957e+02
1.482700000000000102e+02
1.457889999999999873e+02
1.446169999999999902e+02
1.462319999999999993e+02
1.434420000000000073e+02
1.409389999999999930e+02
1.419600000000000080e+02
1.437899999999999920e+02
1.423810000000000002e+02
1.413600000000000136e+02
1.424010000000000105e+02
1.452500000000000000e+02
1.448629999999999995e+02
1.460109999999999957e+02
1.433609999999999900e+02
1.400689999999999884e+02
1.413669999999999902e+02
1.421450000000000102e+02
1.433480000000000132e+02
1.433580000000000041e+02
1.402299999999999898e+02
1.408449999999999989e+02
1.403799999999999955e+02
1.410889999999999986e+02
1.409190000000000111e+02
1.428940000000000055e+02
1.435060000000000002e+02
1.435240000000000009e+02
1.450229999999999961e+02
1.450229999999999961e+02
1.428870000000000005e+02
1.445720000000000027e+02
1.396779999999999973e+02
1.399559999999999889e+02
1.386550000000000011e+02
1.360219999999999914e+02
1.389759999999999991e+02
1.389480000000000075e+02
1.363489999999999895e+02
1.376870000000000118e+02
1.363969999999999914e+02
1.324449999999999932e+02
1.324019999999999868e+02
1.311030000000000086e+02
1.288520000000000039e+02
1.301189999999999998e+02
1.293669999999999902e+02
1.298499999999999943e+02
1.320960000000000036e+02
1.314139999999999873e+02
1.355010000000000048e+02
1.333069999999999879e+02
1.359199999999999875e+02
1.365120000000000005e+02
1.395320000000000107e+02
1.385939999999999941e+02
1.400999999999999943e+02
1.436939999999999884e+02
1.462350000000000136e+02
1.502069999999999936e+02
1.462899999999999920e+02
1.485819999999999936e+02
1.451200000000000045e+02
1.443640000000000043e+02
1.407309999999999945e+02
1.408540000000000134e+02
1.423660000000000139e+02
1.397350000000000136e+02
1.349749999999999943e+02
1.374290000000000020e+02
1.351049999999999898e+02
1.340680000000000121e+02
1.347820000000000107e+02
1.339230000000000018e+02
1.305560000000000116e+02
1.294099999999999966e+02
1.316999999999999886e+02
1.297839999999999918e+02
1.329410000000000025e+02
1.368129999999999882e+02
1.378629999999999995e+02
1.404430000000000121e+02
1.404029999999999916e+02
1.423029999999999973e+02
1.458110000000000070e+02
1.457820000000000107e+02
1.484310000000000116e+02
1.460020000000000095e+02
1.458969999999999914e+02
1.481630000000000109e+02
1.443750000000000000e+02
1.434050000000000011e+02
1.431100000000000136e+02
1.412489999999999952e+02
1.422779999999999916e+02
1.414060000000000059e+02
1.390089999999999861e+02
1.413640000000000043e+02
1.408689999999999998e+02
1.439240000000000066e+02
1.424089999999999918e+02
1.418609999999999900e+02
1.406690000000000111e+02
1.401390000000000100e+02
1.401289999999999907e+02
1.399629999999999939e+02
1.410169999999999959e+02
1.449050000000000011e+02
1.445639999999999930e+02
1.467839999999999918e+02
1.457820000000000107e+02
1.469000000000000057e+02
1.479989999999999952e+02
1.454420000000000073e+02
1.419970000000000141e+02
1.421519999999999868e+02
1.392450000000000045e+02
1.388629999999999995e+02
1.403789999999999907e+02
1.398389999999999986e+02
1.376949999999999932e+02
1.412410000000000139e+02
1.426380000000000052e+02
1.398369999999999891e+02
1.404410000000000025e+02
1.410960000000000036e+02
1.412520000000000095e+02
1.411150000000000091e+02
1.406539999999999964e+02
1.417829999999999870e+02
1.419000000000000057e+02
1.423420000000000130e+02
1.375660000000000025e+02
1.387630000000000052e+02
1.381810000000000116e+02
1.343400000000000034e+02
1.331529999999999916e+02
1.345980000000000132e+02
1.320639999999999930e+02
1.319070000000000107e+02
1.320409999999999968e+02
1.324130000000000109e+02
1.337829999999999870e+02
1.324319999999999879e+02
1.307529999999999859e+02
1.289749999999999943e+02
1.312249999999999943e+02
1.326349999999999909e+02
1.312170000000000130e+02
1.286140000000000043e+02
1.308770000000000095e+02
1.296279999999999859e+02
1.341810000000000116e+02
1.379989999999999952e+02
1.394060000000000059e+02
1.416630000000000109e+02
1.402170000000000130e+02
1.385289999999999964e+02
1.372050000000000125e+02
1.365829999999999984e+02
1.353350000000000080e+02
1.369610000000000127e+02
1.375989999999999895e+02
1.379209999999999923e+02
1.381999999999999886e+02
1.380190000000000055e+02
1.347880000000000109e+02
1.322129999999999939e+02
1.311320000000000050e+02
1.351440000000000055e+02
1.378799999999999955e+02
1.350980000000000132e+02
1.329859999999999900e+02
1.351599999999999966e+02
1.318940000000000055e+02
1.346690000000000111e+02
1.332460000000000093e+02
1.270340000000000060e+02
1.258700000000000045e+02
1.256080000000000041e+02
1.277450000000000045e+02
1.299660000000000082e+02
1.285449999999999875e+02
1.297959999999999923e+02
1.313950000000000102e+02
1.321719999999999970e+02
1.315780000000000030e+02
1.328919999999999959e+02
1.363290000000000077e+02
1.379310000000000116e+02
1.398120000000000118e+02
1.412119999999999891e+02
1.428110000000000070e+02
1.415420000000000016e+02
1.432230000000000132e+02
1.449650000000000034e+02
1.424070000000000107e+02
1.425349999999999966e+02
1.411150000000000091e+02
1.355569999999999879e+02
1.364250000000000114e+02
1.341260000000000048e+02
1.334939999999999998e+02
1.309790000000000134e+02
1.269879999999999995e+02
1.265390000000000015e+02
1.260379999999999967e+02
1.267489999999999952e+02
1.268469999999999942e+02
1.273169999999999931e+02
1.264710000000000036e+02
1.258419999999999987e+02
1.248349999999999937e+02
1.242570000000000050e+02
1.265030000000000001e+02
1.273859999999999957e+02
1.302439999999999998e+02
1.298640000000000043e+02
1.310159999999999911e+02
1.266479999999999961e+02
1.276159999999999997e+02
1.246189999999999998e+02
1.217159999999999940e+02
1.219590000000000032e+02
1.198619999999999948e+02
1.197780000000000058e+02
1.184549999999999983e+02
1.185480000000000018e+02
1.171940000000000026e+02
1.158520000000000039e+02
1.168550000000000040e+02
1.150400000000000063e+02
1.139989999999999952e+02
1.163080000000000069e+02
1.155300000000000011e+02
1.129219999999999970e+02
1.131520000000000010e+02
1.133169999999999931e+02
1.132009999999999934e+02
1.143700000000000045e+02
1.159839999999999947e+02
1.175180000000000007e+02
1.150780000000000030e+02
1.158280000000000030e+02
1.155259999999999962e+02
1.176839999999999975e+02
1.183859999999999957e+02
1.210610000000000070e+02
1.227920000000000016e+02
1.234240000000000066e+02
1.224830000000000041e+02
1.236809999999999974e+02
1.235460000000000065e+02
1.235220000000000056e+02
1.234890000000000043e+02
1.274300000000000068e+02
1.300440000000000111e+02
1.325289999999999964e+02
1.348890000000000100e+02
1.363480000000000132e+02
1.377500000000000000e+02
1.380540000000000020e+02
1.345629999999999882e+02
1.357359999999999900e+02
1.390250000000000057e+02
1.366730000000000018e+02
1.377199999999999989e+02
1.380939999999999941e+02
1.396459999999999866e+02
1.389199999999999875e+02
1.386409999999999911e+02
1.370550000000000068e+02
1.371560000000000059e+02
1.394600000000000080e+02
1.394519999999999982e+02
1.374379999999999882e+02
1.378750000000000000e+02
1.375120000000000005e+02
1.418170000000000073e+02
1.418060000000000116e+02
1.432899999999999920e+02
1.405389999999999873e+02
1.406610000000000014e+02
1.391430000000000007e+02
1.388489999999999895e+02
1.380829999999999984e+02
1.362019999999999982e+02
1.350159999999999911e+02
1.336910000000000025e+02
1.315409999999999968e+02
1.323480000000000132e+02
1.343460000000000036e+02
1.352019999999999982e+02
1.334010000000000105e+02
1.345769999999999982e+02
1.292930000000000064e+02
1.309470000000000027e+02
1.330949999999999989e+02
1.315819999999999936e+02
1.329509999999999934e+02
1.312030000000000030e+02
1.301080000000000041e+02
1.292920000000000016e+02
1.288979999999999961e+02
1.261080000000000041e+02
1.265229999999999961e+02
1.290560000000000116e+02
1.311370000000000005e+02
1.312750000000000057e+02
1.302750000000000057e+02
1.315049999999999955e+02
1.294000000000000057e+02
1.335490000000000066e+02
1.374689999999999941e+02
1.334050000000000011e+02
1.329230000000000018e+02
1.348789999999999907e+02
1.374399999999999977e+02
1.364770000000000039e+02
1.379929999999999950e+02
1.358449999999999989e+02
1.360980000000000132e+02
1.409079999999999870e+02
1.368079999999999927e+02
1.368069999999999879e+02
1.338019999999999925e+02
1.307930000000000064e+02
1.307700000000000102e+02
1.316260000000000048e+02
1.309379999999999882e+02
1.323619999999999948e+02
1.323259999999999934e+02
1.346630000000000109e+02
1.336529999999999916e+02
1.324869999999999948e+02
1.318669999999999902e+02
1.305689999999999884e+02
1.301450000000000102e+02
1.303750000000000000e+02
1.312829999999999870e+02
1.326239999999999952e+02
1.303259999999999934e+02
1.294120000000000061e+02
1.312450000000000045e+02
1.326450000000000102e+02
1.340010000000000048e+02
1.339490000000000123e+02
1.353149999999999977e+02
1.364250000000000114e+02
1.365960000000000036e+02
1.395800000000000125e+02
1.387609999999999957e+02
1.389670000000000130e+02
1.404029999999999916e+02
1.379509999999999934e+02
1.419979999999999905e+02
1.435749999999999886e+02
1.424530000000000030e+02
1.369590000000000032e+02
1.395169999999999959e+02
1.386430000000000007e+02
1.348079999999999927e+02
1.362810000000000059e+02
1.314919999999999902e+02
1.291109999999999900e+02
1.267270000000000039e+02
1.249309999999999974e+02
1.216500000000000057e+02
1.227319999999999993e+02
1.229860000000000042e+02
1.259230000000000018e+02
1.215799999999999983e+02
1.212849999999999966e+02
1.234360000000000070e+02
1.253070000000000022e+02
1.253780000000000001e+02
1.212720000000000056e+02
1.213409999999999940e+02
1.217360000000000042e+02
1.246749999999999972e+02
1.244290000000000020e+02
1.257180000000000035e+02
1.297139999999999986e+02
1.277669999999999959e+02
1.293600000000000136e+02
1.281570000000000107e+02
1.280850000000000080e+02
1.282959999999999923e+02
1.307400000000000091e+02
1.331910000000000025e+02
1.320420000000000016e+02
1.333700000000000045e+02
1.316819999999999879e+02
1.318950000000000102e+02
1.328619999999999948e+02
1.320689999999999884e+02
1.348040000000000020e+02
1.335989999999999895e+02
1.359029999999999916e+02
1.358580000000000041e+02
1.384240000000000066e+02
1.360809999999999889e+02
1.358460000000000036e+02
1.381680000000000064e+02
1.399850000000000136e+02
1.416330000000000098e+02
1.416779999999999973e+02
1.445469999999999970e+02
1.433139999999999930e+02
1.448129999999999882e+02
1.428909999999999911e+02
1.449780000000000086e+02
1.486040000000000134e+02
1.487419999999999902e+02
1.458160000000000025e+02
1.475370000000000061e+02
1.479790000000000134e+02
1.510730000000000075e+02
1.494929999999999950e+02
1.531279999999999859e+02
1.577729999999999961e+02
1.552230000000000132e+02
1.550099999999999909e+02
1.568050000000000068e+02
1.544159999999999968e+02
1.561069999999999993e+02
1.560219999999999914e+02
1.560409999999999968e+02
1.560840000000000032e+02
1.586659999999999968e+02
1.577460000000000093e+02
1.585889999999999986e+02
1.549240000000000066e+02
1.496970000000000027e+02
1.525279999999999916e+02
1.548940000000000055e+02
1.534739999999999895e+02
1.516599999999999966e+02
1.523739999999999952e+02
1.508300000000000125e+02
1.520320000000000107e+02
1.547510000000000048e+02
1.520920000000000130e+02
1.544290000000000020e+02
1.555709999999999980e+02
1.589430000000000121e+02
1.587990000000000066e+02
1.558919999999999959e+02
1.556579999999999870e+02
1.576959999999999980e+02
1.584710000000000036e+02
1.609329999999999927e+02
1.596359999999999957e+02
1.614269999999999925e+02
1.594120000000000061e+02
1.637709999999999866e+02
1.612139999999999986e+02
1.588640000000000043e+02
1.604259999999999877e+02
1.598750000000000000e+02
1.619559999999999889e+02
1.655550000000000068e+02
1.668319999999999936e+02
1.667760000000000105e+02
1.668249999999999886e+02
1.641430000000000007e+02
1.602630000000000052e+02
1.586320000000000050e+02
1.581349999999999909e+02
1.593340000000000032e+02
1.547419999999999902e+02
1.561390000000000100e+02
1.569120000000000061e+02
1.539890000000000043e+02
1.552069999999999936e+02
1.553309999999999889e+02
1.568100000000000023e+02
1.596059999999999945e+02
1.610300000000000011e+02
1.587400000000000091e+02
1.563689999999999998e+02
1.613149999999999977e+02
1.630550000000000068e+02
1.675109999999999957e+02
1.663930000000000007e+02
1.694230000000000018e+02
1.665629999999999882e+02
1.678369999999999891e+02
1.670680000000000121e+02
1.662930000000000064e+02
1.656860000000000070e+02
1.683249999999999886e+02
1.696469999999999914e+02
1.657470000000000141e+02
1.642529999999999859e+02
1.641279999999999859e+02
1.641279999999999859e+02
1.608590000000000089e+02
1.579230000000000018e+02
1.579670000000000130e+02
1.542059999999999889e+02
1.512949999999999875e+02
1.535730000000000075e+02
1.511119999999999948e+02
1.482760000000000105e+02
1.492779999999999916e+02
1.482980000000000018e+02
1.474809999999999945e+02
1.456790000000000020e+02
1.430999999999999943e+02
1.444929999999999950e+02
1.436440000000000055e+02
1.420039999999999907e+02
1.401450000000000102e+02
1.390399999999999920e+02
1.408580000000000041e+02
1.424180000000000064e+02
1.401779999999999973e+02
1.387529999999999859e+02
1.393820000000000050e+02
1.406529999999999916e+02
1.397659999999999911e+02
1.411160000000000139e+02
1.424420000000000073e+02
1.391370000000000005e+02
1.388629999999999995e+02
1.402439999999999998e+02
1.414310000000000116e+02
1.427340000000000089e+02
1.422990000000000066e+02
1.427069999999999936e+02
1.426709999999999923e+02
1.370329999999999870e+02
1.366630000000000109e+02
1.421889999999999930e+02
1.437419999999999902e+02
1.435169999999999959e+02
1.412090000000000032e+02
1.404399999999999977e+02
1.405159999999999911e+02
1.391409999999999911e+02
1.395800000000000125e+02
1.375550000000000068e+02
1.347940000000000111e+02
1.361719999999999970e+02
1.362880000000000109e+02
1.375670000000000073e+02
1.347659999999999911e+02
1.308830000000000098e+02
1.273020000000000067e+02
1.284830000000000041e+02
1.258550000000000040e+02
1.270289999999999964e+02
1.307139999999999986e+02
1.265030000000000001e+02
1.244560000000000031e+02
1.285889999999999986e+02
1.285889999999999986e+02
1.299730000000000132e+02
1.323120000000000118e+02
1.310089999999999861e+02
1.290089999999999861e+02
1.302969999999999970e+02
1.300970000000000084e+02
1.313449999999999989e+02
1.297139999999999986e+02
1.344960000000000093e+02
1.320209999999999866e+02
1.310560000000000116e+02
1.305360000000000014e+02
1.305790000000000077e+02
1.304710000000000036e+02
1.304319999999999879e+02
1.301730000000000018e+02
1.321719999999999970e+02
1.334350000000000023e+02
1.317750000000000057e+02
1.331399999999999864e+02
1.324629999999999939e+02
1.324629999999999939e+02
1.323410000000000082e+02
1.323880000000000052e+02
1.299579999999999984e+02
1.286550000000000011e+02
1.272729999999999961e+02
1.261800000000000068e+02
1.292940000000000111e+02
1.292439999999999998e+02
1.303120000000000118e+02
1.315600000000000023e+02
1.349660000000000082e+02
1.336459999999999866e+02
1.349310000000000116e+02
1.383720000000000141e+02
1.372980000000000018e+02
1.395759999999999934e+02
1.388050000000000068e+02
1.376899999999999977e+02
1.395610000000000070e+02
1.391140000000000043e+02
1.381949999999999932e+02
1.369679999999999893e+02
1.345939999999999941e+02
1.352199999999999989e+02
1.345289999999999964e+02
1.345289999999999964e+02
1.345130000000000052e+02
1.368160000000000025e+02
1.395430000000000064e+02
1.396490000000000009e+02
1.396239999999999952e+02
1.409279999999999973e+02
1.367889999999999873e+02
1.406140000000000043e+02
1.406899999999999977e+02
1.404559999999999889e+02
1.418729999999999905e+02
1.399499999999999886e+02
1.413499999999999943e+02
1.399720000000000084e+02
1.404070000000000107e+02
1.395840000000000032e+02
1.413530000000000086e+02
1.402059999999999889e+02
1.453449999999999989e+02
1.462019999999999982e+02
1.448410000000000082e+02
1.434859999999999900e+02
1.442489999999999952e+02
1.459420000000000073e+02
1.454079999999999870e+02
1.459530000000000030e+02
1.443489999999999895e+02
1.466779999999999973e+02
1.489099999999999966e+02
1.476009999999999991e+02
1.465459999999999923e+02
1.466910000000000025e+02
1.482429999999999950e+02
1.517549999999999955e+02
1.531279999999999859e+02
1.521529999999999916e+02
1.511769999999999925e+02
1.509439999999999884e+02
1.544310000000000116e+02
1.542990000000000066e+02
1.530689999999999884e+02
1.518909999999999911e+02
1.516450000000000102e+02
1.555229999999999961e+02
1.528019999999999925e+02
1.523720000000000141e+02
1.551049999999999898e+02
1.525130000000000052e+02
1.490900000000000034e+02
1.468830000000000098e+02
1.488969999999999914e+02
1.509519999999999982e+02
1.499859999999999900e+02
1.470389999999999873e+02
1.485339999999999918e+02
1.480749999999999886e+02
1.524430000000000121e+02
1.547280000000000086e+02
1.537230000000000132e+02
1.525260000000000105e+02
1.521109999999999900e+02
1.528309999999999889e+02
1.534679999999999893e+02
1.521459999999999866e+02
1.539180000000000064e+02
1.576100000000000136e+02
1.591330000000000098e+02
1.571879999999999882e+02
1.580480000000000018e+02
1.552760000000000105e+02
1.543870000000000005e+02
1.517139999999999986e+02
1.517930000000000064e+02
1.479850000000000136e+02
1.486189999999999998e+02
1.500250000000000057e+02
1.481250000000000000e+02
1.474629999999999939e+02
1.475039999999999907e+02
1.475649999999999977e+02
1.504370000000000118e+02
1.521819999999999879e+02
1.543559999999999945e+02
1.543799999999999955e+02
1.547179999999999893e+02
1.547030000000000030e+02
1.539540000000000077e+02
