5.423960737809881971e-01
5.010947985185411069e-01
2.558325852373244946e-01
4.876776377107714389e-01
2.660919267002663235e-01
2.871219780517686448e-01
4.713408106222550242e-01
2.585530119695328422e-01
2.613287682118030641e-01
4.773476073105991091e-01
2.628461346055936398e-01
2.614605821123159313e-01
4.767859218772974028e-01
2.616208158114702864e-01
2.617367919972548584e-01
4.767212311848856854e-01
2.616205134269741772e-01
2.616284299340654318e-01
4.767379653127586936e-01
2.616356037507004961e-01
2.616100825335691549e-01
4.767802773711388720e-01
2.616290216363524879e-01
2.616324314430887310e-01
4.767321049403300259e-01
2.616159035126649490e-01
2.616040684877135036e-01
4.767824624788823407e-01
2.616368151411037624e-01
2.616028481749727574e-01
4.767742942418032870e-01
2.616143220778381906e-01
2.616232262108847961e-01
4.767505796164430709e-01
2.616085780836013286e-01
2.615965042251350847e-01
4.768394087508046608e-01
2.615885309418898297e-01
2.617116106629749361e-01
4.761969482428776157e-01
2.614471367211490538e-01
2.612948350539568976e-01
4.811961463451078225e-01
2.611796398058135460e-01
2.606994957264417989e-01
4.609683237844457437e-01
2.481771320109218970e-01
2.214445884076748361e-01
