4.975863540748345359e-01
4.887847558080063437e-02
2.879499814180370709e-01
4.766653851486928328e-01
2.759801584282390863e-01
2.457529341645807719e-01
4.840847001205081934e-01
2.660539297924955360e-01
2.625438516433184488e-01
4.764302561114340251e-01
2.606408521876963924e-01
2.618945391565722924e-01
4.767759719647671757e-01
2.616546687303418217e-01
2.615229579441496477e-01
4.768067301625615872e-01
2.616242539453517146e-01
2.616143830592991271e-01
4.767840483178312772e-01
2.616051732831335408e-01
2.616303046738946980e-01
4.767407674003710794e-01
2.616109966875267423e-01
2.616075178015139224e-01
4.767887285836528433e-01
2.616239668626821890e-01
2.616357456980850649e-01
4.767380118926340948e-01
2.616028949223174194e-01
2.616365858958571988e-01
4.767443164051824445e-01
2.616246123064512874e-01
2.616136542352422434e-01
4.767678666543337385e-01
2.616270558371635024e-01
2.616364033317502003e-01
4.766236338976644338e-01
2.616215398615807097e-01
2.614590795497087061e-01
4.767529465878794226e-01
2.616180518173351066e-01
2.611916826828208360e-01
4.816584086663868725e-01
2.617219227530346859e-01
2.673371882388017595e-01
4.202832339732506250e-01
2.535837758835602918e-01
2.057626922963488036e-01
