     0.0000000        0.49359035        0.00073799
     0.1000000        0.30122384        0.00066743
     0.2000000        0.18644829        0.00105040
     0.3000000        0.11785378        0.00100235
     0.4000000        0.07566170        0.00064715
     0.5000000        0.04922733        0.00032225
     0.6000000        0.03247012        0.00028132
     0.7000000        0.02175287        0.00016214
     0.8000000        0.01481718        0.00026644
     0.9000000        0.01013910        0.00038793
     1.0000000        0.00702712        0.00043827
     1.1000000        0.00486871        0.00046057
     1.2000000        0.00338520        0.00051471
     1.3000000        0.00228645        0.00050758
     1.4000000        0.00167170        0.00045276
     1.5000000        0.00119346        0.00050747
     1.6000000        0.00080197        0.00054479
     1.7000000        0.00055112        0.00057306
     1.8000000        0.00041202        0.00053815
     1.9000000        0.00042600        0.00031084
     2.0000000        0.00040563        0.00025289
     2.1000000        0.00049849        0.00005574
     2.2000000        0.00052425        0.00015681
     2.3000000        0.00040011        0.00011639
     2.4000000        0.00026340        0.00005686
     2.5000000        0.00015128        0.00004440
     2.6000000        0.00015412        0.00003388
     2.7000000        0.00018825        0.00006004
     2.8000000        0.00019475        0.00005719
     2.9000000        0.00022931        0.00006182
     3.0000000        0.00020307        0.00007001
     3.1000000        0.00012391        0.00009123
     3.2000000        0.00009686        0.00007858
     3.3000000        0.00007251        0.00007148
     3.4000000        0.00002263        0.00007124
     3.5000000        0.00001116        0.00006261
     3.6000000       -0.00000840        0.00005835
     3.7000000       -0.00000297        0.00005132
     3.8000000        0.00000152        0.00005238
     3.9000000        0.00002707        0.00004677
     4.0000000        0.00005058        0.00004687
     4.1000000        0.00007818        0.00003747
     4.2000000        0.00008082        0.00002320
     4.3000000        0.00005629        0.00002954
     4.4000000        0.00002283        0.00002300
     4.5000000       -0.00002454        0.00004196
     4.6000000       -0.00004866        0.00005381
     4.7000000       -0.00005634        0.00006050
     4.8000000       -0.00004904        0.00005738
     4.9000000       -0.00003687        0.00005547
     5.0000000       -0.00003161        0.00006410
     5.1000000       -0.00003530        0.00007634
     5.2000000       -0.00002860        0.00007592
     5.3000000       -0.00002444        0.00006673
     5.4000000       -0.00002680        0.00007363
     5.5000000       -0.00004163        0.00007236
     5.6000000       -0.00003175        0.00006160
     5.7000000       -0.00002856        0.00005809
     5.8000000       -0.00002660        0.00005161
     5.9000000       -0.00001444        0.00004196
     6.0000000       -0.00000306        0.00003552
     6.1000000        0.00000412        0.00003630
     6.2000000       -0.00000695        0.00003523
     6.3000000       -0.00000926        0.00002650
     6.4000000       -0.00003740        0.00002825
     6.5000000       -0.00002369        0.00003362
     6.6000000       -0.00000619        0.00006353
     6.7000000        0.00001590        0.00006921
     6.8000000        0.00002273        0.00006309
     6.9000000        0.00003496        0.00007464
     7.0000000        0.00002231        0.00010119
     7.1000000        0.00004266        0.00014155
     7.2000000        0.00003671        0.00017525
     7.3000000        0.00003826        0.00017265
     7.4000000        0.00003131        0.00017328
     7.5000000        0.00005211        0.00019730
     7.6000000        0.00007953        0.00019629
     7.7000000        0.00013388        0.00019867
     7.8000000        0.00019910        0.00019697
     7.9000000        0.00027224        0.00020728
     8.0000000        0.00036861        0.00023361
     8.1000000        0.00048874        0.00026806
     8.2000000        0.00065520        0.00029860
     8.3000000        0.00093691        0.00031352
     8.4000000        0.00125355        0.00035418
     8.5000000        0.00167365        0.00036707
     8.6000000        0.00222829        0.00040907
     8.7000000        0.00301668        0.00041109
     8.8000000        0.00406395        0.00045911
     8.9000000        0.00556333        0.00047966
     9.0000000        0.00773657        0.00061952
     9.1000000        0.01089600        0.00072340
     9.2000000        0.01559681        0.00072456
     9.3000000        0.02279192        0.00082215
     9.4000000        0.03356789        0.00093642
     9.5000000        0.05036916        0.00083402
     9.6000000        0.07689964        0.00065609
     9.7000000        0.11902204        0.00060833
     9.8000000        0.18778450        0.00051466
     9.9000000        0.30180414        0.00041485
    10.0000000        0.49359035        0.00073799
