     0.0000000        1.51261993        0.00080934
     0.1000000        1.29540186        0.00628919
     0.2000000        1.11002823        0.01352543
     0.3000000        0.96187826        0.01191918
     0.4000000        0.81731458        0.00401883
     0.5000000        0.78450518        0.04468040
     0.6000000        0.70592288        0.03959333
     0.7000000        0.57572164        0.01672153
     0.8000000        0.49233440        0.02310375
     0.9000000        0.44772431        0.01693741
     1.0000000        0.39794616        0.01493761
     1.1000000        0.38275124        0.00999643
     1.2000000        0.36785587        0.02767979
     1.3000000        0.32398456        0.04271102
     1.4000000        0.32350059        0.05445156
     1.5000000        0.27721941        0.03152898
     1.6000000        0.28077538        0.05098290
     1.7000000        0.27285738        0.03670999
     1.8000000        0.30439873        0.06995964
     1.9000000        0.29432981        0.04512541
     2.0000000        0.27740026        0.03791928
     2.1000000        0.22848328        0.03667597
     2.2000000        0.20898517        0.03203402
     2.3000000        0.19804761        0.04099915
     2.4000000        0.17367211        0.02250788
     2.5000000        0.30556665        0.14552899
     2.6000000        0.47291800        0.33024443
     2.7000000        0.32284609        0.11269310
     2.8000000        0.23973962        0.06412676
     2.9000000        0.23895758        0.07550646
     3.0000000        0.36577255        0.19388541
     3.1000000        0.68316463        0.58304327
     3.2000000        1.70968142        1.71744249
     3.3000000        0.34933024        0.10720703
     3.4000000        0.28149140        0.06661436
     3.5000000        0.34616578        0.17545633
     3.6000000        0.34168862        0.08188955
     3.7000000        0.32998917        0.10331906
     3.8000000        0.47045882        0.28642754
     3.9000000        0.58406392        0.34085147
     4.0000000        0.28221069        0.11223762
     4.1000000        0.16165553        0.06766143
     4.2000000        0.23176850        0.14200317
     4.3000000        0.16027043        0.05144874
     4.4000000        0.12666483        0.01103542
     4.5000000        0.10172317        0.02795217
     4.6000000        0.11152538        0.01455986
     4.7000000        0.09086371        0.02292358
     4.8000000        0.11967955        0.05960619
     4.9000000        0.09813328        0.02302071
     5.0000000        0.08596117        0.01256114
     5.1000000        0.07545365        0.01205765
     5.2000000        0.08759447        0.01308110
     5.3000000        0.11058540        0.04572913
     5.4000000        0.09156483        0.02013226
     5.5000000        0.08164896        0.01177441
     5.6000000        0.09361658        0.01667838
     5.7000000        0.09502720        0.02299773
     5.8000000        0.09132331        0.01615616
     5.9000000        0.09326359        0.01758752
     6.0000000        0.09566486        0.01376499
     6.1000000        0.09016727        0.01084544
     6.2000000        0.08369440        0.01469225
     6.3000000        0.10320204        0.01691419
     6.4000000        0.11221804        0.03779852
     6.5000000        0.12967248        0.05418085
     6.6000000        0.11775159        0.04267177
     6.7000000        0.10623067        0.01794546
     6.8000000        0.17312162        0.06239450
     6.9000000        0.11062118        0.02075538
     7.0000000        0.10962741        0.02486907
     7.1000000        0.13338098        0.02262997
     7.2000000        0.21115126        0.05414253
     7.3000000        0.32387001        0.14357103
     7.4000000        0.51721642        0.38372581
     7.5000000        0.32417236        0.15279788
     7.6000000        0.24366890        0.06952791
     7.7000000        0.35372595        0.18942447
     7.8000000        0.27461876        0.07938929
     7.9000000        0.25559374        0.03232137
     8.0000000        0.22159127        0.04983359
     8.1000000        0.24653619        0.05791776
     8.2000000        0.22340024        0.04361670
     8.3000000        0.26417651        0.07052860
     8.4000000        0.29412453        0.05299666
     8.5000000        0.30541572        0.05856184
     8.6000000        0.39818406        0.08055122
     8.7000000        0.43313188        0.08205116
     8.8000000        0.42165884        0.03401038
     8.9000000        0.55253068        0.12176950
     9.0000000        0.59351111        0.02946585
     9.1000000        0.55424005        0.03139363
     9.2000000        0.58090362        0.02629829
     9.3000000        0.60510484        0.02346274
     9.4000000        0.67602524        0.01925517
     9.5000000        0.77091145        0.01760233
     9.6000000        0.86256881        0.03400116
     9.7000000        0.95817963        0.01744111
     9.8000000        1.08815069        0.00929801
     9.9000000        1.27804365        0.00681431
    10.0000000        1.51261993        0.00080934
