     0.0000000        0.23133554        0.01190822
     0.1000000        0.13421426        0.01279073
     0.2000000        0.07873591        0.01271207
     0.3000000        0.04893998        0.01077108
     0.4000000        0.03159783        0.01003730
     0.5000000        0.02355208        0.00954916
     0.6000000        0.01895781        0.00820921
     0.7000000        0.01560166        0.00684295
     0.8000000        0.01252644        0.00628185
     0.9000000        0.01036579        0.00596953
     1.0000000        0.00874222        0.00614638
     1.1000000        0.00786501        0.00596159
     1.2000000        0.00550468        0.00578832
     1.3000000        0.00430314        0.00616010
     1.4000000        0.00387508        0.00608569
     1.5000000        0.00347097        0.00593563
     1.6000000        0.00235056        0.00513857
     1.7000000        0.00291463        0.00502030
     1.8000000        0.00257002        0.00448147
     1.9000000        0.00323653        0.00411834
     2.0000000        0.00316000        0.00416254
     2.1000000        0.00317102        0.00407594
     2.2000000        0.00272104        0.00373247
     2.3000000        0.00063111        0.00407029
     2.4000000       -0.00188091        0.00395438
     2.5000000       -0.00195318        0.00432530
     2.6000000       -0.00109877        0.00444896
     2.7000000       -0.00103754        0.00426433
     2.8000000       -0.00195477        0.00420234
     2.9000000       -0.00316086        0.00412414
     3.0000000       -0.00244313        0.00418591
     3.1000000       -0.00382251        0.00439134
     3.2000000       -0.00313580        0.00450996
     3.3000000       -0.00308794        0.00509169
     3.4000000       -0.00184632        0.00578943
     3.5000000       -0.00168790        0.00549155
     3.6000000       -0.00341029        0.00526866
     3.7000000       -0.00492521        0.00543879
     3.8000000       -0.00687907        0.00525294
     3.9000000       -0.00590851        0.00485567
     4.0000000       -0.00620742        0.00470413
     4.1000000       -0.00517326        0.00441185
     4.2000000       -0.00492121        0.00422595
     4.3000000       -0.00476499        0.00454542
     4.4000000       -0.00446508        0.00475866
     4.5000000       -0.00335715        0.00475673
     4.6000000       -0.00330833        0.00428277
     4.7000000       -0.00272487        0.00380690
     4.8000000       -0.00324403        0.00381090
     4.9000000       -0.00435189        0.00362919
     5.0000000       -0.00331294        0.00352406
     5.1000000       -0.00262733        0.00381504
     5.2000000       -0.00237814        0.00373667
     5.3000000        0.00088970        0.00385723
     5.4000000        0.00230744        0.00437675
     5.5000000        0.00445292        0.00558639
     5.6000000        0.00803228        0.00687614
     5.7000000        0.00662277        0.00634934
     5.8000000        0.00551663        0.00610493
     5.9000000        0.00387414        0.00586660
     6.0000000        0.00338563        0.00566790
     6.1000000        0.00263197        0.00545826
     6.2000000        0.00329067        0.00573369
     6.3000000        0.00422031        0.00566226
     6.4000000        0.00507432        0.00550826
     6.5000000        0.00596578        0.00514823
     6.6000000        0.00711719        0.00435471
     6.7000000        0.00796799        0.00376718
     6.8000000        0.00916892        0.00370426
     6.9000000        0.00953298        0.00359981
     7.0000000        0.00824639        0.00331775
     7.1000000        0.00643774        0.00334158
     7.2000000        0.00391311        0.00389362
     7.3000000        0.00200971        0.00417869
     7.4000000       -0.00030712        0.00475078
     7.5000000        0.00162961        0.00410492
     7.6000000        0.00083353        0.00423361
     7.7000000       -0.00146664        0.00489852
     7.8000000       -0.00289194        0.00515382
     7.9000000       -0.00326290        0.00576402
     8.0000000       -0.00120812        0.00529658
     8.1000000        0.00065051        0.00466053
     8.2000000        0.00151365        0.00496313
     8.3000000        0.00227187        0.00553101
     8.4000000        0.00319628        0.00553583
     8.5000000        0.00452887        0.00533132
     8.6000000        0.00616302        0.00498886
     8.7000000        0.00422839        0.00550087
     8.8000000        0.00376959        0.00575407
     8.9000000        0.00521384        0.00580088
     9.0000000        0.00513643        0.00591780
     9.1000000        0.00717942        0.00585721
     9.2000000        0.00849529        0.00557694
     9.3000000        0.01055211        0.00532446
     9.4000000        0.01637545        0.00500739
     9.5000000        0.02248051        0.00553970
     9.6000000        0.03300728        0.00581825
     9.7000000        0.05010534        0.00693318
     9.8000000        0.08133254        0.00810704
     9.9000000        0.13582631        0.00941189
    10.0000000        0.23133554        0.01190822
