2.715629999999999882e+02
3.121385894999999877e+01
5.699421761999999489e+02
2.471585298999999907e+02
2.326542996000000016e+02
1.729442223999999987e+04
6.498108806000000186e+03
4.960888363000000245e+05
3.679573683000000165e+04
2.220202159000000102e+05
7.968763119999999844e+02
6.549681445999999596e+01
3.540162508000000230e+01
6.639814639000000170e+03
1.343108723999999938e+02
3.959936484000000200e+04
2.070339276000000071e+06
1.903717317999999921e+02
4.808297793999999703e+04
5.015404765999999945e+05
5.570124796000000060e+04
7.237419726999999955e+06
4.604038700999999855e+04
1.014644051000000036e+05
3.393340993999999711e+01
3.870223946999999953e+03
8.298954876999999897e+01
5.873600540000000365e+03
4.914695577000000412e+03
2.377071689999999944e+06
1.462600823999999920e+04
2.218722766999999862e+01
2.135749450000000138e+02
1.403739641999999913e+04
2.442506679000000076e+03
2.435221014000000039e+01
5.800069440999999642e+04
3.887002285000000149e+06
9.914715038999999308e+01
1.094517023999999947e+05
5.251134105000000091e+03
7.995949844999999914e+04
5.118562288999999873e+04
1.105608249000000001e+02
1.176415705999999955e+04
2.631443557999999939e+03
5.204811579999999594e+03
8.855003439000000060e+07
3.412710842999999983e+01
5.368283630999999900e+01
1.858954395000000077e+05
5.316128278000000137e+04
9.606968695999999142e+00
3.765660915999999816e+03
1.289010260999999991e+04
1.371485951999999997e+04
4.266483135000000402e+03
5.896645889999999781e+04
3.468724738999999886e+02
1.186831113000000082e+07
9.707049457999999868e+04
4.715576538999999912e+02
4.355661592999999993e+04
2.026928504999999916e+02
1.696232625000000098e+03
7.779741585000000441e+02
2.187246906999999965e+02
7.758765821999999462e+05
1.425060110000000009e+02
1.290531505000000000e+09
5.628767169999999896e+04
2.496835644000000134e+07
5.958776482999999644e+03
8.350453873000000158e+02
1.324069821999999931e+03
9.697644692999999734e+02
1.019446886999999947e+03
2.066675644999999804e+03
4.673900374000000011e+04
1.426679437999999936e+04
5.322701920000000428e+03
2.090739411999999930e+01
1.488743627000000015e+04
1.502806934999999976e+04
6.097576895999999579e+03
1.538514891999999918e+03
5.243272667000000183e+03
1.214143539000000106e+06
8.676331009000000449e+02
1.628453948000000091e+05
1.575530795999999967e+01
4.718912593999999808e+04
4.896919704999999823e+01
1.272304398000000045e+06
3.757679910999999847e+06
3.388573498000000109e+04
1.864916422999999952e+02
8.440710059000000456e+02
7.137572299000000385e+03
2.231052822999999917e+05
