   -1.000000     -1.000000
  1    1       -0.00635280        0.00171263       -0.00000000        0.00000000
   -1.000000      0.000000
  1    1       -0.04098914        0.00202866       -0.00000000        0.00000000
   -1.000000      1.000000
  1    1       -0.00663917        0.00188970       -0.00000000        0.00000000
   -1.000000      2.000000
  1    1       -0.00315764        0.00154071       -0.00000000        0.00000000
    0.000000     -1.000000
  1    1       -0.04137010        0.00184470       -0.00000000        0.00000000
    0.000000      0.000000
  1    1        0.22433463        0.00305654        0.00000000        0.00000000
    0.000000      1.000000
  1    1       -0.04137010        0.00184470       -0.00000000        0.00000000
    0.000000      2.000000
  1    1       -0.00582615        0.00106409        0.00000000        0.00000000
    1.000000     -1.000000
  1    1       -0.00663917        0.00188970       -0.00000000        0.00000000
    1.000000      0.000000
  1    1       -0.04098914        0.00202866       -0.00000000        0.00000000
    1.000000      1.000000
  1    1       -0.00635280        0.00171263       -0.00000000        0.00000000
    1.000000      2.000000
  1    1       -0.00315764        0.00154071       -0.00000000        0.00000000
    2.000000     -1.000000
  1    1       -0.00277157        0.00196897       -0.00000000        0.00000000
    2.000000      0.000000
  1    1       -0.00631342        0.00163255        0.00000000        0.00000000
    2.000000      1.000000
  1    1       -0.00277157        0.00196897       -0.00000000        0.00000000
    2.000000      2.000000
  1    1       -0.00944779        0.00196509        0.00000000        0.00000000
