           2        (-13.927443966880535,1.71349904179307830E-002)   1.0000000000000000     
           2       (-13.730411687136113,-3.47552314973519141E-002)   1.0000000000000000     
           2        (-13.370458860138998,3.43875859257552277E-002)   1.0000000000000000     
           2        (-14.100398724528528,1.52716659684439936E-002)   1.0000000000000000     
           2       (-13.649573852247286,-2.02986870691624806E-002)   1.0000000000000000     
           2       (-13.794385132871362,-3.10495200703699709E-002)   1.0000000000000000     
           2        (-13.746552810552201,2.86988565082583920E-002)   1.0000000000000000     
           2        (-13.860886015671797,3.92155818042212514E-002)   1.0000000000000000     
           2       (-13.781764857975075,-8.27086971205752072E-003)   1.0000000000000000     
           2       (-14.024690776123691,-1.45352338641712032E-002)   1.0000000000000000     
           2       (-13.687833934838645,-4.08386420428093685E-002)   1.0000000000000000     
           2       (-13.725750659702840,-3.53395244876345428E-003)   1.0000000000000000     
           2        (-13.768061471615754,8.32065242962468782E-003)   1.0000000000000000     
           2       (-13.928833374316444,-8.54239815927738781E-003)   1.0000000000000000     
           2       (-13.407008863965508,-1.08373937392078484E-002)   1.0000000000000000     
           2        (-16.165323603916168,1.01087307806408677E-002)   1.0000000000000000     
           2        (-13.553795618697835,3.56969096025334248E-002)   1.0000000000000000     
           2       (-14.203574989602309,-1.73527352674567210E-002)   1.0000000000000000     
           2       (-13.938832755752241,-6.48825039896059556E-003)   1.0000000000000000     
           2        (-15.002005411253425,3.00026314426148815E-003)   1.0000000000000000     
           2        (-13.945045311730325,2.50578411518319645E-002)   1.0000000000000000     
           2        (-13.705896392394250,9.39990874696660164E-003)   1.0000000000000000     
           2       (-13.834826474502261,-2.54986102838456602E-002)   1.0000000000000000     
           2        (-13.769730248904965,3.44484103720512705E-002)   1.0000000000000000     
           2       (-13.803810299363693,-1.45698012982842552E-002)   1.0000000000000000     
           2        (-13.858194629311566,7.22053219355014986E-002)   1.0000000000000000     
           2        (-13.901399390654589,9.20558836978563333E-003)   1.0000000000000000     
           2       (-14.018551081750189,-1.44250185843812391E-002)   1.0000000000000000     
           2       (-13.818290770158939,-2.67276516796851535E-002)   1.0000000000000000     
           2       (-13.546749646288362,-2.08691757568992831E-002)   1.0000000000000000     
           2       (-13.864427645185389,-3.76525246859569160E-002)   1.0000000000000000     
