   1.0000000000000000                1          16
               (0.0000000000000000,0.0000000000000000)
  -1.5707963267948966       -1.5707963267948966     
         (1.0023849492657941,5.68754105963809823E-003)
  -1.5707963267948966        0.0000000000000000     
         (1.8504338190225307,6.90479149448294588E-004)
  -1.5707963267948966        1.5707963267948966     
        (0.99529069256509528,5.15190314702853843E-004)
  -1.5707963267948966        3.1415926535897931     
        (0.14943858892509554,1.78524274119379214E-003)
   0.0000000000000000       -1.5707963267948966     
        (1.8528530595242723,-4.68724436054398759E-004)
   0.0000000000000000        0.0000000000000000     
        (1.9364090322100131,-1.36461446340913907E-003)
   0.0000000000000000        1.5707963267948966     
        (1.8507960214190575,-3.67013292091094819E-004)
   0.0000000000000000        3.1415926535897931     
       (0.99765974395640589,-2.19435346894916944E-003)
   1.5707963267948966       -1.5707963267948966     
         (1.0047093074349087,5.15190314707322490E-004)
   1.5707963267948966        0.0000000000000000     
         (1.8505614110749034,1.78524274119243819E-003)
   1.5707963267948966        1.5707963267948966     
        (0.99761505073420476,5.68754105963596105E-003)
   1.5707963267948966        3.1415926535897931     
        (0.14956618097746832,6.90479149447761269E-004)
   3.1415926535897931       -1.5707963267948966     
       (0.14920397858094267,-3.67013292089387851E-004)
   3.1415926535897931        0.0000000000000000     
        (1.0023402560435979,-2.19435346894947996E-003)
   3.1415926535897931        1.5707963267948966     
       (0.14714694047572735,-4.68724436055855927E-004)
   3.1415926535897931        3.1415926535897931     
  (6.35909677899837156E-002,-1.36461446340873358E-003)
   1.0000000000000000                1          16
               (0.0000000000000000,0.0000000000000000)
  -1.5707963267948966       -1.5707963267948966     
       (0.99711782429915652,-7.27737385021819637E-003)
  -1.5707963267948966        0.0000000000000000     
         (1.8515580999345818,5.02097940736933625E-005)
  -1.5707963267948966        1.5707963267948966     
       (0.99563693240439377,-3.53227831344723108E-003)
  -1.5707963267948966        3.1415926535897931     
        (0.14665796648851914,2.31670629138335232E-003)
   0.0000000000000000       -1.5707963267948966     
        (1.8528775975426506,-6.88660201326236291E-004)
   0.0000000000000000        0.0000000000000000     
         (1.9373950618445768,8.71331622503230749E-005)
   0.0000000000000000        1.5707963267948966     
        (1.8501371958664952,-1.83137224111945074E-003)
   0.0000000000000000        3.1415926535897931     
        (0.99241475328336481,2.18682748408268596E-003)
   1.5707963267948966       -1.5707963267948966     
        (1.0043630675956112,-3.53227831344931275E-003)
   1.5707963267948966        0.0000000000000000     
         (1.8533420335114799,2.31670629138230194E-003)
   1.5707963267948966        1.5707963267948966     
        (1.0028821757008426,-7.27737385022127724E-003)
   1.5707963267948966        3.1415926535897931     
        (0.14844190006541674,5.02097940704693789E-005)
   3.1415926535897931       -1.5707963267948966     
       (0.14986280413350495,-1.83137224112348918E-003)
   3.1415926535897931        0.0000000000000000     
         (1.0075852467166371,2.18682748408358845E-003)
   3.1415926535897931        1.5707963267948966     
       (0.14712240245734870,-6.88660201325819957E-004)
   3.1415926535897931        3.1415926535897931     
   (6.26049381554206613E-002,8.71331622492531842E-005)
   1.0000000000000000                1          16
               (0.0000000000000000,0.0000000000000000)
  -1.5707963267948966       -1.5707963267948966     
        (0.99588965498261739,3.05811596517262339E-003)
  -1.5707963267948966        0.0000000000000000     
        (1.8531253998650103,-1.24315236436990271E-004)
  -1.5707963267948966        1.5707963267948966     
        (0.98598068971050623,2.37920032934758972E-003)
  -1.5707963267948966        3.1415926535897931     
       (0.14641066416255558,-1.75736109395155968E-003)
   0.0000000000000000       -1.5707963267948966     
         (1.8514841487980693,6.26009284004968051E-004)
   0.0000000000000000        0.0000000000000000     
         (1.9375007451378552,6.49447284804510533E-004)
   0.0000000000000000        1.5707963267948966     
         (1.8536877127735250,5.30921020355918077E-005)
   0.0000000000000000        3.1415926535897931     
        (0.99375900990458566,3.71270784647103128E-003)
   1.5707963267948966       -1.5707963267948966     
         (1.0140193102894965,2.37920032935000445E-003)
   1.5707963267948966        0.0000000000000000     
        (1.8535893358374436,-1.75736109394711748E-003)
   1.5707963267948966        1.5707963267948966     
         (1.0041103450173814,3.05811596517292870E-003)
   1.5707963267948966        3.1415926535897931     
       (0.14687460013498896,-1.24315236435826272E-004)
   3.1415926535897931       -1.5707963267948966     
        (0.14631228722647474,5.30921020359803857E-005)
   3.1415926535897931        0.0000000000000000     
         (1.0062409900954175,3.71270784647016912E-003)
   3.1415926535897931        1.5707963267948966     
        (0.14851585120193048,6.26009284001692893E-004)
   3.1415926535897931        3.1415926535897931     
   (6.24992548621416330E-002,6.49447284802853004E-004)
   1.0000000000000000                1          16
               (0.0000000000000000,0.0000000000000000)
  -1.5707963267948966       -1.5707963267948966     
       (0.99713627254803416,-3.79274027702363684E-003)
  -1.5707963267948966        0.0000000000000000     
         (1.8501555262112979,9.62702008517569638E-004)
  -1.5707963267948966        1.5707963267948966     
       (0.99748199900262768,-1.19785870437893408E-003)
  -1.5707963267948966        3.1415926535897931     
       (0.14738678590805371,-1.69383253121840167E-004)
   0.0000000000000000       -1.5707963267948966     
         (1.8481436093740113,1.12674198334041745E-003)
   0.0000000000000000        0.0000000000000000     
         (1.9362829392455330,1.52494927434521348E-003)
   0.0000000000000000        1.5707963267948966     
         (1.8537460806478139,2.45581049155913726E-003)
   0.0000000000000000        3.1415926535897931     
        (0.98871708551329951,2.90769496887394521E-003)
   1.5707963267948966       -1.5707963267948966     
        (1.0025180009973762,-1.19785870437643608E-003)
   1.5707963267948966        0.0000000000000000     
        (1.8526132140919456,-1.69383253122542621E-004)
   1.5707963267948966        1.5707963267948966     
        (1.0028637274519647,-3.79274027702297071E-003)
   1.5707963267948966        3.1415926535897931     
        (0.14984447378870147,9.62702008518217123E-004)
   3.1415926535897931       -1.5707963267948966     
        (0.14625391935218590,2.45581049155687518E-003)
   3.1415926535897931        0.0000000000000000     
         (1.0112829144867039,2.90769496887384503E-003)
   3.1415926535897931        1.5707963267948966     
        (0.15185639062598896,1.12674198334309587E-003)
   3.1415926535897931        3.1415926535897931     
   (6.37170607544638584E-002,1.52494927434603834E-003)
   1.0000000000000000                1          16
               (0.0000000000000000,0.0000000000000000)
  -1.5707963267948966       -1.5707963267948966     
       (0.99975285914236389,-6.42802990053094412E-003)
  -1.5707963267948966        0.0000000000000000     
        (1.8497075151226154,-2.86740740061115535E-004)
  -1.5707963267948966        1.5707963267948966     
        (0.99891759501281108,3.37829648662426175E-004)
  -1.5707963267948966        3.1415926535897931     
        (0.14733192460366806,2.01894003010778290E-003)
   0.0000000000000000       -1.5707963267948966     
        (1.8499163636109148,-1.03353518748226705E-003)
   0.0000000000000000        0.0000000000000000     
        (1.9360596433303514,-3.63922555256592146E-004)
   0.0000000000000000        1.5707963267948966     
        (1.8502153339908305,-4.17300685123272032E-004)
   0.0000000000000000        3.1415926535897931     
        (0.98334819270627982,1.09808762241551039E-003)
   1.5707963267948966       -1.5707963267948966     
         (1.0010824049871923,3.37829648662648220E-004)
   1.5707963267948966        0.0000000000000000     
         (1.8526680753963312,2.01894003011291508E-003)
   1.5707963267948966        1.5707963267948966     
        (1.0002471408576354,-6.42802990052772447E-003)
   1.5707963267948966        3.1415926535897931     
       (0.15029248487738406,-2.86740740062139672E-004)
   3.1415926535897931       -1.5707963267948966     
       (0.14978466600916968,-4.17300685128601102E-004)
   3.1415926535897931        0.0000000000000000     
         (1.0166518072937230,1.09808762241638078E-003)
   3.1415926535897931        1.5707963267948966     
       (0.15008363638908498,-1.03353518748350217E-003)
   3.1415926535897931        3.1415926535897931     
  (6.39403566696455372E-002,-3.63922555260003371E-004)
   1.0000000000000000                1          16
               (0.0000000000000000,0.0000000000000000)
  -1.5707963267948966       -1.5707963267948966     
        (1.0008124107685747,-2.47079019078708627E-003)
  -1.5707963267948966        0.0000000000000000     
        (1.8507112909439392,-1.07577462220566854E-003)
  -1.5707963267948966        1.5707963267948966     
        (1.0056148331091788,-9.81652743184712731E-004)
  -1.5707963267948966        3.1415926535897931     
        (0.14831401100416325,1.32491992744386929E-004)
   0.0000000000000000       -1.5707963267948966     
        (1.8522153933954979,-1.46191481995150955E-004)
   0.0000000000000000        0.0000000000000000     
        (1.9358297184545654,-9.43126381519249213E-004)
   0.0000000000000000        1.5707963267948966     
        (1.8509316770885715,-2.51321227537802151E-003)
   0.0000000000000000        3.1415926535897931     
         (1.0043504425384138,2.35875684737490938E-004)
   1.5707963267948966       -1.5707963267948966     
       (0.99438516689082401,-9.81652743183713530E-004)
   1.5707963267948966        0.0000000000000000     
         (1.8516859889958357,1.32491992746758947E-004)
   1.5707963267948966        1.5707963267948966     
       (0.99918758923142470,-2.47079019079008387E-003)
   1.5707963267948966        3.1415926535897931     
       (0.14928870905606018,-1.07577462220515398E-003)
   3.1415926535897931       -1.5707963267948966     
       (0.14906832291142838,-2.51321227537525983E-003)
   3.1415926535897931        0.0000000000000000     
        (0.99564955746158901,2.35875684737980456E-004)
   3.1415926535897931        1.5707963267948966     
       (0.14778460660450263,-1.46191481998606524E-004)
   3.1415926535897931        3.1415926535897931     
  (6.41702815454316677E-002,-9.43126381520067460E-004)
   1.0000000000000000                1          16
               (0.0000000000000000,0.0000000000000000)
  -1.5707963267948966       -1.5707963267948966     
         (1.0069356823054858,4.12505012062566387E-003)
  -1.5707963267948966        0.0000000000000000     
         (1.8477104467062548,2.50712461113471131E-005)
  -1.5707963267948966        1.5707963267948966     
       (0.99291808479639954,-1.60365882227198400E-003)
  -1.5707963267948966        3.1415926535897931     
        (0.14996880007019844,1.95895022148379061E-003)
   0.0000000000000000       -1.5707963267948966     
        (1.8462852068996682,-3.57932360939724440E-004)
   0.0000000000000000        0.0000000000000000     
         (1.9353909842111792,1.00146772283384077E-003)
   0.0000000000000000        1.5707963267948966     
        (1.8479024713626713,-1.09948366320508292E-003)
   0.0000000000000000        3.1415926535897931     
         (1.0013530769754677,3.12524966242577057E-003)
   1.5707963267948966       -1.5707963267948966     
        (1.0070819152036046,-1.60365882227351056E-003)
   1.5707963267948966        0.0000000000000000     
         (1.8500311999298011,1.95895022148489910E-003)
   1.5707963267948966        1.5707963267948966     
        (0.99306431769451442,4.12505012062558060E-003)
   1.5707963267948966        3.1415926535897931     
        (0.15228955329374413,2.50712461117382933E-005)
   3.1415926535897931       -1.5707963267948966     
       (0.15209752863732923,-1.09948366320801114E-003)
   3.1415926535897931        0.0000000000000000     
        (0.99864692302453639,3.12524966242671383E-003)
   3.1415926535897931        1.5707963267948966     
       (0.15371479310033173,-3.57932360936671326E-004)
   3.1415926535897931        3.1415926535897931     
   (6.46090157888186273E-002,1.00146772283372107E-003)
   1.0000000000000000                1          16
               (0.0000000000000000,0.0000000000000000)
  -1.5707963267948966       -1.5707963267948966     
        (0.99353099195386574,5.30178399410818554E-003)
  -1.5707963267948966        0.0000000000000000     
         (1.8511643684449846,7.61712428049398770E-005)
  -1.5707963267948966        1.5707963267948966     
        (1.0002067541583421,-3.24659526593735039E-003)
  -1.5707963267948966        3.1415926535897931     
       (0.15179786405049769,-1.00926102678184412E-004)
   0.0000000000000000       -1.5707963267948966     
         (1.8500260679055744,1.33562431826176166E-003)
   0.0000000000000000        0.0000000000000000     
        (1.9368450190824382,-3.40981473390145626E-004)
   0.0000000000000000        1.5707963267948966     
        (1.8506609043081290,-7.85274421250324855E-004)
   0.0000000000000000        3.1415926535897931     
        (0.98994756197040812,7.56409315915092771E-003)
   1.5707963267948966       -1.5707963267948966     
       (0.99979324584166129,-3.24659526593096661E-003)
   1.5707963267948966        0.0000000000000000     
        (1.8482021359495020,-1.00926102673036403E-004)
   1.5707963267948966        1.5707963267948966     
         (1.0064690080461340,5.30178399411279297E-003)
   1.5707963267948966        3.1415926535897931     
        (0.14883563155501342,7.61712428030119487E-005)
   3.1415926535897931       -1.5707963267948966     
       (0.14933909569187037,-7.85274421252212234E-004)
   3.1415926535897931        0.0000000000000000     
         (1.0100524380295965,7.56409315915072648E-003)
   3.1415926535897931        1.5707963267948966     
        (0.14997393209442536,1.33562431825820895E-003)
   3.1415926535897931        3.1415926535897931     
  (6.31549809175586258E-002,-3.40981473392264808E-004)
   1.0000000000000000                1          16
               (0.0000000000000000,0.0000000000000000)
  -1.5707963267948966       -1.5707963267948966     
        (0.99671030162120333,6.93756590468071590E-004)
  -1.5707963267948966        0.0000000000000000     
         (1.8481748205762363,2.34920869599333467E-004)
  -1.5707963267948966        1.5707963267948966     
       (0.99881442442115087,-4.47877693548219113E-003)
  -1.5707963267948966        3.1415926535897931     
       (0.14921712991033179,-1.87829946050166951E-004)
   0.0000000000000000       -1.5707963267948966     
        (1.8504168065601625,-2.85167755372702392E-004)
   0.0000000000000000        0.0000000000000000     
        (1.9377631217571085,-3.41825877482938335E-005)
   0.0000000000000000        1.5707963267948966     
        (1.8495175409860638,-1.43478373006917137E-003)
   0.0000000000000000        3.1415926535897931     
        (0.99196287764762781,3.42434606663514574E-003)
   1.5707963267948966       -1.5707963267948966     
        (1.0011855755788523,-4.47877693548166377E-003)
   1.5707963267948966        0.0000000000000000     
        (1.8507828700896674,-1.87829946050889409E-004)
   1.5707963267948966        1.5707963267948966     
         (1.0032896983787962,6.93756590466822589E-004)
   1.5707963267948966        3.1415926535897931     
        (0.15182517942376270,2.34920869599778532E-004)
   3.1415926535897931       -1.5707963267948966     
       (0.15048245901393606,-1.43478373006804727E-003)
   3.1415926535897931        0.0000000000000000     
         (1.0080371223523750,3.42434606663541766E-003)
   3.1415926535897931        1.5707963267948966     
       (0.14958319343983814,-2.85167755372188914E-004)
   3.1415926535897931        3.1415926535897931     
  (6.22368782428882814E-002,-3.41825877473412535E-005)
   1.0000000000000000                1          16
               (0.0000000000000000,0.0000000000000000)
  -1.5707963267948966       -1.5707963267948966     
       (0.98385861254487983,-2.43392548199983499E-003)
  -1.5707963267948966        0.0000000000000000     
         (1.8469937878602580,1.05120458340449466E-003)
  -1.5707963267948966        1.5707963267948966     
         (1.0132218056329605,4.42454346609385835E-003)
  -1.5707963267948966        3.1415926535897931     
       (0.15187956033959110,-2.27068557891863150E-003)
   0.0000000000000000       -1.5707963267948966     
         (1.8485515830346630,1.01444119384698733E-003)
   0.0000000000000000        0.0000000000000000     
        (1.9355566705593219,-6.02847206890016292E-004)
   0.0000000000000000        1.5707963267948966     
         (1.8502109838140643,1.35188008177432556E-003)
   0.0000000000000000        3.1415926535897931     
        (1.0079125968319191,-6.16841952338976086E-003)
   1.5707963267948966       -1.5707963267948966     
        (0.98677819436704239,4.42454346609982580E-003)
   1.5707963267948966        0.0000000000000000     
        (1.8481204396604074,-2.27068557891894115E-003)
   1.5707963267948966        1.5707963267948966     
        (1.0161413874551204,-2.43392548199242425E-003)
   1.5707963267948966        3.1415926535897931     
        (0.15300621213974069,1.05120458340974394E-003)
   3.1415926535897931       -1.5707963267948966     
        (0.14978901618593496,1.35188008177755908E-003)
   3.1415926535897931        0.0000000000000000     
       (0.99208740316808319,-6.16841952338904095E-003)
   3.1415926535897931        1.5707963267948966     
        (0.15144841696533778,1.01444119384934655E-003)
   3.1415926535897931        3.1415926535897931     
  (6.44433294406751983E-002,-6.02847206887454105E-004)
   1.0000000000000000                1          16
               (0.0000000000000000,0.0000000000000000)
  -1.5707963267948966       -1.5707963267948966     
       (0.98814552356187646,-1.88956528034684855E-003)
  -1.5707963267948966        0.0000000000000000     
        (1.8486747013048910,-3.56206318875158540E-003)
  -1.5707963267948966        1.5707963267948966     
        (1.0002970261469986,-1.03650200043401840E-003)
  -1.5707963267948966        3.1415926535897931     
        (0.14949448845120883,8.81884344449978185E-004)
   0.0000000000000000       -1.5707963267948966     
         (1.8503783496711910,1.83088718202309019E-003)
   0.0000000000000000        0.0000000000000000     
         (1.9379454531599793,5.38940711712838525E-004)
   0.0000000000000000        1.5707963267948966     
        (1.8474603287718163,-1.42475460747983475E-003)
   0.0000000000000000        3.1415926535897931     
       (0.98984763775494988,-5.54848767189322460E-003)
   1.5707963267948966       -1.5707963267948966     
       (0.99970297385300499,-1.03650200043579476E-003)
   1.5707963267948966        0.0000000000000000     
         (1.8505055115487903,8.81884344450336406E-004)
   1.5707963267948966        1.5707963267948966     
        (1.0118544764381228,-1.88956528034912451E-003)
   1.5707963267948966        3.1415926535897931     
       (0.15132529869510858,-3.56206318874744635E-003)
   3.1415926535897931       -1.5707963267948966     
       (0.15253967122818357,-1.42475460747869677E-003)
   3.1415926535897931        0.0000000000000000     
        (1.0101523622450537,-5.54848767189308929E-003)
   3.1415926535897931        1.5707963267948966     
        (0.14962165032880970,1.83088718202522737E-003)
   3.1415926535897931        3.1415926535897931     
   (6.20545468400177241E-002,5.38940711714877259E-004)
   1.0000000000000000                1          16
               (0.0000000000000000,0.0000000000000000)
  -1.5707963267948966       -1.5707963267948966     
         (1.0002268359576223,8.67934498176806449E-004)
  -1.5707963267948966        0.0000000000000000     
        (1.8517001219978924,-1.67314830464728110E-003)
  -1.5707963267948966        1.5707963267948966     
        (1.0052055075679438,-7.95572923387707583E-004)
  -1.5707963267948966        3.1415926535897931     
        (0.14723633927312257,2.56645167710631522E-004)
   0.0000000000000000       -1.5707963267948966     
         (1.8502762322231001,8.99063543424851960E-004)
   0.0000000000000000        0.0000000000000000     
        (1.9364664553656585,-1.05664845159991251E-003)
   0.0000000000000000        1.5707963267948966     
        (1.8501525032329682,-2.38976854485609450E-004)
   0.0000000000000000        3.1415926535897931     
         (1.0025080569101998,8.57215212643450087E-004)
   1.5707963267948966       -1.5707963267948966     
       (0.99479449243205964,-7.95572923388928829E-004)
   1.5707963267948966        0.0000000000000000     
         (1.8527636607268769,2.56645167711986449E-004)
   1.5707963267948966        1.5707963267948966     
        (0.99977316404237704,8.67934498172920669E-004)
   1.5707963267948966        3.1415926535897931     
       (0.14829987800210642,-1.67314830465118921E-003)
   3.1415926535897931       -1.5707963267948966     
       (0.14984749676703199,-2.38976854485179239E-004)
   3.1415926535897931        0.0000000000000000     
        (0.99749194308980271,8.57215212643324320E-004)
   3.1415926535897931        1.5707963267948966     
        (0.14972376777689980,8.99063543418509811E-004)
   3.1415926535897931        3.1415926535897931     
  (6.35335446343385651E-002,-1.05664845160279735E-003)
   1.0000000000000000                1          16
               (0.0000000000000000,0.0000000000000000)
  -1.5707963267948966       -1.5707963267948966     
        (1.0031720011714254,-1.65170291937021376E-003)
  -1.5707963267948966        0.0000000000000000     
         (1.8495725361159123,2.09564817442088949E-003)
  -1.5707963267948966        1.5707963267948966     
         (1.0033027704435578,3.78050056203394933E-003)
  -1.5707963267948966        3.1415926535897931     
       (0.15025945108775107,-1.86220541381973122E-004)
   0.0000000000000000       -1.5707963267948966     
        (1.8513189846509150,-1.48500333534825777E-003)
   0.0000000000000000        0.0000000000000000     
        (1.9362743719827569,-1.25694923206170171E-003)
   0.0000000000000000        1.5707963267948966     
         (1.8495254840369699,2.79889845559478951E-004)
   0.0000000000000000        3.1415926535897931     
        (0.98683280402930185,5.04000553558705275E-004)
   1.5707963267948966       -1.5707963267948966     
        (0.99669722955644513,3.78050056203911187E-003)
   1.5707963267948966        0.0000000000000000     
        (1.8497405489122483,-1.86220541380142175E-004)
   1.5707963267948966        1.5707963267948966     
       (0.99682799882857409,-1.65170291936877047E-003)
   1.5707963267948966        3.1415926535897931     
        (0.15042746388408690,2.09564817441955809E-003)
   3.1415926535897931       -1.5707963267948966     
        (0.15047451596302944,2.79889845561727153E-004)
   3.1415926535897931        0.0000000000000000     
         (1.0131671959707012,5.04000553558391616E-004)
   3.1415926535897931        1.5707963267948966     
       (0.14868101534908523,-1.48500333535294847E-003)
   3.1415926535897931        3.1415926535897931     
  (6.37256280172404238E-002,-1.25694923206311334E-003)
   1.0000000000000000                1          16
               (0.0000000000000000,0.0000000000000000)
  -1.5707963267948966       -1.5707963267948966     
        (1.0030745460301844,-1.79735552468076459E-003)
  -1.5707963267948966        0.0000000000000000     
         (1.8490476495620884,2.33398757186387227E-003)
  -1.5707963267948966        1.5707963267948966     
         (1.0016471512086060,2.77304051677216418E-003)
  -1.5707963267948966        3.1415926535897931     
        (0.15006959933694247,2.28977470073512927E-003)
   0.0000000000000000       -1.5707963267948966     
        (1.8522108082859909,-9.85655237429432229E-004)
   0.0000000000000000        0.0000000000000000     
        (1.9361218767813644,-3.90464026356265566E-004)
   0.0000000000000000        1.5707963267948966     
        (1.8490543410239766,-2.04066559576699530E-003)
   0.0000000000000000        3.1415926535897931     
       (0.99433104312126386,-4.31826194494899264E-003)
   1.5707963267948966       -1.5707963267948966     
        (0.99835284879139696,2.77304051677585567E-003)
   1.5707963267948966        0.0000000000000000     
         (1.8499304006630561,2.28977470073470643E-003)
   1.5707963267948966        1.5707963267948966     
       (0.99692545396981525,-1.79735552468467813E-003)
   1.5707963267948966        3.1415926535897931     
        (0.15095235043790989,2.33398757186274123E-003)
   3.1415926535897931       -1.5707963267948966     
       (0.15094565897602349,-2.04066559576680101E-003)
   3.1415926535897931        0.0000000000000000     
        (1.0056689568787385,-4.31826194494924938E-003)
   3.1415926535897931        1.5707963267948966     
       (0.14778919171400937,-9.85655237431347364E-004)
   3.1415926535897931        3.1415926535897931     
  (6.38781232186323850E-002,-3.90464026356699789E-004)
   1.0000000000000000                1          16
               (0.0000000000000000,0.0000000000000000)
  -1.5707963267948966       -1.5707963267948966     
        (1.0009103544920919,-3.95881516630053028E-004)
  -1.5707963267948966        0.0000000000000000     
         (1.8494446668166624,1.26447278901988913E-003)
  -1.5707963267948966        1.5707963267948966     
        (0.99811224945444244,1.15014828628485252E-003)
  -1.5707963267948966        3.1415926535897931     
       (0.15018171378909140,-6.69353781193944520E-004)
   0.0000000000000000       -1.5707963267948966     
         (1.8464127498059972,2.33999230831200781E-003)
   0.0000000000000000        0.0000000000000000     
         (1.9367617993802677,8.63294535101382385E-004)
   0.0000000000000000        1.5707963267948966     
         (1.8477771892326817,2.20725906810535170E-003)
   0.0000000000000000        3.1415926535897931     
        (1.0003254732748257,-9.46928012381180115E-003)
   1.5707963267948966       -1.5707963267948966     
         (1.0018877505455617,1.15014828628435292E-003)
   1.5707963267948966        0.0000000000000000     
        (1.8498182862109074,-6.69353781193162160E-004)
   1.5707963267948966        1.5707963267948966     
       (0.99908964550790724,-3.95881516624668446E-004)
   1.5707963267948966        3.1415926535897931     
        (0.15055533318333636,1.26447278902232707E-003)
   3.1415926535897931       -1.5707963267948966     
        (0.15222281076731833,2.20725906810360310E-003)
   3.1415926535897931        0.0000000000000000     
       (0.99967452672517787,-9.46928012381217238E-003)
   3.1415926535897931        1.5707963267948966     
        (0.15358725019400193,2.33999230831504704E-003)
   3.1415926535897931        3.1415926535897931     
   (6.32382006197296925E-002,8.63294535102257987E-004)
   1.0000000000000000                1          16
               (0.0000000000000000,0.0000000000000000)
  -1.5707963267948966       -1.5707963267948966     
        (0.99562661819343690,4.41461169562416562E-003)
  -1.5707963267948966        0.0000000000000000     
        (1.8539021733855074,-2.38804612783177772E-003)
  -1.5707963267948966        1.5707963267948966     
        (0.99441996000811417,3.03673047775758227E-003)
  -1.5707963267948966        3.1415926535897931     
       (0.14864582243021804,-1.60208651928651913E-003)
   0.0000000000000000       -1.5707963267948966     
        (1.8504494147263586,-2.39163822069208849E-003)
   0.0000000000000000        0.0000000000000000     
        (1.9369215538828470,-3.81687245859361427E-004)
   0.0000000000000000        1.5707963267948966     
        (1.8497291710311401,-1.31257110337028044E-003)
   0.0000000000000000        3.1415926535897931     
        (0.99198328477832221,3.15186973882340985E-003)
   1.5707963267948966       -1.5707963267948966     
         (1.0055800399918908,3.03673047776188438E-003)
   1.5707963267948966        0.0000000000000000     
        (1.8513541775697833,-1.60208651928043589E-003)
   1.5707963267948966        1.5707963267948966     
         (1.0043733818065661,4.41461169562391582E-003)
   1.5707963267948966        3.1415926535897931     
       (0.14609782661447943,-2.38804612781837655E-003)
   3.1415926535897931       -1.5707963267948966     
       (0.15027082896886040,-1.31257110337506828E-003)
   3.1415926535897931        0.0000000000000000     
         (1.0080167152216877,3.15186973882629470E-003)
   3.1415926535897931        1.5707963267948966     
       (0.14955058527363677,-2.39163822069765348E-003)
   3.1415926535897931        3.1415926535897931     
  (6.30784461171511185E-002,-3.81687245863691297E-004)
   1.0000000000000000                1          16
               (0.0000000000000000,0.0000000000000000)
  -1.5707963267948966       -1.5707963267948966     
        (0.99488293237685699,2.68305451872798226E-003)
  -1.5707963267948966        0.0000000000000000     
        (1.8504116139206617,-1.90610046555312923E-003)
  -1.5707963267948966        1.5707963267948966     
         (1.0030874510061303,2.88057593845951563E-003)
  -1.5707963267948966        3.1415926535897931     
       (0.14851269004836215,-1.16411216084388262E-003)
   0.0000000000000000       -1.5707963267948966     
         (1.8515800479338673,4.72287865182218457E-004)
   0.0000000000000000        0.0000000000000000     
         (1.9372469757510449,1.80983356298214902E-004)
   0.0000000000000000        1.5707963267948966     
        (1.8499098357807084,-7.76042572459460268E-004)
   0.0000000000000000        3.1415926535897931     
        (0.98346620885863856,6.55358092081421203E-003)
   1.5707963267948966       -1.5707963267948966     
        (0.99691254899387338,2.88057593846359570E-003)
   1.5707963267948966        0.0000000000000000     
        (1.8514873099516374,-1.16411216084227193E-003)
   1.5707963267948966        1.5707963267948966     
         (1.0051170676231425,2.68305451872734389E-003)
   1.5707963267948966        3.1415926535897931     
       (0.14958838607933805,-1.90610046555074290E-003)
   3.1415926535897931       -1.5707963267948966     
       (0.15009016421929203,-7.76042572456476544E-004)
   3.1415926535897931        0.0000000000000000     
         (1.0165337911413648,6.55358092081472377E-003)
   3.1415926535897931        1.5707963267948966     
        (0.14841995206613334,4.72287865180164544E-004)
   3.1415926535897931        3.1415926535897931     
   (6.27530242489529461E-002,1.80983356298658991E-004)
   1.0000000000000000                1          16
               (0.0000000000000000,0.0000000000000000)
  -1.5707963267948966       -1.5707963267948966     
       (0.98542310853992654,-3.35112408123727301E-003)
  -1.5707963267948966        0.0000000000000000     
        (1.8497389117376615,-1.78010971555986591E-003)
  -1.5707963267948966        1.5707963267948966     
        (1.0034415697259291,-2.60305736772469898E-003)
  -1.5707963267948966        3.1415926535897931     
        (0.15110931173026071,9.67219442394678681E-004)
   0.0000000000000000       -1.5707963267948966     
         (1.8519885936540996,8.01529669275514393E-004)
   0.0000000000000000        0.0000000000000000     
        (1.9366713245081084,-3.70182888724246689E-004)
   0.0000000000000000        1.5707963267948966     
         (1.8507643847811237,1.99615017575489407E-003)
   0.0000000000000000        3.1415926535897931     
         (1.0080635529301527,1.39094894228085873E-006)
   1.5707963267948966       -1.5707963267948966     
       (0.99655843027407454,-2.60305736772161811E-003)
   1.5707963267948966        0.0000000000000000     
         (1.8488906882697382,9.67219442390631137E-004)
   1.5707963267948966        1.5707963267948966     
        (1.0145768914600721,-3.35112408123691219E-003)
   1.5707963267948966        3.1415926535897931     
       (0.15026108826233708,-1.78010971555970501E-003)
   3.1415926535897931       -1.5707963267948966     
        (0.14923561521887557,1.99615017575812759E-003)
   3.1415926535897931        0.0000000000000000     
        (0.99193644706985118,1.39094894298060281E-006)
   3.1415926535897931        1.5707963267948966     
        (0.14801140634590013,8.01529669276513593E-004)
   3.1415926535897931        3.1415926535897931     
  (6.33286754918882117E-002,-3.70182888722113629E-004)
   1.0000000000000000                1          16
               (0.0000000000000000,0.0000000000000000)
  -1.5707963267948966       -1.5707963267948966     
         (1.0081443945036894,2.75254074447482894E-003)
  -1.5707963267948966        0.0000000000000000     
         (1.8507518091604944,8.91610285107033505E-004)
  -1.5707963267948966        1.5707963267948966     
         (1.0061583025341128,7.61682872826784877E-004)
  -1.5707963267948966        3.1415926535897931     
       (0.15113315884613282,-3.77143210833952216E-006)
   0.0000000000000000       -1.5707963267948966     
        (1.8484282031898331,-2.40703560987017787E-004)
   0.0000000000000000        0.0000000000000000     
        (1.9374401629631419,-1.19387111463815140E-003)
   0.0000000000000000        1.5707963267948966     
         (1.8491043237373748,5.81062727694659550E-004)
   0.0000000000000000        3.1415926535897931     
       (0.98881877785946215,-5.17061312211433872E-003)
   1.5707963267948966       -1.5707963267948966     
        (0.99384169746589124,7.61682872824675453E-004)
   1.5707963267948966        0.0000000000000000     
        (1.8488668411538660,-3.77143210962386805E-006)
   1.5707963267948966        1.5707963267948966     
        (0.99185560549630913,2.75254074447438485E-003)
   1.5707963267948966        3.1415926535897931     
        (0.14924819083950419,8.91610285107318650E-004)
   3.1415926535897931       -1.5707963267948966     
        (0.15089567626262523,5.81062727694798328E-004)
   3.1415926535897931        0.0000000000000000     
        (1.0111812221405407,-5.17061312211418087E-003)
   3.1415926535897931        1.5707963267948966     
       (0.15157179681016680,-2.40703560985449597E-004)
   3.1415926535897931        3.1415926535897931     
  (6.25598370368546514E-002,-1.19387111463715393E-003)
   1.0000000000000000                1          16
               (0.0000000000000000,0.0000000000000000)
  -1.5707963267948966       -1.5707963267948966     
        (1.0005403614294350,-1.99259244068263064E-003)
  -1.5707963267948966        0.0000000000000000     
         (1.8524978559632361,8.35522435164027318E-004)
  -1.5707963267948966        1.5707963267948966     
        (1.0119938629652721,-2.17132790041892065E-003)
  -1.5707963267948966        3.1415926535897931     
        (0.14848373539205659,4.90764259593231005E-004)
   0.0000000000000000       -1.5707963267948966     
         (1.8516168493696972,7.62440503077749135E-004)
   0.0000000000000000        0.0000000000000000     
         (1.9364785955869073,1.19953446671149273E-003)
   0.0000000000000000        1.5707963267948966     
         (1.8485889119855679,2.12636926844156360E-003)
   0.0000000000000000        3.1415926535897931     
       (0.99144068537607732,-5.00644805818953515E-004)
   1.5707963267948966       -1.5707963267948966     
       (0.98800613703475626,-2.17132790044817503E-003)
   1.5707963267948966        0.0000000000000000     
         (1.8515162646079502,4.90764259595097567E-004)
   1.5707963267948966        1.5707963267948966     
       (0.99945963857054787,-1.99259244067280517E-003)
   1.5707963267948966        3.1415926535897931     
        (0.14750214403676562,8.35522435164825941E-004)
   3.1415926535897931       -1.5707963267948966     
        (0.15141108801443415,2.12636926844150809E-003)
   3.1415926535897931        0.0000000000000000     
        (1.0085593146239320,-5.00644805812846638E-004)
   3.1415926535897931        1.5707963267948966     
        (0.14838315063029511,7.62440503072808642E-004)
   3.1415926535897931        3.1415926535897931     
   (6.35214044130871236E-002,1.19953446670733373E-003)
   1.0000000000000000                1          16
               (0.0000000000000000,0.0000000000000000)
  -1.5707963267948966       -1.5707963267948966     
         (1.0033519647119056,6.91397419528806418E-003)
  -1.5707963267948966        0.0000000000000000     
        (1.8516920761033679,-1.51515957396192863E-003)
  -1.5707963267948966        1.5707963267948966     
         (1.0109664473000273,4.84791090019016675E-003)
  -1.5707963267948966        3.1415926535897931     
       (0.14964222362473170,-7.98226268843008806E-004)
   0.0000000000000000       -1.5707963267948966     
        (1.8506735268892160,-2.05618993513638233E-003)
   0.0000000000000000        0.0000000000000000     
        (1.9357182570699676,-6.48834886949909177E-004)
   0.0000000000000000        1.5707963267948966     
        (1.8515473924001316,-1.39907904116002863E-005)
   0.0000000000000000        3.1415926535897931     
       (0.99171231781376668,-4.65023352228630766E-004)
   1.5707963267948966       -1.5707963267948966     
        (0.98903355269997706,4.84791090018938959E-003)
   1.5707963267948966        0.0000000000000000     
        (1.8503577763752674,-7.98226268841783224E-004)
   1.5707963267948966        1.5707963267948966     
        (0.99664803528809420,6.91397419529211649E-003)
   1.5707963267948966        3.1415926535897931     
       (0.14830792389663086,-1.51515957395887964E-003)
   3.1415926535897931       -1.5707963267948966     
       (0.14845260759986884,-1.39907904110174192E-005)
   3.1415926535897931        0.0000000000000000     
        (1.0082876821862377,-4.65023352228990288E-004)
   3.1415926535897931        1.5707963267948966     
       (0.14932647311078409,-2.05618993513396759E-003)
   3.1415926535897931        3.1415926535897931     
  (6.42817429300300419E-002,-6.48834886948585149E-004)
   1.0000000000000000                1          16
               (0.0000000000000000,0.0000000000000000)
  -1.5707963267948966       -1.5707963267948966     
       (0.99187289751326080,-4.81407959047202866E-003)
  -1.5707963267948966        0.0000000000000000     
        (1.8551092729602310,-2.27319670493772268E-003)
  -1.5707963267948966        1.5707963267948966     
         (1.0070533314698946,9.59386331537135165E-003)
  -1.5707963267948966        3.1415926535897931     
        (0.14737886694805649,6.65105288974383738E-004)
   0.0000000000000000       -1.5707963267948966     
        (1.8532267187956144,-6.40777199025391363E-004)
   0.0000000000000000        0.0000000000000000     
        (1.9382986782027116,-6.16235369392387471E-005)
   0.0000000000000000        1.5707963267948966     
        (1.8523049584337985,-5.39678279561114959E-004)
   0.0000000000000000        3.1415926535897931     
         (1.0100328118431561,4.20363893329532513E-004)
   1.5707963267948966       -1.5707963267948966     
        (0.99294666853010816,9.59386331537429374E-003)
   1.5707963267948966        0.0000000000000000     
         (1.8526211330519424,6.65105288978917871E-004)
   1.5707963267948966        1.5707963267948966     
        (1.0081271024867393,-4.81407959046875351E-003)
   1.5707963267948966        3.1415926535897931     
       (0.14489072703976810,-2.27319670493592810E-003)
   3.1415926535897931       -1.5707963267948966     
       (0.14769504156620214,-5.39678279563404794E-004)
   3.1415926535897931        0.0000000000000000     
        (0.98996718815684603,4.20363893329089291E-004)
   3.1415926535897931        1.5707963267948966     
       (0.14677328120438576,-6.40777199024364407E-004)
   3.1415926535897931        3.1415926535897931     
  (6.17013217972853523E-002,-6.16235369399022789E-005)
   1.0000000000000000                1          16
               (0.0000000000000000,0.0000000000000000)
  -1.5707963267948966       -1.5707963267948966     
        (1.0012607065925079,-5.37706762204441004E-003)
  -1.5707963267948966        0.0000000000000000     
         (1.8545397841763480,4.12252427384911637E-004)
  -1.5707963267948966        1.5707963267948966     
        (1.0030167247116788,-4.39976321220334789E-003)
  -1.5707963267948966        3.1415926535897931     
        (0.14923844534019398,7.50600104414526860E-004)
   0.0000000000000000       -1.5707963267948966     
         (1.8520869654100012,5.64306955943444941E-004)
   0.0000000000000000        0.0000000000000000     
        (1.9375689396122526,-3.88212784865082407E-005)
   0.0000000000000000        1.5707963267948966     
         (1.8504850284301053,1.80017315498821060E-004)
   0.0000000000000000        3.1415926535897931     
         (1.0015547944028216,1.53382273853204282E-003)
   1.5707963267948966       -1.5707963267948966     
       (0.99698327528832553,-4.39976321220379198E-003)
   1.5707963267948966        0.0000000000000000     
         (1.8507615546598053,7.50600104414907415E-004)
   1.5707963267948966        1.5707963267948966     
       (0.99873929340749035,-5.37706762204335532E-003)
   1.5707963267948966        3.1415926535897931     
        (0.14546021582365132,4.12252427383920567E-004)
   3.1415926535897931       -1.5707963267948966     
        (0.14951497156989474,1.80017315499154127E-004)
   3.1415926535897931        0.0000000000000000     
        (0.99844520559718142,1.53382273853356634E-003)
   3.1415926535897931        1.5707963267948966     
        (0.14791303458999872,5.64306955942279207E-004)
   3.1415926535897931        3.1415926535897931     
  (6.24310603877445691E-002,-3.88212784868619074E-005)
   1.0000000000000000                1          16
               (0.0000000000000000,0.0000000000000000)
  -1.5707963267948966       -1.5707963267948966     
         (1.0007661934490002,1.52649764758642126E-003)
  -1.5707963267948966        0.0000000000000000     
         (1.8515909388955245,4.38020631783801176E-004)
  -1.5707963267948966        1.5707963267948966     
        (0.99947705077264792,9.55641743321776873E-004)
  -1.5707963267948966        3.1415926535897931     
        (0.14796522478837398,5.44579320311532620E-004)
   0.0000000000000000       -1.5707963267948966     
         (1.8506614177661671,1.48290420576783588E-003)
   0.0000000000000000        0.0000000000000000     
        (1.9368904878705813,-1.88761304933581170E-004)
   0.0000000000000000        1.5707963267948966     
        (1.8485422181570847,-1.87310512244518346E-003)
   0.0000000000000000        3.1415926535897931     
         (1.0069452532822449,5.72632547161296308E-003)
   1.5707963267948966       -1.5707963267948966     
         (1.0005229492273555,9.55641743322304229E-004)
   1.5707963267948966        0.0000000000000000     
         (1.8520347752116246,5.44579320312894161E-004)
   1.5707963267948966        1.5707963267948966     
        (0.99923380655099903,1.52649764758972417E-003)
   1.5707963267948966        3.1415926535897931     
        (0.14840906110447494,4.38020631785714359E-004)
   3.1415926535897931       -1.5707963267948966     
       (0.15145778184291547,-1.87310512244412875E-003)
   3.1415926535897931        0.0000000000000000     
        (0.99305474671775851,5.72632547161260053E-003)
   3.1415926535897931        1.5707963267948966     
        (0.14933858223383262,1.48290420576746118E-003)
   3.1415926535897931        3.1415926535897931     
  (6.31095121294148187E-002,-1.88761304932928914E-004)
   1.0000000000000000                1          16
               (0.0000000000000000,0.0000000000000000)
  -1.5707963267948966       -1.5707963267948966     
        (1.0137925980666713,-5.76238233928286995E-003)
  -1.5707963267948966        0.0000000000000000     
        (1.8533264489233670,-6.51248526262195710E-004)
  -1.5707963267948966        1.5707963267948966     
        (0.99643034959731613,1.78134725600114516E-003)
  -1.5707963267948966        3.1415926535897931     
       (0.15000445428049153,-1.89037010741234393E-003)
   0.0000000000000000       -1.5707963267948966     
         (1.8497699726402210,1.02711318451217384E-003)
   0.0000000000000000        0.0000000000000000     
        (1.9366258988912719,-3.27339049512486726E-004)
   0.0000000000000000        1.5707963267948966     
         (1.8502028151281666,2.39172829342657869E-005)
   0.0000000000000000        3.1415926535897931     
        (0.99779582206119921,2.15651197446251660E-003)
   1.5707963267948966       -1.5707963267948966     
         (1.0035696504026885,1.78134725600700159E-003)
   1.5707963267948966        0.0000000000000000     
        (1.8499955457195076,-1.89037010740937235E-003)
   1.5707963267948966        1.5707963267948966     
       (0.98620740193332812,-5.76238233928139890E-003)
   1.5707963267948966        3.1415926535897931     
       (0.14667355107663238,-6.51248526263613196E-004)
   3.1415926535897931       -1.5707963267948966     
        (0.14979718487183380,2.39172829352094765E-005)
   3.1415926535897931        0.0000000000000000     
         (1.0022041779388036,2.15651197446347634E-003)
   3.1415926535897931        1.5707963267948966     
        (0.15023002735977997,1.02711318450730274E-003)
   3.1415926535897931        3.1415926535897931     
  (6.33741011087253781E-002,-3.27339049514368467E-004)
   1.0000000000000000                1          16
               (0.0000000000000000,0.0000000000000000)
  -1.5707963267948966       -1.5707963267948966     
         (1.0001241009241528,3.76699985197903294E-003)
  -1.5707963267948966        0.0000000000000000     
        (1.8494856219093119,-5.25939541250299361E-005)
  -1.5707963267948966        1.5707963267948966     
         (1.0105571799451938,2.48786589650270857E-004)
  -1.5707963267948966        3.1415926535897931     
       (0.15001073940931819,-2.39119649652551249E-004)
   0.0000000000000000       -1.5707963267948966     
         (1.8503319203278139,1.63910822493024393E-004)
   0.0000000000000000        0.0000000000000000     
         (1.9368218728240771,5.06758607284309593E-004)
   0.0000000000000000        1.5707963267948966     
        (1.8492082464263742,-1.37582040468723884E-003)
   0.0000000000000000        3.1415926535897931     
         (1.0035762519933786,1.50324086209056521E-002)
   1.5707963267948966       -1.5707963267948966     
        (0.98944282005480977,2.48786589642693585E-004)
   1.5707963267948966        0.0000000000000000     
        (1.8499892605906811,-2.39119649657690801E-004)
   1.5707963267948966        1.5707963267948966     
        (0.99987589907584684,3.76699985197944927E-003)
   1.5707963267948966        3.1415926535897931     
       (0.15051437809068741,-5.25939541225002756E-005)
   3.1415926535897931       -1.5707963267948966     
       (0.15079175357362631,-1.37582040468650331E-003)
   3.1415926535897931        0.0000000000000000     
        (0.99642374800662525,1.50324086209065629E-002)
   3.1415926535897931        1.5707963267948966     
        (0.14966807967218673,1.63910822499991043E-004)
   3.1415926535897931        3.1415926535897931     
   (6.31781271759206953E-002,5.06758607288658111E-004)
   1.0000000000000000                1          16
               (0.0000000000000000,0.0000000000000000)
  -1.5707963267948966       -1.5707963267948966     
        (0.99253799488932104,9.55244461782354774E-003)
  -1.5707963267948966        0.0000000000000000     
        (1.8526921510455201,-2.28502677193493341E-003)
  -1.5707963267948966        1.5707963267948966     
       (0.98528367683003648,-3.51583163914391712E-003)
  -1.5707963267948966        3.1415926535897931     
       (0.15120175229002952,-1.21877909815625973E-003)
   0.0000000000000000       -1.5707963267948966     
        (1.8523214878383434,-1.72669719782339495E-005)
   0.0000000000000000        0.0000000000000000     
         (1.9363162932465152,3.05221589950333645E-004)
   0.0000000000000000        1.5707963267948966     
         (1.8510273710062839,7.19127637464430378E-004)
   0.0000000000000000        3.1415926535897931     
        (1.0057053055461749,-1.23849227160684823E-003)
   1.5707963267948966       -1.5707963267948966     
        (1.0147163231699676,-3.51583163913778314E-003)
   1.5707963267948966        0.0000000000000000     
        (1.8487982477099703,-1.21877909815686037E-003)
   1.5707963267948966        1.5707963267948966     
         (1.0074620051106784,9.55244461782624003E-003)
   1.5707963267948966        3.1415926535897931     
       (0.14730784895447929,-2.28502677193116906E-003)
   3.1415926535897931       -1.5707963267948966     
        (0.14897262899371597,7.19127637469814960E-004)
   3.1415926535897931        0.0000000000000000     
       (0.99429469445382845,-1.23849227160637725E-003)
   3.1415926535897931        1.5707963267948966     
       (0.14767851216165731,-1.72669719782894606E-005)
   3.1415926535897931        3.1415926535897931     
   (6.36837067534815893E-002,3.05221589953136524E-004)
   1.0000000000000000                1          16
               (0.0000000000000000,0.0000000000000000)
  -1.5707963267948966       -1.5707963267948966     
       (0.98504606306083231,-6.51543764567978352E-004)
  -1.5707963267948966        0.0000000000000000     
        (1.8513181034299360,-7.28799359594833646E-004)
  -1.5707963267948966        1.5707963267948966     
         (1.0023945833713592,2.52744256389871307E-004)
  -1.5707963267948966        3.1415926535897931     
        (0.14820508035139665,1.96101819900685605E-004)
   0.0000000000000000       -1.5707963267948966     
        (1.8522733353228280,-7.03546861287779367E-005)
   0.0000000000000000        0.0000000000000000     
         (1.9363020539538975,4.79077569376940731E-004)
   0.0000000000000000        1.5707963267948966     
         (1.8502189449053978,1.31414449479276118E-003)
   0.0000000000000000        3.1415926535897931     
        (1.0054114518181143,-4.39762497625820550E-003)
   1.5707963267948966       -1.5707963267948966     
        (0.99760541662864455,2.52744256390010085E-004)
   1.5707963267948966        0.0000000000000000     
         (1.8517949196486023,1.96101819900082355E-004)
   1.5707963267948966        1.5707963267948966     
        (1.0149539369391669,-6.51543764565341572E-004)
   1.5707963267948966        3.1415926535897931     
       (0.14868189657006284,-7.28799359595674770E-004)
   3.1415926535897931       -1.5707963267948966     
        (0.14978105509460224,1.31414449479221995E-003)
   3.1415926535897931        0.0000000000000000     
       (0.99458854818188946,-4.39762497625892975E-003)
   3.1415926535897931        1.5707963267948966     
       (0.14772666467717147,-7.03546861287085478E-005)
   3.1415926535897931        3.1415926535897931     
   (6.36979460460998237E-002,4.79077569376768994E-004)
   1.0000000000000000                1          16
               (0.0000000000000000,0.0000000000000000)
  -1.5707963267948966       -1.5707963267948966     
        (1.0020923674022308,-4.32776858339677713E-003)
  -1.5707963267948966        0.0000000000000000     
        (1.8521123390235703,-1.58010299471822435E-003)
  -1.5707963267948966        1.5707963267948966     
         (1.0024091776429396,4.93282713636206908E-003)
  -1.5707963267948966        3.1415926535897931     
       (0.14797674567423574,-3.51154250428032918E-004)
   0.0000000000000000       -1.5707963267948966     
        (1.8489373936267424,-3.94199432752478734E-004)
   0.0000000000000000        0.0000000000000000     
        (1.9367907788761560,-4.51256615810317159E-004)
   0.0000000000000000        1.5707963267948966     
        (1.8512931930380969,-1.16681029907143266E-003)
   0.0000000000000000        3.1415926535897931     
       (0.98055127103369011,-3.34344788010435771E-003)
   1.5707963267948966       -1.5707963267948966     
        (0.99759082235706431,4.93282713636859164E-003)
   1.5707963267948966        0.0000000000000000     
        (1.8520232543257629,-3.51154250423684020E-004)
   1.5707963267948966        1.5707963267948966     
       (0.99790763259776971,-4.32776858339785960E-003)
   1.5707963267948966        3.1415926535897931     
       (0.14788766097642836,-1.58010299471691117E-003)
   3.1415926535897931       -1.5707963267948966     
       (0.14870680696190344,-1.16681029906775505E-003)
   3.1415926535897931        0.0000000000000000     
        (1.0194487289663132,-3.34344788010385724E-003)
   3.1415926535897931        1.5707963267948966     
       (0.15106260637325730,-3.94199432758959661E-004)
   3.1415926535897931        3.1415926535897931     
  (6.32092211238414053E-002,-4.51256615811873314E-004)
   1.0000000000000000                1          16
               (0.0000000000000000,0.0000000000000000)
  -1.5707963267948966       -1.5707963267948966     
       (0.99885191343392754,-3.67360342188484661E-003)
  -1.5707963267948966        0.0000000000000000     
         (1.8509913102167470,2.87463068519567665E-003)
  -1.5707963267948966        1.5707963267948966     
       (0.99797645761079878,-2.55393343698441782E-003)
  -1.5707963267948966        3.1415926535897931     
        (0.14963468064261881,1.79398540890366603E-003)
   0.0000000000000000       -1.5707963267948966     
        (1.8476745797736178,-1.03232906558503308E-003)
   0.0000000000000000        0.0000000000000000     
        (1.9356188328327382,-3.13516963387025440E-004)
   0.0000000000000000        1.5707963267948966     
        (1.8495148697551895,-1.92334306239881343E-003)
   0.0000000000000000        3.1415926535897931     
       (0.98374907767159303,-3.89184083068329009E-004)
   1.5707963267948966       -1.5707963267948966     
        (1.0020235423892048,-2.55393343698658275E-003)
   1.5707963267948966        0.0000000000000000     
         (1.8503653193573806,1.79398540890451908E-003)
   1.5707963267948966        1.5707963267948966     
        (1.0011480865660716,-3.67360342188190452E-003)
   1.5707963267948966        3.1415926535897931     
        (0.14900868978325177,2.87463068519226966E-003)
   3.1415926535897931       -1.5707963267948966     
       (0.15048513024481072,-1.92334306240086734E-003)
   3.1415926535897931        0.0000000000000000     
        (1.0162509223284095,-3.89184083068237503E-004)
   3.1415926535897931        1.5707963267948966     
       (0.15232542022638226,-1.03232906558642086E-003)
   3.1415926535897931        3.1415926535897931     
  (6.43811671672590707E-002,-3.13516963389016143E-004)
   1.0000000000000000                1          16
               (0.0000000000000000,0.0000000000000000)
  -1.5707963267948966       -1.5707963267948966     
       (0.99915674965358647,-5.13174979244140645E-003)
  -1.5707963267948966        0.0000000000000000     
         (1.8515067009504236,3.85379696906401007E-004)
  -1.5707963267948966        1.5707963267948966     
        (1.0132369077837924,-7.45847925729231382E-003)
  -1.5707963267948966        3.1415926535897931     
       (0.14893960457935895,-1.38982537435889579E-004)
   0.0000000000000000       -1.5707963267948966     
         (1.8496220410572597,1.46325588174948712E-003)
   0.0000000000000000        0.0000000000000000     
         (1.9358299019554384,3.18101139939286391E-004)
   0.0000000000000000        1.5707963267948966     
         (1.8521811912430903,5.98591087087649689E-004)
   0.0000000000000000        3.1415926535897931     
        (0.98181225835817609,5.50752609989819128E-004)
   1.5707963267948966       -1.5707963267948966     
       (0.98676309221621084,-7.45847925728989909E-003)
   1.5707963267948966        0.0000000000000000     
        (1.8510603954206399,-1.38982537435765330E-004)
   1.5707963267948966        1.5707963267948966     
        (1.0008432503464129,-5.13174979243765945E-003)
   1.5707963267948966        3.1415926535897931     
        (0.14849329904957542,3.85379696907109858E-004)
   3.1415926535897931       -1.5707963267948966     
        (0.14781880875690906,5.98591087085498632E-004)
   3.1415926535897931        0.0000000000000000     
         (1.0181877416418279,5.50752609988644287E-004)
   3.1415926535897931        1.5707963267948966     
        (0.15037795894274014,1.46325588175222105E-003)
   3.1415926535897931        3.1415926535897931     
   (6.41700980445591429E-002,3.18101139939721807E-004)
