   1.0000000000000000                1          16
               (0.0000000000000000,0.0000000000000000)
  -1.5707963267948966       -1.5707963267948966     
       (0.63170062331889409,-1.16507273039493485E-016)
  -1.5707963267948966        0.0000000000000000     
       (0.42732797247156196,-1.61538995572564259E-016)
  -1.5707963267948966        1.5707963267948966     
       (0.62860765111717454,-1.06348386019244811E-016)
  -1.5707963267948966        3.1415926535897931     
       (0.81391764898619512,-2.65910048073495722E-016)
   0.0000000000000000       -1.5707963267948966     
        (0.42766178950518607,6.97944661059257778E-017)
   0.0000000000000000        0.0000000000000000     
   (8.11527355395250949E-002,7.64842530939721637E-017)
   0.0000000000000000        1.5707963267948966     
       (0.42766178950518607,-1.62409025839354204E-016)
   0.0000000000000000        3.1415926535897931     
       (0.62917550162746017,-4.19090203685319258E-016)
   1.5707963267948966       -1.5707963267948966     
       (0.62860765111717454,-1.34103961634873725E-016)
   1.5707963267948966        0.0000000000000000     
       (0.42732797247156207,-9.75524228712689888E-017)
   1.5707963267948966        1.5707963267948966     
       (0.63170062331889376,-1.51700650230253965E-016)
   1.5707963267948966        3.1415926535897931     
       (0.81391764898619468,-4.79283394198212475E-016)
   3.1415926535897931       -1.5707963267948966     
       (0.81410173291201293,-3.01186903917498771E-016)
   3.1415926535897931        0.0000000000000000     
       (0.63508907275720661,-2.54334341221826711E-016)
   3.1415926535897931        1.5707963267948966     
       (0.81410173291201293,-1.72567912859602878E-016)
   3.1415926535897931        3.1415926535897931     
        (3.5767450859707810,-1.56509195660346905E-015)
   1.0000000000000000                1          16
               (0.0000000000000000,0.0000000000000000)
  -1.5707963267948966       -1.5707963267948966     
        (0.62631703767930258,6.15605746830865535E-016)
  -1.5707963267948966        0.0000000000000000     
        (0.42270482530401143,6.02381470706126229E-016)
  -1.5707963267948966        1.5707963267948966     
        (0.62802760862361984,5.14276516438346046E-016)
  -1.5707963267948966        3.1415926535897931     
        (0.81399221122058163,8.90156803428240436E-016)
   0.0000000000000000       -1.5707963267948966     
        (0.42416904653293253,2.26092773410818245E-016)
   0.0000000000000000        0.0000000000000000     
   (8.05402345550565446E-002,5.25536671613777501E-017)
   0.0000000000000000        1.5707963267948966     
        (0.42416904653293241,2.99666428187708770E-016)
   0.0000000000000000        3.1415926535897931     
        (0.62466626716399332,4.08393744795542027E-016)
   1.5707963267948966       -1.5707963267948966     
        (0.62802760862361984,5.42032092053974960E-016)
   1.5707963267948966        0.0000000000000000     
        (0.42270482530401143,4.44376501390478845E-016)
   1.5707963267948966        1.5707963267948966     
        (0.62631703767930258,6.34991890970857964E-016)
   1.5707963267948966        3.1415926535897931     
        (0.81399221122058207,8.46245311328302088E-016)
   3.1415926535897931       -1.5707963267948966     
        (0.80250002375466667,6.60488911190884646E-016)
   3.1415926535897931        0.0000000000000000     
        (0.62558869635380210,5.97426442270349551E-016)
   3.1415926535897931        1.5707963267948966     
        (0.80250002375466667,8.72840444045919789E-016)
   3.1415926535897931        3.1415926535897931     
         (3.5335790381754073,2.64139486968404506E-015)
   1.0000000000000000                1          16
               (0.0000000000000000,0.0000000000000000)
  -1.5707963267948966       -1.5707963267948966     
        (0.61929362156170853,5.36300289218065101E-016)
  -1.5707963267948966        0.0000000000000000     
        (0.42108419109717199,3.74830150709701121E-016)
  -1.5707963267948966        1.5707963267948966     
        (0.61954081712150899,7.10600229455194621E-016)
  -1.5707963267948966        3.1415926535897931     
        (0.80488286267380516,4.94375083368531179E-016)
   0.0000000000000000       -1.5707963267948966     
        (0.42321297821362514,3.06361523786938692E-016)
   0.0000000000000000        0.0000000000000000     
  (8.09452565049986472E-002,-1.47243969838648932E-017)
   0.0000000000000000        1.5707963267948966     
        (0.42321297821362514,1.04306007934180258E-016)
   0.0000000000000000        3.1415926535897931     
        (0.62141966342566080,5.28476512840327017E-016)
   1.5707963267948966       -1.5707963267948966     
        (0.61954081712150899,4.60800048914534400E-016)
   1.5707963267948966        0.0000000000000000     
        (0.42108419109717199,3.83419441493142095E-016)
   1.5707963267948966        1.5707963267948966     
        (0.61929362156170831,5.51833262304777278E-016)
   1.5707963267948966        3.1415926535897931     
        (0.80488286267380516,5.67831087475852968E-016)
   3.1415926535897931       -1.5707963267948966     
        (0.79856398232057968,6.31661944631129566E-016)
   3.1415926535897931        0.0000000000000000     
        (0.62094936203077744,7.48517722611100900E-016)
   3.1415926535897931        1.5707963267948966     
        (0.79856398232057968,4.57362004394000045E-016)
   3.1415926535897931        3.1415926535897931     
         (3.4149820670323634,4.33310608447670974E-015)
   1.0000000000000000                1          16
               (0.0000000000000000,0.0000000000000000)
  -1.5707963267948966       -1.5707963267948966     
        (0.63593853909909370,4.25143125818627606E-016)
  -1.5707963267948966        0.0000000000000000     
        (0.42703564637757940,3.54550868860159844E-016)
  -1.5707963267948966        1.5707963267948966     
        (0.63942221598466686,4.64111388062587602E-016)
  -1.5707963267948966        3.1415926535897931     
        (0.81429156209273479,4.43341469912119173E-016)
   0.0000000000000000       -1.5707963267948966     
       (0.43105634317069519,-5.60491983218027901E-017)
   0.0000000000000000        0.0000000000000000     
   (8.29218059228748194E-002,2.26161681187239463E-016)
   0.0000000000000000        1.5707963267948966     
        (0.43105634317069508,4.37604175123817329E-017)
   0.0000000000000000        3.1415926535897931     
       (0.63796481481425771,-3.75996667174286042E-017)
   1.5707963267948966       -1.5707963267948966     
        (0.63942221598466686,6.86155992987618910E-016)
   1.5707963267948966        0.0000000000000000     
        (0.42703564637757940,1.40107740990465093E-016)
   1.5707963267948966        1.5707963267948966     
        (0.63593853909909370,5.86346377153434288E-016)
   1.5707963267948966        3.1415926535897931     
        (0.81429156209273523,6.13922205368027793E-017)
   3.1415926535897931       -1.5707963267948966     
        (0.81515411663301285,4.87849627362444349E-016)
   3.1415926535897931        0.0000000000000000     
       (0.64700794560375785,-2.45619012251661179E-017)
   3.1415926535897931        1.5707963267948966     
        (0.81515411663301296,3.65614638271597663E-016)
   3.1415926535897931        3.1415926535897931     
         (3.6020593315764220,4.97246240502399863E-015)
   1.0000000000000000                1          16
               (0.0000000000000000,0.0000000000000000)
  -1.5707963267948966       -1.5707963267948966     
        (0.62219671624432671,1.16106490374199156E-015)
  -1.5707963267948966        0.0000000000000000     
        (0.42232035987171984,7.67527377677194675E-016)
  -1.5707963267948966        1.5707963267948966     
        (0.62493875670979937,1.00369259027579768E-015)
  -1.5707963267948966        3.1415926535897931     
        (0.81347175999291799,1.93188229539211803E-015)
   0.0000000000000000       -1.5707963267948966     
        (0.42738882853543386,8.74389333892943683E-016)
   0.0000000000000000        0.0000000000000000     
   (8.02705034973220377E-002,8.31615854003702942E-017)
   0.0000000000000000        1.5707963267948966     
        (0.42738882853543353,6.98694739971590806E-016)
   0.0000000000000000        3.1415926535897931     
        (0.62907330049987320,1.49978954450929967E-015)
   1.5707963267948966       -1.5707963267948966     
        (0.62493875670979937,9.48181439044539850E-016)
   1.5707963267948966        0.0000000000000000     
        (0.42232035987171984,6.64879949286467894E-016)
   1.5707963267948966        1.5707963267948966     
        (0.62219671624432671,9.85098154887748357E-016)
   1.5707963267948966        3.1415926535897931     
        (0.81347175999291754,1.55587048893260541E-015)
   3.1415926535897931       -1.5707963267948966     
        (0.80280677317103732,1.36482855474668473E-015)
   3.1415926535897931        0.0000000000000000     
        (0.62759814322686736,1.34918784193937601E-015)
   3.1415926535897931        1.5707963267948966     
        (0.80280677317103732,1.10586723397844491E-015)
   3.1415926535897931        3.1415926535897931     
         (3.5123454402872474,6.65963601863906131E-015)
   1.0000000000000000                1          16
               (0.0000000000000000,0.0000000000000000)
  -1.5707963267948966       -1.5707963267948966     
        (0.62814320869201867,1.58200626142843647E-016)
  -1.5707963267948966        0.0000000000000000     
       (0.42495396370083505,-6.87066987689403793E-017)
  -1.5707963267948966        1.5707963267948966     
        (0.62590109520030501,8.41668143660601615E-017)
  -1.5707963267948966        3.1415926535897931     
        (0.81100613109954556,6.81978424883608679E-016)
   0.0000000000000000       -1.5707963267948966     
        (0.42682623734163050,2.39638762748723959E-016)
   0.0000000000000000        0.0000000000000000     
   (8.27646326862782888E-002,2.06047572229365695E-016)
   0.0000000000000000        1.5707963267948966     
        (0.42682623734163050,3.96939301372394210E-016)
   0.0000000000000000        3.1415926535897931     
       (0.63057884777553685,-1.37393247173864275E-017)
   1.5707963267948966       -1.5707963267948966     
        (0.62590109520030501,2.22944692444204729E-016)
   1.5707963267948966        0.0000000000000000     
       (0.42495396370083505,-4.67352318958134706E-018)
   1.5707963267948966        1.5707963267948966     
        (0.62814320869201867,5.09733363670597095E-016)
   1.5707963267948966        3.1415926535897931     
        (0.81100613109954645,5.26528207517853427E-016)
   3.1415926535897931       -1.5707963267948966     
        (0.81884202109833237,5.63472755066167641E-016)
   3.1415926535897931        0.0000000000000000     
        (0.62796807531279231,1.58989875124774518E-016)
   3.1415926535897931        1.5707963267948966     
        (0.81884202109833237,4.70973113149177670E-016)
   3.1415926535897931        3.1415926535897931     
         (3.5301281217299514,1.22036371220363373E-015)
   1.0000000000000000                1          16
               (0.0000000000000000,0.0000000000000000)
  -1.5707963267948966       -1.5707963267948966     
       (0.62619343680352868,-2.65620074418422308E-016)
  -1.5707963267948966        0.0000000000000000     
       (0.42680998681158155,-1.39249478652655466E-016)
  -1.5707963267948966        1.5707963267948966     
       (0.62481054187062401,-4.22227843889423921E-016)
  -1.5707963267948966        3.1415926535897931     
        (0.81069623307204519,6.03772274700938918E-016)
   0.0000000000000000       -1.5707963267948966     
       (0.42311979517933529,-1.14043038503953934E-016)
   0.0000000000000000        0.0000000000000000     
  (7.82830615136312635E-002,-5.19414818218104040E-017)
   0.0000000000000000        1.5707963267948966     
        (0.42311979517933529,1.81342609045192247E-016)
   0.0000000000000000        3.1415926535897931     
        (0.62553469423893826,8.16382286739439280E-017)
   1.5707963267948966       -1.5707963267948966     
       (0.62481054187062401,-4.49983419505052834E-016)
   1.5707963267948966        0.0000000000000000     
       (0.42680998681158155,-1.85806854747875179E-016)
   1.5707963267948966        1.5707963267948966     
       (0.62619343680352846,-2.18013130357249683E-016)
   1.5707963267948966        3.1415926535897931     
        (0.81069623307204497,1.68610837279479988E-016)
   3.1415926535897931       -1.5707963267948966     
       (0.81095576604486552,-2.90502176420499258E-016)
   3.1415926535897931        0.0000000000000000     
       (0.62911066724820508,-9.56277010436839887E-017)
   3.1415926535897931        1.5707963267948966     
       (0.81095576604486574,-2.17161133796384386E-016)
   3.1415926535897931        3.1415926535897931     
        (3.5697538760700587,-8.28940297218973589E-016)
   1.0000000000000000                1          16
               (0.0000000000000000,0.0000000000000000)
  -1.5707963267948966       -1.5707963267948966     
        (0.62547936645366997,6.25418860269142402E-016)
  -1.5707963267948966        0.0000000000000000     
        (0.42373793307539953,7.94625610471403021E-016)
  -1.5707963267948966        1.5707963267948966     
        (0.62992625783029821,1.02411994062488135E-015)
  -1.5707963267948966        3.1415926535897931     
        (0.81151818061044545,1.62680844653251494E-015)
   0.0000000000000000       -1.5707963267948966     
        (0.43165546256141596,4.10353714448474775E-016)
   0.0000000000000000        0.0000000000000000     
   (8.33951816840845517E-002,1.69156869459457981E-016)
   0.0000000000000000        1.5707963267948966     
        (0.43165546256141585,3.72475117095911702E-016)
   0.0000000000000000        3.1415926535897931     
        (0.62608999266979826,1.20496543333413321E-015)
   1.5707963267948966       -1.5707963267948966     
        (0.62992625783029843,9.13097638162365696E-016)
   1.5707963267948966        0.0000000000000000     
        (0.42373793307539953,5.80764324527123843E-016)
   1.5707963267948966        1.5707963267948966     
        (0.62547936645367008,7.01176054974268547E-016)
   1.5707963267948966        3.1415926535897931     
        (0.81151818061044545,1.35774503783059241E-015)
   3.1415926535897931       -1.5707963267948966     
        (0.81022297859717096,1.20514238556477911E-015)
   3.1415926535897931        0.0000000000000000     
        (0.63043694348850488,1.18593646466743157E-015)
   3.1415926535897931        1.5707963267948966     
        (0.81022297859717085,9.72974758902813641E-016)
   3.1415926535897931        3.1415926535897931     
         (3.5779535021906232,4.88881293421669122E-015)
   1.0000000000000000                1          16
               (0.0000000000000000,0.0000000000000000)
  -1.5707963267948966       -1.5707963267948966     
       (0.62786011290300459,-1.24969570145823444E-016)
  -1.5707963267948966        0.0000000000000000     
       (0.42458581890102798,-1.47745648139545244E-016)
  -1.5707963267948966        1.5707963267948966     
       (0.62946880495908786,-5.31486743321598711E-016)
  -1.5707963267948966        3.1415926535897931     
       (0.81386948337918552,-1.62101173990045046E-016)
   0.0000000000000000       -1.5707963267948966     
       (0.42722695096632712,-2.82394506810125032E-016)
   0.0000000000000000        0.0000000000000000     
  (8.25811571587382054E-002,-5.21677947425410641E-017)
   0.0000000000000000        1.5707963267948966     
       (0.42722695096632712,-7.01663629437521845E-017)
   0.0000000000000000        3.1415926535897931     
       (0.63695853553441883,-5.64641254997751758E-016)
   1.5707963267948966       -1.5707963267948966     
       (0.62946880495908786,-5.96419578559071564E-017)
   1.5707963267948966        0.0000000000000000     
       (0.42458581890102798,-3.61112061445833624E-016)
   1.5707963267948966        1.5707963267948966     
       (0.62786011290300447,-2.99625677337908893E-016)
   1.5707963267948966        3.1415926535897931     
       (0.81386948337918552,-2.07121894942793291E-016)
   3.1415926535897931       -1.5707963267948966     
       (0.80623128922230081,-2.08944241021896752E-016)
   3.1415926535897931        0.0000000000000000     
       (0.62486485616473342,-1.18422202606276655E-016)
   3.1415926535897931        1.5707963267948966     
       (0.80623128922230081,-3.29783004543070866E-016)
   3.1415926535897931        3.1415926535897931     
        (3.5391563960148940,-2.11015748313642736E-015)
   1.0000000000000000                1          16
               (0.0000000000000000,0.0000000000000000)
  -1.5707963267948966       -1.5707963267948966     
       (0.63408680364409542,-1.57395598366865402E-015)
  -1.5707963267948966        0.0000000000000000     
       (0.43327351389253860,-1.10503338075896654E-015)
  -1.5707963267948966        1.5707963267948966     
       (0.63422174652621699,-1.47986402181630097E-015)
  -1.5707963267948966        3.1415926535897931     
       (0.81399889669513703,-1.41730150577421560E-015)
   0.0000000000000000       -1.5707963267948966     
       (0.42659205843486142,-1.08211410512664037E-015)
   0.0000000000000000        0.0000000000000000     
  (8.14103250224224029E-002,-2.17684023868700871E-016)
   0.0000000000000000        1.5707963267948966     
       (0.42659205843486142,-9.81917037669591220E-016)
   0.0000000000000000        3.1415926535897931     
       (0.63232379428901719,-1.21256587644078034E-015)
   1.5707963267948966       -1.5707963267948966     
       (0.63422174652621688,-1.34108614373815641E-015)
   1.5707963267948966        0.0000000000000000     
       (0.43327351389253849,-1.03981893072171149E-015)
   1.5707963267948966        1.5707963267948966     
       (0.63408680364409553,-1.46903878681083447E-015)
   1.5707963267948966        3.1415926535897931     
       (0.81399889669513747,-1.41172536713049342E-015)
   3.1415926535897931       -1.5707963267948966     
       (0.81665435755550408,-1.62029527682905623E-015)
   3.1415926535897931        0.0000000000000000     
       (0.62666980744633860,-1.42224319176946001E-015)
   3.1415926535897931        1.5707963267948966     
       (0.81665435755550431,-1.79765396552829621E-015)
   3.1415926535897931        3.1415926535897931     
        (3.6243064368313203,-8.15090788926784334E-015)
   1.0000000000000000                1          16
               (0.0000000000000000,0.0000000000000000)
  -1.5707963267948966       -1.5707963267948966     
       (0.62771662087137736,-7.98362399046443261E-016)
  -1.5707963267948966        0.0000000000000000     
       (0.42143362298856130,-5.27339103974427446E-016)
  -1.5707963267948966        1.5707963267948966     
       (0.62615695272869165,-8.16433931890470270E-016)
  -1.5707963267948966        3.1415926535897931     
       (0.80932444992352526,-1.13579434740080534E-015)
   0.0000000000000000       -1.5707963267948966     
       (0.42392868940398537,-6.08136190928617823E-016)
   0.0000000000000000        0.0000000000000000     
  (8.40446088289713011E-002,-1.64353051446371605E-016)
   0.0000000000000000        1.5707963267948966     
       (0.42392868940398548,-5.06797931237704074E-016)
   0.0000000000000000        3.1415926535897931     
       (0.62809152494306209,-1.08318855785282043E-015)
   1.5707963267948966       -1.5707963267948966     
       (0.62615695272869165,-8.71945083121728097E-016)
   1.5707963267948966        0.0000000000000000     
       (0.42143362298856141,-5.74578420943572946E-016)
   1.5707963267948966        1.5707963267948966     
       (0.62771662087137736,-9.17772191581384020E-016)
   1.5707963267948966        3.1415926535897931     
       (0.80932444992352570,-1.34669758993374418E-015)
   3.1415926535897931       -1.5707963267948966     
       (0.80840221155617664,-1.00639829231902452E-015)
   3.1415926535897931        0.0000000000000000     
       (0.62373333192363334,-9.22382926587863877E-016)
   3.1415926535897931        1.5707963267948966     
       (0.80840221155617664,-1.29363809124691536E-015)
   3.1415926535897931        3.1415926535897931     
        (3.5283028115453328,-4.19177697027664188E-015)
   1.0000000000000000                1          16
               (0.0000000000000000,0.0000000000000000)
  -1.5707963267948966       -1.5707963267948966     
        (0.62719176696354362,1.03189305822827336E-015)
  -1.5707963267948966        0.0000000000000000     
        (0.42296115281058766,6.34944717574830515E-016)
  -1.5707963267948966        1.5707963267948966     
        (0.62746247151305301,1.01373219870716387E-015)
  -1.5707963267948966        3.1415926535897931     
        (0.81029146692325560,1.23424666868759114E-015)
   0.0000000000000000       -1.5707963267948966     
        (0.42233404065661284,5.87010757238758465E-016)
   0.0000000000000000        0.0000000000000000     
   (8.36702450978085155E-002,1.74434146398679597E-016)
   0.0000000000000000        1.5707963267948966     
        (0.42233404065661273,5.21904889912981214E-016)
   0.0000000000000000        3.1415926535897931     
        (0.62777555800329921,8.60497068966151749E-016)
   1.5707963267948966       -1.5707963267948966     
        (0.62746247151305301,1.06924334993842170E-015)
   1.5707963267948966        0.0000000000000000     
        (0.42296115281058766,8.09908718801046316E-016)
   1.5707963267948966        1.5707963267948966     
        (0.62719176696354362,1.21761594411108569E-015)
   1.5707963267948966        3.1415926535897931     
        (0.81029146692325538,1.13450732961313833E-015)
   3.1415926535897931       -1.5707963267948966     
        (0.81124290378612796,1.18803870468807504E-015)
   3.1415926535897931        0.0000000000000000     
        (0.62457077089256352,1.06455832333197570E-015)
   3.1415926535897931        1.5707963267948966     
        (0.81124290378612818,1.03966611051541105E-015)
   3.1415926535897931        3.1415926535897931     
         (3.5282402927267098,4.56402865733864716E-015)
   1.0000000000000000                1          16
               (0.0000000000000000,0.0000000000000000)
  -1.5707963267948966       -1.5707963267948966     
        (0.62414991416894083,5.79330024528038507E-016)
  -1.5707963267948966        0.0000000000000000     
        (0.42068250313493794,3.55316426864218515E-016)
  -1.5707963267948966        1.5707963267948966     
        (0.62690359497438786,2.55843126228716347E-016)
  -1.5707963267948966        3.1415926535897931     
        (0.81967358541791790,4.43176187140278669E-016)
   0.0000000000000000       -1.5707963267948966     
        (0.42742114680585863,3.45691754051417719E-016)
   0.0000000000000000        0.0000000000000000     
   (8.30234710745960391E-002,1.57990361825055109E-016)
   0.0000000000000000        1.5707963267948966     
        (0.42742114680585863,1.14067140038161585E-016)
   0.0000000000000000        3.1415926535897931     
        (0.63601742314387832,3.38373393982379583E-016)
   1.5707963267948966       -1.5707963267948966     
        (0.62690359497438775,4.22376579922489828E-016)
   1.5707963267948966        0.0000000000000000     
        (0.42068250313493805,2.52124702196553987E-016)
   1.5707963267948966        1.5707963267948966     
        (0.62414991416894072,2.65423135316941148E-016)
   1.5707963267948966        3.1415926535897931     
        (0.81967358541791790,1.04671324098583364E-017)
   3.1415926535897931       -1.5707963267948966     
        (0.80714092956239492,6.69178652350739831E-016)
   3.1415926535897931        0.0000000000000000     
        (0.63045849495374928,5.22572176703329798E-016)
   3.1415926535897931        1.5707963267948966     
        (0.80714092956239492,3.82042887106225894E-016)
   3.1415926535897931        3.1415926535897931     
        (3.5371754031438796,-8.47175435605050325E-016)
   1.0000000000000000                1          16
               (0.0000000000000000,0.0000000000000000)
  -1.5707963267948966       -1.5707963267948966     
       (0.63453954183534744,-1.68347504501464678E-017)
  -1.5707963267948966        0.0000000000000000     
       (0.42305212376836632,-4.31657497347329929E-017)
  -1.5707963267948966        1.5707963267948966     
        (0.62588510067158898,4.10038231366509555E-016)
  -1.5707963267948966        3.1415926535897931     
        (0.81935842141674720,5.88000688933241111E-016)
   0.0000000000000000       -1.5707963267948966     
        (0.42983911604311509,8.09540156981075915E-017)
   0.0000000000000000        0.0000000000000000     
  (8.24567784463068609E-002,-7.18951766346483561E-017)
   0.0000000000000000        1.5707963267948966     
        (0.42983911604311487,9.81702437315141848E-017)
   0.0000000000000000        3.1415926535897931     
        (0.63563795792211963,1.12021616986456164E-015)
   1.5707963267948966       -1.5707963267948966     
        (0.62588510067158887,3.54527080135251728E-016)
   1.5707963267948966        0.0000000000000000     
        (0.42305212376836632,2.42519707897177264E-016)
   1.5707963267948966        1.5707963267948966     
        (0.63453954183534733,3.92822003333102962E-016)
   1.5707963267948966        3.1415926535897931     
        (0.81935842141674720,7.07110036135765013E-016)
   3.1415926535897931       -1.5707963267948966     
        (0.80720747725604791,5.14503877965947863E-016)
   3.1415926535897931        0.0000000000000000     
       (0.63087936842203063,-1.57222900894443123E-016)
   3.1415926535897931        1.5707963267948966     
        (0.80720747725604813,4.20697803536838851E-016)
   3.1415926535897931        3.1415926535897931     
         (3.5907051141895927,2.97791684591770423E-015)
   1.0000000000000000                1          16
               (0.0000000000000000,0.0000000000000000)
  -1.5707963267948966       -1.5707963267948966     
       (0.62389504995330336,-3.31466261624560942E-016)
  -1.5707963267948966        0.0000000000000000     
       (0.42059368950829046,-3.11190348991040759E-016)
  -1.5707963267948966        1.5707963267948966     
       (0.62377201757391176,-4.89103542182905874E-016)
  -1.5707963267948966        3.1415926535897931     
       (0.79994908844713519,-2.27708368112283764E-016)
   0.0000000000000000       -1.5707963267948966     
       (0.42086935908519119,-3.80749003141690627E-016)
   0.0000000000000000        0.0000000000000000     
  (7.92251743184805846E-002,-1.24839713464739639E-016)
   0.0000000000000000        1.5707963267948966     
       (0.42086935908519130,-3.06378449430232534E-016)
   0.0000000000000000        3.1415926535897931     
       (0.61910098149517501,-1.54966711303500899E-016)
   1.5707963267948966       -1.5707963267948966     
       (0.62377201757391187,-2.11547786026616690E-016)
   1.5707963267948966        0.0000000000000000     
       (0.42059368950829046,-2.47185670422314191E-016)
   1.5707963267948966        1.5707963267948966     
       (0.62389504995330336,-2.85918339738074832E-016)
   1.5707963267948966        3.1415926535897931     
       (0.79994908844713497,-4.35333071261306107E-016)
   3.1415926535897931       -1.5707963267948966     
       (0.80240724397493002,-1.67600571352087942E-016)
   3.1415926535897931        0.0000000000000000     
       (0.62325237679698842,-3.45367479349772662E-016)
   3.1415926535897931        1.5707963267948966     
       (0.80240724397493002,-2.59763471334403256E-016)
   3.1415926535897931        3.1415926535897931     
        (3.4650000206328193,-1.73182368954684431E-015)
   1.0000000000000000                1          16
               (0.0000000000000000,0.0000000000000000)
  -1.5707963267948966       -1.5707963267948966     
       (0.69476309773092670,-6.61093856810324899E-016)
  -1.5707963267948966        0.0000000000000000     
       (0.44520158741365068,-4.37661810002525110E-016)
  -1.5707963267948966        1.5707963267948966     
        (0.66328627791114991,3.85523333309540443E-016)
  -1.5707963267948966        3.1415926535897931     
        (0.82084118675910855,1.99023582724284883E-015)
   0.0000000000000000       -1.5707963267948966     
        (0.45084059948954525,6.37385622831712647E-016)
   0.0000000000000000        0.0000000000000000     
  (8.17163361747027250E-002,-2.29967275305106515E-018)
   0.0000000000000000        1.5707963267948966     
        (0.45084059948954514,6.73235881721374981E-016)
   0.0000000000000000        3.1415926535897931     
       (0.63778515406026925,-3.28572971660392767E-015)
   1.5707963267948966       -1.5707963267948966     
        (0.66328627791114991,5.52056787003313973E-016)
   1.5707963267948966        0.0000000000000000     
       (0.44520158741365068,-6.47963815315739689E-016)
   1.5707963267948966        1.5707963267948966     
       (0.69476309773092648,-5.66260920895875988E-016)
   1.5707963267948966        3.1415926535897931     
        (0.82084118675910811,1.90198488005400473E-015)
   3.1415926535897931       -1.5707963267948966     
       (0.88977336709547461,-7.70054050291328521E-016)
   3.1415926535897931        0.0000000000000000     
        (0.61691563376328096,1.29218702677481865E-015)
   3.1415926535897931        1.5707963267948966     
       (0.88977336709547439,-9.28492820711068680E-016)
   3.1415926535897931        3.1415926535897931     
         (4.2582763562033552,8.95412267034946534E-015)
   1.0000000000000000                1          16
               (0.0000000000000000,0.0000000000000000)
  -1.5707963267948966       -1.5707963267948966     
       (0.62306812595042704,-1.23389096152510705E-016)
  -1.5707963267948966        0.0000000000000000     
       (0.42187793677302710,-2.93210696713420341E-016)
  -1.5707963267948966        1.5707963267948966     
       (0.62481574877482071,-1.98199076505863203E-016)
  -1.5707963267948966        3.1415926535897931     
        (0.81158030096416556,4.68127501287664566E-018)
   0.0000000000000000       -1.5707963267948966     
       (0.42653514122626413,-2.00028396673988934E-016)
   0.0000000000000000        0.0000000000000000     
   (8.50468283079754694E-002,1.20713187453508155E-017)
   0.0000000000000000        1.5707963267948966     
       (0.42653514122626424,-6.97072650893786082E-017)
   0.0000000000000000        3.1415926535897931     
       (0.62857520417601898,-1.31587226176795893E-016)
   1.5707963267948966       -1.5707963267948966     
       (0.62481574877482082,-2.53710227737121030E-016)
   1.5707963267948966        0.0000000000000000     
       (0.42187793677302710,-3.40468003169987902E-016)
   1.5707963267948966        1.5707963267948966     
       (0.62306812595042682,-3.00764632474844640E-016)
   1.5707963267948966        3.1415926535897931     
       (0.81158030096416556,-1.46284709976943565E-016)
   3.1415926535897931       -1.5707963267948966     
       (0.80389759392951232,-2.63996294398780978E-016)
   3.1415926535897931        0.0000000000000000     
       (0.62391353063849153,-3.53991458949784046E-016)
   3.1415926535897931        1.5707963267948966     
       (0.80389759392951254,-3.55719767739201985E-016)
   3.1415926535897931        3.1415926535897931     
         (3.4600470328119655,3.94837369293309364E-016)
   1.0000000000000000                1          16
               (0.0000000000000000,0.0000000000000000)
  -1.5707963267948966       -1.5707963267948966     
       (0.63408448929002481,-6.56490487262335689E-016)
  -1.5707963267948966        0.0000000000000000     
       (0.43706177727001533,-8.54644559238884750E-017)
  -1.5707963267948966        1.5707963267948966     
       (0.63091693378260549,-1.11752331392965623E-015)
  -1.5707963267948966        3.1415926535897931     
       (0.81951755155821870,-8.46627637774772722E-016)
   0.0000000000000000       -1.5707963267948966     
       (0.42565584252949490,-6.11794182647965323E-016)
   0.0000000000000000        0.0000000000000000     
  (7.98679266503034835E-002,-1.07942615838842277E-016)
   0.0000000000000000        1.5707963267948966     
       (0.42565584252949490,-4.56072687752562834E-016)
   0.0000000000000000        3.1415926535897931     
       (0.62485529345166135,-9.91353606780222571E-016)
   1.5707963267948966       -1.5707963267948966     
       (0.63091693378260538,-8.12211982157738178E-016)
   1.5707963267948966        0.0000000000000000     
        (0.43706177727001522,3.43508833246920226E-017)
   1.5707963267948966        1.5707963267948966     
       (0.63408448929002492,-6.90377720896851629E-016)
   1.5707963267948966        3.1415926535897931     
       (0.81951755155821870,-8.41522194477180674E-016)
   3.1415926535897931       -1.5707963267948966     
       (0.82599345283561010,-6.78117292677594142E-016)
   3.1415926535897931        0.0000000000000000     
        (0.65065443949505020,1.00986845023162382E-015)
   3.1415926535897931        1.5707963267948966     
       (0.82599345283561032,-7.16684827091593950E-016)
   3.1415926535897931        3.1415926535897931     
        (3.6504992857549268,-2.26651494854313929E-015)
   1.0000000000000000                1          16
               (0.0000000000000000,0.0000000000000000)
  -1.5707963267948966       -1.5707963267948966     
       (0.62470754335977607,-4.71060102812436485E-017)
  -1.5707963267948966        0.0000000000000000     
       (0.42430224049569354,-1.16010216706706827E-016)
  -1.5707963267948966        1.5707963267948966     
        (0.63007841642359796,1.01799391633449936E-016)
  -1.5707963267948966        3.1415926535897931     
        (0.82085007917572228,1.29171901557365935E-016)
   0.0000000000000000       -1.5707963267948966     
       (0.43101934365138039,-5.51022662917320575E-017)
   0.0000000000000000        0.0000000000000000     
  (8.04765476798840196E-002,-9.22092983886198133E-018)
   0.0000000000000000        1.5707963267948966     
       (0.43101934365138050,-2.59518819437683469E-016)
   0.0000000000000000        3.1415926535897931     
       (0.62850408759466903,-4.80007420769623502E-017)
   1.5707963267948966       -1.5707963267948966     
        (0.63007841642359796,1.85326647865631959E-017)
   1.5707963267948966        0.0000000000000000     
       (0.42430224049569354,-5.20277441230260593E-017)
   1.5707963267948966        1.5707963267948966     
        (0.62470754335977619,1.39682491085627867E-016)
   1.5707963267948966        3.1415926535897931     
        (0.82085007917572250,8.16940940948476528E-017)
   3.1415926535897931       -1.5707963267948966     
       (0.81148871496777519,-2.04007668206425642E-016)
   3.1415926535897931        0.0000000000000000     
       (0.62978075666724864,-4.45015982290793412E-016)
   3.1415926535897931        1.5707963267948966     
       (0.81148871496777519,-4.91690948199263795E-016)
   3.1415926535897931        3.1415926535897931     
        (3.6016993034502809,-2.66807888540518732E-015)
   1.0000000000000000                1          16
               (0.0000000000000000,0.0000000000000000)
  -1.5707963267948966       -1.5707963267948966     
       (0.65918383204799225,-1.35474759270875174E-015)
  -1.5707963267948966        0.0000000000000000     
       (0.42435781065860323,-1.43273236606046816E-015)
  -1.5707963267948966        1.5707963267948966     
       (0.67568103495936704,-9.75673630144390214E-016)
  -1.5707963267948966        3.1415926535897931     
       (0.81494725890022046,-1.17647157976457322E-015)
   0.0000000000000000       -1.5707963267948966     
       (0.43461885788686527,-3.02588130653339486E-015)
   0.0000000000000000        0.0000000000000000     
   (8.56665726158125362E-002,1.87589091995791834E-016)
   0.0000000000000000        1.5707963267948966     
       (0.43461885788686538,-3.18291066417272528E-015)
   0.0000000000000000        3.1415926535897931     
        (0.68177767620550267,4.60385110097238412E-016)
   1.5707963267948966       -1.5707963267948966     
       (0.67568103495936693,-1.36425168876319500E-015)
   1.5707963267948966        0.0000000000000000     
       (0.42435781065860323,-1.53517633423593270E-015)
   1.5707963267948966        1.5707963267948966     
       (0.65918383204799225,-1.29048905797075153E-015)
   1.5707963267948966        3.1415926535897931     
       (0.81494725890022024,-1.58024052495226970E-015)
   3.1415926535897931       -1.5707963267948966     
       (0.81138598238282100,-3.79597526994204916E-016)
   3.1415926535897931        0.0000000000000000     
       (0.62295421820783659,-3.19283030064040005E-016)
   3.1415926535897931        1.5707963267948966     
       (0.81138598238282100,-8.69693792021081997E-016)
   3.1415926535897931        3.1415926535897931     
        (3.9159005387260448,-1.21481994425810391E-014)
   1.0000000000000000                1          16
               (0.0000000000000000,0.0000000000000000)
  -1.5707963267948966       -1.5707963267948966     
       (0.63370556564453562,-1.89268742888838338E-016)
  -1.5707963267948966        0.0000000000000000     
       (0.42414126214578229,-4.40713014929629186E-016)
  -1.5707963267948966        1.5707963267948966     
       (0.62762063472223883,-2.62440838241499943E-016)
  -1.5707963267948966        3.1415926535897931     
       (0.82000182538180333,-7.38103108049381998E-016)
   0.0000000000000000       -1.5707963267948966     
       (0.42822620656695332,-2.73745570516151315E-016)
   0.0000000000000000        0.0000000000000000     
  (8.36888737900649826E-002,-1.57834627260022298E-016)
   0.0000000000000000        1.5707963267948966     
       (0.42822620656695332,-4.22618080088520994E-016)
   0.0000000000000000        3.1415926535897931     
       (0.63170686787628461,-5.95807622906729431E-016)
   1.5707963267948966       -1.5707963267948966     
       (0.62762063472223872,-2.62440838241499943E-016)
   1.5707963267948966        0.0000000000000000     
       (0.42414126214578229,-1.54891698759413259E-016)
   1.5707963267948966        1.5707963267948966     
        (0.63370556564453584,2.47254154334045661E-016)
   1.5707963267948966        3.1415926535897931     
       (0.82000182538180333,-7.28990890635923531E-016)
   3.1415926535897931       -1.5707963267948966     
       (0.81476693503878750,-2.56084626394747513E-016)
   3.1415926535897931        0.0000000000000000     
       (0.62960681152586107,-1.00292409819838303E-016)
   3.1415926535897931        1.5707963267948966     
       (0.81476693503878772,-6.54757316507777462E-016)
   3.1415926535897931        3.1415926535897931     
         (3.5791806718570678,2.34772732963838643E-017)
   1.0000000000000000                1          16
               (0.0000000000000000,0.0000000000000000)
  -1.5707963267948966       -1.5707963267948966     
        (0.62289757844333560,2.40340858549312474E-016)
  -1.5707963267948966        0.0000000000000000     
        (0.42665958925059011,2.97084722054796364E-016)
  -1.5707963267948966        1.5707963267948966     
        (0.62248506357198941,1.37973473229309172E-016)
  -1.5707963267948966        3.1415926535897931     
       (0.81323590446261018,-1.06014594990444288E-016)
   0.0000000000000000       -1.5707963267948966     
        (0.42286991960129838,1.02276378074792769E-016)
   0.0000000000000000        0.0000000000000000     
   (8.14364190223701434E-002,1.11031889580770134E-016)
   0.0000000000000000        1.5707963267948966     
        (0.42286991960129849,9.36214609322803924E-017)
   0.0000000000000000        3.1415926535897931     
        (0.62310541189105795,2.86741755041144599E-016)
   1.5707963267948966       -1.5707963267948966     
        (0.62248506357198941,1.65729048844938085E-016)
   1.5707963267948966        0.0000000000000000     
        (0.42665958925059022,2.50484507369192324E-016)
   1.5707963267948966        1.5707963267948966     
        (0.62289757844333593,2.57650692834337227E-016)
   1.5707963267948966        3.1415926535897931     
       (0.81323590446260974,-2.03635849383712845E-016)
   3.1415926535897931       -1.5707963267948966     
        (0.81091344371030971,3.98932792704198466E-016)
   3.1415926535897931        0.0000000000000000     
       (0.62635612189060252,-4.00456070008553688E-017)
   3.1415926535897931        1.5707963267948966     
        (0.81091344371030982,2.51499997483541546E-016)
   3.1415926535897931        3.1415926535897931     
        (3.5042083660189034,-2.61860103135332609E-016)
   1.0000000000000000                1          16
               (0.0000000000000000,0.0000000000000000)
  -1.5707963267948966       -1.5707963267948966     
       (0.62705557343068108,-2.73682885788616077E-017)
  -1.5707963267948966        0.0000000000000000     
       (0.42557560905533920,-6.10338819752328332E-017)
  -1.5707963267948966        1.5707963267948966     
       (0.62720944727927719,-1.01016258903767142E-016)
  -1.5707963267948966        3.1415926535897931     
        (0.81134238791648372,2.48348286255731859E-017)
   0.0000000000000000       -1.5707963267948966     
        (0.42570054015962411,6.41922737413143689E-017)
   0.0000000000000000        0.0000000000000000     
  (8.27911945190534238E-002,-1.08149500877999275E-016)
   0.0000000000000000        1.5707963267948966     
        (0.42570054015962389,5.45735172193331753E-017)
   0.0000000000000000        3.1415926535897931     
        (0.62397977092403090,3.02395220041751367E-016)
   1.5707963267948966       -1.5707963267948966     
        (0.62720944727927741,1.00060435587485117E-017)
   1.5707963267948966        0.0000000000000000     
        (0.42557560905533920,3.03946395970723959E-018)
   1.5707963267948966        1.5707963267948966     
        (0.62705557343068097,2.13913829390132112E-016)
   1.5707963267948966        3.1415926535897931     
       (0.81134238791648394,-7.60352288703719357E-017)
   3.1415926535897931       -1.5707963267948966     
       (0.81486000242579815,-2.86932096275535652E-017)
   3.1415926535897931        0.0000000000000000     
       (0.62852877249712824,-8.05327312525541841E-017)
   3.1415926535897931        1.5707963267948966     
       (0.81486000242579792,-2.32600995458937178E-016)
   3.1415926535897931        3.1415926535897931     
        (3.5526039549748938,-1.99788858986570044E-015)
   1.0000000000000000                1          16
               (0.0000000000000000,0.0000000000000000)
  -1.5707963267948966       -1.5707963267948966     
       (0.62494780094623303,-7.77751444159414770E-017)
  -1.5707963267948966        0.0000000000000000     
       (0.42600518081309091,-2.01370023216722634E-017)
  -1.5707963267948966        1.5707963267948966     
       (0.62535330664604549,-2.34633131701873289E-016)
  -1.5707963267948966        3.1415926535897931     
       (0.80874275737829349,-3.79729664693123662E-016)
   0.0000000000000000       -1.5707963267948966     
        (0.42414069658627529,5.90596234042061856E-017)
   0.0000000000000000        0.0000000000000000     
  (7.86191260030499606E-002,-5.90464836769347268E-017)
   0.0000000000000000        1.5707963267948966     
       (0.42414069658627529,-1.17149296697408940E-016)
   0.0000000000000000        3.1415926535897931     
       (0.62539141925547259,-2.08186601379009974E-016)
   1.5707963267948966       -1.5707963267948966     
       (0.62535330664604527,-5.39944463473791338E-016)
   1.5707963267948966        0.0000000000000000     
       (0.42600518081309091,-2.33772434544646072E-016)
   1.5707963267948966        1.5707963267948966     
       (0.62494780094623303,-8.61797872158871015E-017)
   1.5707963267948966        3.1415926535897931     
       (0.80874275737829304,-4.25195606314565592E-016)
   3.1415926535897931       -1.5707963267948966     
        (0.81272717692473584,7.71397326119934670E-017)
   3.1415926535897931        0.0000000000000000     
       (0.63605902346347387,-4.65830916255001133E-016)
   3.1415926535897931        1.5707963267948966     
       (0.81272717692473573,-1.26824763105250560E-016)
   3.1415926535897931        3.1415926535897931     
        (3.5477410655974850,-9.25620811076217584E-016)
   1.0000000000000000                1          16
               (0.0000000000000000,0.0000000000000000)
  -1.5707963267948966       -1.5707963267948966     
        (0.62911744842243578,6.43768977857716564E-016)
  -1.5707963267948966        0.0000000000000000     
        (0.42415334241852126,5.28549467864003177E-016)
  -1.5707963267948966        1.5707963267948966     
        (0.62658830331037740,7.09251077140206892E-016)
  -1.5707963267948966        3.1415926535897931     
        (0.81167886028308933,8.18332258806038425E-016)
   0.0000000000000000       -1.5707963267948966     
        (0.42677713939156786,7.25146541090298454E-016)
   0.0000000000000000        0.0000000000000000     
   (8.09115284810038582E-002,1.49891694934414052E-016)
   0.0000000000000000        1.5707963267948966     
        (0.42677713939156786,5.20886563729663557E-016)
   0.0000000000000000        3.1415926535897931     
        (0.62733247520274904,8.91008514546260547E-016)
   1.5707963267948966       -1.5707963267948966     
        (0.62658830331037729,6.81495501524577979E-016)
   1.5707963267948966        0.0000000000000000     
        (0.42415334241852115,4.81583247577047586E-016)
   1.5707963267948966        1.5707963267948966     
        (0.62911744842243589,7.46977600807068209E-016)
   1.5707963267948966        3.1415926535897931     
        (0.81167886028308933,8.83430956639218020E-016)
   3.1415926535897931       -1.5707963267948966     
        (0.80847276726297235,1.13150922727349975E-015)
   3.1415926535897931        0.0000000000000000     
        (0.62784584384811071,8.78879630012348496E-016)
   3.1415926535897931        1.5707963267948966     
        (0.80847276726297235,6.21937918140946808E-016)
   3.1415926535897931        3.1415926535897931     
         (3.5591464195848235,3.38007261757717509E-015)
   1.0000000000000000                1          16
               (0.0000000000000000,0.0000000000000000)
  -1.5707963267948966       -1.5707963267948966     
       (0.62944133608930941,-1.32108351382326439E-015)
  -1.5707963267948966        0.0000000000000000     
       (0.43188701309146205,-1.20672255998834847E-015)
  -1.5707963267948966        1.5707963267948966     
       (0.62833336990344291,-1.72756850881283875E-015)
  -1.5707963267948966        3.1415926535897931     
       (0.81073218342723452,-1.91552797315646654E-015)
   0.0000000000000000       -1.5707963267948966     
       (0.42511774867187135,-1.02918694531980838E-015)
   0.0000000000000000        0.0000000000000000     
  (8.36702396949615401E-002,-1.88260065056433201E-016)
   0.0000000000000000        1.5707963267948966     
       (0.42511774867187113,-6.78213101561491948E-016)
   0.0000000000000000        3.1415926535897931     
       (0.62402312272061811,-1.38524283956378702E-015)
   1.5707963267948966       -1.5707963267948966     
       (0.62833336990344291,-1.45001275265654961E-015)
   1.5707963267948966        0.0000000000000000     
       (0.43188701309146205,-1.14198797483803011E-015)
   1.5707963267948966        1.5707963267948966     
       (0.62944133608930930,-1.55118641587420592E-015)
   1.5707963267948966        3.1415926535897931     
       (0.81073218342723408,-1.79533804674299927E-015)
   3.1415926535897931       -1.5707963267948966     
       (0.81408455244647127,-2.34354763849922686E-015)
   3.1415926535897931        0.0000000000000000     
       (0.62947367949740385,-1.97190802763206605E-015)
   3.1415926535897931        1.5707963267948966     
       (0.81408455244647115,-2.40890742897534384E-015)
   3.1415926535897931        3.1415926535897931     
        (3.5674202756780691,-6.98864822383141459E-015)
   1.0000000000000000                1          16
               (0.0000000000000000,0.0000000000000000)
  -1.5707963267948966       -1.5707963267948966     
       (0.62903218102915037,-9.92991877377569031E-016)
  -1.5707963267948966        0.0000000000000000     
       (0.42702783730369354,-5.80154608759875088E-016)
  -1.5707963267948966        1.5707963267948966     
       (0.62780786452212634,-7.88169134104651850E-016)
  -1.5707963267948966        3.1415926535897931     
       (0.81239933467668080,-8.33571093503082153E-016)
   0.0000000000000000       -1.5707963267948966     
       (0.42437990316717422,-7.19242879965366543E-016)
   0.0000000000000000        0.0000000000000000     
   (8.41812865305244518E-002,4.99145014470831262E-017)
   0.0000000000000000        1.5707963267948966     
       (0.42437990316717400,-5.63243140235107750E-016)
   0.0000000000000000        3.1415926535897931     
       (0.62927833604244754,-5.12808424001667368E-016)
   1.5707963267948966       -1.5707963267948966     
       (0.62780786452212634,-1.14899161710782773E-015)
   1.5707963267948966        0.0000000000000000     
       (0.42702783730369342,-7.38325637057060129E-016)
   1.5707963267948966        1.5707963267948966     
       (0.62903218102915026,-1.13845790314431314E-015)
   1.5707963267948966        3.1415926535897931     
       (0.81239933467668080,-1.26987386136649164E-015)
   3.1415926535897931       -1.5707963267948966     
       (0.80982037385678007,-1.28488810624145940E-015)
   3.1415926535897931        0.0000000000000000     
       (0.63330561735194002,-1.48578707326258332E-015)
   3.1415926535897931        1.5707963267948966     
       (0.80982037385678007,-1.32317739582060310E-015)
   3.1415926535897931        3.1415926535897931     
        (3.5880557781044087,-7.12814432907618699E-015)
   1.0000000000000000                1          16
               (0.0000000000000000,0.0000000000000000)
  -1.5707963267948966       -1.5707963267948966     
        (0.64243478723755099,6.85443524074440650E-016)
  -1.5707963267948966        0.0000000000000000     
        (0.43049876110146446,1.68800180025097086E-016)
  -1.5707963267948966        1.5707963267948966     
       (0.63013706975003425,-5.38939935713251200E-017)
  -1.5707963267948966        3.1415926535897931     
        (0.81926027226886589,7.32663649756253706E-016)
   0.0000000000000000       -1.5707963267948966     
        (0.43152420606184727,2.94847898292278332E-016)
   0.0000000000000000        0.0000000000000000     
   (7.92088071533841864E-002,2.50654617812253035E-017)
   0.0000000000000000        1.5707963267948966     
        (0.43152420606184727,2.29273723084805610E-016)
   0.0000000000000000        3.1415926535897931     
        (0.62894271788687051,4.96394863209996783E-016)
   1.5707963267948966       -1.5707963267948966     
        (0.63013706975003436,1.95906186969335102E-016)
   1.5707963267948966        0.0000000000000000     
        (0.43049876110146457,6.73538200389869874E-017)
   1.5707963267948966        1.5707963267948966     
        (0.64243478723755099,5.11280542717468045E-016)
   1.5707963267948966        3.1415926535897931     
        (0.81926027226886611,6.86110477673278359E-016)
   3.1415926535897931       -1.5707963267948966     
        (0.81430633824219500,2.01518147469176697E-016)
   3.1415926535897931        0.0000000000000000     
       (0.62540170643493409,-2.72298647172225093E-016)
   3.1415926535897931        1.5707963267948966     
        (0.81430633824219478,8.04328210304461481E-017)
   3.1415926535897931        3.1415926535897931     
         (3.5829806176466179,4.95360633334166007E-015)
   1.0000000000000000                1          16
               (0.0000000000000000,0.0000000000000000)
  -1.5707963267948966       -1.5707963267948966     
       (0.63125651952907302,-5.57450232730368633E-018)
  -1.5707963267948966        0.0000000000000000     
        (0.42318332281859250,1.94141706097289544E-016)
  -1.5707963267948966        1.5707963267948966     
        (0.63021044725034092,2.26112015451630680E-016)
  -1.5707963267948966        3.1415926535897931     
        (0.81792616835635801,2.27279782347968613E-016)
   0.0000000000000000       -1.5707963267948966     
        (0.43010853441786479,1.46313337081666263E-017)
   0.0000000000000000        0.0000000000000000     
   (8.22416559003489311E-002,1.00040142141896992E-016)
   0.0000000000000000        1.5707963267948966     
        (0.43010853441786479,1.71522874548037083E-016)
   0.0000000000000000        3.1415926535897931     
        (0.63514588300968600,3.42493616086856524E-016)
   1.5707963267948966       -1.5707963267948966     
        (0.63021044725034103,1.15089712989115001E-016)
   1.5707963267948966        0.0000000000000000     
        (0.42318332281859239,9.15338079795990537E-017)
   1.5707963267948966        1.5707963267948966     
       (0.63125651952907302,-1.25068554697642180E-016)
   1.5707963267948966        3.1415926535897931     
       (0.81792616835635801,-3.86838755327727548E-017)
   3.1415926535897931       -1.5707963267948966     
        (0.80634711638979417,1.43767298932408169E-016)
   3.1415926535897931        0.0000000000000000     
        (0.62670733836692893,2.87779449896698925E-016)
   3.1415926535897931        1.5707963267948966     
        (0.80634711638979406,3.00658839772278586E-016)
   3.1415926535897931        3.1415926535897931     
         (3.5310908147465878,3.82163725872374209E-016)
   1.0000000000000000                1          16
               (0.0000000000000000,0.0000000000000000)
  -1.5707963267948966       -1.5707963267948966     
        (0.62343269552500757,8.07811920201991735E-016)
  -1.5707963267948966        0.0000000000000000     
        (0.41912031481861173,3.77455355467845667E-016)
  -1.5707963267948966        1.5707963267948966     
        (0.62421368349353501,6.22143574287304143E-016)
  -1.5707963267948966        3.1415926535897931     
        (0.81267835487237816,1.06011456199496666E-015)
   0.0000000000000000       -1.5707963267948966     
        (0.42792721577141329,6.72801033536797737E-016)
   0.0000000000000000        0.0000000000000000     
   (8.05919131843952086E-002,8.89664256903304741E-017)
   0.0000000000000000        1.5707963267948966     
        (0.42792721577141329,4.69891320832680539E-016)
   0.0000000000000000        3.1415926535897931     
        (0.63260728248556020,6.99985740481033120E-016)
   1.5707963267948966       -1.5707963267948966     
        (0.62421368349353501,7.05410301134190884E-016)
   1.5707963267948966        0.0000000000000000     
        (0.41912031481861173,4.41463786961799290E-016)
   1.5707963267948966        1.5707963267948966     
        (0.62343269552500757,7.97297711375792328E-016)
   1.5707963267948966        3.1415926535897931     
        (0.81267835487237794,8.52445731924512319E-016)
   3.1415926535897931       -1.5707963267948966     
        (0.80465655526776447,8.58469379451485328E-016)
   3.1415926535897931        0.0000000000000000     
        (0.61887759863156044,5.83476861803506167E-016)
   3.1415926535897931        1.5707963267948966     
        (0.80465655526776425,6.00048515516110403E-016)
   3.1415926535897931        3.1415926535897931     
         (3.4776728998087449,3.38264113756929105E-015)
   1.0000000000000000                1          16
               (0.0000000000000000,0.0000000000000000)
  -1.5707963267948966       -1.5707963267948966     
       (0.63014159418567006,-3.34294840283282190E-016)
  -1.5707963267948966        0.0000000000000000     
       (0.42172392172736239,-5.79182782335265548E-017)
  -1.5707963267948966        1.5707963267948966     
       (0.63062602976167892,-1.88663830724500893E-017)
  -1.5707963267948966        3.1415926535897931     
       (0.81623905439720801,-3.82496943617688759E-016)
   0.0000000000000000       -1.5707963267948966     
       (0.43045575837947803,-4.06286476250341069E-016)
   0.0000000000000000        0.0000000000000000     
   (7.88154601112265596E-002,7.40370405139527223E-017)
   0.0000000000000000        1.5707963267948966     
       (0.43045575837947814,-4.71914752920512899E-016)
   0.0000000000000000        3.1415926535897931     
       (0.63572802176325738,-6.55394740377025933E-016)
   1.5707963267948966       -1.5707963267948966     
       (0.63062602976167892,-1.02133109919336830E-016)
   1.5707963267948966        0.0000000000000000     
       (0.42172392172736262,-4.91097974962671450E-017)
   1.5707963267948966        1.5707963267948966     
       (0.63014159418567028,-3.14060589405454085E-016)
   1.5707963267948966        3.1415926535897931     
       (0.81623905439720845,-4.29055166547002824E-016)
   3.1415926535897931       -1.5707963267948966     
       (0.80811150897938699,-2.77625723611110504E-016)
   3.1415926535897931        0.0000000000000000     
       (0.62077897608530452,-2.69880130787790703E-016)
   3.1415926535897931        1.5707963267948966     
       (0.80811150897938699,-5.37543029590684828E-016)
   3.1415926535897931        3.1415926535897931     
        (3.5702353646074090,-2.93371669440924620E-015)
