   -1.570796     -1.570796
  1    1        0.63158465        0.00270611       -0.00000000        0.00000000
   -1.570796      0.000000
  1    1        0.42570007        0.00103807       -0.00000000        0.00000000
   -1.570796      1.570796
  1    1        0.63047497        0.00218200       -0.00000000        0.00000000
   -1.570796      3.141593
  1    1        0.81359674        0.00092408        0.00000000        0.00000000
    0.000000     -1.570796
  1    1        0.42784030        0.00104179       -0.00000000        0.00000000
    0.000000      0.000000
  1    1        0.08185941        0.00037618        0.00000000        0.00000000
    0.000000      1.570796
  1    1        0.42784030        0.00104179       -0.00000000        0.00000000
    0.000000      3.141593
  1    1        0.63121744        0.00207342       -0.00000000        0.00000000
    1.570796     -1.570796
  1    1        0.63047497        0.00218200       -0.00000000        0.00000000
    1.570796      0.000000
  1    1        0.42570007        0.00103807       -0.00000000        0.00000000
    1.570796      1.570796
  1    1        0.63158465        0.00270611       -0.00000000        0.00000000
    1.570796      3.141593
  1    1        0.81359674        0.00092408       -0.00000000        0.00000000
    3.141593     -1.570796
  1    1        0.81301510        0.00297940       -0.00000000        0.00000000
    3.141593      0.000000
  1    1        0.62809173        0.00134705        0.00000000        0.00000000
    3.141593      1.570796
  1    1        0.81301510        0.00297940       -0.00000000        0.00000000
    3.141593      3.141593
  1    1        3.58506440        0.02928098       -0.00000000        0.00000000
