   -1.000000     -1.000000
  1    1        0.15033720        0.00168982        0.00000000        0.00000000
   -1.000000      0.000000
  1    1       -0.26690181        0.00198672       -0.00000000        0.00000000
   -1.000000      1.000000
  1    1        0.15061463        0.00187981       -0.00000000        0.00000000
   -1.000000      2.000000
  1    1       -0.17060810        0.00153939        0.00000000        0.00000000
    0.000000     -1.000000
  1    1       -0.26763275        0.00187883       -0.00000000        0.00000000
    0.000000      0.000000
  1    1        0.77566604        0.00305651       -0.00000000        0.00000000
    0.000000      1.000000
  1    1       -0.26763275        0.00187883        0.00000000        0.00000000
    0.000000      2.000000
  1    1        0.14993729        0.00107295       -0.00000000        0.00000000
    1.000000     -1.000000
  1    1        0.15061463        0.00187981       -0.00000000        0.00000000
    1.000000      0.000000
  1    1       -0.26690181        0.00198672        0.00000000        0.00000000
    1.000000      1.000000
  1    1        0.15033720        0.00168982       -0.00000000        0.00000000
    1.000000      2.000000
  1    1       -0.17060810        0.00153939        0.00000000        0.00000000
    2.000000     -1.000000
  1    1       -0.17065858        0.00195217        0.00000000        0.00000000
    2.000000      0.000000
  1    1        0.15032693        0.00162932       -0.00000000        0.00000000
    2.000000      1.000000
  1    1       -0.17065858        0.00195217        0.00000000        0.00000000
    2.000000      2.000000
  1    1        0.15562799        0.00193188       -0.00000000        0.00000000
