1.333360000000000101e+00
6.176960000000000228e+00
1.183559999999999945e+02
1.058869999999999933e+01
6.284270000000000245e+00
3.658319999999999794e+00
2.119030000000000058e+01
5.529449999999999932e+01
6.368039999999999964e+03
3.058670000000000073e+03
1.786180000000000000e+05
5.723680000000000000e+05
5.715500000000000000e+04
3.354220000000000000e+05
2.251270000000000000e+05
5.055919999999999709e+04
4.521150000000000000e+05
2.457020000000000000e+06
2.306600000000000000e+07
1.737480000000000000e+07
4.491450000000000000e+06
1.080790000000000000e+07
9.942410000000000000e+05
2.418440000000000000e+06
6.467470000000000000e+06
2.753340000000000000e+08
1.805590000000000000e+08
1.028620000000000000e+08
1.249350000000000000e+07
1.507130000000000000e+08
5.886780000000000000e+08
7.262640000000000000e+08
3.073100000000000000e+08
1.958430000000000000e+08
1.924820000000000000e+08
1.611500000000000000e+10
1.802980000000000000e+12
2.379660000000000000e+13
5.056080000000000000e+14
1.945270000000000000e+16
1.038170000000000000e+17
3.958740000000000000e+15
6.271470000000000000e+16
5.182930000000000000e+18
7.276830000000000000e+17
3.511410000000000000e+19
4.840540000000000000e+20
6.918620000000000000e+19
3.379489999999999672e+20
3.284110000000000328e+20
1.414030000000000000e+20
1.739070000000000066e+21
1.874089999999999934e+21
5.228040000000000000e+20
5.863290000000000039e+22
4.226320000000000000e+21
3.485120000000000000e+22
2.538230000000000066e+22
2.934249999999999934e+21
3.334400000000000000e+22
2.539439999999999853e+23
5.201590000000000116e+24
1.079879999999999936e+26
9.079630000000000091e+26
2.607689999999999740e+27
6.367819999999999767e+29
2.533349999999999992e+30
6.605909999999999692e+30
4.356740000000000265e+32
9.607020000000000552e+31
3.570209999999999881e+32
3.064409999999999868e+34
4.102530000000000271e+35
1.098160000000000047e+35
2.283409999999999927e+35
9.106790000000000254e+35
8.998219999999999531e+36
4.568979999999999807e+36
6.977300000000000288e+36
1.976819999999999931e+35
