1.333360000000000101e+00
6.176960000000000228e+00
1.183559999999999945e+02
1.058869999999999933e+01
6.284270000000000245e+00
3.658319999999999794e+00
2.119030000000000058e+01
5.529449999999999932e+01
6.368039999999999964e+03
3.058670000000000073e+03
1.786180000000000000e+05
5.723680000000000000e+05
5.715500000000000000e+04
3.354220000000000000e+05
2.251270000000000000e+05
5.055919999999999709e+04
4.521150000000000000e+05
2.457020000000000000e+06
2.306600000000000000e+07
1.737480000000000000e+07
4.491450000000000000e+06
1.080790000000000000e+07
9.942410000000000000e+05
2.418440000000000000e+06
6.467470000000000000e+06
2.753340000000000000e+08
1.805590000000000000e+08
1.028620000000000000e+08
1.249350000000000000e+07
1.507130000000000000e+08
5.886780000000000000e+08
7.262640000000000000e+08
3.073100000000000000e+08
1.958430000000000000e+08
1.924820000000000000e+08
1.611500000000000000e+10
1.802980000000000000e+12
2.379660000000000000e+13
5.056080000000000000e+14
1.945270000000000000e+16
1.038170000000000000e+17
3.958740000000000000e+15
6.271470000000000000e+16
5.182930000000000000e+18
7.276830000000000000e+17
3.511410000000000000e+19
4.840540000000000000e+20
6.918620000000000000e+19
3.379489999999999672e+20
3.284110000000000328e+20
1.414030000000000000e+20
1.739070000000000066e+21
1.874089999999999934e+21
5.228040000000000000e+20
5.863290000000000039e+22
4.226320000000000000e+21
3.485120000000000000e+22
2.538230000000000066e+22
2.934249999999999934e+21
3.334400000000000000e+22
2.539439999999999853e+23
5.201590000000000116e+24
1.079879999999999936e+26
9.079630000000000091e+26
2.607689999999999740e+27
6.367819999999999767e+29
2.533349999999999992e+30
6.605909999999999692e+30
4.356740000000000265e+32
9.607020000000000552e+31
3.570209999999999881e+32
3.064409999999999868e+34
4.102530000000000271e+35
1.098160000000000047e+35
2.283409999999999927e+35
9.106790000000000254e+35
8.998219999999999531e+36
4.568979999999999807e+36
6.977300000000000288e+36
1.976819999999999931e+35
6.561229999999999762e+34
6.328120000000000075e+35
7.038290000000000551e+36
3.327929999999999732e+36
4.585599999999999841e+36
3.532160000000000017e+36
2.899349999999999778e+36
2.103689999999999905e+37
1.106689999999999980e+36
1.103270000000000077e+37
1.388910000000000099e+39
1.532420000000000097e+39
5.141469999999999759e+38
2.828939999999999999e+37
2.716740000000000114e+37
3.743779999999999760e+38
5.110640000000000325e+38
1.553160000000000044e+39
9.499349999999999615e+37
1.107020000000000065e+39
2.973380000000000163e+38
1.014410000000000086e+38
3.299309999999999939e+37
7.954409999999999858e+38
5.683760000000000360e+38
1.964610000000000060e+39
1.413789999999999956e+41
1.129689999999999911e+41
5.148699999999999819e+42
1.518070000000000019e+44
1.478519999999999921e+43
1.452109999999999981e+44
3.001609999999999689e+45
4.744600000000000238e+46
5.431910000000000005e+47
4.637009999999999858e+47
1.069509999999999954e+46
8.430099999999999530e+44
8.254710000000000494e+44
1.189440000000000039e+44
3.090620000000000210e+43
1.947250000000000015e+45
4.161300000000000074e+43
6.187309999999999924e+40
1.223980000000000080e+41
9.716190000000000043e+39
1.954780000000000075e+39
9.050700000000000511e+40
4.487339999999999992e+40
7.622999999999999945e+41
1.706049999999999922e+41
9.008079999999999108e+40
3.300220000000000269e+42
4.909129999999999752e+42
4.889739999999999682e+41
1.046669999999999956e+42
1.208489999999999963e+42
2.521830000000000168e+41
2.029559999999999900e+43
6.275480000000000386e+42
1.026759999999999991e+42
7.617409999999999830e+41
8.757140000000000033e+40
5.423060000000000166e+40
2.497929999999999879e+41
3.678510000000000203e+40
2.086359999999999976e+40
8.546160000000000007e+39
6.602550000000000151e+39
3.490300000000000008e+39
6.173149999999999648e+38
3.551940000000000158e+38
1.870920000000000106e+38
6.615669999999999853e+36
2.302470000000000144e+39
8.288670000000000123e+39
5.987570000000000102e+39
3.418900000000000100e+40
5.235110000000000108e+40
5.460160000000000303e+41
7.862849999999999433e+42
2.579699999999999983e+43
5.105359999999999620e+43
8.863479999999999844e+43
1.643689999999999936e+44
1.544489999999999970e+45
1.269639999999999932e+45
1.020260000000000034e+44
1.096750000000000066e+45
2.765189999999999770e+43
2.765189999999999770e+43
1.018320000000000050e+44
6.158650000000000025e+44
7.843350000000000325e+46
2.855809999999999843e+47
1.716300000000000120e+48
4.449279999999999942e+47
5.236980000000000400e+47
2.395199999999999836e+49
2.163570000000000000e+48
4.406040000000000178e+49
6.786809999999999917e+50
1.624079999999999873e+51
4.210849999999999952e+50
5.945680000000000173e+50
1.472519999999999928e+50
2.081959999999999825e+47
3.490969999999999921e+47
3.742419999999999766e+48
6.102170000000000192e+47
1.536489999999999992e+50
1.025069999999999945e+49
3.770760000000000310e+47
1.014900000000000100e+47
3.239329999999999985e+47
2.474450000000000175e+47
2.892019999999999958e+48
5.003430000000000008e+48
8.985979999999999413e+47
3.350690000000000104e+48
3.336009999999999907e+48
1.096350000000000034e+47
2.495429999999999937e+47
1.957610000000000050e+48
1.786929999999999876e+48
3.592060000000000302e+48
2.250180000000000131e+48
2.693039999999999959e+46
1.455540000000000097e+46
1.121679999999999972e+46
1.396870000000000050e+46
1.511829999999999901e+46
5.958350000000000392e+45
5.886340000000000191e+43
2.923350000000000077e+43
1.028379999999999951e+43
5.067929999999999758e+42
6.295240000000000180e+44
5.181499999999999983e+43
2.281600000000000015e+43
1.943890000000000146e+42
4.903859999999999858e+42
1.150160000000000108e+43
5.739190000000000206e+42
8.642280000000000177e+41
1.274839999999999950e+41
4.820539999999999773e+41
2.178029999999999919e+40
2.429719999999999997e+41
2.516130000000000092e+41
1.003609999999999951e+42
5.316349999999999952e+41
7.287029999999999841e+43
3.394139999999999988e+44
8.656239999999999777e+42
2.497910000000000098e+42
3.335450000000000002e+43
3.320789999999999995e+42
7.315930000000000293e+41
8.286349999999999911e+41
5.274230000000000056e+40
6.555760000000000109e+40
1.400440000000000004e+41
4.780349999999999703e+40
3.812339999999999817e+38
7.313490000000000016e+36
7.474579999999999730e+36
4.726529999999999786e+36
2.259379999999999882e+36
3.101319999999999731e+36
1.976060000000000100e+35
2.220270000000000102e+36
3.767620000000000185e+37
4.352479999999999977e+38
1.398499999999999971e+37
2.055649999999999891e+37
4.288579999999999636e+38
1.955579999999999867e+39
3.719079999999999876e+37
2.715049999999999840e+37
3.681009999999999892e+37
1.395929999999999915e+37
3.415290000000000112e+36
2.791409999999999871e+37
2.864009999999999747e+36
4.442030000000000313e+37
4.876589999999999723e+39
2.032889999999999964e+40
1.665930000000000128e+39
3.272180000000000185e+38
1.000209999999999927e+38
2.726870000000000041e+36
3.066380000000000149e+37
2.908269999999999944e+37
4.108400000000000103e+37
8.254930000000000309e+38
2.058080000000000064e+39
3.947100000000000108e+38
6.086959999999999594e+39
7.018909999999999665e+40
1.643379999999999975e+40
8.032019999999999583e+39
7.570229999999999450e+41
9.550799999999999133e+40
1.589180000000000096e+40
2.782809999999999826e+40
8.235369999999999610e+40
3.941990000000000043e+40
3.385079999999999853e+40
5.782759999999999617e+39
1.568750000000000091e+41
5.099059999999999981e+41
2.205480000000000053e+42
8.075279999999999523e+42
3.342150000000000104e+43
5.903749999999999989e+43
1.675750000000000080e+42
2.779259999999999884e+40
1.375900000000000027e+40
5.141630000000000382e+40
2.624829999999999865e+41
5.158539999999999780e+40
9.019669999999999893e+41
9.943079999999999597e+41
2.674649999999999905e+42
2.909440000000000048e+44
2.937500000000000111e+43
2.524159999999999878e+44
1.112519999999999932e+45
4.073940000000000210e+45
1.448600000000000062e+45
1.418769999999999904e+44
1.812480000000000019e+43
4.907260000000000353e+41
4.878960000000000193e+42
2.304470000000000202e+43
1.711640000000000037e+42
1.537280000000000004e+43
8.898879999999999609e+42
3.820960000000000096e+43
2.487539999999999897e+44
2.487539999999999897e+44
9.348439999999999237e+44
2.184579999999999999e+43
2.902210000000000178e+44
1.478690000000000068e+45
5.173580000000000309e+45
2.478580000000000202e+46
7.940290000000000218e+46
4.072760000000000354e+47
6.443099999999999793e+45
9.820439999999999541e+43
4.585859999999999878e+42
3.385300000000000179e+42
2.110779999999999909e+42
1.073809999999999933e+42
1.203839999999999956e+41
1.247150000000000018e+41
5.669829999999999877e+41
5.628649999999999780e+41
5.792850000000000041e+40
1.543399999999999960e+41
7.689830000000000187e+41
7.930509999999999746e+42
7.066409999999999415e+42
2.444080000000000215e+43
4.265809999999999679e+41
6.521670000000000004e+40
1.144739999999999995e+42
1.105860000000000019e+41
5.623980000000000504e+39
1.018579999999999935e+39
1.157610000000000040e+40
4.634979999999999743e+40
7.185899999999999615e+38
1.417229999999999918e+37
4.710239999999999848e+36
1.304189999999999974e+35
1.264430000000000026e+35
2.489959999999999889e+34
2.328510000000000139e+36
1.621269999999999987e+36
4.627650000000000042e+36
2.481739999999999839e+35
1.612120000000000068e+38
4.165360000000000023e+38
1.088099999999999984e+40
3.852659999999999998e+40
5.488680000000000074e+41
1.736649999999999894e+42
1.316760000000000095e+41
1.033300000000000004e+40
3.745240000000000158e+39
6.092700000000000345e+39
9.851679999999999415e+40
1.046960000000000055e+40
1.174160000000000031e+40
1.965070000000000178e+41
3.519789999999999807e+41
1.044850000000000012e+42
6.630299999999999767e+41
6.214449999999999669e+41
7.516959999999999769e+42
6.045550000000000024e+41
6.394759999999999664e+42
6.535869999999999771e+41
1.579289999999999956e+41
7.965109999999999682e+39
7.700740000000000197e+38
3.101170000000000200e+39
4.123570000000000206e+39
2.343380000000000009e+39
1.805400000000000043e+40
1.109549999999999932e+40
2.157710000000000067e+40
2.159550000000000102e+40
7.658260000000000337e+39
6.931790000000000355e+40
1.356819999999999988e+40
4.208869999999999891e+39
1.675099999999999930e+40
6.913960000000000033e+38
2.911529999999999875e+38
1.268389999999999936e+41
3.137589999999999876e+40
9.447619999999999611e+39
6.396340000000000105e+38
6.443130000000000208e+38
2.214409999999999984e+39
6.561199999999999782e+38
7.143689999999999673e+39
3.590900000000000148e+40
1.367810000000000019e+41
1.707100000000000068e+42
1.758570000000000051e+41
2.234570000000000180e+40
2.483459999999999868e+40
5.973259999999999892e+39
1.061100000000000041e+40
1.268179999999999907e+41
1.896409999999999946e+42
1.896409999999999946e+42
1.856899999999999892e+40
7.816369999999999846e+40
1.996370000000000170e+41
4.296880000000000247e+41
1.099129999999999966e+42
3.882119999999999858e+41
1.211970000000000011e+41
3.152170000000000117e+44
4.811890000000000005e+45
2.551579999999999993e+43
1.749880000000000003e+43
2.818369999999999907e+43
3.044980000000000045e+43
3.324760000000000150e+43
3.600200000000000220e+44
3.726440000000000340e+44
4.251330000000000028e+43
9.723890000000000653e+44
3.288940000000000152e+44
1.241279999999999957e+45
1.522560000000000020e+45
1.038189999999999992e+48
1.849950000000000013e+46
1.792210000000000041e+47
5.678999999999999946e+45
2.490160000000000155e+47
4.497800000000000129e+45
2.832359999999999750e+46
1.010409999999999951e+46
3.061840000000000017e+46
2.408999999999999798e+47
1.580710000000000037e+47
1.307440000000000007e+47
4.033650000000000166e+46
3.581980000000000169e+45
6.955159999999999406e+45
9.786820000000000307e+45
3.413600000000000049e+44
1.196709999999999952e+45
3.678710000000000204e+45
1.184779999999999931e+44
3.338099999999999832e+44
4.333929999999999893e+43
4.947920000000000023e+44
1.181189999999999931e+47
2.902320000000000021e+45
1.541679999999999898e+46
5.325709999999999718e+47
2.851699999999999790e+46
1.078930000000000042e+46
1.438220000000000002e+46
3.655640000000000005e+46
1.039349999999999975e+46
1.966589999999999992e+46
5.485670000000000215e+45
2.151209999999999992e+46
3.437449999999999961e+45
2.059909999999999964e+46
1.756299999999999957e+46
2.954079999999999931e+45
4.823840000000000246e+43
7.007979999999999723e+42
4.446380000000000036e+44
1.279800000000000037e+44
1.502909999999999910e+44
7.042090000000000167e+43
1.688839999999999902e+45
8.450429999999999671e+43
6.168749999999999787e+43
4.564119999999999769e+43
1.253109999999999964e+41
4.243940000000000157e+40
4.240030000000000082e+40
1.628969999999999976e+42
2.779099999999999948e+42
3.643660000000000365e+41
7.663600000000000028e+42
1.085580000000000069e+42
3.514220000000000247e+41
2.096830000000000121e+41
9.668800000000000311e+41
1.429340000000000076e+42
3.184389999999999858e+41
1.540680000000000051e+41
9.831670000000000619e+42
9.101309999999999899e+42
6.214049999999999392e+42
1.330130000000000023e+41
6.754009999999999944e+40
1.124330000000000070e+42
4.848719999999999696e+42
1.484360000000000001e+41
1.209479999999999990e+42
4.210520000000000225e+42
1.024260000000000041e+42
9.770569999999999892e+41
1.448420000000000125e+42
2.652570000000000025e+41
1.124570000000000082e+40
3.683900000000000119e+38
1.070080000000000063e+38
1.817749999999999951e+37
3.961520000000000143e+37
1.511540000000000136e+36
1.776139999999999995e+37
6.955810000000000187e+36
2.445310000000000045e+37
5.184589999999999770e+37
1.748519999999999966e+37
1.599669999999999854e+36
1.159440000000000018e+36
1.179609999999999973e+37
3.555909999999999860e+36
7.961520000000000312e+35
3.252970000000000149e+36
9.962250000000000233e+35
1.821259999999999958e+36
1.591309999999999944e+35
7.371029999999999494e+35
3.088979999999999809e+36
1.675780000000000092e+36
1.197529999999999959e+36
1.163250000000000007e+36
3.385570000000000326e+35
2.604500000000000094e+35
1.104499999999999956e+35
5.285620000000000511e+33
2.977009999999999719e+33
2.751710000000000087e+32
8.848159999999999735e+32
5.688500000000000198e+32
7.915550000000000348e+33
1.535580000000000036e+33
4.445799999999999867e+32
2.742830000000000114e+33
4.424810000000000116e+34
5.281679999999999946e+34
1.486449999999999939e+35
1.404060000000000041e+35
3.238139999999999882e+36
3.376140000000000063e+37
5.608649999999999532e+37
4.558389999999999761e+38
9.137899999999999589e+38
4.832250000000000022e+39
5.401150000000000089e+39
1.296700000000000017e+39
3.368659999999999749e+39
5.803450000000000351e+38
7.732580000000000317e+39
8.997929999999999629e+40
3.919930000000000216e+42
4.207630000000000044e+43
5.339989999999999937e+43
2.403030000000000160e+44
8.476679999999999872e+44
2.227089999999999928e+44
2.148469999999999942e+44
1.496059999999999941e+43
3.274559999999999986e+43
7.175730000000000313e+42
1.226800000000000059e+41
4.208960000000000384e+41
2.129020000000000149e+42
4.701560000000000006e+41
1.509950000000000027e+41
7.193719999999999703e+39
1.694130000000000030e+40
6.679150000000000248e+39
4.229009999999999919e+39
1.035079999999999987e+39
2.926270000000000128e+40
2.117950000000000044e+40
2.681430000000000002e+38
4.240380000000000010e+38
4.466940000000000070e+39
4.181469999999999841e+39
5.035549999999999990e+39
1.782009999999999883e+39
1.714959999999999890e+39
2.967549999999999892e+38
9.948500000000000516e+38
4.715169999999999847e+38
4.227379999999999991e+38
3.895560000000000013e+39
1.157070000000000082e+40
5.121479999999999787e+39
8.708829999999999993e+40
5.010989999999999820e+40
2.199209999999999931e+42
1.606610000000000009e+40
2.337240000000000117e+39
5.449969999999999713e+39
1.412659999999999909e+41
3.488009999999999927e+40
2.916709999999999819e+40
5.977769999999999705e+39
7.181360000000000214e+39
1.890860000000000110e+40
7.057420000000000274e+40
1.624899999999999984e+42
7.140210000000000495e+42
5.376490000000000262e+43
1.574619999999999901e+44
2.559529999999999977e+43
2.174210000000000120e+42
5.545910000000000174e+43
1.848490000000000016e+44
7.204740000000000513e+45
5.170800000000000357e+44
7.917599999999999911e+45
3.230319999999999867e+44
1.187049999999999959e+44
3.962650000000000063e+42
8.173950000000000286e+40
2.339200000000000076e+40
3.136989999999999945e+41
4.723850000000000302e+42
6.103660000000000268e+41
1.964200000000000001e+41
2.870160000000000107e+40
6.788770000000000280e+41
6.439070000000000108e+40
1.024549999999999971e+41
1.013029999999999969e+40
1.395189999999999901e+40
4.597449999999999657e+40
1.667689999999999996e+41
1.128630000000000090e+43
1.128630000000000090e+43
4.625869999999999993e+43
9.375379999999999465e+41
6.409959999999999813e+41
3.795909999999999902e+41
5.567660000000000019e+41
1.912699999999999959e+40
1.432170000000000127e+39
2.119449999999999993e+39
5.513780000000000081e+39
1.827830000000000030e+40
2.217460000000000063e+40
2.881159999999999923e+43
3.380969999999999930e+41
2.005880000000000057e+41
2.056130000000000124e+42
1.515330000000000113e+42
2.690440000000000176e+43
2.545160000000000178e+43
8.854059999999999469e+42
9.105869999999999650e+42
4.594420000000000230e+41
2.465209999999999910e+41
3.111259999999999899e+40
7.537469999999999530e+41
7.647880000000000757e+41
2.180389999999999985e+41
7.436180000000000281e+42
1.603350000000000094e+40
2.712400000000000066e+41
2.560410000000000013e+41
9.712639999999999386e+42
3.140960000000000022e+42
1.318769999999999977e+42
9.875619999999999886e+42
1.969050000000000069e+42
2.624469999999999925e+41
9.343249999999999633e+41
3.788900000000000212e+43
9.863160000000000255e+44
6.783679999999999697e+44
1.382780000000000048e+43
1.082019999999999957e+43
6.195369999999999620e+42
4.159099999999999697e+42
4.484999999999999804e+42
2.792149999999999917e+43
1.057440000000000019e+43
2.242769999999999896e+42
1.608970000000000065e+42
4.594039999999999928e+40
9.663719999999999272e+40
1.982289999999999867e+41
4.556510000000000035e+41
1.085799999999999989e+41
5.134840000000000210e+40
3.056059999999999695e+42
3.557650000000000083e+42
2.367719999999999963e+42
1.346540000000000042e+41
2.743520000000000089e+41
1.802690000000000049e+39
5.985570000000000169e+39
2.296910000000000004e+40
8.665659999999999757e+40
8.225530000000000326e+39
5.436249999999999761e+39
2.727650000000000076e+40
4.373809999999999547e+40
7.303859999999999718e+42
1.014159999999999970e+43
1.848170000000000141e+44
1.405060000000000035e+45
8.831139999999999752e+45
9.984600000000000669e+44
1.176159999999999943e+46
9.358839999999999921e+43
1.495460000000000077e+44
2.288980000000000247e+43
4.326839999999999777e+41
4.326839999999999777e+41
3.163809999999999894e+40
3.326979999999999983e+40
7.361840000000000413e+40
4.109249999999999984e+41
2.112059999999999866e+41
1.727290000000000094e+39
2.323729999999999760e+40
2.652840000000000076e+39
2.246899999999999915e+38
1.228410000000000029e+39
6.553929999999999644e+38
1.278159999999999936e+40
1.720079999999999948e+40
1.292189999999999962e+41
9.761880000000000243e+38
1.414760000000000081e+39
1.634349999999999963e+39
1.543469999999999969e+40
5.092780000000000264e+39
1.464060000000000063e+39
4.686420000000000053e+39
8.851269999999999676e+39
3.237759999999999994e+41
1.718460000000000067e+43
1.521100000000000121e+42
1.650180000000000144e+42
3.055480000000000145e+42
1.326070000000000079e+44
2.971890000000000222e+42
1.417549999999999849e+42
2.412870000000000138e+40
4.243710000000000152e+40
9.783250000000000000e+40
4.106040000000000297e+39
2.644549999999999834e+40
2.615529999999999910e+40
2.493470000000000101e+40
4.345529999999999726e+38
7.481929999999999840e+37
3.836449999999999840e+37
1.758950000000000022e+37
6.720930000000000262e+36
8.906079999999999807e+36
8.253550000000000515e+36
5.272889999999999746e+36
9.731919999999999816e+37
8.556760000000000036e+36
1.156560000000000000e+38
5.384450000000000164e+39
8.330740000000000566e+41
1.553449999999999950e+41
1.011100000000000022e+40
1.019250000000000051e+39
3.372389999999999999e+39
5.218529999999999683e+38
7.881210000000000313e+38
5.597310000000000200e+38
1.245379999999999910e+38
5.796209999999999801e+37
3.912569999999999861e+38
4.053090000000000074e+39
5.252000000000000304e+40
2.475359999999999897e+39
1.740840000000000063e+39
2.553709999999999935e+39
2.734080000000000114e+39
2.784740000000000182e+38
7.309670000000000237e+39
