     0.0000000        2.00000000        0.00000000
     0.1000000        1.59074820        0.00162076
     0.2000000        1.27158781        0.00139090
     0.3000000        1.02789300        0.00219365
     0.4000000        0.83551285        0.00396251
     0.5000000        0.68722024        0.00147970
     0.6000000        0.56995145        0.00398741
     0.7000000        0.46946736        0.00476828
     0.8000000        0.38945546        0.00484657
     0.9000000        0.32234928        0.00344918
     1.0000000        0.26536643        0.00278352
     1.1000000        0.21917102        0.00329097
     1.2000000        0.17947190        0.00443660
     1.3000000        0.14646528        0.00453975
     1.4000000        0.12341131        0.00588466
     1.5000000        0.10431570        0.00730867
     1.6000000        0.09253646        0.00723808
     1.7000000        0.07745658        0.00461914
     1.8000000        0.06677901        0.00550064
     1.9000000        0.05714611        0.00379414
     2.0000000        0.04593467        0.00289052
     2.1000000        0.03526007        0.00217618
     2.2000000        0.03063013        0.00238731
     2.3000000        0.02661530        0.00101301
     2.4000000        0.02093509        0.00382006
     2.5000000        0.02084496        0.00234080
     2.6000000        0.01963827        0.00364706
     2.7000000        0.01846554        0.00434032
     2.8000000        0.01907521        0.00571665
     2.9000000        0.01421499        0.00312796
     3.0000000        0.00935241        0.00338759
     3.1000000        0.00776892        0.00472508
     3.2000000        0.00520041        0.00814633
     3.3000000        0.00706981        0.00322565
     3.4000000        0.01024002        0.00306902
     3.5000000        0.00541913        0.00496140
     3.6000000        0.00650487        0.00485393
     3.7000000        0.00405261        0.00348081
     3.8000000        0.00539679        0.00320174
     3.9000000        0.00679162        0.00246304
     4.0000000        0.00607314        0.00245929
     4.1000000        0.00406329        0.00411161
     4.2000000        0.00421299        0.00231372
     4.3000000        0.00517022        0.00511830
     4.4000000        0.00356959        0.00197048
     4.5000000        0.00063811        0.00078947
     4.6000000       -0.00231269        0.00166614
     4.7000000       -0.00138178        0.00130516
     4.8000000        0.00128542        0.00185943
     4.9000000        0.00152138        0.00360003
     5.0000000       -0.00050059        0.00245844
     5.1000000       -0.00059420        0.00132625
     5.2000000        0.00369307        0.00029308
     5.3000000        0.00327883        0.00355387
     5.4000000        0.00115178        0.00441991
     5.5000000       -0.00411866        0.00573732
     5.6000000       -0.00537782        0.00563676
     5.7000000       -0.00185145        0.00489903
     5.8000000        0.00043684        0.00452751
     5.9000000        0.00123413        0.00333699
     6.0000000        0.00100966        0.00313376
     6.1000000       -0.00080878        0.00170408
     6.2000000       -0.00032035        0.00128172
     6.3000000        0.00021968        0.00221671
     6.4000000        0.00072962        0.00269007
     6.5000000        0.00552304        0.00356046
     6.6000000        0.00357988        0.00231835
     6.7000000        0.00387100        0.00236101
     6.8000000        0.00702279        0.00096473
     6.9000000        0.00681679        0.00098551
     7.0000000        0.00963468        0.00223009
     7.1000000        0.00992017        0.00227630
     7.2000000        0.01372080        0.00371909
     7.3000000        0.01482892        0.00284489
     7.4000000        0.01891128        0.00480720
     7.5000000        0.01948136        0.00491688
     7.6000000        0.02300299        0.00349427
     7.7000000        0.02635209        0.00485145
     7.8000000        0.03080945        0.00449540
     7.9000000        0.03525954        0.00440615
     8.0000000        0.04255780        0.00323099
     8.1000000        0.05156264        0.00238954
     8.2000000        0.05955157        0.00296349
     8.3000000        0.07282494        0.00282676
     8.4000000        0.08877294        0.00393164
     8.5000000        0.10844661        0.00376209
     8.6000000        0.13763049        0.00479632
     8.7000000        0.16875201        0.00127528
     8.8000000        0.19337256        0.00284400
     8.9000000        0.22551009        0.00433911
     9.0000000        0.26672423        0.00103780
     9.1000000        0.31983767        0.00240256
     9.2000000        0.38418345        0.00587816
     9.3000000        0.46446626        0.00387738
     9.4000000        0.56314657        0.00375230
     9.5000000        0.68514660        0.00237947
     9.6000000        0.83529848        0.00446020
     9.7000000        1.02516029        0.00413218
     9.8000000        1.26824530        0.00151621
     9.9000000        1.58602041        0.00307865
    10.0000000        2.00000000        0.00000000
