     0.0000000        0.37304108        0.00172382
     0.1000000        0.19072736        0.00182447
     0.2000000        0.09957094        0.00193735
     0.3000000        0.05249793        0.00202961
     0.4000000        0.02813978        0.00174913
     0.5000000        0.01488999        0.00182527
     0.6000000        0.00751212        0.00169417
     0.7000000        0.00350723        0.00173392
     0.8000000        0.00091809        0.00200048
     0.9000000       -0.00014499        0.00195348
     1.0000000        0.00011204        0.00100030
     1.1000000       -0.00006155        0.00072330
     1.2000000        0.00003404        0.00051855
     1.3000000        0.00002487        0.00040052
     1.4000000        0.00023471        0.00019723
     1.5000000        0.00020190        0.00016894
     1.6000000       -0.00000270        0.00020242
     1.7000000        0.00001935        0.00015809
     1.8000000       -0.00006663        0.00014136
     1.9000000       -0.00000839        0.00014280
     2.0000000       -0.00004028        0.00017079
     2.1000000       -0.00002318        0.00016580
     2.2000000       -0.00001307        0.00014652
     2.3000000       -0.00005584        0.00012976
     2.4000000       -0.00010455        0.00010227
     2.5000000       -0.00012586        0.00007337
     2.6000000       -0.00010239        0.00005924
     2.7000000       -0.00007170        0.00006244
     2.8000000       -0.00008464        0.00008571
     2.9000000       -0.00010051        0.00008020
     3.0000000       -0.00009198        0.00007584
     3.1000000       -0.00009500        0.00005584
     3.2000000       -0.00006865        0.00004877
     3.3000000       -0.00004903        0.00004417
     3.4000000       -0.00004974        0.00003870
     3.5000000       -0.00003243        0.00003553
     3.6000000       -0.00001623        0.00002820
     3.7000000       -0.00000940        0.00002502
     3.8000000       -0.00001825        0.00001867
     3.9000000       -0.00003523        0.00001349
     4.0000000       -0.00002857        0.00001587
     4.1000000       -0.00001744        0.00001662
     4.2000000       -0.00001965        0.00001921
     4.3000000       -0.00001846        0.00002259
     4.4000000       -0.00001750        0.00002374
     4.5000000       -0.00000145        0.00002562
     4.6000000       -0.00000261        0.00002468
     4.7000000        0.00000215        0.00002525
     4.8000000       -0.00000158        0.00002555
     4.9000000       -0.00002043        0.00003595
     5.0000000       -0.00002445        0.00004436
     5.1000000       -0.00002101        0.00004764
     5.2000000       -0.00003560        0.00004691
     5.3000000       -0.00001785        0.00005845
     5.4000000        0.00000782        0.00007083
     5.5000000        0.00003496        0.00009609
     5.6000000        0.00003766        0.00009199
     5.7000000        0.00005812        0.00010639
     5.8000000        0.00007502        0.00011690
     5.9000000        0.00004153        0.00007811
     6.0000000        0.00007379        0.00009258
     6.1000000        0.00009250        0.00009306
     6.2000000        0.00008249        0.00008096
     6.3000000        0.00006441        0.00006382
     6.4000000        0.00006990        0.00004637
     6.5000000        0.00005092        0.00003791
     6.6000000        0.00003956        0.00003986
     6.7000000        0.00003194        0.00004611
     6.8000000        0.00001381        0.00004669
     6.9000000        0.00002528        0.00006273
     7.0000000       -0.00001709        0.00007533
     7.1000000        0.00000657        0.00009213
     7.2000000       -0.00007352        0.00014034
     7.3000000        0.00011635        0.00011599
     7.4000000        0.00010301        0.00011689
     7.5000000        0.00013107        0.00013433
     7.6000000        0.00025517        0.00020124
     7.7000000        0.00046469        0.00035193
     7.8000000        0.00056209        0.00044622
     7.9000000        0.00053097        0.00044279
     8.0000000        0.00053837        0.00047097
     8.1000000        0.00059106        0.00049112
     8.2000000        0.00033428        0.00043906
     8.3000000        0.00027433        0.00040205
     8.4000000        0.00033078        0.00049991
     8.5000000        0.00045238        0.00046022
     8.6000000        0.00043633        0.00050226
     8.7000000        0.00039659        0.00041777
     8.8000000        0.00063749        0.00037005
     8.9000000        0.00089292        0.00032744
     9.0000000        0.00137937        0.00033166
     9.1000000        0.00222215        0.00041340
     9.2000000        0.00381239        0.00040250
     9.3000000        0.00604482        0.00051873
     9.4000000        0.01005402        0.00075266
     9.5000000        0.01711153        0.00075963
     9.6000000        0.03009618        0.00077781
     9.7000000        0.05439120        0.00086105
     9.8000000        0.10096178        0.00094774
     9.9000000        0.19176693        0.00134379
    10.0000000        0.37304108        0.00172382
