1.124303546000000043e-01
8.816563510000000048e-02
9.141527827999999800e-02
9.580318561999999483e-02
9.723791694000000208e-02
8.885702659999999975e-02
9.343777975000000513e-02
7.190183862000000536e-02
9.742493385999999311e-02
8.256993097999999753e-02
8.909275380999999439e-02
9.138971867999999554e-02
8.640393916999999924e-02
9.027270022000000171e-02
9.647119330999999465e-02
9.201051279999999943e-02
9.365057465999999942e-02
9.289501226999999361e-02
7.950884913000000331e-02
8.871248182999999510e-02
8.847614143000000209e-02
9.509358692000000057e-02
9.246406442000000558e-02
8.497030010999999383e-02
9.349969935999999371e-02
9.282686579000000437e-02
1.040141269999999979e-01
9.839743351000000693e-02
9.445292324000000017e-02
9.520185918000000080e-02
8.784273298000000452e-02
8.736926509999999590e-02
1.017064114000000019e-01
8.697481488000000094e-02
8.610506051999999855e-02
8.860238112000000388e-02
9.711706938000000400e-02
9.062390907999999523e-02
8.595777843999999335e-02
9.476922588000000203e-02
9.399108436000000455e-02
8.978588014999999700e-02
9.300674707999999347e-02
9.127136865000000376e-02
9.093609130999999457e-02
8.286950325000000395e-02
9.426734181000000212e-02
9.952771266000000339e-02
8.770922901000000049e-02
7.874728165000000057e-02
8.150110822999999394e-02
9.054057039000000529e-02
9.370018777999999937e-02
8.642246146000000240e-02
8.947597205000000498e-02
9.459721609000000531e-02
9.546162809000000027e-02
9.602687389000000295e-02
9.561325637999999738e-02
9.031103248999999833e-02
9.429427502999999933e-02
1.039776173000000054e-01
8.559846571000000182e-02
8.534146821999999410e-02
9.778262898999999508e-02
9.816495178999999627e-02
9.358391973000000641e-02
8.748222028999999567e-02
8.150127611000000660e-02
8.087873987999999459e-02
9.367185160999999538e-02
9.339421981999999900e-02
8.198855906999999443e-02
9.356962929999999845e-02
8.009581270000000475e-02
8.703887720000000328e-02
8.609174246999999613e-02
9.527421155000000141e-02
9.052795042000000292e-02
9.454945065000000537e-02
7.797268961000000664e-02
9.824622215999999353e-02
8.966516511000000023e-02
9.376447592999999359e-02
9.220371985000000437e-02
1.001498675999999977e-01
9.803251307999999442e-02
9.368349482000000450e-02
9.539784276000000396e-02
8.696859293000000490e-02
7.702026487999999449e-02
9.014275655999999526e-02
9.848738535999999877e-02
8.870865305000000256e-02
8.906660587999999656e-02
9.153831027999999315e-02
8.198965229999999327e-02
8.704107560000000354e-02
8.508440349000000180e-02
9.270399866999999572e-02
