     0.0000000        0.37734655        0.03184453
     0.1000000        0.16275641        0.03030476
     0.2000000        0.07875470        0.02778604
     0.3000000        0.04862801        0.01995488
     0.4000000        0.03235152        0.01480545
     0.5000000        0.02465323        0.00774177
     0.6000000        0.02033628        0.00720390
     0.7000000        0.01664683        0.00621745
     0.8000000        0.01540421        0.00500489
     0.9000000        0.01166150        0.00686079
     1.0000000        0.00409826        0.00827044
     1.1000000        0.00351359        0.00806414
     1.2000000        0.00562648        0.00641503
     1.3000000        0.00234478        0.00385292
     1.4000000       -0.00411532        0.00235183
     1.5000000       -0.00837736        0.00193209
     1.6000000       -0.00886599        0.00300864
     1.7000000       -0.00852447        0.00378958
     1.8000000       -0.00821953        0.00174626
     1.9000000       -0.00463828        0.00423827
     2.0000000       -0.00587153        0.00599134
     2.1000000       -0.00259632        0.00447132
     2.2000000       -0.00225701        0.00454830
     2.3000000        0.00223035        0.00239107
     2.4000000        0.00243610        0.00215757
     2.5000000        0.00166314        0.00320900
     2.6000000        0.00640804        0.00421499
     2.7000000        0.00775544        0.00853718
     2.8000000        0.00355152        0.01033984
     2.9000000        0.00864172        0.00885302
     3.0000000        0.01390509        0.01483049
     3.1000000        0.01262530        0.01694302
     3.2000000        0.00999239        0.01530427
     3.3000000        0.00739869        0.01592602
     3.4000000        0.00446526        0.01229699
     3.5000000        0.00524510        0.01091130
     3.6000000        0.00440344        0.00588590
     3.7000000       -0.00219259        0.00563240
     3.8000000       -0.00241684        0.00274326
     3.9000000       -0.00382727        0.00431925
     4.0000000       -0.00750671        0.00483999
     4.1000000       -0.01351368        0.00660764
     4.2000000       -0.01266273        0.00746438
     4.3000000       -0.00779046        0.00816520
     4.4000000       -0.00623073        0.00537809
     4.5000000       -0.00476493        0.00409089
     4.6000000       -0.00284414        0.00458516
     4.7000000       -0.00025497        0.00567851
     4.8000000       -0.00330741        0.00529697
     4.9000000       -0.00824979        0.00583458
     5.0000000       -0.00786178        0.00599983
     5.1000000       -0.00954143        0.00175481
     5.2000000       -0.01360309        0.00343047
     5.3000000       -0.01238400        0.00607829
     5.4000000       -0.00841693        0.00833814
     5.5000000       -0.00193666        0.00608553
     5.6000000        0.00200098        0.00765835
     5.7000000       -0.00012547        0.00872052
     5.8000000       -0.00078316        0.00754308
     5.9000000       -0.00049900        0.00884049
     6.0000000        0.00237326        0.00504046
     6.1000000        0.00087116        0.00484535
     6.2000000        0.00172427        0.00352544
     6.3000000        0.00316397        0.00573966
     6.4000000        0.00252118        0.00758822
     6.5000000        0.00177688        0.00720308
     6.6000000        0.00617142        0.00853643
     6.7000000        0.00231830        0.00672632
     6.8000000       -0.00422813        0.00669357
     6.9000000       -0.00638606        0.00587594
     7.0000000       -0.00936939        0.00513672
     7.1000000       -0.00773188        0.00744375
     7.2000000       -0.00650487        0.01100127
     7.3000000       -0.00699697        0.01101437
     7.4000000       -0.00914051        0.00461400
     7.5000000       -0.01119934        0.00236691
     7.6000000       -0.01071434        0.00279835
     7.7000000       -0.01062710        0.00457166
     7.8000000       -0.01244541        0.00609011
     7.9000000       -0.01389876        0.00719796
     8.0000000       -0.01429153        0.00850420
     8.1000000       -0.00823351        0.00412710
     8.2000000       -0.00746454        0.00399901
     8.3000000       -0.00665497        0.00288532
     8.4000000       -0.00322717        0.00540282
     8.5000000       -0.00084595        0.00399250
     8.6000000       -0.00260193        0.00460246
     8.7000000       -0.00336482        0.00132893
     8.8000000        0.00267833        0.00249297
     8.9000000        0.00594718        0.00077483
     9.0000000        0.00802518        0.00236813
     9.1000000        0.00662058        0.00299954
     9.2000000        0.00406316        0.00126287
     9.3000000        0.00334099        0.00280263
     9.4000000        0.00793079        0.00301935
     9.5000000        0.01873612        0.00578004
     9.6000000        0.02765075        0.00971162
     9.7000000        0.04621972        0.01633059
     9.8000000        0.08108085        0.01860605
     9.9000000        0.16850072        0.02396252
    10.0000000        0.37734655        0.03184453
