     0.0000000        0.60771244        0.20218771
     0.1000000        0.33233635        0.18700600
     0.2000000        0.25051031        0.15684358
     0.3000000        0.19521873        0.14052756
     0.4000000        0.15379109        0.13588178
     0.5000000        0.14613329        0.14595413
     0.6000000        0.16159938        0.14206403
     0.7000000        0.17489708        0.13868181
     0.8000000        0.17316218        0.13299262
     0.9000000        0.17164265        0.11785095
     1.0000000        0.15920041        0.10369695
     1.1000000        0.16820792        0.08434684
     1.2000000        0.17023633        0.08984578
     1.3000000        0.13620517        0.11422488
     1.4000000        0.10879211        0.11511401
     1.5000000        0.11299676        0.09345656
     1.6000000        0.08653478        0.09444351
     1.7000000        0.07878484        0.08153683
     1.8000000        0.06765278        0.09636812
     1.9000000        0.08171035        0.09091204
     2.0000000        0.07234583        0.08722437
     2.1000000        0.09252169        0.08605653
     2.2000000        0.06678822        0.09478427
     2.3000000        0.05293750        0.09719036
     2.4000000        0.06303994        0.09406716
     2.5000000        0.06052651        0.09452771
     2.6000000        0.05977842        0.09437537
     2.7000000        0.07048230        0.08639747
     2.8000000        0.06270505        0.09205363
     2.9000000        0.04297429        0.10393544
     3.0000000        0.02929347        0.10500850
     3.1000000        0.02961097        0.09431482
     3.2000000        0.04194944        0.09535018
     3.3000000        0.04595646        0.09917392
     3.4000000        0.04513780        0.11475208
     3.5000000        0.02959137        0.12454630
     3.6000000        0.03465120        0.11851809
     3.7000000        0.03584173        0.11680127
     3.8000000        0.04221788        0.10963705
     3.9000000        0.04444312        0.11238918
     4.0000000        0.05021300        0.10050527
     4.1000000        0.05661964        0.10032916
     4.2000000        0.05314409        0.09116842
     4.3000000        0.04455973        0.10496177
     4.4000000        0.05527576        0.10114084
     4.5000000        0.06635315        0.10556238
     4.6000000        0.08311910        0.09879409
     4.7000000        0.07262850        0.07721937
     4.8000000        0.06636387        0.08642543
     4.9000000        0.07344779        0.09813025
     5.0000000        0.07306417        0.10829089
     5.1000000        0.07397832        0.12016137
     5.2000000        0.07476190        0.12285085
     5.3000000        0.07373981        0.13183187
     5.4000000        0.08100253        0.11992354
     5.5000000        0.07013779        0.12263632
     5.6000000        0.06402959        0.12701615
     5.7000000        0.05195848        0.11794849
     5.8000000        0.04610470        0.13310921
     5.9000000        0.06643004        0.15343357
     6.0000000        0.07590299        0.13826080
     6.1000000        0.08396318        0.13398506
     6.2000000        0.08200493        0.15755056
     6.3000000        0.08538525        0.15940120
     6.4000000        0.09249136        0.15729838
     6.5000000        0.09387639        0.16133323
     6.6000000        0.08291414        0.13654677
     6.7000000        0.08746755        0.11180209
     6.8000000        0.10166292        0.12023743
     6.9000000        0.10038692        0.13258278
     7.0000000        0.09784669        0.15352576
     7.1000000        0.08017546        0.15474708
     7.2000000        0.05453825        0.17229831
     7.3000000        0.04011424        0.17711187
     7.4000000        0.05561443        0.16942560
     7.5000000        0.04927929        0.17178704
     7.6000000        0.04928294        0.16286954
     7.7000000        0.04581621        0.15733726
     7.8000000        0.04396453        0.14131303
     7.9000000        0.04532815        0.13813835
     8.0000000        0.05043676        0.15659994
     8.1000000        0.06074015        0.15985452
     8.2000000        0.06489024        0.14372351
     8.3000000        0.05295179        0.16045674
     8.4000000        0.05980927        0.15738877
     8.5000000        0.05525623        0.15433470
     8.6000000        0.06754702        0.14365089
     8.7000000        0.10363691        0.11435779
     8.8000000        0.11840531        0.10412674
     8.9000000        0.11320470        0.09696059
     9.0000000        0.12922912        0.09447087
     9.1000000        0.14373742        0.11122089
     9.2000000        0.16129154        0.11781647
     9.3000000        0.14898644        0.12867796
     9.4000000        0.12911368        0.14777541
     9.5000000        0.14179194        0.15807256
     9.6000000        0.17173507        0.14316404
     9.7000000        0.19624980        0.16375481
     9.8000000        0.23091279        0.18323541
     9.9000000        0.33791563        0.20352504
    10.0000000        0.60771244        0.20218771
