           2       (-12.189424287209540,-1.79802440248525569E-002)   1.0000000000000000     
           2        (-12.163120310615689,7.90078420951011336E-003)   1.0000000000000000     
           2       (-12.548066659915467,-2.10645372197767198E-003)   1.0000000000000000     
           2        (-12.180672572503550,4.64718831306211617E-003)   1.0000000000000000     
           2       (-12.214861518064046,-1.40740201919714158E-002)   1.0000000000000000     
           2        (-12.273958319404285,1.11950239626046836E-002)   1.0000000000000000     
           2        (-12.346346497556551,1.14402401372590279E-002)   1.0000000000000000     
           2       (-12.349134655707120,-2.75564795774447743E-003)   1.0000000000000000     
           2        (-12.168353777190008,9.75089642287408666E-003)   1.0000000000000000     
           2        (-12.336212145517672,1.81162519683267329E-003)   1.0000000000000000     
           2        (-12.540919749913449,5.99297532177682415E-003)   1.0000000000000000     
           2       (-12.281367260304453,-7.84413584714979337E-003)   1.0000000000000000     
