   -1.000000     -1.000000
  1    1       -0.00026506        0.00010067       -0.00014738        0.00051565
   -1.000000      0.000000
  1    1        0.32808495        0.00136597        0.00010389        0.00023482
   -1.000000      1.000000
  1    1       -0.00020945        0.00018732        0.00004889        0.00018382
   -1.000000      2.000000
  1    1       -0.09451157        0.00109800       -0.00004802        0.00060103
    0.000000     -1.000000
  1    1        0.32871972        0.00146661        0.00059320        0.00090027
    0.000000      0.000000
  1    1        1.00000000        0.00000000        0.00019497        0.00009729
    0.000000      1.000000
  1    1        0.32871972        0.00146661       -0.00059320        0.00090027
    0.000000      2.000000
  1    1       -0.00000000        0.00000000       -0.00047497        0.00029171
    1.000000     -1.000000
  1    1        0.00020945        0.00018732        0.00004889        0.00018382
    1.000000      0.000000
  1    1        0.32808495        0.00136597       -0.00010389        0.00023482
    1.000000      1.000000
  1    1        0.00026506        0.00010067       -0.00014738        0.00051565
    1.000000      2.000000
  1    1       -0.09451157        0.00109800        0.00004802        0.00060103
    2.000000     -1.000000
  1    1       -0.09386948        0.00100977       -0.00057052        0.00093718
    2.000000      0.000000
  1    1        0.00000000        0.00000000       -0.00023270        0.00054559
    2.000000      1.000000
  1    1       -0.09386948        0.00100977        0.00057052        0.00093718
    2.000000      2.000000
  1    1        0.00000000        0.00000000        0.00053469        0.00023538
