           2        (16.000000000000004,-8.99012201241634716E-003)   1.0000000000000000     
           2         (16.000000000000004,3.95039210472493581E-003)   1.0000000000000000     
           2        (16.000000000000004,-1.05322686095395655E-003)   1.0000000000000000     
           2         (16.000000000000004,2.32359415655700695E-003)   1.0000000000000000     
           2        (16.000000000000004,-7.03701009606651044E-003)   1.0000000000000000     
           2         (16.000000000000004,5.59751198134896249E-003)   1.0000000000000000     
           2         (16.000000000000004,5.72012006855154506E-003)   1.0000000000000000     
           2        (16.000000000000004,-1.37782397883060427E-003)   1.0000000000000000     
           2         (16.000000000000000,4.87544821143795059E-003)   1.0000000000000000     
           2         (16.000000000000004,9.05812598306267140E-004)   1.0000000000000000     
           2         (16.000000000000004,2.99648766090183970E-003)   1.0000000000000000     
           2        (16.000000000000004,-3.92206792354016318E-003)   1.0000000000000000     
