   -1.570796     -1.570796
  1    1        0.60594236        0.00059085       -0.00000000        0.00000000
   -1.570796      0.000000
  1    1        0.39984573        0.00198389       -0.00000000        0.00000000
   -1.570796      1.570796
  1    1        0.60679102        0.00098725       -0.00000000        0.00000000
   -1.570796      3.141593
  1    1        0.82503897        0.00266451       -0.00000000        0.00000000
    0.000000     -1.570796
  1    1        0.40200690        0.00237644       -0.00000000        0.00000000
    0.000000      0.000000
  1    1        0.00894377        0.00021239       -0.00000000        0.00000000
    0.000000      1.570796
  1    1        0.40200690        0.00237644       -0.00000000        0.00000000
    0.000000      3.141593
  1    1        0.60684807        0.00199236       -0.00000000        0.00000000
    1.570796     -1.570796
  1    1        0.60679102        0.00098725       -0.00000000        0.00000000
    1.570796      0.000000
  1    1        0.39984573        0.00198389       -0.00000000        0.00000000
    1.570796      1.570796
  1    1        0.60594236        0.00059085       -0.00000000        0.00000000
    1.570796      3.141593
  1    1        0.82503897        0.00266451       -0.00000000        0.00000000
    3.141593     -1.570796
  1    1        0.81827643        0.00243191        0.00000000        0.00000000
    3.141593      0.000000
  1    1        0.60379090        0.00163783       -0.00000000        0.00000000
    3.141593      1.570796
  1    1        0.81827643        0.00243191        0.00000000        0.00000000
    3.141593      3.141593
  1    1        3.12365008        0.02466120       -0.00000000        0.00000000
