3.138026499999990726e-02
1.532527299999997261e-02
3.072838199999994302e-02
1.106413399999994773e-02
6.611657999999964730e-03
1.272750399999988957e-02
4.857350000000426604e-04
7.170500000008850350e-05
1.609963000000003142e-02
7.421988000000001584e-02
3.649340000000389495e-04
1.518215570000001069e-01
7.919342000000106907e-03
1.835089399999989546e-02
8.626699999991771506e-05
4.981727000000102379e-03
5.965621000000087548e-03
2.534992600000007812e-02
4.264031200000006905e-02
3.916077469999998950e-01
4.986220960000000701e-01
4.787731060000000038e-01
1.937651719999999855e-01
6.398900099999993429e-02
2.877065430000000923e-01
4.995784679999999423e-01
4.960701000000000693e-01
4.917163099999999343e-01
4.916751740000000481e-01
4.998665799999999493e-01
4.988704299999999758e-01
4.950076530000000474e-01
4.493349120000000863e-01
9.645050999999904562e-03
6.415572600000007952e-02
5.092784900000002501e-02
1.149045200000009537e-02
3.431629800000002284e-02
4.775819850000000422e-01
3.129447439999999414e-01
2.082815300000000480e-01
4.988389559999999445e-01
4.998430179999999723e-01
4.965487399999999329e-01
4.963832120000000181e-01
4.986247539999999479e-01
4.996542550000000471e-01
4.938764639999999595e-01
4.997074079999999086e-01
4.736592260000000998e-01
4.907083389999999934e-01
4.999688390000001093e-01
4.983145520000000772e-01
4.280606829999999974e-01
4.996636260000000274e-01
4.969536409999999460e-01
3.448597840000000581e-01
3.250459999999399940e-04
3.658209999999328943e-04
7.810200000002431864e-05
1.217430000000074841e-04
2.105660000000231236e-04
3.020535000000101888e-03
3.619548000000083476e-03
4.315547000000030664e-03
1.485767699999995806e-02
1.819118000000008450e-03
1.479431000000008822e-02
4.610056900000003566e-02
6.739057999999964466e-03
1.230581070000000832e-01
4.857973929999999108e-01
4.998666449999999983e-01
4.982033969999999368e-01
4.590209039999999518e-01
3.160475430000000419e-01
4.987687640000000311e-01
7.643445000000004264e-02
4.569489999999287733e-04
2.574957190000000118e-01
4.992025280000000897e-01
4.818792769999999948e-01
4.979883339999999770e-01
4.401047680000000906e-01
4.978593149999999135e-01
4.896428170000000080e-01
4.985548440000000525e-01
4.997527310000000611e-01
4.989991359999998988e-01
4.963507890000000700e-01
2.936854689999999213e-01
1.233068999999975546e-03
1.000842000000057297e-03
1.363545000000021545e-03
6.653376000000044144e-03
1.608979899999996022e-02
1.474305099999995150e-02
2.755050210000000721e-01
4.999099309999999186e-01
2.435377860000000894e-01
3.400381210000000820e-01
4.817340679999999598e-01
4.983160129999999466e-01
4.977853219999999190e-01
4.841035469999999119e-01
4.313915489999999853e-01
4.999127999999999350e-01
4.890124579999999277e-01
4.929612569999999305e-01
4.985546510000000708e-01
3.608726069999999009e-01
2.607840000000005709e-02
1.849720870000000073e-01
4.549340479999999243e-01
4.998976020000001075e-01
4.984767199999999843e-01
4.999548460000000638e-01
1.749111599999999545e-01
1.308818880000000018e-01
1.983901000000010129e-03
3.754099310000000855e-01
4.782640920000000850e-01
6.020023700000010081e-02
1.200107749999999029e-01
4.968292249999999299e-01
3.864554099999994996e-02
4.280040999999901175e-03
2.385719499999994220e-02
3.477528399999996189e-02
2.286347399999999475e-02
8.608709999999852869e-04
4.029525160000000383e-01
3.682941769999998893e-01
6.230316500000010471e-02
4.419605000000048634e-03
3.304692599999992098e-02
1.291081599999999163e-02
3.982099999999544337e-04
4.509239999999081761e-04
3.565252230000000022e-01
4.808101360000001101e-01
4.694042000000000492e-01
4.994301020000000424e-01
4.715673359999998926e-01
4.998691090000000337e-01
3.677421880000000254e-01
4.712977709999999210e-01
4.845162380000000990e-01
4.672344459999999700e-01
4.992643640000000715e-01
3.136781189999999775e-01
9.855835900000009531e-02
2.934660000000199886e-04
3.748429999999025597e-04
1.327976000000008483e-02
1.691133099999997391e-02
1.913627989999999723e-01
4.952414350000000631e-01
1.022688869999999195e-01
2.603248000000002449e-03
2.099343000000031267e-03
2.257313999999954746e-03
4.506292400000000420e-02
9.261641499999995197e-02
2.089001319999999051e-01
4.448662299999999181e-01
4.978218450000000406e-01
2.569265769999999893e-01
4.999184530000000404e-01
4.954172349999999003e-01
4.997818169999999061e-01
4.996606679999999745e-01
4.897360010000000319e-01
4.926739280000000942e-01
4.838096810000001025e-01
4.997465409999999331e-01
2.194011620000000384e-01
4.804318389999999717e-01
4.969553470000001028e-01
4.989726089999999559e-01
4.993475290000000122e-01
4.999187730000000940e-01
3.556542320000000146e-01
9.856152000000006907e-03
2.177998000000069823e-03
4.518232749999999687e-01
4.493985970000000663e-01
3.950707010000000796e-01
4.992266990000000515e-01
8.031889999999997087e-02
2.371320600000004220e-02
4.191564999999952690e-03
1.613424740000000135e-01
4.997600550000000919e-01
2.073207720000000975e-01
9.036887500000001516e-02
3.004583610000000071e-01
4.122443929999999312e-01
4.506525770000000541e-01
4.996126839999999181e-01
2.751644619999999986e-01
2.407812400000000075e-01
4.716344560000000907e-01
4.534974309999999509e-01
4.988602619999999987e-01
3.171648600000001039e-01
4.999091529999999395e-01
4.320573420000000109e-01
4.999933590000000816e-01
4.679462580000000038e-01
4.994858440000000677e-01
4.966961700000001034e-01
4.967462990000000023e-01
4.961541220000000862e-01
4.918928190000000367e-01
4.975085779999999236e-01
4.628325579999998940e-01
7.461203799999993613e-02
2.370107480000001043e-01
3.984966499999997858e-02
4.949758259999998966e-01
1.679531530000000217e-01
4.722096999999925160e-03
7.142620000000210467e-04
3.617069999999333874e-04
1.079790000000357963e-04
4.464245999999993941e-02
4.634620089999998971e-01
4.979766489999999379e-01
4.574277840000000595e-01
4.997221419999999803e-01
3.202460229999999353e-01
4.390036200000000388e-01
4.963064859999999356e-01
4.959267499999999718e-01
4.963485620000001042e-01
4.980284200000000272e-01
4.993984170000000944e-01
4.999763340000000778e-01
4.821097340000000120e-01
4.805714580000000069e-01
4.999127779999998911e-01
4.993159250000001048e-01
4.998990869999999642e-01
4.997982009999999420e-01
4.995195439999999820e-01
4.998732200000000070e-01
4.951742699999999164e-01
4.911449759999999554e-01
4.991582080000001032e-01
4.890274450000000606e-01
4.982853149999999509e-01
4.998338819999998961e-01
2.982854919999999854e-01
4.962462579999999956e-01
4.903745489999999929e-01
4.215708160000000149e-01
3.894418800000010172e-02
2.434975580000000583e-01
4.999675230000000248e-01
4.985018310000000064e-01
4.985844530000000940e-01
4.896606969999999226e-01
6.248118999999996426e-02
2.175491000000029373e-03
1.603548999999993008e-02
4.938410890000000109e-01
3.301929139999999485e-01
2.996561339999999074e-01
4.999964320000001017e-01
4.426473280000000621e-01
1.015795799999996696e-02
1.302501000000066966e-03
2.234967399999998605e-02
7.543968200000006341e-02
5.576563300000003665e-02
4.686702179999999718e-01
1.642469820000000968e-01
5.741211900000009472e-02
1.009444399999992470e-02
4.236362849999999458e-01
4.912511550000000504e-01
4.999927379999999921e-01
3.196147899999999265e-01
3.198604999999909992e-03
3.352903570000000943e-01
4.997597590000000256e-01
4.432511699999999166e-01
4.912737250000001055e-01
4.978771230000000880e-01
4.981631840000000366e-01
4.994383549999998895e-01
4.993023400000000667e-01
4.999791799999999675e-01
4.983014850000000440e-01
4.997331210000000024e-01
4.956200049999999191e-01
4.973201289999999997e-01
4.996376829999999991e-01
4.997259130000000216e-01
4.970467919999999040e-01
4.997541379999999034e-01
4.919937359999999593e-01
2.745150830000000486e-01
4.996465230000000091e-01
4.991148510000000815e-01
3.658023139999999618e-01
1.088855950000000572e-01
4.998110350000000146e-01
2.703677790000000858e-01
2.995319869999999440e-01
4.977345060000000210e-01
4.398855500000009577e-02
4.807479999999975107e-03
2.978785299999997527e-02
4.958907869999999996e-01
2.535075280000000930e-01
9.759370000000044953e-03
1.451720399999989475e-02
5.022447800000007234e-02
3.847923280000000723e-01
1.175021400000009208e-02
9.734070000000372147e-04
2.535713500000000842e-01
4.402051520000000995e-01
3.375735840000000376e-01
4.999450780000000982e-01
4.994014360000000874e-01
4.990428840000000754e-01
4.987855340000000304e-01
4.996731050000000618e-01
4.998907120000000148e-01
4.987693060000000234e-01
4.983197109999999430e-01
4.974039800000000788e-01
4.995457910000000723e-01
4.938495409999998920e-01
4.997773990000000666e-01
4.993447749999999630e-01
2.562114829999999621e-01
2.073403599999990021e-02
2.998540000000993189e-04
1.302837000000001133e-02
4.804750300000004692e-02
4.739336979999999588e-01
4.675264100000000589e-01
2.204042429999999442e-01
6.366036699999999549e-02
2.426481999999952066e-03
7.058399999992914786e-05
1.776217019999999369e-01
4.996935769999999444e-01
3.636961329999999215e-01
6.825826999999895506e-03
2.568145589999999423e-01
4.999869489999999583e-01
4.989084239999999060e-01
4.983227880000000720e-01
4.952382650000000108e-01
2.970959609999999085e-01
4.088274350000000723e-01
4.998348480000001093e-01
4.994409529999999098e-01
4.993268049999999292e-01
2.726801899999999890e-01
4.359335330000000397e-01
4.787651230000000702e-01
4.993622460000000096e-01
4.968680329999999312e-01
4.933373919999999302e-01
4.957412740000000095e-01
4.394083639999999402e-01
2.030115599999993137e-02
1.820184000000057978e-03
2.342390800000004880e-02
1.508639100000008781e-02
8.146044000000074448e-03
1.894684129999999467e-01
4.975051500000000626e-01
4.770124120000001078e-01
2.769803740000000847e-01
2.658931360000000854e-01
4.985862089999999469e-01
4.933682809999999641e-01
4.700513699999999684e-01
9.054287799999993780e-02
4.921946499999996227e-02
5.425214100000008699e-02
4.926612059999999627e-01
4.217725420000000280e-01
4.951718160000000424e-01
4.644031550000000674e-01
8.471298999999987700e-03
1.383691000000020210e-03
1.298838000000079873e-03
6.906338300000003372e-02
1.486967980000000189e-01
4.986477030000000532e-01
4.995220160000000131e-01
4.970682740000000877e-01
9.116609600000002978e-02
1.930241399999998997e-02
4.681113260000000498e-01
4.739424370000000497e-01
4.991379899999999203e-01
4.947029370000000092e-01
4.842511869999999163e-01
4.999970060000000771e-01
4.423518129999999271e-01
1.617581850000000543e-01
4.999267530000000015e-01
4.801115540000000514e-01
4.999483350000000215e-01
4.998637109999999328e-01
4.984176229999999208e-01
4.997959759999999196e-01
4.956977069999999319e-01
3.112196990000000163e-01
8.645279999999200271e-04
3.200360999999984912e-03
4.910361000000085241e-03
1.416016999999936132e-03
2.880395999999896262e-03
1.417986500000001371e-02
2.747744100000004686e-02
1.804972999999998606e-02
2.150170900000003549e-02
3.590408099999997660e-02
7.019652999999959064e-03
3.019021999999926820e-03
2.784892000000005474e-02
6.539010000000011757e-03
3.838679229999999443e-01
4.998966529999999686e-01
4.978739679999999446e-01
4.976267919999999290e-01
4.990865890000000249e-01
4.961012389999999161e-01
4.994353279999999007e-01
4.955335499999999893e-01
4.997640759999999460e-01
4.978817669999999751e-01
4.989658230000000305e-01
4.985254329999999623e-01
4.974253790000000564e-01
4.998968660000000508e-01
4.495372570000000234e-01
4.979014749999999268e-01
4.480925700000000234e-01
4.986291089999999038e-01
4.999446279999999465e-01
4.692986079999998950e-01
4.994628809999999142e-01
4.990328219999999870e-01
4.999951970000000578e-01
4.980537119999999263e-01
4.995767920000000473e-01
4.865664519999999271e-01
4.017806219999999762e-01
1.772656399999994470e-02
6.269569700000010570e-02
1.133000800000005803e-02
1.668642599999992093e-02
4.569296999999972186e-03
1.014797399999989302e-02
3.558737000000089523e-03
1.324555999999921241e-03
1.287894999999927848e-03
5.666520000000563329e-04
2.565912099999989593e-02
4.774426510000000512e-01
4.838848410000000655e-01
4.927576049999999874e-01
4.833237219999999557e-01
4.994011089999998987e-01
4.992522360000000159e-01
4.999320050000000126e-01
4.973710680000000828e-01
4.965789460000000766e-01
4.999802639999999521e-01
4.962236719999999490e-01
4.900646909999999412e-01
4.988660060000000840e-01
4.999199800000000415e-01
1.445231929999999387e-01
1.306034819999999375e-01
4.999214690000000072e-01
4.985910229999999110e-01
4.994510039999999762e-01
2.615708850000000307e-01
4.287178000000002598e-03
8.788299999999971135e-04
9.712399999999288269e-04
1.416666999999982579e-03
2.163491999999989090e-03
7.301738000000002060e-03
4.453558000000024109e-03
1.695863600000002691e-02
2.029867649999999024e-01
2.993128499999997416e-02
5.775424999999945186e-03
2.387101999999918789e-03
1.622688999999954973e-03
7.622961000000039178e-03
1.258395399999989728e-02
2.781760500000007852e-02
6.142569000000097645e-03
1.177511999999936165e-03
6.674300000000021882e-03
1.848222020000001020e-01
4.999763360000000212e-01
4.533284849999998922e-01
4.999451479999998949e-01
4.990637440000000868e-01
4.991425510000000454e-01
4.987972800000000095e-01
2.659576809999999458e-01
3.366283999999941656e-03
2.917400000002068339e-05
8.041979999999782081e-04
7.997880000000012757e-03
2.034109200000000506e-02
2.545704999999953699e-03
1.958100000010176700e-05
3.582208600000003074e-02
1.289919100000003205e-02
1.795101999999992870e-03
1.490123370000000502e-01
4.999654710000001057e-01
3.308734570000000375e-01
6.332223099999989557e-02
4.299462999999947854e-03
2.388961329999998995e-01
4.998899210000000704e-01
4.994681590000000782e-01
4.999120059999999643e-01
4.930183969999999416e-01
4.997453750000000472e-01
4.854765370000000413e-01
4.772545519999999986e-01
3.467680209999999263e-01
3.014335239999998972e-01
4.981962810000000186e-01
4.860518430000000389e-01
4.985443609999999914e-01
4.974523829999999425e-01
4.949620489999999595e-01
4.997451989999999178e-01
7.202635900000009528e-02
8.968757999999965591e-03
2.670621499999992210e-02
9.557330000000696657e-04
1.662947000000025710e-03
3.824299999999336563e-04
9.290841000000105154e-03
1.184738999999934705e-03
4.329457000000092037e-03
3.285325619999999169e-01
4.999093939999998959e-01
4.969366040000000595e-01
3.941619750000000533e-01
1.783893999999897062e-03
1.051364000000054588e-03
1.611750300000003300e-02
8.560173000000004251e-03
5.234471999999934511e-03
1.034656000000078180e-03
1.049363999999997077e-03
1.943169000000022351e-03
9.624896999999910108e-03
5.235106799999988958e-02
2.614013000000081632e-03
1.705081100000005456e-02
3.010615200000010816e-02
1.237981850000000605e-01
6.454796999999956597e-03
2.240661000000088166e-03
4.099790299999999110e-01
4.951897249999999140e-01
6.562891800000003606e-02
1.096487000000001544e-02
3.748850089999999913e-01
4.998584509999999259e-01
4.183452560000000542e-01
2.102279449999999716e-01
3.557590960000001079e-01
4.999356500000000647e-01
4.992583139999999808e-01
4.988691409999999049e-01
2.334089269999999328e-01
1.159069000000068073e-03
1.977965899999989396e-02
4.612249889999999741e-01
3.663386399999999377e-01
2.765812620000001054e-01
4.999779630000000807e-01
4.965956359999998959e-01
4.993964989999999382e-01
4.999571499999999613e-01
2.966362140000000647e-01
4.300361520000000048e-01
4.993202839999999476e-01
4.928340049999999639e-01
4.930166430000000322e-01
4.962340700000000826e-01
3.002847859999999702e-01
3.542863000000062712e-03
3.638443999999996237e-02
6.837915400000005306e-02
1.293876200000010357e-02
2.030457000000041035e-03
2.066872000000108400e-03
7.871500000000031250e-03
6.276661000000016699e-03
3.787631000000013515e-03
3.926782730000000221e-01
2.816145699999998975e-01
3.161679969999999784e-01
4.762675270000000793e-01
4.990938110000000538e-01
2.849437340000000596e-01
6.277284999999910298e-03
3.156919899999999224e-02
2.013869310000000468e-01
4.981740709999999961e-01
4.921560750000000262e-01
4.486683000000000199e-01
1.936308170000000661e-01
4.867897459999999121e-01
1.344837789999999700e-01
1.810894200000001675e-02
1.037578999999899665e-03
6.574998999999914773e-03
3.870032000000023231e-03
2.387020000000905640e-04
1.608653999999987150e-03
2.200318999999950620e-03
3.722666000000041109e-03
1.148066100000000311e-02
4.293808999999981779e-03
1.912922999999899787e-03
4.978554000000023905e-03
3.128800000000708792e-04
2.680200000004795413e-05
1.561960000000528481e-04
3.663683999999944874e-03
6.310462000000072180e-03
3.412490770000000673e-01
4.996381119999999676e-01
4.823025530000000227e-01
4.999415499999999568e-01
3.091093339999999579e-01
1.491474000000048150e-03
8.503032999999993180e-03
5.902738999999934677e-03
1.133153999999914063e-03
7.853000799999998449e-02
4.295395500000001032e-01
4.990401840000000533e-01
4.622556700000000074e-01
4.861482690000000773e-01
4.998524460000000058e-01
3.333154430000000445e-01
4.676973440000000704e-01
4.997623110000000146e-01
4.980141319999999983e-01
3.263187270000000861e-01
3.177861209999999215e-01
4.996824600000000505e-01
4.980164510000000266e-01
4.995776649999998931e-01
1.718921659999999019e-01
1.254507800000004281e-02
1.861131999999932063e-03
6.752770999999935242e-03
4.309660289999999172e-01
4.548007919999998983e-01
4.665053750000001109e-01
4.964287080000000518e-01
4.985030379999999539e-01
4.993100470000000346e-01
4.989724779999999971e-01
4.941134679999998891e-01
4.993141759999999429e-01
4.970312150000000262e-01
4.984194109999999789e-01
4.998440740000000826e-01
4.999004380000000580e-01
4.796920579999999212e-01
4.987435860000000165e-01
2.435381219999999125e-01
4.999606400000000672e-01
3.635917250000000323e-01
2.131166300000009173e-02
2.625931499999989427e-02
6.455032000000082704e-03
1.888670000000924887e-04
7.432000000000549278e-04
5.325050000000164374e-04
2.144779999999624209e-04
1.623989000000047866e-03
2.104147200000006102e-02
4.474983009999999872e-01
4.782858450000000428e-01
4.934850310000000739e-01
4.980975739999999874e-01
4.934695360000000974e-01
4.997930829999999158e-01
4.994705189999999462e-01
4.995347169999999615e-01
3.611456909999999354e-01
2.269155000000022682e-03
1.203849099999998451e-02
4.197396300000000302e-02
3.775466839999999102e-01
4.947534609999999500e-01
4.852252969999999443e-01
4.766607220000000922e-01
4.946259980000000667e-01
4.958733639999999276e-01
4.903524649999999596e-01
4.931912499999999699e-01
4.663516469999999803e-01
4.680016860000000278e-01
4.999830560000000368e-01
4.999039100000000069e-01
4.991529169999999738e-01
4.976773690000000361e-01
4.996629779999999244e-01
4.938429090000000521e-01
4.995554380000000183e-01
4.999145570000000927e-01
4.984295700000000995e-01
4.970312370000000701e-01
4.993553100000001077e-01
4.483564229999998929e-01
4.991467759999999032e-01
4.986864779999999886e-01
4.995356159999999601e-01
4.980847950000000246e-01
4.992993759999999615e-01
3.072344680000000938e-01
8.493265300000008011e-02
7.606020999999962839e-03
8.193990000000095364e-03
2.215879819999999611e-01
4.997778170000000131e-01
4.972007679999999041e-01
4.785511090000000856e-01
4.997514569999998990e-01
4.979382439999999743e-01
4.988149799999999079e-01
4.973453240000000886e-01
4.979182040000000864e-01
4.469426409999999183e-01
4.111301899999997289e-02
1.212049000000048338e-03
1.143360400000004162e-02
1.039581599999994665e-02
5.512437599999997495e-02
2.160899999998910914e-04
1.088614300000001478e-02
1.475673000000066182e-03
3.204800000000673776e-05
1.325943000000107119e-03
1.443980999999983084e-03
2.296977000000088864e-03
6.576488999999963170e-03
4.420790109999999107e-01
2.125347150000000962e-01
1.664831000000033256e-03
4.727574899999997804e-02
6.045030999999978505e-03
4.911723800000000750e-02
4.287818119999999844e-01
4.955466829999999323e-01
4.999011849999999146e-01
4.986121020000000570e-01
4.989590509999999313e-01
4.999898590000000365e-01
4.998515759999999641e-01
4.965254589999998913e-01
4.274035149999999561e-01
4.947272579999999476e-01
4.993947119999999629e-01
4.908065969999999556e-01
4.998718269999999908e-01
4.622221539999999962e-01
4.974869520000000378e-01
2.134382990000001090e-01
7.393213000000065094e-03
1.107635799999995285e-02
2.486119000000064361e-03
4.212862700000008509e-02
3.486083100000003654e-02
9.753980000000161965e-04
1.002599999999631564e-05
1.983571600000000323e-02
3.486369350000000367e-01
4.996194689999999827e-01
4.999948659999999823e-01
4.990473140000000196e-01
4.986622540000000825e-01
3.973765559999999919e-01
6.699833999999960099e-03
9.551199999990878098e-05
1.888990000000756453e-04
1.184762499999991725e-02
4.177417600000010722e-02
3.216475999999990343e-02
6.024890000000393542e-04
1.434533999999931808e-03
1.113113800000009590e-02
4.189640999999966198e-03
2.744733999999970919e-03
8.119580000000015119e-03
9.667032000000075342e-03
3.581636000000054665e-03
2.641879000000013633e-03
8.141770000000825291e-04
6.077630000000944221e-04
3.543278899999999787e-01
4.999453499999999551e-01
4.994231010000000914e-01
4.992301649999999480e-01
3.406915470000000390e-01
2.771858979999999306e-01
4.910710730000000801e-01
4.801403280000000606e-01
2.363473599999998953e-02
3.827733040000000919e-01
4.999909689999999518e-01
4.968284999999998952e-01
4.959027030000000558e-01
4.661801569999999284e-01
3.640238339999999351e-01
1.637970619999999933e-01
1.903159100000006987e-02
9.912134999999988594e-03
3.809401999999906252e-03
2.397152999999985212e-03
2.611887000000034931e-03
3.055944969999999650e-01
4.988668259999999854e-01
4.894463810000000414e-01
4.981435649999998994e-01
4.982071130000000903e-01
4.998096549999999638e-01
4.999574209999999574e-01
4.953385210000000871e-01
4.996689270000000960e-01
2.826336959999999898e-01
3.341593000000031566e-03
4.068165999999928673e-03
1.228358399999995854e-02
1.831880099999994016e-02
9.409479000000109394e-03
2.625606799999991026e-02
1.768028000000088085e-03
1.031675000000009668e-02
4.809304459999999004e-01
4.982284910000001066e-01
4.986439760000000998e-01
4.993997169999999652e-01
4.931689150000000410e-01
4.341524439999999707e-01
4.990250000000084896e-03
1.058779100000000195e-01
2.174345529999999194e-01
1.526058899999993557e-02
2.578407469999999257e-01
4.999937590000000931e-01
4.991188099999999128e-01
4.968979689999999394e-01
4.995704149999999899e-01
4.769451270000000243e-01
4.947900229999999677e-01
4.057020110000000290e-01
4.997437790000001101e-01
4.996919820000000900e-01
4.985101569999998983e-01
4.959133719999999634e-01
4.493653680000000428e-01
6.544327699999996639e-02
1.865022000000049474e-03
3.540807099999998542e-02
6.833100000003256014e-05
1.420873320000000106e-01
4.709533480000001049e-01
4.994699540000000493e-01
4.981139349999998966e-01
4.924478119999999848e-01
4.049137210000000042e-01
1.113530999999889914e-03
1.632147000000028214e-03
1.389177099999994169e-02
2.135059199999989055e-02
5.197337399999990559e-02
3.091039000000073145e-03
1.048903999999906134e-03
2.416433999999911819e-03
2.428018919999999081e-01
4.991275280000000425e-01
4.996245089999999944e-01
4.780706219999999451e-01
4.989483260000000531e-01
1.631940179999999962e-01
3.375749499999991521e-02
1.341466849999999322e-01
4.915188159999999140e-01
4.985179060000000106e-01
4.967396049999999175e-01
4.999809299999999901e-01
4.983000269999999787e-01
4.988211510000000182e-01
4.999250850000001023e-01
4.651813479999999945e-01
4.706363220000000513e-01
4.999914530000000301e-01
3.979885370000000311e-01
4.982123430000000575e-01
3.943265650000000733e-01
4.997483890000000706e-01
4.985513319999999027e-01
4.883102370000000914e-01
4.999185269999999459e-01
4.998082690000000827e-01
4.997272079999999228e-01
4.998099670000000216e-01
4.958135569999999603e-01
4.885084239999999411e-01
4.975740250000000309e-01
3.409748999999999697e-01
4.426459009999998973e-01
4.977438329999999134e-01
4.998052559999999200e-01
3.497024040000000777e-01
2.594772260000000053e-01
4.988676130000000430e-01
4.389949929999998890e-01
4.926094000000000861e-01
4.994420840000000084e-01
4.751909149999999915e-01
2.574076860000000799e-01
8.372214800000010726e-02
4.493986889999999068e-01
4.805238880000000101e-01
7.745576999999892465e-03
9.280280999999890312e-03
2.179531200000006663e-02
4.848213000000045625e-03
2.312746999999948372e-03
2.198449879999999634e-01
4.998856769999999727e-01
4.931722080000000563e-01
4.976033939999999767e-01
4.945802159999999059e-01
4.987587829999999833e-01
4.975395890000000598e-01
4.826209489999999658e-01
4.994089610000000956e-01
3.580681119999999940e-01
1.254979499999997472e-02
3.443504360000000375e-01
4.995136890000000385e-01
4.995123669999999017e-01
4.969166069999999547e-01
4.997193890000000138e-01
3.628848019999999508e-01
4.947872870000000756e-01
4.434105219999999736e-01
9.651501099999992839e-02
4.764049999999020457e-04
1.150162999999926328e-03
2.045097620000000394e-01
4.999655100000000019e-01
4.905508970000000968e-01
4.335487190000000268e-01
5.499009300000001765e-02
3.771421260000000775e-01
4.991600560000000186e-01
4.998368189999999878e-01
4.999728240000000934e-01
4.940527839999999671e-01
4.786542080000000254e-01
3.665601380000000908e-01
3.083724200000004245e-02
1.460599529999999646e-01
2.647291599999990197e-02
2.544445000000061796e-03
5.439645399999992748e-02
4.988505069999999986e-01
4.993149320000001001e-01
4.998924289999999715e-01
2.268934609999999630e-01
2.104609999999951242e-04
3.485179999999976630e-03
7.414773999999901832e-03
8.092120000000591062e-04
9.901845999999991932e-03
1.253350100000005796e-02
1.356454999999989752e-02
1.455330600000004360e-02
5.279776999999929998e-03
4.786457799999999096e-02
4.893874449999999765e-01
3.782326309999999303e-01
4.646269300000001046e-01
4.996953850000001029e-01
4.993257330000000493e-01
4.782489690000000238e-01
4.993163000000000462e-01
1.596583369999999835e-01
3.500741119999999373e-01
4.623625179999999446e-01
8.783491100000007101e-02
4.950474490000000838e-01
4.997391120000000964e-01
4.938700000000000312e-01
4.996308769999999733e-01
4.855120360000000357e-01
4.997602050000000684e-01
4.956573849999998949e-01
4.995061579999999779e-01
4.057422219999999857e-01
7.278900000007304527e-05
1.220900000009628172e-05
2.336359999999260140e-04
1.366006999999891391e-03
9.980544999999896305e-03
5.908537999999907697e-03
1.476117500000007077e-02
3.794990680000001060e-01
4.948089179999999310e-01
4.993271850000000622e-01
4.469579290000000871e-01
4.997587070000000242e-01
4.689724619999999788e-01
4.884736610000000034e-01
4.942168899999999088e-01
3.173531000000000546e-01
1.378817999999992772e-02
2.794369990000000747e-01
4.999756420000001089e-01
4.995277010000001017e-01
4.994195260000000580e-01
8.415920100000007231e-02
1.754126499999997257e-02
1.732922200000008850e-02
2.867385999999916280e-03
2.624875100000001460e-02
8.463405000000090439e-03
4.035579999999150402e-04
1.363293000000043165e-03
5.529732000000064929e-03
1.916783799999999260e-02
2.796750000000347569e-04
2.123299370000000241e-01
4.979495110000000668e-01
1.335452640000001079e-01
4.971414700000000852e-01
3.710498330000000511e-01
3.508166299999992965e-02
3.770333980000000196e-01
4.993063230000001074e-01
4.655337690000000972e-01
4.982969360000000236e-01
2.912034889999999265e-01
1.277166699999998656e-02
9.624467999999941625e-03
3.845579999999237941e-04
1.494800499999993093e-02
3.497547000000045259e-03
2.938809999999403288e-04
2.138122000000075573e-03
1.717871820000000938e-01
4.998900569999999988e-01
1.945415690000000808e-01
4.766794000000018627e-03
1.122760000000777580e-04
5.068100999999991529e-03
1.091873029999999023e-01
4.997876679999999627e-01
4.975853869999999901e-01
4.998549139999999280e-01
4.971975200000000594e-01
4.970467579999999774e-01
4.999614770000000430e-01
1.560281900000000110e-01
1.141809780000000440e-01
4.998921610000000015e-01
4.745928409999999875e-01
4.944963110000000217e-01
4.246610319999999383e-01
4.863136059999999539e-01
2.487826420000001093e-01
4.822469170000001082e-01
4.864026260000000601e-01
4.936882879999999751e-01
4.991804419999998910e-01
4.967325639999999876e-01
4.987355179999999333e-01
1.363655290000000964e-01
3.643751999999889080e-03
4.358158999999917071e-03
2.447599999999994225e-03
2.783090230000000442e-01
4.971835319999999836e-01
4.989750289999999033e-01
4.996970650000001068e-01
4.550344250000000201e-01
4.935260939999999152e-01
1.712859190000000087e-01
5.527335900000007740e-02
4.637277740000000925e-01
2.900238049999999124e-01
7.355216000000108778e-03
5.556200000000899308e-04
8.018089999999311601e-04
8.921600000000085018e-03
6.006265999999982341e-03
1.507439999999249380e-04
8.104657999999931306e-03
3.319080399999996267e-02
2.763702300000003831e-02
2.024438200000000521e-02
1.949104400000001291e-02
1.472008840000000873e-01
4.996982919999999329e-01
3.969502920000000934e-01
4.427258899999997332e-02
1.381288299999994251e-02
1.792679000000019229e-03
3.743194999999976957e-03
2.882509310000000990e-01
4.996270320000000265e-01
4.907855869999999676e-01
2.350385870000000210e-01
4.015162910000000807e-01
4.663069129999999340e-01
6.169834600000001501e-02
4.635894320000000235e-01
4.853146800000001093e-01
4.958031599999999095e-01
4.997949370000001057e-01
4.995426359999999288e-01
4.275549210000000322e-01
2.477607349999999542e-01
4.860894630000001104e-01
2.274013459999999487e-01
6.031980000000825015e-04
3.723589999999887823e-04
6.225280000000665837e-04
1.741554999999950226e-03
9.014461000000029145e-03
9.172375599999993412e-02
4.989230609999999455e-01
2.477213089999998896e-01
7.641650000000943521e-04
4.956055000000070265e-03
2.790604900000004385e-02
3.197665300000007704e-02
4.926757630000000443e-01
4.929493229999999393e-01
4.998290759999999278e-01
4.797334490000000340e-01
4.992417749999999987e-01
2.509786700000000703e-01
4.947246780000000843e-01
8.539850799999992859e-02
2.064667000000008912e-02
5.388280000000467140e-04
1.496652910000000336e-01
4.499276999999999305e-01
4.794748799999999367e-01
4.242443520000001023e-01
4.996181539999999810e-01
4.947863569999999545e-01
4.633851410000000559e-01
8.843237000000003789e-03
6.902954000000072199e-03
8.498273000000056143e-03
1.241309099999998722e-02
2.367735600000009377e-02
2.308897000000031952e-03
6.387969999999132398e-04
1.486744820000001077e-01
4.748745469999999802e-01
4.960006359999999948e-01
4.989114679999999691e-01
4.855290089999999559e-01
4.970234010000000868e-01
2.682992470000000740e-01
2.792793900000001273e-02
3.133100300000002392e-02
3.623698799999999220e-01
4.978477290000000721e-01
4.975192630000000449e-01
4.994119669999999012e-01
2.786551919999999960e-01
6.124373000000016276e-03
1.377980000000000871e-03
2.787992000000016901e-03
3.624000000090887852e-06
1.419689999999640406e-04
2.616213999999894568e-03
4.824809999999235544e-04
9.384500000009232679e-05
3.049559999999118531e-04
8.624310000000523502e-04
1.544229999999924274e-03
1.511389999999668277e-04
1.028724860000000962e-01
4.998734000000000233e-01
4.665707789999999910e-01
4.999816800000000949e-01
4.743356110000001014e-01
4.995046340000000029e-01
4.876632240000000618e-01
4.999175010000000974e-01
4.985010480000000577e-01
4.985419989999999579e-01
4.931461880000000964e-01
4.982366810000000701e-01
4.619349129999998915e-01
5.576307999999974285e-03
9.219783999999897617e-03
4.531803469999999834e-01
4.084307849999999629e-01
8.920329499999990475e-02
4.899726620000000032e-01
4.903557119999999436e-01
4.994278059999999186e-01
4.962162839999999520e-01
4.851964879999999258e-01
4.986549350000000214e-01
1.080295819999999019e-01
5.954109999999346314e-04
1.541549999999336507e-04
8.738239999999120045e-04
1.482884800000006109e-02
2.604203799999993407e-02
2.641582699999989181e-02
8.088534000000091595e-03
1.278793780000000435e-01
2.207101599999994335e-02
3.841679719999999687e-01
4.986884439999998975e-01
4.903127860000000560e-01
4.998895899999999948e-01
4.127829759999999126e-01
4.845593360000000072e-01
4.819043910000000430e-01
4.990180019999999050e-01
4.764659520000000814e-01
4.862245659999999692e-01
4.995861109999999439e-01
4.713011119999999110e-01
4.997910489999999317e-01
3.901538200000000955e-01
2.314967740000000163e-01
4.918868069999999815e-01
4.983403959999999078e-01
4.999177379999999449e-01
3.951207349999998897e-01
2.363402000000069947e-03
2.544494999999979967e-03
1.404609599999995240e-02
4.635961800000010236e-02
8.424190000000386647e-04
1.292314000000072127e-03
1.289233999999916946e-03
4.057972000000020785e-03
1.472204399999998969e-02
1.244559999999950151e-04
4.009584499999996332e-02
1.716286600000005436e-02
1.212009000000002779e-02
1.577287110000000769e-01
3.520171299999996783e-02
2.894476899999998132e-02
6.253966000000055203e-03
1.109465499999995330e-02
1.046218499999995721e-02
6.656076000000066273e-03
1.104182799999997577e-02
2.664530650000001000e-01
4.984517989999999177e-01
4.911869849999999094e-01
4.999203759999999441e-01
4.482201439999999870e-01
4.919043320000000552e-01
4.999239429999999818e-01
4.941610359999999424e-01
4.450002840000000237e-01
1.521999099999993277e-02
5.453399999999497538e-05
4.273470000000001434e-03
7.166998399999990887e-02
3.513223999999981473e-03
1.523651000000003641e-02
6.105399999989380433e-05
2.974410500000002067e-02
1.995008399999997906e-02
3.244181760000000025e-01
4.994824040000001020e-01
4.972380119999999515e-01
4.673947759999999008e-01
1.515400909999999879e-01
4.820080790000000892e-01
4.030746290000000176e-01
8.736381399999992858e-02
7.286231899999995321e-02
4.770634100000004096e-02
6.291991999999968499e-03
1.890884000000037091e-03
3.630915000000012327e-03
6.625570599999996979e-02
3.225195279999999443e-01
4.999785770000000351e-01
3.680539419999999673e-01
2.305136900000004374e-02
8.758347799999999239e-02
4.999527050000001083e-01
3.470122710000000943e-01
2.445360199999990769e-02
4.115600700000010548e-02
2.856973200000001434e-02
7.053470500000003085e-02
1.220446000000041664e-03
1.577119000000015703e-03
1.444030000000040559e-03
7.678749000000095748e-03
1.462689669999999165e-01
4.999124139999999716e-01
9.911462400000004003e-02
4.485362000000048255e-03
6.961358999999989194e-02
2.731437000000001003e-01
3.037718789999999114e-01
4.923962859999999608e-01
4.989220819999999890e-01
2.795838889999999743e-01
7.958180000000592003e-04
1.227561999999959852e-03
1.656279999999732411e-04
8.998699999995807275e-05
5.263124999999924114e-03
2.390913199999999961e-02
3.754319099999992027e-02
2.774076100000000267e-02
1.227786000000063993e-03
4.606391999999903675e-03
2.712700899999997972e-02
4.301326799999993789e-02
2.622910599999994652e-02
1.455404019999999576e-01
4.458264389999999633e-01
3.540859999999999008e-01
4.524531389999999487e-01
1.322475620000000962e-01
7.392128499999994773e-02
4.723943310000000562e-01
4.988429809999999076e-01
3.992202910000000049e-01
4.069187290000000345e-01
4.998414209999999525e-01
4.902342399999999323e-01
4.979351069999999879e-01
4.863025210000000431e-01
3.914757419999999044e-01
2.028130400000005551e-02
2.345748600000008288e-02
4.223525000000005747e-03
1.867280300000007109e-02
1.880375199999995139e-02
1.197966999999966475e-03
2.525259999999196481e-04
1.234849799999993003e-02
1.048431500000002181e-02
6.698569299999990179e-02
4.925281839999999800e-01
2.224388230000000632e-01
2.987437999999897897e-03
1.968197000000060370e-03
1.701641099999995355e-02
1.710389219999999266e-01
4.996950079999999961e-01
4.987257140000000977e-01
4.943572050000000218e-01
4.590269739999999210e-01
1.263781400000008048e-02
5.950855099999996511e-02
1.735193820000000553e-01
4.812551920000001093e-01
1.058829409999999527e-01
4.958659400000000606e-01
3.961394170000001047e-01
3.137177399999990790e-02
2.793988999999941214e-03
3.124211000000043370e-03
3.016995999999938505e-03
2.625904000000067740e-03
1.364961449999999576e-01
4.958251490000000761e-01
4.999850690000000597e-01
4.999747029999999093e-01
4.990107580000000542e-01
4.801094589999999052e-01
4.999952800000000419e-01
4.823892309999999739e-01
1.096827929999999451e-01
8.677318399999989218e-02
1.312739999999035234e-04
7.426099999996438328e-05
1.566950000000399967e-04
1.422680999999981211e-03
1.113936600000009491e-02
1.088798999999918138e-03
1.379084209999998922e-01
4.992587550000000540e-01
4.588860960000000766e-01
4.999778109999999387e-01
2.840648960000000667e-01
4.899760230000000938e-01
3.990958270000000141e-01
1.678642710000000093e-01
3.842570839999999155e-01
4.870303190000000448e-01
4.302788259999998921e-01
2.503873910000000702e-01
4.997702509999999432e-01
4.986240310000000786e-01
4.999511329999999365e-01
4.997002150000000587e-01
4.267245150000000820e-01
1.706122000000087624e-03
5.728339999999665366e-04
9.236332000000002651e-02
4.971197650000001023e-01
3.511087440000000282e-01
4.665161650000000382e-01
2.687852569999999996e-01
4.028863959999999800e-01
4.998796359999999606e-01
4.847991519999998999e-01
3.578589960000000403e-01
4.924691779999998964e-01
4.999309000000000669e-01
4.665624230000000594e-01
3.653822220000000343e-01
4.993366889999999447e-01
1.954425639999999298e-01
9.194740000000312108e-04
1.581744999999967760e-03
2.764377999999956259e-03
8.588421000000012739e-03
3.567079999999833717e-04
7.248090000000484423e-04
6.896200000006125208e-05
3.611306999999897016e-03
4.935976000000064090e-03
1.350953800000009863e-02
4.795939970000000496e-01
4.998419869999999321e-01
4.988381870000000440e-01
4.988034830000001030e-01
3.870586519999998920e-01
4.083028600000004893e-02
3.174547299999999073e-01
4.988086650000000954e-01
2.444907439999999266e-01
2.763078700000010102e-02
1.664848999999968271e-03
2.028791999999945972e-03
1.356368899999993438e-02
8.278642000000058232e-03
5.407598999999985168e-03
1.646212999999896454e-03
2.877660000000226148e-04
5.889269999999058314e-04
1.914507999999992549e-02
2.534960000000197056e-04
1.859146500000008473e-02
2.015198000000051337e-03
2.917830999999981856e-03
8.523301000000094163e-03
4.935079999999203437e-04
1.720393600000003076e-02
2.194975999999959626e-03
2.127906999999984450e-03
1.569520000000101945e-03
8.525771999999998130e-02
7.336710000001023246e-04
6.946675000000013256e-03
4.604660410000001036e-01
4.966710850000000121e-01
4.997593950000001062e-01
4.978619429999999735e-01
4.998423919999999132e-01
3.204139409999999799e-01
8.121635199999999166e-02
6.503597000000027606e-03
1.289572999999988312e-03
3.084014070000000718e-01
2.810941810000000540e-01
6.781699999991452898e-05
6.290617000000109371e-03
1.352003150000000709e-01
2.926219469999999934e-01
4.986030599999999868e-01
4.800268940000000928e-01
4.986501029999999002e-01
4.998623200000000821e-01
2.614882540000000866e-01
4.999646369999999340e-01
4.958134439999999366e-01
4.998460870000001055e-01
4.799216260000001011e-01
4.998749410000000726e-01
3.007854709999999709e-01
4.564059000000009192e-03
1.427912999999891852e-03
8.028735999999980777e-03
3.824901500000010834e-02
7.910972999999987820e-03
1.096783000000001174e-02
3.764886399999989308e-02
8.058314999999982575e-03
2.666493100000000283e-02
4.537416469999999702e-01
4.997316670000000460e-01
4.996941319999999020e-01
4.874907859999999538e-01
4.983863570000000021e-01
4.863626309999999897e-01
4.999908550000000673e-01
4.998683680000000074e-01
4.997656340000000696e-01
4.993473079999999342e-01
4.999574529999999406e-01
4.983872579999999441e-01
4.961056569999999777e-01
4.994308979999999565e-01
3.956954219999999633e-01
2.482817499999989685e-02
1.697211000000000691e-01
1.388304000000006866e-03
7.716945999999946793e-03
2.308345080000000493e-01
4.976013759999999841e-01
4.993734059999999086e-01
4.925502399999999170e-01
4.999187339999999757e-01
2.520257710000000095e-01
2.217728600000001826e-02
1.044320999999959199e-03
4.391210999999950459e-03
9.232399999992146888e-05
3.439549000000097223e-03
1.229662999999936446e-03
1.867973099999997721e-02
6.084846700000001718e-02
2.449217000000003530e-02
1.877523000000103082e-03
6.557889000000005630e-02
4.842806909999999299e-01
4.693479259999999709e-01
4.849475910000000667e-01
3.061123040000000017e-01
4.998272519999999997e-01
4.414192480000000973e-01
4.994913519999999441e-01
4.106429439999998987e-01
4.018751900000006039e-02
4.421948840000000658e-01
3.529033599999999993e-01
6.895222000000034157e-03
5.442987999999981952e-03
6.134790000000833743e-04
3.557923900000004025e-02
4.866607759999999061e-01
4.747254210000000363e-01
4.984368649999999512e-01
2.651818990000001097e-01
2.873643999999897503e-03
2.451619999999987698e-03
2.364800609999999637e-01
4.950816479999999853e-01
4.918014390000000624e-01
4.993930049999999454e-01
4.999433790000000766e-01
4.862927850000000607e-01
4.949195260000001095e-01
4.994362199999999863e-01
4.908275859999999824e-01
1.754548250000000920e-01
4.000502690000000694e-01
4.993649309999999009e-01
4.953540739999999776e-01
4.999405390000000171e-01
4.994679239999999520e-01
4.999436349999999418e-01
3.318136350000000512e-01
2.191470870000000737e-01
4.999184960000000455e-01
4.991388029999999087e-01
4.999958010000000730e-01
4.403646900000000031e-01
4.955929629999999975e-01
3.277122100000000593e-01
4.999381210000000131e-01
3.740580810000000422e-01
2.660657199999993949e-02
8.102575999999972467e-03
4.943200000000036454e-03
3.196149999999953195e-03
2.698344600000002202e-02
2.672902999999893225e-03
3.030900000000613659e-04
2.696480000000001098e-03
4.466759999999236896e-04
1.166489000000048293e-03
3.171422800000001097e-02
9.598001000000078164e-03
1.402099000000101015e-03
1.080379199999992323e-02
2.170210000000949435e-04
9.829445999999908423e-03
1.416347570000000555e-01
2.012146370000000850e-01
4.999163570000000334e-01
4.394342380000000325e-01
2.685112299999992125e-02
5.648009999998926389e-04
1.853158000000076910e-03
3.324618370000000933e-01
4.990508879999999703e-01
4.926287629999999140e-01
2.513629280000000410e-01
4.718722699999999826e-02
4.846330309999999919e-01
4.966758110000000226e-01
4.853758420000000573e-01
4.999260400000000715e-01
4.996525549999999427e-01
4.942934770000000366e-01
4.997829330000000958e-01
3.161737659999999117e-01
4.422786510000000781e-01
4.932117519999998922e-01
4.937465039999999750e-01
4.873963150000000244e-01
4.993953209999999476e-01
2.835725700000000238e-01
5.569275000000040166e-03
6.473659999999270553e-04
5.414848000000027639e-03
1.320167189999998936e-01
4.771967919999999808e-01
4.985560220000000431e-01
4.993885819999999143e-01
4.999677540000000420e-01
3.270658609999999022e-01
4.999840479999999587e-01
4.837518649999998921e-01
4.997168579999999860e-01
2.788606190000000318e-01
3.723502540000001026e-01
3.394618709999999151e-01
3.905311179999999549e-01
4.956939410000000823e-01
4.994343770000000404e-01
4.932917180000000457e-01
4.973781310000000566e-01
4.752585700000000468e-01
4.512525089999999128e-01
4.999915509999999230e-01
2.658752600000000577e-01
2.219425909999999114e-01
4.998788030000000937e-01
4.999553260000000332e-01
4.966708939999999739e-01
4.455661259999998958e-01
8.070965600000001849e-02
4.610283900000000656e-02
2.726301209999999475e-01
4.842560209999999810e-01
3.775588519999999448e-01
3.226296399999999398e-01
4.195538999999914864e-03
3.087776959999999349e-01
4.902153650000000695e-01
3.133620829999999025e-01
4.336645509999998982e-01
3.870849300000001048e-01
4.599706700000005810e-02
2.067192250000000620e-01
4.807936219999999761e-01
3.289238119999999821e-01
4.187120049999999427e-01
2.664969210000001087e-01
4.969223419999999614e-01
4.821071059999999520e-01
4.819540639999999598e-01
4.995417769999999091e-01
2.982110659999999136e-01
2.472725799999997420e-02
4.593740000000012813e-03
5.015139999999806975e-04
1.560017000000080145e-03
5.455064400000009250e-02
8.101664800000007993e-02
2.113546150000000790e-01
3.290117239999998944e-01
4.990514150000000537e-01
4.993632059999999484e-01
4.891725929999999334e-01
4.999852620000000414e-01
4.854875069999999848e-01
4.944812469999999571e-01
1.951744870000000631e-01
5.115319999999812239e-04
6.879230000000902123e-04
3.980081179999999108e-01
4.406889979999999429e-01
4.991726839999999221e-01
2.313534690000000893e-01
1.051204999999999501e-03
4.411784530000000260e-01
4.964896800000000443e-01
3.436849950000000486e-01
1.601581000000074084e-03
9.655719999999146097e-04
8.033842999999984968e-03
1.331227059999999796e-01
7.554542699999999833e-02
4.837874179999999136e-01
4.998244519999999191e-01
4.787063730000000739e-01
4.983463809999999494e-01
4.939197159999999531e-01
4.997069690000000008e-01
1.375436420000000215e-01
3.638130040000000509e-01
4.906812400000000185e-01
4.720973809999999826e-01
4.042844919999999398e-01
3.726946299999989165e-02
4.974480119999999950e-01
4.097070830000000274e-01
2.925553599999997090e-02
2.483055999999983499e-03
4.355620319999999879e-01
3.241798119999999006e-01
3.492980610000000485e-01
4.969573899999999433e-01
4.998738970000000670e-01
4.994106419999999602e-01
4.725468710000000350e-01
2.585488999999996373e-02
5.279847200000009622e-02
1.236658000000057100e-03
3.497486000000105122e-03
4.607707999999988147e-03
3.608612000000066544e-03
1.193303300000003730e-02
4.325596799999997799e-02
1.261034999999965933e-03
1.291880000000578121e-04
8.394309999999460814e-04
1.410972999999993149e-02
4.083018499999990780e-02
3.301048730000000209e-01
4.965530570000000754e-01
9.920312500000005862e-02
2.930387299999992479e-02
4.561618119999999443e-01
4.850309760000000026e-01
4.999909129999999813e-01
2.196996010000000776e-01
4.021902500000007485e-02
8.335665000000003211e-02
4.978878749999999798e-01
4.989438139999999855e-01
4.997693990000000586e-01
4.818721749999999027e-01
4.999039979999999606e-01
2.187980890000000844e-01
4.498741090000000220e-01
4.797167350000000052e-01
4.805003450000000509e-01
4.996591200000000121e-01
4.992626289999999578e-01
1.771754899999999910e-01
1.020172000000041379e-03
1.998069999999962931e-04
3.830260739999999942e-01
4.990627940000000873e-01
4.789826539999999522e-01
4.996619550000001020e-01
4.983971590000000340e-01
4.999847740000000762e-01
4.985754510000000028e-01
4.998422140000000624e-01
4.847718489999999214e-01
4.957999989999999357e-01
4.999278860000000435e-01
4.917405699999999324e-01
4.994028690000000825e-01
4.985339849999999018e-01
4.994748540000000236e-01
2.804677319999999696e-01
2.383359350000000543e-01
4.998905410000000771e-01
4.999772149999999193e-01
4.900582540000000265e-01
4.997883199999999526e-01
4.937816509999999326e-01
4.560438620000000221e-01
4.960626749999998975e-01
3.988918720000000917e-01
2.194794799999999491e-02
1.005750800000004830e-02
9.345581000000047212e-03
2.236987329999999830e-01
4.999874410000000324e-01
4.899167360000000748e-01
4.935434169999999288e-01
4.978413589999999278e-01
4.998265580000000874e-01
4.230578659999999491e-01
1.238708490000000051e-01
4.999698029999999349e-01
4.915350080000000510e-01
4.981620389999998899e-01
4.659849080000000310e-01
4.980527040000000127e-01
4.989238069999999414e-01
4.997840110000000280e-01
4.785605299999999840e-01
4.586149420000000809e-01
4.822241240000000317e-01
4.839965710000000421e-01
6.405865400000010368e-02
3.031978000000101758e-03
1.531826999999985617e-03
1.634250299999995271e-02
4.183111889999999722e-01
4.999843070000000722e-01
4.621353269999999291e-01
4.603106109999999251e-01
4.876366919999999272e-01
4.404599940000000213e-01
4.999762839999999375e-01
4.989081120000000702e-01
4.996102490000000618e-01
4.984996489999999891e-01
4.983871980000000868e-01
4.993699490000000907e-01
4.998942129999999207e-01
4.942711109999999852e-01
4.955119619999999170e-01
1.372239379999999898e-01
3.612729999999952923e-04
3.510368850000000762e-01
4.934317029999999438e-01
4.998857519999999610e-01
3.626560819999999907e-01
1.468020499999989070e-02
7.508659999999611756e-04
2.321925949999998906e-01
4.989751090000000833e-01
4.994146200000000313e-01
4.999874810000000114e-01
2.513466330000000415e-01
3.625249230000000544e-01
4.627304979999999901e-01
8.473990400000008805e-02
8.444295000000101581e-03
4.040413199999992599e-02
5.384462000000089787e-03
3.677480999999982458e-03
5.241775000000004070e-03
4.911030000001037621e-04
3.179774600000000451e-01
3.971536090000000740e-01
3.464067239999999437e-01
4.999540510000000104e-01
4.993383499999999309e-01
4.940980079999999219e-01
4.972981299999998939e-01
4.992857379999999790e-01
4.996626079999999526e-01
4.998791629999999042e-01
4.858999610000001024e-01
4.982748660000000385e-01
4.995020269999999041e-01
4.992814359999999674e-01
4.993313040000000314e-01
4.948102739999999944e-01
4.996538040000000347e-01
4.984005830000000081e-01
4.994339070000000103e-01
4.999954069999998918e-01
4.994495409999999413e-01
4.533137879999999953e-01
4.908585530000000308e-01
4.923404010000000941e-01
4.916386980000000406e-01
4.950669359999999575e-01
4.941596909999999010e-01
4.502939009999999964e-01
4.982384500000001104e-01
3.550741889999999845e-01
1.705811600000006756e-02
9.654589999998908212e-04
2.590112999999893972e-03
3.783764000000022776e-03
1.589664000000001742e-02
4.769048179999999526e-01
4.729271980000000486e-01
4.982166580000000344e-01
1.812081229999999987e-01
4.990190510000001023e-01
4.118175289999999045e-01
4.907722489999999382e-01
4.964803410000000472e-01
1.543300400000000572e-01
3.547530910000000759e-01
4.988265380000000970e-01
4.951936850000000501e-01
1.950081489999999640e-01
9.032421599999995721e-02
3.886015789999999193e-01
4.999898270000000533e-01
3.725838999999999679e-01
4.784272919999998930e-01
4.615395040000001003e-01
1.770910329999999533e-01
4.548540000000045325e-04
6.111583999999892214e-03
3.807500630000000275e-01
4.974061450000000217e-01
4.982536849999998907e-01
4.688040609999999386e-01
4.528288519999998929e-01
4.999078640000000906e-01
4.994802979999999337e-01
4.997766100000000655e-01
4.885281759999999807e-01
4.980626829999998950e-01
4.996371569999999984e-01
4.890620939999998917e-01
4.995974519999999419e-01
4.969824099999999856e-01
4.988798789999999705e-01
4.997977819999999127e-01
4.991992549999999529e-01
4.994491149999999990e-01
4.990421629999999276e-01
4.994335629999999693e-01
4.989290609999998960e-01
4.114824120000000196e-01
4.999889299999999981e-01
2.200312310000001048e-01
5.240400000006140147e-05
3.781546999999996217e-03
2.978137260000000008e-01
4.998548620000000664e-01
4.391099270000000665e-01
4.935054450000000426e-01
4.997256009999999637e-01
4.999519320000000988e-01
4.952734039999999727e-01
4.981617739999999461e-01
3.909683969999999675e-01
4.920380929999998987e-01
3.268248240000000138e-01
4.403870000000420504e-04
3.246679999999724231e-04
4.691101899999994274e-02
4.593250000000104194e-03
4.306769089999999967e-01
2.722619200000000461e-01
1.831247599999996645e-02
2.394717999999906866e-03
5.688643000000048744e-03
2.988741640000001087e-01
4.996908790000000877e-01
4.566752880000000125e-01
4.996068060000000699e-01
4.809222189999999841e-01
4.999709869999999778e-01
1.812779600000000713e-01
3.856412909999999972e-01
4.859368269999999601e-01
1.273262779999999594e-01
9.457227999999995305e-02
5.166878999999902078e-03
4.482980399999991761e-02
1.241440680000001073e-01
2.797083399999999997e-02
6.081077399999990085e-02
1.729661899999990204e-02
2.132109999999354244e-04
7.140709999999828028e-04
8.056800000000308160e-04
1.251132199999993588e-02
6.122277200000003639e-02
1.503193400000002455e-02
1.460828999999996824e-03
3.374355999999911759e-03
7.688029999999290709e-04
9.062109999999901078e-04
2.012326810000000243e-01
4.991078010000000731e-01
2.083576739999999372e-01
6.239443899999996823e-02
8.748125900000003341e-02
2.231601299999996790e-02
5.295999999999079222e-04
7.835395999999938965e-03
6.123243000000000436e-03
3.211187840000000460e-01
4.883841310000001101e-01
4.984577820000000159e-01
3.535115589999999752e-01
2.774334699999991827e-02
2.501375399999994364e-02
2.002938949999999441e-01
4.997884059999999629e-01
4.967563740000000561e-01
4.266155019999999798e-01
4.984155249999999704e-01
4.945150599999998953e-01
4.992479139999999038e-01
4.767042560000001039e-01
4.940532959999999196e-01
5.157569299999997803e-02
3.380551399999998097e-02
5.193099800000000599e-02
3.462783579999999528e-01
4.971457980000000276e-01
1.368036070000000493e-01
2.410411299999992707e-02
1.911256000000083333e-03
3.782740000000117675e-04
