3.138026499999990726e-02
1.532527299999997261e-02
3.072838199999994302e-02
1.106413399999994773e-02
6.611657999999964730e-03
1.272750399999988957e-02
4.857350000000426604e-04
7.170500000008850350e-05
1.609963000000003142e-02
7.421988000000001584e-02
3.649340000000389495e-04
1.518215570000001069e-01
7.919342000000106907e-03
1.835089399999989546e-02
8.626699999991771506e-05
4.981727000000102379e-03
5.965621000000087548e-03
2.534992600000007812e-02
4.264031200000006905e-02
3.916077469999998950e-01
4.986220960000000701e-01
4.787731060000000038e-01
1.937651719999999855e-01
6.398900099999993429e-02
2.877065430000000923e-01
4.995784679999999423e-01
4.960701000000000693e-01
4.917163099999999343e-01
4.916751740000000481e-01
4.998665799999999493e-01
4.988704299999999758e-01
4.950076530000000474e-01
4.493349120000000863e-01
9.645050999999904562e-03
6.415572600000007952e-02
5.092784900000002501e-02
1.149045200000009537e-02
3.431629800000002284e-02
4.775819850000000422e-01
3.129447439999999414e-01
2.082815300000000480e-01
4.988389559999999445e-01
4.998430179999999723e-01
4.965487399999999329e-01
4.963832120000000181e-01
4.986247539999999479e-01
4.996542550000000471e-01
4.938764639999999595e-01
4.997074079999999086e-01
4.736592260000000998e-01
4.907083389999999934e-01
4.999688390000001093e-01
4.983145520000000772e-01
4.280606829999999974e-01
4.996636260000000274e-01
4.969536409999999460e-01
3.448597840000000581e-01
3.250459999999399940e-04
3.658209999999328943e-04
7.810200000002431864e-05
1.217430000000074841e-04
2.105660000000231236e-04
3.020535000000101888e-03
3.619548000000083476e-03
4.315547000000030664e-03
1.485767699999995806e-02
1.819118000000008450e-03
1.479431000000008822e-02
4.610056900000003566e-02
6.739057999999964466e-03
1.230581070000000832e-01
4.857973929999999108e-01
4.998666449999999983e-01
4.982033969999999368e-01
4.590209039999999518e-01
3.160475430000000419e-01
4.987687640000000311e-01
7.643445000000004264e-02
4.569489999999287733e-04
2.574957190000000118e-01
4.992025280000000897e-01
4.818792769999999948e-01
4.979883339999999770e-01
4.401047680000000906e-01
4.978593149999999135e-01
4.896428170000000080e-01
4.985548440000000525e-01
4.997527310000000611e-01
4.989991359999998988e-01
4.963507890000000700e-01
2.936854689999999213e-01
1.233068999999975546e-03
1.000842000000057297e-03
1.363545000000021545e-03
6.653376000000044144e-03
1.608979899999996022e-02
1.474305099999995150e-02
2.755050210000000721e-01
4.999099309999999186e-01
2.435377860000000894e-01
