3.533170000000000073e+03
7.996114148999999998e+02
1.153823302999999942e+04
1.977731131000000005e+03
3.050723095000000171e+02
1.635822016000000076e+03
6.705460733999999939e+05
1.152907023999999976e+06
1.591998228999999992e+05
6.873828704000000656e+07
6.377616398000000045e+05
4.313016265000000130e+05
5.728148009999999886e+02
8.594742739000000060e+06
2.218806563999999780e+06
4.906218467999999848e+04
8.223664409000000887e+03
2.267107594000000099e+05
8.921242593999999372e+03
6.893496457999999620e+03
8.672050520999999208e+03
5.657822178999999778e+03
1.322878261000000066e+03
4.233442979000000150e+01
7.270364592999999877e+05
2.763789876000000004e+04
3.246878996999999799e+03
5.936162258999999904e+04
1.898998777000000018e+03
2.278764412000000084e+04
7.851228895000000421e+02
1.594690595000000030e+03
2.790275986999999986e+03
1.184875144000000000e+05
1.286476134000000078e+06
5.002306685000000289e+05
2.412740031999999957e+01
1.356506766000000042e+01
6.754253000999999931e+05
1.010549412000000018e+02
1.669266267000000153e+04
7.056511791000000085e+04
1.259164267999999924e+06
2.785027646999999888e+03
2.132233365000000049e+04
1.307128721999999925e+03
3.496353371000000334e+04
1.284067855000000054e+04
6.767934285000000045e+02
5.422029469000000063e+03
1.433871796999999970e+04
9.607652839999999560e+04
8.110537511999999651e+02
1.811696569000000068e+02
3.585288276999999653e+04
9.465334447999999838e+02
3.391323696000000041e+02
3.664093260999999940e+06
4.244619882000000216e+05
1.305443962000000058e+06
5.297818810000000522e+05
6.786003098999999929e+05
7.372359929999999622e+03
1.528007370000000037e+03
6.819862951999999723e+01
1.943688778999999922e+05
1.156510462999999982e+04
1.825694136999999955e+03
4.211915017000000034e+02
1.876148703000000069e+02
2.070774147000000085e+03
6.613340622000000440e+06
1.723716476999999941e+03
1.493604803999999967e+04
3.863997474000000043e+00
4.236626275999999780e+04
7.547281213999999454e+05
5.507655453999999736e+03
2.726690040000000154e+05
1.354461082000000033e+03
2.372276388000000225e+03
9.232960316000000489e+01
2.474081466000000162e+01
5.451189485999999533e+02
5.302323220999999648e+03
3.167237126999999930e+01
1.895729749000000069e+06
3.334161088999999834e+02
3.989404971999999816e+02
4.846175913999999757e+05
7.070907885999999962e+03
3.172142894000000088e+05
1.576221189999999944e+06
2.306883837999999896e+07
1.066424957999999970e+04
2.421197997000000157e+00
2.077960695999999880e+05
3.544981650000000081e+04
3.178039265000000159e+04
8.939327050999999358e+01
