3.533170000000000073e+03
7.996114148999999998e+02
1.153823302999999942e+04
1.977731131000000005e+03
3.050723095000000171e+02
1.635822016000000076e+03
6.705460733999999939e+05
1.152907023999999976e+06
1.591998228999999992e+05
6.873828704000000656e+07
6.377616398000000045e+05
4.313016265000000130e+05
5.728148009999999886e+02
8.594742739000000060e+06
2.218806563999999780e+06
4.906218467999999848e+04
8.223664409000000887e+03
2.267107594000000099e+05
8.921242593999999372e+03
6.893496457999999620e+03
8.672050520999999208e+03
5.657822178999999778e+03
1.322878261000000066e+03
4.233442979000000150e+01
7.270364592999999877e+05
2.763789876000000004e+04
3.246878996999999799e+03
5.936162258999999904e+04
1.898998777000000018e+03
2.278764412000000084e+04
7.851228895000000421e+02
1.594690595000000030e+03
2.790275986999999986e+03
1.184875144000000000e+05
1.286476134000000078e+06
5.002306685000000289e+05
2.412740031999999957e+01
1.356506766000000042e+01
6.754253000999999931e+05
1.010549412000000018e+02
1.669266267000000153e+04
7.056511791000000085e+04
1.259164267999999924e+06
2.785027646999999888e+03
2.132233365000000049e+04
1.307128721999999925e+03
3.496353371000000334e+04
1.284067855000000054e+04
6.767934285000000045e+02
5.422029469000000063e+03
1.433871796999999970e+04
9.607652839999999560e+04
8.110537511999999651e+02
1.811696569000000068e+02
3.585288276999999653e+04
9.465334447999999838e+02
3.391323696000000041e+02
3.664093260999999940e+06
4.244619882000000216e+05
1.305443962000000058e+06
5.297818810000000522e+05
6.786003098999999929e+05
7.372359929999999622e+03
1.528007370000000037e+03
6.819862951999999723e+01
1.943688778999999922e+05
1.156510462999999982e+04
1.825694136999999955e+03
4.211915017000000034e+02
1.876148703000000069e+02
2.070774147000000085e+03
6.613340622000000440e+06
1.723716476999999941e+03
1.493604803999999967e+04
3.863997474000000043e+00
4.236626275999999780e+04
7.547281213999999454e+05
5.507655453999999736e+03
2.726690040000000154e+05
1.354461082000000033e+03
2.372276388000000225e+03
9.232960316000000489e+01
2.474081466000000162e+01
5.451189485999999533e+02
5.302323220999999648e+03
3.167237126999999930e+01
1.895729749000000069e+06
3.334161088999999834e+02
3.989404971999999816e+02
4.846175913999999757e+05
7.070907885999999962e+03
3.172142894000000088e+05
1.576221189999999944e+06
2.306883837999999896e+07
1.066424957999999970e+04
2.421197997000000157e+00
2.077960695999999880e+05
3.544981650000000081e+04
3.178039265000000159e+04
8.939327050999999358e+01
7.301283040000000619e+04
2.616665759999999864e+03
6.033038665000000265e+02
1.214156830999999947e+05
7.370096433000000502e+01
5.141159357000000455e+03
1.568316806000000042e+03
6.305598797000000033e+00
5.357926492000000280e+02
8.913944091000000481e+04
1.193041870000000017e+03
1.561549750000000074e+02
2.646699337999999898e+03
1.860567049999999872e+05
1.043553390999999974e+05
8.559943372000000090e+04
2.314999879000000074e+05
4.635006717000000208e+04
2.413092348999999929e+06
5.872159571999999753e+04
3.917937984000000288e+05
1.303540165000000073e+01
1.993173688000000038e+04
4.406737216999999873e+01
9.810967428000000154e+02
1.673038344000000143e+04
5.561718832000000248e+02
8.249830894000000320e+06
1.230608143000000018e+04
2.363611668000000063e+06
2.090931793000000198e+03
3.631517117000000144e+04
8.908336171999999351e+03
1.524331393000000098e+05
1.120433945000000051e+02
6.173371812999999975e+01
7.201773056999999972e+04
5.113133038999999990e+05
6.413543423999999650e+06
8.199388371000000043e+05
6.729687944999999445e+02
3.158081883000000016e+04
4.212075023999999779e+00
4.166241307000000234e+03
1.795814449000000022e+06
1.422582082999999997e+01
2.002465185000000000e+08
7.328215011999999717e+01
4.343347819000000163e+04
1.740319226000000072e+03
7.629431839000000082e+01
1.687926350000000093e+06
1.950716748999999836e+07
7.452716060000000198e+02
5.505041322000000218e+04
2.535793975999999930e+03
1.414814321000000054e+05
6.107448389000000333e+01
3.474756045000000086e+03
1.810447372999999970e+03
2.454929057000000030e+06
7.362535284999999931e+03
3.087966880000000174e+02
5.721714731999999692e+00
2.979453708999999861e+01
2.759162455000000136e+03
2.184132576000000014e+01
1.387180698000000091e+06
5.700122231999999940e+02
1.363877706000000035e+04
1.314763210000000072e+03
4.792018895999999950e+04
5.611556808000000274e+02
2.431780467000000135e+04
7.980509766000000127e+02
1.579095350999999937e+04
5.245220279000000119e+01
1.810811099999999860e+05
1.577826201000000061e+01
3.724054013999999734e+04
4.873510465999999724e+03
2.055026392000000051e+05
1.846525508999999943e+02
3.666488643000000138e+03
3.982492469000000028e+02
7.468860163999999349e+04
2.640665280000000226e-01
5.530777519999999553e+06
2.725555149999999927e+00
9.468515621000000237e+02
5.215782422999999835e+04
1.944162906999999905e+03
1.881933645000000070e+03
9.929188584999999875e+03
3.214322733999999855e+02
3.418401392000000214e+03
8.049640184000000590e+04
4.696370873000000223e+00
9.076393296999999620e+02
5.690730198999999993e+04
5.232932156999999584e+00
1.245787369000000035e+04
3.666917778999999911e+01
3.493101057000000146e+05
2.258979223000000047e+02
1.811202620000000024e+03
4.130078515000000152e+03
8.309677541000000201e+05
5.571941380000000208e+03
1.491170357999999965e+02
7.204701904999999897e+03
3.063384960999999862e+02
5.474630902000000060e+04
4.150043362000000343e+04
1.255999689999999973e+05
7.803281944000000658e+04
5.322690810000000056e+03
5.068000311999999781e+02
1.505890656000000035e+03
4.179879391999999825e+03
5.103851881999999750e+04
7.008724404999999933e+03
1.907209540999999945e+03
4.335894508999999962e+05
3.540727218000000119e+08
7.048212227999999886e+05
1.570189496999999967e+01
3.450244726000000082e+04
2.802617177999999853e+02
4.870347035000000324e+04
1.321007699000000139e+05
9.490533431999999436e+00
1.922653561000000045e+05
3.657275225999999791e+06
4.034975793000000067e+03
3.846898173000000156e+02
1.378573831000000064e+05
5.932650972000000365e+03
2.340270761000000130e+04
7.519557769000000391e+00
4.159850478999999723e+03
7.018787231999999676e+03
3.236040499999999884e+04
2.053012756000000039e+01
7.327618960999999445e+02
2.850184540000000197e+02
3.950818024999999907e+06
2.354008161999999960e+00
4.002715398000000278e+05
5.966219087999999715e+01
5.580117955000000075e+04
1.437712755000000016e+03
4.146133454000000347e+04
5.444848126999999658e+04
4.415383674999999926e+02
3.012805164000000150e+04
5.259067433000000165e+04
2.204200629000000117e+04
1.562554937000000064e+04
3.144384484000000270e+02
1.187790601000000061e+04
4.492250974000000133e+04
2.564225893999999926e+02
1.218841752000000095e+06
4.216589196000000089e+07
8.407715365000000020e+03
4.020281171000000089e+06
9.188063479999999572e+01
4.351873187000000144e+03
9.632472582999999868e+05
3.196809451000000081e+03
1.317521414000000050e+03
2.696062303000000156e+03
2.609865822000000117e+04
1.465032300000000021e+02
1.344735490999999911e+03
4.394305892000000313e+04
8.481642737000000488e+04
5.657229509999999806e+01
6.705855352999999468e+02
2.061531009999999878e+04
1.791781173999999965e+03
3.904417390000000014e+05
9.079212262999999439e+01
3.240668658000000164e+02
2.478046238000000012e+05
2.934404332999999951e+02
4.497089417999999569e+03
7.239441221000000041e+03
4.212583292000000256e+03
1.253342743999999948e+04
1.507354996999999912e+03
1.386474156000000039e+04
1.583118969999999990e+03
9.347271609000000581e+01
1.063296655000000028e+06
3.586479525000000024e+01
1.881982527000000118e+05
9.038790464999999585e+02
1.029191965000000055e+05
1.727119183000000078e+02
1.630333490999999922e+06
9.650032255999999586e-01
1.828732945000000143e+01
6.493307103000000352e+05
1.771664438000000155e+04
4.618490402999999787e+03
1.601760757999999987e+04
8.172989853000000267e+02
9.161815239000000588e+01
4.795749016000000120e+04
5.206296723000000384e+03
3.688871665000000121e+03
1.184121961000000010e+04
3.788242930000000115e+02
8.721427261000000044e+02
1.543868972999999869e+02
7.284901976999999897e+04
2.025503906999999890e+06
3.462900629000000094e+02
1.218399165000000039e+03
5.592553804999999702e+05
5.152704756000000089e+03
1.868392543999999907e+04
1.350301930000000006e+01
1.976872198000000026e+03
1.822069742000000042e+04
6.483929560000000265e+02
6.451822933000000376e+03
3.294958030000000093e+01
2.710219247999999880e+03
8.062130082000000402e+04
1.260468369999999959e+04
3.207809654000000137e+03
7.096202199999999721e+04
8.612490221999999562e+01
1.289287764000000061e+04
4.519245373000000109e+04
7.460045858000000590e+04
4.891552259999999660e+04
2.349355630000000019e+04
1.351141070000000036e+04
7.256993195999999671e+02
6.220710143000000016e+02
1.763391222999999882e+05
1.571478268000000071e+03
1.260192604000000074e+03
1.468673077000000012e+04
2.545227783999999985e+06
1.323739672000000064e+04
3.396376763999999821e+04
2.097962135000000126e+04
1.926656541000000061e+03
1.674112204999999904e+03
5.780658216999999713e+05
3.487039192999999796e+04
1.248295644999999922e+03
1.797154402000000118e+04
1.035801122000000032e+05
9.251144917000000589e+01
2.559468593000000110e+05
2.220849876000000164e+06
4.647149746000000050e+02
5.763850033000000258e+04
2.494115452999999980e+05
2.428708721000000078e+05
1.035858982000000026e+02
2.243846161999999822e+04
2.522441483999999946e+03
2.518393509999999935e+02
4.542527963999999920e+05
5.170235181000000466e+02
1.950543150999999853e+04
1.365503326999999899e+03
1.337743491999999969e+04
4.749850772000000143e+04
7.696143236999999715e+01
4.246272847000000183e+04
5.293974210000000312e+04
6.781671706000000086e+03
1.089882841000000044e+05
4.113829822000000277e+05
5.642287986999999703e+02
1.340635040999999910e+05
8.263926029000000426e+02
6.011053722000000334e+02
8.152329176999999618e+03
6.078257228999999643e+04
3.438793879000000015e+04
8.816483908999999812e+02
4.576621143000000156e+05
5.117242335999999909e+02
1.329704057999999961e+06
1.468300377000000026e+03
2.499539293999999936e+05
1.895997360000000072e+02
9.562823930999999789e+01
1.813615797000000020e+05
3.583678300999999978e+06
3.534883686000000307e+04
1.917944199999999910e+03
1.863686741000000069e+01
6.677821232000000600e+04
1.135087438999999989e+02
4.732582101999999722e+05
3.335345249000000081e+02
4.515204828999999881e+04
2.072093245000000112e+06
9.037057134999999519e+00
5.016808315999999650e+03
7.438259055999999873e+03
9.243042421000000104e+02
1.025758386999999930e+05
2.608200571000000127e+04
1.461251001999999971e+04
5.757182598999999755e+03
7.365789001000000280e+04
1.731579999000000043e+03
4.221521384999999776e+06
3.338023595000000114e+03
1.103342858999999953e+04
1.298572649000000022e+07
2.422375733000000153e+01
2.984667976000000181e+03
1.889161131000000069e+03
4.054465786999999750e+02
4.078722344999999768e+04
1.704620479000000050e+06
4.714823127999999997e+03
1.298500210999999922e+02
3.112202247000000099e+01
6.944819232999999485e+02
2.742983838000000105e+03
4.149489977000000067e+02
1.393385839999999916e+04
3.297175252000000182e+04
5.551345857000000251e+03
4.394739486999999826e+03
1.098116026000000071e+06
1.933862007000000085e+04
4.299016966000000139e+03
1.993461843000000044e+02
3.406891459999999825e+03
1.528681416999999954e+02
2.736301896999999881e+06
7.034147905999999466e+02
1.122091750999999931e+05
5.175416469000000461e+02
4.113429992999999740e+02
3.257640876999999746e+05
2.202505270999999993e+03
7.688460115999999971e+02
1.831884639000000025e+05
4.212696261999999842e+04
1.685232706999999891e+03
5.268580992000000151e+03
1.107150347999999940e+04
2.530531906000000163e+03
3.946632294000000041e+00
2.822335947999999917e+03
9.102649126999999680e+02
3.126136147999999812e+05
3.026314537000000016e+01
9.618002692000000025e+03
1.072986973000000035e+04
3.064394725000000108e+04
3.456168398000000161e+05
1.485504540999999968e+06
2.099733501999999955e+07
5.880081499000000349e+02
1.905760648999999976e+05
6.288809618999999884e+02
2.918123454000000129e+04
6.975698169000000235e+03
4.240377568999999767e+02
3.431123423999999886e+02
5.279399189000000479e+05
1.521790832000000080e+02
6.601317340999999942e+03
1.963994439000000057e+03
7.754022514000000228e+03
4.642693660999999702e+04
2.200184921000000089e+07
4.296868575999999962e+02
4.734990974999999708e+03
1.383266640999999936e+03
9.527715521000000081e+03
4.735859527000000071e+02
3.068002140999999829e+05
4.917691958000000159e+04
8.629323934000000236e+02
4.380170829999999702e+07
3.274762248999999770e+02
1.046499796000000060e+04
1.183394164000000019e+05
5.738115807999999561e+03
1.292319570000000112e+03
1.071705432000000001e+05
3.888626432000000204e+04
1.638021798000000126e+05
5.902163728000000265e+04
2.309147485999999958e+02
1.109787599000000046e+04
2.629480512000000090e+02
1.825216516000000120e+05
5.230061373000000021e+05
5.111375520000000251e+05
3.055089388000000099e+02
4.014052992999999958e+01
6.377524462999999523e+05
1.522151950000000033e+04
5.042476913000000138e+01
6.171720988000000034e+03
3.572968467000000146e+03
2.938908640000000014e+04
1.863867237999999986e+02
1.778854430000000093e+02
2.361299285000000000e+08
6.312299324999999953e+05
9.490910334000000148e+02
9.873430489999999793e+01
1.702778125000000000e+04
1.605414988000000082e+07
9.612085283999999519e+05
7.262022785999999996e+02
3.029131146999999881e+07
5.392550226000000257e+05
1.634998851000000141e+05
1.948652493000000017e+06
1.823814428000000021e+01
3.286768369999999777e+03
1.644821465000000026e+05
2.861221703999999954e+04
1.835050264999999898e+06
1.032809586000000081e+03
1.756178528000000006e+04
1.078781753000000026e+06
3.400174970999999641e+04
3.547278433000000319e+01
7.415746112999999896e+05
9.071172774999999433e+01
2.808911631000000052e+06
2.608018841999999950e+03
6.153532274999999572e+03
8.195800787999999670e+01
4.313981079000000136e+03
1.053537612000000081e+04
1.229783386999999930e+05
2.974447706000000107e+04
4.867152780999999959e+04
6.948474771000000146e+03
1.322933259999999973e+04
1.716601406000000134e+05
8.811880135000000009e+05
8.736360959999999523e+02
5.400666909000000451e+05
1.706984776999999909e+01
1.885987300999999889e+03
1.547342593000000052e+05
2.865063218000000052e+04
1.147665029999999888e+03
2.205616760000000000e+08
1.080477639000000054e+05
2.766731549000000232e+05
1.603397678000000014e+05
1.862499231999999893e+03
1.729823957999999984e+05
5.880463171999999759e+04
2.868807750999999917e+04
1.254399732999999978e+05
1.314142409000000043e+04
1.053759448999999904e+03
2.964595523999999932e+04
3.160023898000000031e+02
8.109616993999999977e+03
1.185746245000000054e+05
1.203539404000000104e+03
2.537952956999999937e+06
1.173714349000000084e+03
8.178638916000000609e+04
2.523088094999999953e+02
2.688585263000000123e+04
1.198398547999999892e+03
5.273962341000000379e+03
3.893009574999999813e+02
4.192771910999999964e+05
3.225202693000000181e+03
2.371375501999999979e+05
3.287291234999999870e+04
4.365245556000000215e+04
2.209261964000000080e+04
1.559577235999999975e+05
7.164306223999999929e+04
2.864850270000000023e+02
1.618716417000000001e+04
4.450427730000000111e+02
2.169845924000000014e+04
1.872505111000000034e+04
7.228272925000000214e+03
8.709207449000000167e+01
7.568435875999999698e+05
2.615167268000000149e+03
2.660800243000000137e+03
4.155691462999999999e+02
2.390080620999999883e+04
3.400098962000000142e+02
2.704462453000000096e+03
1.163862010999999939e+02
1.921522522999999927e+00
1.101317179000000033e+05
2.893710242999999900e+05
5.594475534999999581e+03
6.442320440999999846e+03
6.284146021999999903e+03
1.481791856000000007e+04
3.953345595999999787e+05
1.610955853000000025e+04
4.690026401999999769e+06
1.808771940000000177e+04
6.086321738999999798e+04
3.296794981000000035e+01
4.267375316000000021e+04
1.294092964000000065e+05
4.591778560000000289e+04
3.371282727000000090e+00
4.126244219000000157e+04
1.220781688999999915e+03
1.142425239999999940e+04
4.736674287000000163e+02
2.847530638999999966e+06
2.434162959000000015e+01
1.015691100000000000e+07
7.335895028000000457e+04
1.130967950999999885e+06
2.147780276999999842e+04
1.221059792999999991e+04
3.725779719999999998e+03
4.692262382999999681e+04
8.546742504999999710e+02
6.378842799000000241e+01
2.818656390999999712e+05
1.196740279000000097e+06
1.159523502999999933e+07
3.818625682999999844e+04
2.438780823000000091e+05
1.826577847000000020e+03
8.082591787999999724e+03
1.130961064000000042e+05
2.607057328999999868e+01
6.095833478999999897e+03
1.181208791000000019e+04
2.027099211999999898e+04
1.277586909000000014e+04
1.160808958000000075e+03
7.958938834000000497e+04
1.047972992999999951e+04
7.379390365000000429e+02
3.239680621999999858e+03
8.931727064000000382e+02
5.469207841999999800e+04
6.480035997000000236e+01
1.311275311999999976e+05
6.879970935000000054e+02
2.897564833000000217e+05
2.472217110999999932e+03
4.005722738000000245e+05
1.479995993000000090e+04
2.262037772000000041e+04
1.830750111999999945e+03
4.210989582999999984e+05
3.527201503000000002e+02
7.678519694000000584e+01
9.508135476000000199e+04
6.954710613000000012e+04
2.958852963000000003e+01
1.499036101999999955e+06
2.984055591999999990e+01
1.161335512999999992e+04
5.373041672999999719e+03
1.317919139999999970e+04
2.910589088999999803e+05
6.119986020000000281e+03
2.394953719999999885e+04
1.800894192000000112e+04
4.357846695000000182e+04
1.506957204999999931e+02
1.045362425999999978e+05
3.915765900000000256e+05
2.823334467999999833e+04
3.797457142000000204e+03
3.448811125999999945e+02
4.165957815000000119e+04
1.010271609999999964e+04
6.169336939999999458e+02
3.850272761000000173e+04
1.122170740999999922e+06
6.849122081999999285e+07
6.004630068000000392e+03
5.744266243999999715e+05
5.780159908000000287e+05
5.730512733000000007e+05
2.513206862000000115e+02
4.815707971000000252e+05
2.193416170999999970e+00
2.850751447000000160e+06
3.881422795999999948e+02
3.505856663999999910e+03
5.896788821000000462e+05
1.900955044000000044e+03
7.278863470000000291e+01
1.030338462999999933e+02
2.844853186999999889e+04
9.762327745999999752e+04
4.393163452000000291e+01
7.006034308000000194e+06
3.208538138999999774e+02
7.939861969999999739e+06
6.347347173000000566e+02
1.079660756000000052e+07
2.385136437000000114e+03
1.463873696999999927e+06
3.805349677999999840e+05
2.224367061000000092e+02
2.005082060999999987e+06
8.283066525000000183e+03
4.538522116000000096e+04
7.335153959000000441e+02
2.812929641000000174e+03
6.994505797999999777e+04
6.649370434999999588e+02
5.177571755000000167e+02
5.863415284999999858e+04
7.775489740000000261e+00
5.487344520000000484e+05
6.225562731000000127e+01
6.447884565000000521e+02
3.197914726000000155e+04
2.118589771000000110e+04
2.063905885000000069e+02
1.741050871000000043e+05
3.109806957999999941e+04
3.676594651000000158e+04
1.067266360000000077e+03
4.266747040999999626e+03
9.504343505000000732e+03
1.683065569999999980e+03
2.785113900999999896e+04
2.772229730999999830e+01
1.848836273000000074e+04
5.108604527999999846e+03
5.068718490000000202e+03
1.102769165999999968e+05
3.159010487000000197e+06
3.689690703000000212e+03
1.748703746999999930e+04
2.374399337999999896e+07
5.405042397000000165e+03
2.276823333000000105e+02
2.652796833000000119e+08
1.339987387000000104e+06
1.817470744000000122e+05
2.369647844000000077e+03
3.909160467000000062e+05
8.955869190999999642e+07
1.297806035000000065e+03
5.434241395000000239e+02
7.153755470999999670e+04
5.713948988000000099e+04
2.002570119999999879e+05
6.691923950999999704e+00
9.196316040999999968e+05
8.467095851999999722e+05
1.449175347999999985e+02
1.582963684000000057e+02
1.307515366000000085e+03
1.077716926000000058e+03
1.311856238000000076e+03
1.721344138999999996e+04
3.363723209000000224e+03
2.779956387999999947e+02
2.235229499999999825e+04
8.154414078999999447e+02
2.133670614999999998e+03
1.799641148000000103e+05
1.198715727999999945e+04
2.748972906999999850e+03
1.286922229999999900e+03
1.128353112000000010e+03
1.278715837999999989e+06
1.127337296000000060e+05
1.583716779000000097e+06
2.521310061000000076e+02
4.928156246000000276e+06
2.023307230999999956e+04
3.380067770999999993e+03
7.998309876000000000e+09
6.338416989999999851e+07
7.874664639999999963e+03
8.036955855999999585e+02
2.076646706999999878e+05
1.127177868999999919e+04
5.564325668999999834e+02
3.085982646000000022e+04
4.644422636000000239e+03
2.319902550000000047e+05
3.288039426000000164e+07
4.173001063999999897e+05
1.807305560000000014e+03
2.510517665000000125e+04
1.903028618999999890e+04
1.215611729999999981e+06
2.107282487999999887e+02
5.718302002000000357e+03
2.641236960000000181e+04
2.359513488999999936e+03
2.975085573999999906e+05
8.160269736999999623e+03
3.849553992999999900e+04
2.123250937999999906e+02
4.398677918000000318e+03
8.486745240000000194e+03
2.183001850000000093e+06
7.211079200000000128e+03
2.753631328000000212e+05
1.268467797000000064e+04
5.575904615000000194e+04
1.643752590000000055e+04
2.332426381000000038e+04
2.146564206999999937e+06
1.309370220000000018e+03
5.861604636000000028e+04
3.376911023000000045e+06
4.580772132000000170e+02
1.237131564000000071e+05
2.413471032999999863e+02
4.481391919999999800e+02
8.596674240000000282e+04
5.876132093999999739e+01
4.891085072000000218e+04
3.278414107999999821e+07
4.967341483999999809e+02
3.508516385999999784e+03
3.938345048999999999e+05
5.943493970999999874e+04
2.391955979999999909e+04
4.474525776999999653e+04
1.568860359000000017e+03
1.299862319999999954e+03
1.099425915999999961e+04
1.473013693999999987e+03
6.673646531000000323e+03
1.660687860000000001e+03
4.177669890999999552e+03
9.903508001999999806e+02
1.936166881999999987e+03
1.106960736999999972e+04
1.598253570999999965e+03
4.282649936999999909e+02
6.179326002000000153e+04
1.207810647999999958e+02
2.458536348999999929e+06
5.956403159000000187e+02
5.600610433999999805e+04
1.244111273999999980e+02
1.686872739999999991e+06
1.566798863999999958e+04
1.009683699999999953e+06
1.209822644000000054e+02
5.039773472999999649e+04
1.806374935000000050e+03
2.140972784000000102e+05
4.753724446999999782e+04
3.025577805999999782e+03
8.940313876999999820e+02
3.003064443000000097e+02
2.533223867000000155e+03
2.912738083000000188e+03
4.192850174000000115e+05
1.330097933000000012e+04
4.894214290000000037e+05
3.388540148000000045e+03
8.703772478000000119e+05
7.485782894999999826e+01
2.599717768000000069e+04
1.465522343000000092e+03
3.381206989000000060e+07
1.103788185999999951e+04
3.853687127999999973e+01
1.679086401000000114e+04
8.531923561000000336e+04
3.706294746999999916e+03
4.482155518000000302e+04
1.386415116999999918e+04
2.200892640000000029e+03
9.063467207000000053e+04
3.341351969000000111e+01
1.504874094999999943e+04
2.490177276999999947e+02
3.105787811000000147e+04
1.652405475999999908e+03
3.954937630999999819e+05
1.309090801000000056e+03
1.487652910000000020e+03
3.225587049000000115e+06
5.172197229000000007e+00
1.334261986000000034e+06
8.953856143000000145e+01
3.792165760999999975e+02
7.610741412000000309e+03
1.719258665000000110e+04
1.304009714999999960e+04
4.372323412000000098e+04
5.552085810999999521e+05
2.745980671999999956e+01
2.035428435999999920e+03
2.495435214000000153e+06
1.746107920999999896e+00
7.921041314000000420e+04
1.917144730999999956e+04
2.882814904999999999e+04
4.040587120000000141e+02
2.097433064999999885e+02
1.078382363000000078e+04
2.356679953999999952e+02
3.393233063000000129e+03
1.154944107000000076e+04
3.039995613999999932e+03
8.175472969000000376e+03
1.163224034999999916e+06
1.968460702000000083e+03
1.309519025999999940e+04
3.333768488000000161e+03
2.365562793999999940e+02
1.016842187000000013e+04
2.552066260999999940e+04
2.810101352000000188e+05
2.320783055000000061e+01
4.717621463000000454e+06
5.820185188000000380e+03
6.362610015999999632e+03
7.860797328999999445e+04
4.179960214999999835e+02
3.676749525000000176e+02
4.305003532999999827e+00
3.514160732999999937e+01
1.913005519999999960e+05
1.539982896999999866e+02
1.112208315999999968e+03
1.528134066999999923e+05
1.028924630000000034e+05
3.547680520000000251e+04
6.570264137000000104e+06
8.429023782999999821e+04
1.156902650999999969e+04
3.304012012000000027e+02
7.604443992999999864e+03
3.984907240000000002e+03
9.615319942000000708e+01
1.353700430000000097e+03
1.192791430000000048e+02
2.047119095999999900e+03
7.620919234999999753e+04
2.445736817000000156e+04
8.961677017000000179e+07
6.002575072999999861e+01
1.285360829999999987e+04
6.662402303999999731e+02
3.209521318999999858e+04
3.093093049999999877e+01
7.894848556000000099e+04
1.088662884999999960e+03
4.274498650999999954e+05
1.132926748000000045e+07
1.228403167999999965e+02
1.674846576999999888e+04
5.246693423999999650e+05
8.714655045999999857e+03
1.204307694000000083e+04
4.078550111000000200e+00
3.043303974000000162e+05
4.645660586000000330e+04
3.515166352000000188e+03
6.407139377000000241e+04
5.666688148999999612e+03
4.005457942999999796e+04
1.176478695999999900e+03
1.756165438000000082e+06
2.911777339000000211e+03
5.033313537999999880e+02
5.582567813000000082e+06
5.709354928000000200e+02
7.517119169999999940e+03
2.658685239999999976e+04
1.277630480999999918e+03
5.107654949999999953e+05
6.333532078000000119e+07
4.218285869999999704e+04
1.279540540999999968e+06
2.585961181999999826e+04
1.014052838999999949e+05
9.437524391999999352e+03
5.924119352999999819e+02
4.996589510000000018e+02
4.877361103999999614e+03
1.367333624000000043e+02
6.396786920000000391e+05
8.043903600999999526e+01
3.566222727999999770e+05
2.140617678000000160e+04
1.242447758000000067e+04
1.435521205000000009e+03
4.119220526999999947e+02
1.709906381000000124e+02
9.696808091000000422e+04
4.245939733999999817e+02
6.437638342000000193e+02
1.071870506999999983e+06
1.425566214000000036e+04
3.395206611000000066e+03
2.894718057000000044e+03
1.941353024000000005e+02
2.963846279000000141e+04
3.356122750999999698e+04
2.648964927000000025e+05
8.656752848000000085e+03
6.667094044000000000e+09
3.096970301000000164e+07
6.988570333999999799e+06
1.590334476999999897e+05
6.518776209999999992e+03
1.353722770999999966e+03
1.066481716999999890e+03
3.401456134000000020e+03
4.873635027999999875e+04
2.845056920000000105e+02
4.349458050000000185e+03
1.347978393999999980e+03
2.257618136999999988e+05
9.229705368999999337e+03
2.775677289999999921e+05
2.220009455000000162e+04
4.622879084999999577e+03
1.106943151000000034e+04
1.106733058999999892e+06
5.010243172000000413e+03
2.500317646999999852e+03
5.301220722000000023e+03
3.975085274000000027e+03
2.964138379999999870e+03
2.367935510000000079e+02
3.439849422000000050e+04
1.872673857000000076e+06
3.394153092000000179e+05
1.496645396000000073e+04
6.771885895999999775e+03
1.244166804000000047e+04
3.028534220999999889e+04
9.430995012999999744e+03
5.255808835000000272e+02
1.209912124000000040e+04
5.192535807000000030e+07
1.315365190000000075e+04
2.777348830000000089e+04
6.506359039999999804e+05
7.271505878000000394e+02
3.932892042999999944e+02
7.765857776999999942e+02
1.615280854000000090e+03
2.626169682999999964e+02
3.013138408999999956e+04
8.094516582999999635e+06
1.012321192999999994e+03
2.310599154999999795e+06
6.173502515999999741e+04
1.107956390000000056e+03
5.223985120000000279e+03
2.228242411999999895e+05
1.609922939000000042e+03
1.626118588999999920e+06
1.068684442000000039e+06
7.781208539000000201e+03
3.078910571999999775e+02
6.800940415000000212e+04
3.304592811999999867e+03
4.610666342999999761e+05
3.026346678999999858e+04
1.169220313000000033e+03
2.662145771999999997e+05
1.259090470999999961e+05
3.377736591999999973e+02
2.611527029000000039e+05
6.667526033999999981e+02
1.702659960999999894e+05
5.843838050000000294e+03
1.544706438000000082e+06
3.181541963999999822e+01
5.232992457000000402e+06
4.972228684000000243e+01
1.471448610000000044e+05
1.082657924000000094e+03
3.039191534000000047e+03
5.220542960999999923e+04
3.315238135999999940e+04
3.558669194000000061e+03
3.409026875000000018e+03
3.025926489999999944e+02
2.158671338999999989e+03
3.445502315000000181e+03
3.224832533000000012e+02
7.078249153000000433e+02
2.338579318000000058e+03
2.882987955000000056e+03
2.054484674999999988e+05
3.832911817000000156e+03
2.296269567000000179e+07
1.737755006999999978e+03
3.327191618999999762e+08
6.634672669000000269e+02
4.302777210000000196e+04
1.266063491000000027e+02
6.078163339999999851e+06
4.677205301999999792e+05
2.005129482000000053e+03
2.322582289999999830e+03
6.113946962000000058e+05
1.130210616999999957e+03
1.291040426000000025e+03
3.016518844000000172e+03
2.854786650999999983e+04
9.850709675000000232e+01
6.143649008999999751e+03
4.730401161999999749e+04
1.492974812000000093e+05
5.350030799000000314e+01
5.734743094000000383e+02
1.668737863999999900e+04
4.475553220999999903e+05
8.055188986000000114e+03
2.996754408999999985e+06
2.065985153999999824e+01
1.673466809999999896e+04
4.025597835000000032e+03
2.181973964999999893e+01
3.070969807999999830e+04
3.015146169000000100e+03
2.333874445999999880e+05
1.493936898000000045e+06
2.660434092000000179e+06
1.857886494999999968e+03
1.304199423999999999e+05
7.680506184999999823e+04
1.407125617000000086e+06
5.290913379999999702e+07
6.448796054000000311e+01
3.118180992999999944e+03
8.592921972000000608e+01
9.631408881999999285e+06
6.011012318999999843e+04
4.934029112000000168e+03
8.625243144000000029e+03
2.510423291000000201e+06
9.092277575999999639e-01
9.462709247999999889e+02
1.590699582000000021e+02
1.544034475999999995e+04
2.511562378000000081e+03
5.143704869999999937e+04
5.915698537999999826e+04
7.661080688000000009e+03
2.899439812000000165e+04
1.297330480999999963e+03
1.484191440000000037e+07
1.277545395999999982e+03
4.285626269999999931e+04
7.464566496999999856e+01
2.987659556999999913e+05
6.616659687000000304e+03
1.233589253999999957e+06
4.372788980999999922e+02
2.893739546999999948e+04
1.094230924999999921e+01
1.043486192000000010e+05
1.709615644999999962e+00
8.182803856000000451e+02
1.380976222000000125e+05
5.030741111999999703e+04
1.064598500000000030e+02
9.274824126999999862e+04
5.639209442000000308e+03
2.015402086999999938e+03
1.881044851000000024e+06
1.042574317999999948e+04
9.534679763000000094e+03
4.597947890999999800e+03
2.690816563999999926e+04
6.640736222999999882e+04
1.556364365000000107e+05
8.963011179999999877e+04
6.805509419000000344e+04
4.034180103999999847e+04
3.504329550000000163e+05
3.346731161999999895e+05
7.671481643000000715e+07
4.913286520000000000e+08
1.083787906999999977e+05
2.659316456999999937e+05
5.544186839999999938e+04
4.547038151000000071e+05
1.523738466000000015e+07
2.030550970999999890e+03
1.519847345999999961e+05
4.691675231999999960e+04
1.748448543000000086e+02
1.125396054000000004e+04
4.694861228000000119e+04
2.130404943999999959e+05
6.892280176999999640e+03
3.192826210999999967e+04
3.042681605999999874e+02
6.093859641000000011e+03
2.036167286000000104e+03
1.052190650000000005e+03
4.466960999999999871e+01
7.688109706000000006e+04
5.231495735000000202e+00
2.060367351000000164e+07
1.383479482000000083e+01
6.695825148999999510e+05
1.423924940999999933e+01
5.747494542000000365e+03
1.005132269000000088e+04
1.659441682999999830e+04
2.767070022999999992e+02
7.127399883000000045e+03
1.252693633000000045e+04
9.971027391000000080e+02
6.159392934999999852e+03
1.001861555000000051e+06
1.892366662000000069e+05
4.014791401999999653e+04
1.782890427999999929e+03
1.576190158000000110e+03
9.814636856000000262e+04
9.948439623000000438e+02
3.900805295999999998e+03
1.699486098000000084e+03
5.925519073999999819e+03
3.052084168999999747e+02
4.166877113000000099e+04
1.395009400000000142e+02
7.215201444000000265e+03
8.576750250999999707e+02
5.880321203999999852e+03
3.840970106999999844e+05
5.148121812000000119e+01
7.607005377000000408e+03
6.039988636000000355e+01
2.372795027999999875e+05
4.880370173999999679e+04
1.434936221000000067e+00
3.433677343999999909e+00
2.926987025999999969e+04
7.778910668999999700e+01
2.539791929999999993e+05
6.485688151000000516e+02
2.652096606000000145e+06
1.357584555999999975e+04
5.479634194000000207e+02
7.381832165000000145e+01
7.976608109000000013e+02
5.290170677000000142e+06
1.882658713999999964e+04
1.262272355000000061e+03
2.038277347000000009e+05
4.236808978000000119e+07
2.478907537000000048e+02
9.366631968000000343e+06
6.034060399999999936e+04
3.631538617999999730e+01
2.876151459999999861e+04
1.141188784999999939e+01
1.169071834999999992e+05
1.640274549000000093e+02
5.859680436999999802e+04
4.010635510999999951e+03
1.584776243000000022e+03
1.780146729000000050e+03
1.771823695000000043e+03
1.943939808000000085e+03
2.481952349000000027e+02
2.570362678999999844e+02
8.916197486000000208e+04
7.026947033999999803e+02
2.134258721000000151e+04
5.111337455999999690e+01
1.453774375999999931e+06
1.336169752999999933e+07
4.759210368000000244e+02
1.126204467999999906e+03
1.365561482999999896e+02
5.086372992000000086e+05
6.589335468999999762e+07
1.164500395999999910e+03
1.195574116999999887e+03
2.061408360999999859e+05
2.108356310000000121e+03
6.961196392999999807e+04
1.585851606999999967e+04
8.497553086000000633e+01
1.040495075999999972e+05
2.112193258000000018e+00
3.727709097000000042e+02
2.481473103000000080e+01
4.436997220999999627e+03
1.369393298000000068e+05
1.842411264000000083e+05
1.327811961999999994e+03
9.901877380999999900e+01
1.322030630999999994e+04
2.064802954999999929e+04
8.904085309000000052e+03
3.663091757999999913e+02
2.254047584999999963e+05
2.871167023999999856e+03
3.418847427000000039e+01
2.004657637999999861e+04
1.178192218000000047e+01
8.115049858000000427e+01
3.061217889000000127e+02
3.577260171999999788e+06
5.805054741999999620e+06
5.349605499999999665e+03
1.462492456999999995e+05
1.235622291000000041e+04
7.137568135999999868e+03
1.718642489000000060e+05
1.822636332000000081e+01
5.480768683000000152e+01
9.737371434999999575e-01
1.530996396999999888e+03
9.595533822999999529e+02
3.016856126999999833e+04
4.532066765000000000e+08
5.033166403999999748e+05
2.812461401000000164e+07
5.794313372000000440e+06
2.335272215999999940e+08
4.642137743999999770e+02
9.722462627999999677e+04
3.394878345000000081e+03
5.028755341000000044e+03
1.671063012999999955e+03
3.561320720999999903e+05
1.007785752000000024e+01
3.066583048000000053e+04
1.677874750999999875e+01
7.049761426999999969e+01
1.313516664000000106e+06
4.275791566000000188e+01
1.560364388000000035e+06
1.179661579000000056e+05
1.091038587999999982e+04
9.339051232000000482e+02
7.000705740999999762e+03
1.932643557000000101e+02
6.204046800000000076e+04
3.857394331999999849e+04
1.132190326999999961e+05
1.555092710000000125e+02
9.394905388999999559e+04
3.566265600000000177e+03
1.796642717999999945e+02
6.493160577999999514e+05
1.656683296999999948e+04
1.605326731000000109e+03
4.062900009999999893e+05
1.158343087999999970e+08
1.448894905000000144e+05
3.659845766000000253e+02
2.235300752000000102e+03
4.426025372000000146e+01
9.803330448999999498e+04
5.628058380999999645e+04
1.001298920999999940e+08
6.694210795999999391e+04
1.231924495000000024e+04
4.480388739999999962e+04
3.925872056000000157e+03
2.885468451999999816e+05
5.261312275000000227e+04
2.427615402999999787e+03
4.004435916000000201e+06
1.723109334000000104e+01
3.673524156000000221e+04
2.473968594999999914e+04
1.283506882999999943e+05
2.744641989000000176e+05
1.258369989999999916e+03
1.814660922999999912e+03
3.431074279999999999e+04
7.116473456999999314e+01
3.832096578999999911e+05
6.088166872000000467e+02
2.362714473999999882e+03
1.454029652000000002e+06
8.627027001999999629e+04
4.208636308000000099e+03
6.621992238000000270e+02
1.748149975000000040e+03
4.018102288999999873e+05
2.698962835000000027e+01
6.699070381000000296e+00
1.874341786000000080e+06
7.601133352999999523e+08
4.803695003999999724e+06
5.518551176999999443e+05
4.373039757000000236e+02
1.150156003999999967e+02
2.688985487000000197e+06
5.219226514000000316e+04
3.556651864000000205e+04
1.129523778999999922e+04
1.441927142000000003e+03
4.410126199999999663e+00
3.883947779999999912e+05
3.709263911999999891e+03
7.808390751999999629e+05
2.814240286000000197e+03
2.020609807999999821e+07
8.219523320000000410e+01
6.506592166000000361e+03
9.931078057000000263e+05
3.105637754999999888e+05
3.346362287999999808e+03
6.964835194000000229e+03
4.544135606999999766e+01
6.999116517999999814e+03
7.829314777999999933e+05
9.943026832999999897e+03
1.530779074000000022e+06
2.060359696999999990e+00
3.420486907999999821e+07
8.499569235999999250e+00
3.134262283000000025e+04
1.102145140999999967e+04
1.101392685000000000e+02
9.067390176999999312e+03
6.056337789000000157e+03
1.462599064999999944e+06
1.399340766999999985e+01
1.168178061999999954e+03
4.698678659999999581e+03
4.556148147999999928e+05
8.103556082999999635e+05
9.537125853000000119e+06
1.212380746999999974e+04
3.767642932000000201e+03
5.023603423999999762e+08
1.776552586999999903e+03
3.646791345000000298e+07
1.028452695000000006e+01
4.164834795000000158e+05
3.107029765000000054e+00
1.227528872999999905e+06
8.106605596000000332e+03
8.095384183999999550e+03
2.658619772999999896e+03
2.705041449999999941e+02
3.120020885000000135e+02
4.857079982999999821e+07
6.078129721999999902e+01
3.526490410999999767e+02
8.085843068999999559e+03
1.194107117000000086e+06
3.205883827000000019e+04
1.308020541000000094e+03
1.859986583999999985e+07
1.345566474999999919e+05
1.781280260999999940e+06
5.323921584999999963e+06
1.570370404000000008e+03
1.729852102000000014e+05
3.977727057000000030e+06
1.749607977999999946e+02
1.314451127000000095e+06
2.381740654000000177e+03
1.435012996999999974e+06
1.417357905000000028e+04
5.938265625000000227e+02
9.873664166999999452e+02
7.808642854999999702e+07
3.224774964000000068e+02
1.014201130000000035e+03
1.348953590000000084e+06
3.388667438999999831e+03
1.155627489000000060e+06
3.974422098000000005e+03
4.610663393999999971e+05
5.466127391999999645e+02
6.690045788999999786e+03
2.796651865000000043e+02
5.289609995999999956e+04
6.264085831999999937e+05
1.382699135000000024e+04
5.387010350999999791e+05
3.323852294000000256e+04
4.187686742000000086e+05
1.203660505999999941e+01
1.488497125000000096e+03
5.611901582999999664e+04
1.649655711000000053e+02
4.119907664999999724e+03
3.019459619000000203e+03
2.753855743000000075e+04
1.749873293999999878e+05
4.221920750999999655e+03
2.665545321000000113e+05
1.132639421999999968e+03
1.222891692999999941e+05
6.766509629999999561e+03
9.238449577999999747e+02
2.376787527000000118e+05
2.103251299999999901e+04
8.915830624000000171e+03
2.385722408999999971e+04
1.095895449999999983e+04
3.706422621999999683e+04
8.987670091999999613e+02
3.685929235000000335e+04
4.049443636000000346e+00
8.479895337000000291e+05
1.837130640999999969e+03
5.906464740000000347e+03
1.009239752999999951e+03
8.681544257000000471e+02
4.420726821000000200e+04
7.357379530999999588e+03
1.032632947000000058e+03
9.872312660000000051e+02
3.072037789999999973e+02
6.983444780000000028e+05
2.742852447999999868e+02
6.371970823000000091e+05
8.907069292000000132e+04
2.638357214000000113e+02
1.769825158000000101e+03
2.395221111000000019e+04
3.554708195999999880e+05
1.790526489000000083e+03
4.134147415999999794e+04
1.456829919999999947e+04
8.915972987999999759e+02
4.230452374999999847e+02
7.733323699000000488e+05
1.325707162000000062e+04
5.656940622999999905e+05
9.482228347999999869e+02
9.688042955999999322e+03
8.156744154000000097e+06
1.246448097999999998e+06
1.179147792999999947e+05
4.911024228000000221e+03
4.022798592000000184e+01
4.064812200000000000e+07
2.424055651999999827e+04
2.372201678999999785e+03
2.595502173999999941e+05
1.563946177999999964e+04
9.410792789999999513e+03
1.085148331000000042e+02
7.441848893000000680e+04
2.929275706999999820e+05
6.639822368000000097e+02
3.946137975999999981e+03
3.738793854000000010e+03
2.471152898000000045e+06
2.634968475000000154e+01
8.297766354000000320e+02
2.184402731000000131e+03
6.639996972000000533e+05
1.017181966000000060e+01
5.843370881999999983e+05
3.722191844000000128e+04
3.652852186999999685e+04
2.645318500000000131e+04
1.923153000999999904e+03
5.101554383999999800e+02
7.085116500000000087e+03
8.633674582999999984e+04
8.146336393999999927e+02
5.298822659999999587e+02
7.001346760999999788e+03
3.786984327999999778e+02
1.254018245000000024e+04
3.266792498999999953e+04
1.994345640999999887e+03
3.377878095999999914e+03
7.095696820999999763e+05
5.315398768999999675e+02
7.846064071999999578e+04
1.536124270000000070e+04
1.396523561999999947e+04
1.103976712000000043e+04
2.525401636999999937e+02
5.245806932999999844e+04
8.331808051000000432e+02
1.570337451000000001e+05
3.678618417000000136e+03
8.544330428000000666e+01
2.066986917000000176e+04
4.758799716999999987e+02
2.030076310000000012e+04
1.470506905999999958e+01
2.188794549000000188e+03
1.091244135999999999e+05
6.027308447999999771e+03
3.339961392999999834e+00
2.079657655000000105e+01
3.039517709000000032e+05
3.644499858000000240e+05
1.511388150000000023e+05
6.993310992000000551e+05
1.593023736999999965e+05
8.269372873000000254e+03
5.661368743000000250e+05
1.562997783999999911e+03
5.231927988999999943e+05
9.397412997999999789e+04
1.351524092999999880e+02
1.074017245999999943e+02
5.669147203999999647e+02
2.347349043000000063e+06
3.526696982000000276e+02
1.443396144999999960e+05
8.982398345999999344e+07
1.952854284999999891e+03
3.685880285000000003e+04
4.991240808000000194e+06
3.834247781000000259e+02
2.374337058000000194e+06
1.130594696000000113e+03
1.656370092000000004e+05
7.635135747000000492e+02
6.777992229000000225e+04
2.049960146000000168e+04
9.816768200999999294e+01
1.177476641000000018e+04
5.573120069999999942e+02
8.670206750000000184e-01
7.866308227000000188e+05
9.727940365000000256e+00
3.779902466000000277e+04
3.822127641000000153e+02
2.918318545000000158e+05
8.023821682000000237e+02
1.847568665000000037e+05
6.511679232000000047e+04
9.571617467999999462e+02
3.474170869999999923e+03
5.203664726000000229e+01
1.784397679999999866e+02
3.190932930999999826e+03
1.981210312999999951e+04
1.486532692999999927e+04
4.371509196000000462e+06
5.748354973000000001e+01
4.941590211000000127e+06
1.282185038000000077e+03
4.130301143000000156e+05
2.617830002000000036e+02
1.723491125000000102e+04
1.130323593000000074e+03
3.726669633000000000e+09
3.058980877999999848e+02
6.740336223000000246e+03
8.679801048999999580e+01
5.867495046000000002e+03
6.979702121000000261e+03
1.227513471999999979e+02
1.937574759000000086e+03
2.237389651999999842e+03
4.299984762000000273e+02
1.194556483999999909e+04
2.351003811000000054e-01
5.781066872000000103e+02
5.485965902000000369e+02
4.006597561000000042e+03
5.010329926000000000e+01
1.349358414000000048e+05
5.385443324000000302e+02
1.828257558000000063e+04
2.160324062000000140e+03
3.890938913000000175e+06
1.592463074000000051e+04
2.571606199000000022e+06
3.272719126999999872e+01
6.321411542000000190e+04
2.395858540999999968e+05
4.292927979000000050e+03
3.707152577000000048e+06
1.072497380000000021e+03
2.273438368000000054e+01
4.492017867999999726e+04
4.539778032000000074e+00
1.694780487999999896e+05
2.701702475000000049e+03
3.872529419999999845e+03
2.031602745000000141e+02
1.260623652000000002e+05
6.127964648999999918e+04
4.219368672999999944e+03
3.160365443000000027e+02
4.972558617999999842e+04
2.347764514000000133e+02
1.240204698000000008e+03
1.803260630999999921e+04
1.479224173999999948e+03
4.479678936000000249e+04
2.892293891000000076e+04
2.150722112999999922e+02
1.194144984999999906e+03
7.163829814999999944e+05
8.571997732999999425e+04
1.076556616000000031e+04
3.795475972999999672e+07
1.064580273000000021e+00
3.103147534000000087e+04
4.072727925000000000e+08
9.613543805999999677e+03
3.717606581999999937e+06
1.788932520999999952e+03
5.499080086999999912e+04
5.891371828000000278e+03
2.415629259000000020e+05
1.905547348000000056e+02
2.646153667000000041e+03
3.068189403999999740e+02
1.840843422000000137e+05
4.282944935999999871e+04
7.454777827000000023e+00
1.282648483999999917e+04
5.577139754000000238e+01
3.342057029999999941e+03
1.237123389999999927e+04
1.004433904000000039e+05
8.648142749999999523e+01
1.649640563000000111e+04
3.251148906999999963e+04
1.515900249000000031e+03
2.399909916000000015e+07
4.863848787000000016e+02
1.105497594000000041e+06
1.874928499000000011e+04
3.915753445000000065e+05
2.315147556999999779e+03
3.762275579999999991e+03
2.676136754999999994e+02
4.863508129000000224e+01
1.363422670999999973e+05
1.035633558000000085e+04
2.524306323999999950e+04
2.622497727999999770e+05
9.948648388999999952e+03
1.120911597000000038e+05
7.879839157999999770e+02
1.233658799000000045e+03
1.292019608999999924e+01
2.172869782000000214e+03
1.290416321000000025e+05
1.237425154000000060e+08
1.194365495000000010e+04
2.617937788999999975e+04
2.910052054999999882e+02
3.747234402000000118e+05
2.133716753999999867e+02
4.594715325000000234e+02
1.941413249999999948e+02
5.270943188000000082e+06
6.737001669000000220e+03
1.019087805999999910e+04
6.377967027999999846e+04
1.849958440999999993e+03
7.251815980000000081e+02
1.111474655000000057e+05
1.846281806000000074e+02
4.866568037000000004e+03
8.356951900000000251e+02
3.737544631000000209e+03
1.238722260000000006e+03
1.368112255999999979e+04
1.354289899000000048e+02
3.411395680000000284e+05
3.009148861000000124e+03
6.627647146000000248e+03
5.075902414999999564e+03
1.365779800999999978e+06
1.013596974999999948e+05
2.549466895000000022e+03
1.023167980999999963e+04
3.239207182999999759e+02
6.358853041999999505e+02
3.978291075000000092e+03
1.148451148999999987e+03
1.524871940999999970e+04
5.723282284999999683e+04
7.813201987000000372e+04
2.643122384999999776e+05
1.617337052999999969e+03
1.138485390999999936e+03
3.146377883000000111e+03
1.210433614999999918e+04
4.475119784999999865e+03
2.216652570000000111e+01
5.543775768000000426e+02
2.334330716000000052e+02
1.256735768999999891e+03
3.136179303999999775e+03
1.215442182000000031e+02
3.005432704999999987e+04
5.073555125999999973e+02
2.372042987000000197e+06
1.988957124000000078e+02
6.884105657999999721e+02
5.203494983999999931e+03
2.446423953999999867e+04
2.833408609999999953e+03
2.603666474999999919e+05
1.431932919000000084e+03
1.417839741000000004e+03
3.487350614000000064e+02
1.061589651000000013e+05
3.726724222999999938e+02
3.840748348000000334e+01
5.712325175999999919e+04
2.605526409000000058e+03
2.405974409000000014e+04
2.514248746000000210e+03
2.878320451999999932e+03
1.388478746000000101e+05
4.177837185999999929e+04
2.787086926999999832e+03
1.467979683000000077e+05
4.463710417999999598e+06
4.255792953000000125e+02
7.839364676999999801e+02
2.217995432000000164e+03
7.116647227000000000e+09
5.155518153000000439e+02
3.963417270999999892e+04
1.056598864999999932e+04
2.187020263000000142e+01
1.189687977999999886e+06
7.503444059000000266e+01
1.580327776000000013e+05
9.603253287000000000e+02
8.696739112000000023e+04
1.659402603999999997e+02
1.165077102999999988e+04
1.862248098999999929e+05
1.120110451000000030e+05
2.015345996000000014e+04
4.949686235000000067e+01
1.757152054999999962e+02
9.954721614000000409e+04
1.998940139999999898e+06
2.210860411000000022e+05
3.301903689000000304e+04
9.478420812000000151e+05
4.730923693999999813e+01
6.880104094999999688e+03
1.267255992999999989e+03
3.020192106999999844e+06
2.052341073999999935e+03
2.218634244999999937e+05
1.249388644000000022e+04
7.023472676999999749e+02
2.885134920000000275e+05
1.365234996000000045e+01
2.024844335000000137e+04
9.560787086000000272e+03
2.529657696999999825e+04
9.697539332000000286e+03
8.428760809999999765e+03
8.640620676000000458e+03
3.797997322000000277e+05
3.137790049000000181e+03
3.801371633999999777e-01
1.855416087999999872e+05
1.124636800000000039e+04
1.479141138999999896e+02
1.602181483999999955e+03
2.828191977000000043e+04
1.631146800999999869e+02
9.035975445000000036e+03
2.624071703999999954e+03
1.351808119000000033e+03
8.502594247000000905e+03
5.802892600999999786e+02
4.821703451999999857e+02
4.613818234000000302e+03
1.069905389000000014e+03
2.564589074999999866e+04
2.354722327999999834e+04
1.331535218999999961e+04
4.028272435999999871e+05
3.563439293999999791e+02
1.860757681999999913e+05
1.312761387000000013e+03
1.060259134000000078e+06
2.417110928999999942e+03
2.494339651000000013e+05
4.629641735999999582e+03
2.300306149000000005e+03
2.193532662999999884e+05
4.771164614999999998e+01
3.405069547000000000e+10
2.206082585000000108e+03
5.742888046000000486e+02
3.174432852999999886e+05
8.661425841000000219e+03
2.627951615999999922e+04
1.522038613000000078e+04
6.353394057000000430e+02
1.852673900000000060e+02
1.308926326999999901e+03
2.142743844999999965e+02
1.849915726999999897e+05
5.851292075999999724e+02
9.021612166000000434e+04
6.577625371999999334e+04
2.025865278000000108e+05
6.101440205999999762e+02
8.070021309000000474e+04
5.997720796999999493e+02
1.863596030000000028e+05
1.708251311999999962e+04
1.126259784000000082e+03
3.205613600999999791e+06
1.997665752000000055e+02
2.759604360000000156e+02
7.425685211000000127e+05
3.444505818000000090e+02
7.208683115000000596e+07
6.448465982000000096e+00
2.391145609999999942e+04
3.565461366000000112e+02
1.795075882000000092e+03
1.890421121999999974e+06
1.633127369999999974e+04
4.089634649000000354e+04
1.367597716000000073e+05
2.545309533000000010e+04
2.677056355999999937e+02
1.898268585000000030e+03
5.478348915999999736e+04
3.965511787999999882e+01
3.700543540999999823e+04
6.879778613999999834e+03
3.341325359999999637e+04
3.555275125000000003e+02
3.677180672999999952e+06
5.342178173999999672e+03
2.792998630000000048e+03
3.566593355999999858e+03
1.639426766000000061e+05
1.761847919999999867e+05
2.351937376999999833e+04
3.662499162000000069e+03
4.912421177000000171e+03
2.448025643999999829e+03
1.255255388000000039e+03
2.605295209999999861e+04
1.317709127000000080e+04
5.578010569000000032e+03
8.784982996999999614e+02
1.047013623999999936e+03
1.146409876000000061e+01
2.210274868999999948e+06
1.515115471999999954e+03
5.886962675000000309e+04
3.284142550999999978e+06
1.942113526000000071e+06
3.479091473999999835e+03
5.482000976999999693e+03
1.244168467000000055e+04
4.740090817999999854e+05
8.509414624000000185e+04
2.479132802000000083e+03
3.267465816999999806e+05
1.807977820000000122e+02
5.479030915999999706e+03
6.535218058000000383e+02
7.357282899999999790e+04
5.752005968999999823e+03
1.008501669999999990e+02
4.013016905000000000e+08
1.574352851999999984e+04
1.665782060999999885e+02
4.614813906999999657e+06
5.540904164999999921e+03
2.717032499999999800e+03
1.376308843999999908e+03
3.882048424000000068e+03
4.037131206999999833e+00
6.304859358000000007e+06
4.926317547000000253e+06
4.897535984000000171e+05
7.520147531999999774e+04
8.071373713000000407e+02
3.198576993000000002e+01
5.537520709999999963e+04
7.409789108000000124e+04
1.289956437000000005e+05
1.851744885999999951e+03
8.039961289999999281e+04
1.410050302000000102e+03
3.848358028000000049e+05
1.240114260999999942e+02
2.044393238000000110e+03
1.595305723000000035e+04
3.608973160999999940e+07
2.418483478000000105e+04
3.755824373000000094e+01
1.374900155000000086e+04
1.499794139999999970e+04
2.042813538000000051e+01
6.387696680999999866e+06
2.850958012999999937e+03
2.645828126999999768e+02
2.890240530999999919e+03
4.221734051000000250e+02
6.447091225999999551e+03
1.654781105000000139e+02
4.038696805999999924e+03
9.327229217999999946e+02
3.746420328000000154e+04
7.313012234999999919e+02
6.529095750000000407e+03
1.337833662999999888e+03
1.657259823999999935e+04
1.417416063000000031e+04
2.103601569000000018e+05
1.960861053000000140e+02
3.123120999999999913e+04
1.631130311000000006e+02
5.935312613999999594e+05
7.671573300999999628e+04
3.195800600000000031e+02
