     0.0000000        0.59915725        0.01400080
     0.1000000        0.41895196        0.01300091
     0.2000000        0.30688037        0.01101697
     0.3000000        0.23509561        0.00942984
     0.4000000        0.18630393        0.00800478
     0.5000000        0.15167541        0.00723654
     0.6000000        0.12465463        0.00647085
     0.7000000        0.10464838        0.00555669
     0.8000000        0.08756375        0.00430950
     0.9000000        0.07250086        0.00289421
     1.0000000        0.06015790        0.00217491
     1.1000000        0.05081553        0.00266144
     1.2000000        0.04441361        0.00234703
     1.3000000        0.03828157        0.00282794
     1.4000000        0.03317309        0.00237221
     1.5000000        0.02828652        0.00138666
     1.6000000        0.02511083        0.00118112
     1.7000000        0.02089917        0.00118765
     1.8000000        0.01821230        0.00068795
     1.9000000        0.01563421        0.00102038
     2.0000000        0.01418549        0.00170791
     2.1000000        0.01250907        0.00114153
     2.2000000        0.01071780        0.00085239
     2.3000000        0.00876401        0.00045047
     2.4000000        0.00844710        0.00028677
     2.5000000        0.00868869        0.00094997
     2.6000000        0.00832504        0.00122943
     2.7000000        0.00801966        0.00175110
     2.8000000        0.00757648        0.00238656
     2.9000000        0.00722994        0.00191528
     3.0000000        0.00559564        0.00113536
     3.1000000        0.00446515        0.00059479
     3.2000000        0.00400598        0.00088059
     3.3000000        0.00307407        0.00076196
     3.4000000        0.00292622        0.00056474
     3.5000000        0.00273545        0.00097447
     3.6000000        0.00287339        0.00122238
     3.7000000        0.00313137        0.00097161
     3.8000000        0.00304046        0.00135306
     3.9000000        0.00260772        0.00195910
     4.0000000        0.00358933        0.00165831
     4.1000000        0.00335732        0.00183346
     4.2000000        0.00306297        0.00211541
     4.3000000        0.00201511        0.00253025
     4.4000000        0.00147221        0.00303050
     4.5000000        0.00101542        0.00349863
     4.6000000        0.00128159        0.00324402
     4.7000000        0.00080732        0.00268770
     4.8000000        0.00082902        0.00231096
     4.9000000        0.00084650        0.00213914
     5.0000000        0.00102512        0.00138943
     5.1000000        0.00192469        0.00080680
     5.2000000        0.00149608        0.00110402
     5.3000000        0.00093045        0.00192339
     5.4000000        0.00058380        0.00175172
     5.5000000        0.00082195        0.00165850
     5.6000000        0.00058337        0.00207366
     5.7000000        0.00040107        0.00222384
     5.8000000       -0.00017946        0.00287491
     5.9000000       -0.00001222        0.00220121
     6.0000000        0.00042583        0.00131730
     6.1000000        0.00056670        0.00133743
     6.2000000        0.00064269        0.00129104
     6.3000000        0.00072542        0.00170654
     6.4000000        0.00105066        0.00246099
     6.5000000        0.00150123        0.00295387
     6.6000000        0.00112038        0.00296405
     6.7000000        0.00191546        0.00313112
     6.8000000        0.00308454        0.00316896
     6.9000000        0.00402350        0.00320220
     7.0000000        0.00479457        0.00350304
     7.1000000        0.00632717        0.00445038
     7.2000000        0.00932745        0.00619998
     7.3000000        0.00971123        0.00700185
     7.4000000        0.00820056        0.00556940
     7.5000000        0.00703939        0.00459730
     7.6000000        0.00659407        0.00408469
     7.7000000        0.00748656        0.00290821
     7.8000000        0.00902376        0.00240311
     7.9000000        0.01143483        0.00246910
     8.0000000        0.01392670        0.00146531
     8.1000000        0.01648741        0.00168737
     8.2000000        0.01826604        0.00164959
     8.3000000        0.01981784        0.00021022
     8.4000000        0.02398954        0.00180496
     8.5000000        0.02918222        0.00286499
     8.6000000        0.03411874        0.00273441
     8.7000000        0.04038870        0.00197506
     8.8000000        0.04609715        0.00059962
     8.9000000        0.05306361        0.00040587
     9.0000000        0.06227477        0.00102892
     9.1000000        0.07374397        0.00202553
     9.2000000        0.08763189        0.00431176
     9.3000000        0.10421624        0.00610721
     9.4000000        0.12441387        0.00734610
     9.5000000        0.15102182        0.00850125
     9.6000000        0.18708248        0.00891979
     9.7000000        0.23523528        0.00937455
     9.8000000        0.30443443        0.00947410
     9.9000000        0.41614751        0.01174412
    10.0000000        0.59915725        0.01400080
