     0.0000000        0.37545309        0.01882741
     0.1000000        0.15709326        0.01955099
     0.2000000        0.07120918        0.01586792
     0.3000000        0.03743070        0.01028252
     0.4000000        0.02059518        0.00806231
     0.5000000        0.01611573        0.00842383
     0.6000000        0.01156497        0.00825897
     0.7000000        0.00529933        0.00772929
     0.8000000        0.00356793        0.00265239
     0.9000000       -0.00097309        0.00100273
     1.0000000       -0.00218530        0.00244004
     1.1000000        0.00115235        0.00777426
     1.2000000        0.00010361        0.00937323
     1.3000000       -0.00133232        0.00696699
     1.4000000       -0.00007091        0.00768582
     1.5000000        0.00425847        0.01165780
     1.6000000        0.00347490        0.01136976
     1.7000000        0.00149538        0.01087940
     1.8000000        0.00111191        0.00980404
     1.9000000       -0.00215246        0.00733464
     2.0000000       -0.00559791        0.00650561
     2.1000000       -0.00954277        0.00550232
     2.2000000       -0.00740270        0.00533971
     2.3000000       -0.00675798        0.00835675
     2.4000000       -0.00789514        0.00716956
     2.5000000       -0.00374612        0.00901113
     2.6000000       -0.00344879        0.00609084
     2.7000000       -0.00304043        0.00570016
     2.8000000       -0.00054453        0.00397429
     2.9000000       -0.00122338        0.00171417
     3.0000000       -0.00034659        0.00026691
     3.1000000        0.00251588        0.00243569
     3.2000000        0.00520744        0.00292308
     3.3000000        0.00053602        0.00536352
     3.4000000        0.00150831        0.00512243
     3.5000000       -0.00061927        0.00324478
     3.6000000       -0.00359007        0.00416028
     3.7000000       -0.00424704        0.00800936
     3.8000000       -0.00198515        0.01259480
     3.9000000        0.00307860        0.01582867
     4.0000000        0.00670755        0.01160365
     4.1000000       -0.00084897        0.01116139
     4.2000000       -0.00334725        0.00863531
     4.3000000        0.00115915        0.00754439
     4.4000000        0.00099139        0.00785995
     4.5000000        0.00210764        0.00717678
     4.6000000        0.00025138        0.00650424
     4.7000000        0.00170956        0.00454250
     4.8000000        0.00322298        0.00550792
     4.9000000        0.00417688        0.00806313
     5.0000000        0.00567910        0.00971287
     5.1000000       -0.00043954        0.00760385
     5.2000000       -0.00215602        0.00494152
     5.3000000       -0.00380927        0.00442324
     5.4000000       -0.00463525        0.00173122
     5.5000000       -0.00213825        0.00443420
     5.6000000       -0.00308597        0.00947290
     5.7000000        0.00117924        0.01065220
     5.8000000        0.00100733        0.01017708
     5.9000000        0.00170929        0.00594899
     6.0000000        0.00234295        0.00624448
     6.1000000        0.00420698        0.00683268
     6.2000000        0.00414903        0.00361778
     6.3000000        0.00548777        0.00274511
     6.4000000        0.00839178        0.00034584
     6.5000000        0.00872777        0.00135065
     6.6000000        0.01236567        0.00228565
     6.7000000        0.01105789        0.00296064
     6.8000000        0.00445768        0.00304296
     6.9000000       -0.00494382        0.00302815
     7.0000000       -0.00893066        0.00451139
     7.1000000       -0.01021686        0.00793667
     7.2000000       -0.00964287        0.00734492
     7.3000000       -0.00508335        0.00475035
     7.4000000       -0.00634236        0.00917557
     7.5000000       -0.00277507        0.00652664
     7.6000000       -0.00249562        0.00832731
     7.7000000       -0.00269075        0.01173425
     7.8000000        0.00066946        0.00533350
     7.9000000        0.00002968        0.00550501
     8.0000000        0.00229918        0.00635479
     8.1000000        0.00602302        0.00880261
     8.2000000        0.00827560        0.00747050
     8.3000000        0.00612529        0.00428437
     8.4000000        0.01004442        0.00798494
     8.5000000        0.00713211        0.00717487
     8.6000000        0.00277013        0.00906774
     8.7000000        0.00139525        0.00707688
     8.8000000       -0.00069486        0.00420751
     8.9000000       -0.00181585        0.00483581
     9.0000000       -0.00085476        0.00861621
     9.1000000       -0.00211319        0.01051848
     9.2000000        0.00273214        0.01527857
     9.3000000        0.00688145        0.01179547
     9.4000000        0.00939478        0.01044962
     9.5000000        0.01138142        0.01044343
     9.6000000        0.02061283        0.01192376
     9.7000000        0.04060282        0.01320578
     9.8000000        0.07605709        0.01763670
     9.9000000        0.16294185        0.01905132
    10.0000000        0.37545309        0.01882741
