1.634584950999999897e-01
1.322762671999999917e-01
8.894319129000000101e-02
1.722853088999999893e-01
1.682753157999999916e-01
1.393923549999999956e-01
1.733896232000000093e-01
1.789612432000000086e-01
1.970340166000000004e-01
1.813129115999999874e-01
1.638806905999999897e-01
1.002760662999999941e-01
1.351406158000000024e-01
1.068207502000000086e-02
8.735490570999999288e-03
7.622906394999999502e-02
1.402630820999999917e-01
1.331148488999999990e-01
1.595061711999999909e-01
1.204431683000000003e-01
1.234478727999999970e-01
1.575677997999999913e-01
1.620725702999999962e-01
1.220357715999999954e-01
1.429421033999999924e-01
1.026271059000000013e-01
1.016850274000000026e-01
1.376285811000000081e-01
1.540714158000000000e-01
1.787775893000000116e-01
1.354850058000000024e-01
1.355403872000000010e-01
9.839780224999999936e-02
1.570780345999999994e-01
1.438183863999999978e-01
1.080707852999999996e-01
1.088072587000000063e-01
1.090868708999999936e-01
1.404520522999999910e-01
1.072515893000000053e-01
1.483064146999999999e-01
9.115796074000000193e-02
1.555817921000000048e-01
1.238712851000000059e-01
1.567754849999999922e-01
1.406123700999999948e-01
1.424721944000000018e-01
1.228246974000000019e-01
1.194228204999999987e-01
9.350687337999999404e-02
4.425643768000000339e-02
1.036839417999999985e-01
1.559258551999999909e-01
1.251804853000000051e-01
1.175057672999999941e-01
1.461146201999999894e-01
1.252897582999999981e-01
1.165019728000000060e-01
1.711010631999999865e-01
8.396164381000000010e-02
1.363284090000000115e-01
9.447709128999999539e-02
1.415062125999999865e-01
1.796925390000000122e-01
1.541384355000000039e-01
1.463514528000000037e-01
1.216114518000000061e-01
1.496745409999999943e-01
1.291708373000000076e-01
1.041285430999999984e-01
8.058198794000000220e-02
1.104210853999999936e-01
1.047071338999999990e-01
1.219275233000000069e-01
6.559511698999999363e-02
1.348338669999999961e-01
1.385599755999999960e-01
1.737820398000000099e-01
1.172123783999999974e-01
1.153340764999999934e-01
8.038858859000000412e-02
1.256594107000000016e-01
9.882832926000000018e-02
9.455047692000000115e-02
1.455268164999999891e-01
1.495796701000000062e-01
1.148578147000000049e-01
8.528880756999999979e-02
1.308991180999999893e-01
1.488657415000000095e-01
1.334635053999999876e-01
1.103477437999999949e-01
1.488018985000000016e-01
1.227074162999999968e-01
1.203459964000000021e-01
1.159888367999999947e-01
1.076134571999999984e-01
1.564959515000000079e-01
1.410152776999999968e-01
1.643227566000000084e-01
1.264676869999999953e-01
1.147725792999999966e-01
8.030537007999999366e-02
1.870520961999999898e-01
9.657528103000000141e-02
9.094739087000000555e-02
1.566497390999999906e-01
1.149330340000000034e-01
1.556236317999999952e-01
1.096975260000000035e-01
1.129519179999999984e-01
1.417285390999999950e-01
1.112391013000000040e-01
1.280761282000000001e-01
1.112656068999999942e-01
1.045239084999999984e-01
1.636759496000000091e-01
1.283616462000000125e-01
1.766580298000000049e-01
1.060895795000000030e-01
1.866081508999999916e-01
1.040893782999999934e-01
1.129949871999999939e-01
1.509652455999999920e-01
1.348389856999999969e-01
1.303657018999999917e-01
1.332041649000000050e-01
1.546925560999999893e-01
1.483007332999999872e-01
1.387093632999999993e-01
1.163706620999999941e-01
6.117413703999999980e-02
1.443226907999999864e-01
1.136651074000000067e-01
1.299279190000000028e-01
7.708514788999999701e-02
1.107179070999999987e-01
1.312022106000000077e-01
1.304419283000000096e-01
8.583301024999999418e-02
8.503960957999999459e-02
9.532820198999999994e-02
1.019499710000000003e-01
1.548515906000000053e-01
1.373525465000000056e-01
1.488828321000000010e-01
1.281104429000000100e-01
1.042835228999999947e-01
1.054710003000000063e-01
1.670346111000000078e-01
1.405117052000000033e-01
1.637944859000000086e-01
1.168900850999999991e-01
1.831891448999999894e-01
1.753581025000000015e-01
1.260585143000000075e-01
1.512021893999999922e-01
1.448635406000000070e-01
1.181326580999999959e-01
1.173044872000000016e-01
1.051129754999999971e-01
9.975213309000000028e-02
1.495387136999999922e-01
9.070517124999999403e-02
1.133013355999999972e-01
1.558675240000000073e-01
1.559656466000000075e-01
1.722782593999999945e-01
1.736707229999999991e-01
1.247026012999999933e-01
1.665278078000000106e-01
1.596308650999999912e-01
1.631540528000000045e-01
1.555226282000000126e-01
1.475330169999999885e-01
1.323057234999999998e-01
1.295708352999999924e-01
1.285061101999999955e-01
1.405606595999999986e-01
1.226048401999999954e-01
1.258756780999999991e-01
1.150730593999999968e-01
1.229634916999999966e-01
1.334739292000000077e-01
1.481252656000000001e-01
1.229422634999999958e-01
1.280736939999999879e-01
1.158179520999999962e-01
7.908861016000000299e-02
1.139220288000000053e-01
1.515248144999999935e-01
1.192800170000000021e-01
1.420201762999999950e-01
1.339053578999999938e-01
1.437056375000000108e-01
1.686192205000000000e-01
1.352979837999999935e-01
1.502175098000000097e-01
1.575157366999999919e-01
1.682930472999999982e-01
1.144469235000000057e-01
1.130827300000000063e-01
1.167677171000000014e-01
5.263329499000000272e-02
1.126704503000000024e-01
1.336786601000000130e-01
1.220068695999999980e-01
1.474943196000000067e-01
1.187414071000000015e-01
9.385690300000000541e-02
1.228645265999999958e-01
1.059616181000000018e-01
1.188954499999999997e-01
7.922669859000000536e-02
1.551162148999999935e-01
1.098371570000000047e-01
1.248601852000000012e-01
1.151823446999999945e-01
1.564256210999999952e-01
1.456235298999999928e-01
1.650370076000000075e-01
1.302429673000000121e-01
1.001127207999999991e-01
1.018058319999999989e-01
1.495793564000000020e-01
6.221126436999999815e-02
1.160049711000000067e-01
1.253862085999999931e-01
1.338418786999999999e-01
8.032150701000000115e-02
1.179607949999999933e-01
1.139109985999999936e-01
1.223262590000000066e-01
1.533204411999999905e-01
1.415721191000000045e-01
1.342751982000000011e-01
1.379669161000000033e-01
1.497668936000000062e-01
1.626405485000000095e-01
8.140709546999999602e-02
1.587465868000000058e-01
1.677686113999999895e-01
1.332840687999999885e-01
1.143152828000000010e-01
1.685242016000000065e-01
1.312992711000000035e-01
1.396239088000000017e-01
1.606756082999999946e-01
1.338728534999999997e-01
7.318247360000000590e-02
1.494895753999999910e-01
1.359944990999999992e-01
1.556414326999999986e-01
9.740846145999999817e-02
1.545266647999999909e-01
9.110083268999999428e-02
5.237622330999999742e-02
1.083718196000000022e-01
1.565387256000000116e-01
1.479115279999999866e-01
1.491164191999999888e-01
1.775824742999999872e-01
1.879019557999999923e-01
1.415716947000000003e-01
9.908926919999999638e-02
1.399170789999999998e-01
1.168381497000000047e-01
1.132245176999999992e-01
1.027902740000000009e-01
1.129646297999999938e-01
1.665093813999999894e-01
9.984789165999999327e-02
1.073635131999999964e-01
1.114999415000000049e-01
1.438912481999999882e-01
1.248812614999999931e-01
1.413222507999999933e-01
1.205042852000000053e-01
1.669183657999999959e-01
1.396805731000000106e-01
1.458439368999999985e-01
1.719780865999999964e-01
1.388267843999999862e-01
1.351159359000000115e-01
1.613494805000000032e-01
1.805526031999999947e-01
1.753335061999999889e-01
1.516081383000000005e-01
1.537048339000000041e-01
1.126983121000000032e-01
1.114940021000000031e-01
1.440197314999999978e-01
1.392830831999999908e-01
1.440627197999999887e-01
1.694847592000000014e-01
1.305882076999999863e-01
1.484869091999999891e-01
1.658380630999999883e-01
1.339709601000000083e-01
1.110275679999999932e-01
1.324696666000000078e-01
1.253227638999999949e-01
1.493629133000000109e-01
1.253010193000000105e-01
1.527053932999999919e-01
1.450790436000000128e-01
1.229261492000000011e-01
1.648298708000000001e-01
1.743118928000000067e-01
1.140415699999999949e-01
8.132993577000000029e-02
8.537570842000000160e-02
1.767322110000000002e-01
1.862305454000000027e-01
9.294704142000000113e-02
1.443551574999999976e-01
1.063256610999999963e-01
1.244929731999999956e-01
8.883868826000000662e-02
1.332852070999999972e-01
1.481799991999999955e-01
1.243426076999999963e-01
1.474240822000000006e-01
1.272834109000000047e-01
1.266022589999999948e-01
1.441307223999999942e-01
1.191869272999999951e-01
1.126851071999999954e-01
8.391027532000000511e-02
1.812723042000000118e-01
1.613890571000000107e-01
9.007849487999999849e-02
1.266998195000000049e-01
1.405581020999999986e-01
1.163407105999999941e-01
1.201543602999999988e-01
1.237959834999999981e-01
1.636254554000000083e-01
1.477021317999999972e-01
1.574317483999999878e-01
1.376607385999999988e-01
1.810754183999999933e-01
8.103624013999999320e-02
1.339626391000000027e-01
1.541455942999999940e-01
1.454635636999999926e-01
1.292193258000000067e-01
1.676665784999999964e-01
1.608389393999999917e-01
1.828301078000000024e-01
1.089597080000000023e-01
9.616577789999999903e-02
1.587077835000000048e-01
1.738602176000000055e-01
1.168633500000000047e-01
1.309472144000000116e-01
1.325842086000000031e-01
1.460510651999999965e-01
1.551203604999999985e-01
1.478806457000000074e-01
1.095275529999999997e-01
1.165002843000000066e-01
1.395823784000000123e-01
1.215460116000000035e-01
9.826008804999999957e-02
1.317192135999999958e-01
1.177347536000000056e-01
1.381104139999999869e-01
1.795454264999999938e-01
1.492729872999999929e-01
1.435043559999999996e-01
1.224116559999999937e-01
1.462105683999999906e-01
6.874080879999999727e-02
7.549597578000000198e-02
1.168366866999999976e-01
1.134584691999999950e-01
1.637912129000000105e-01
1.496057812999999903e-01
1.774659590000000065e-01
1.431172038000000091e-01
1.321439828000000039e-01
1.708854384000000060e-01
1.454518767000000101e-01
1.048359254000000018e-01
1.606384881000000042e-01
1.185798512000000027e-01
1.567849393999999896e-01
1.395933913999999887e-01
1.554381395999999971e-01
1.139960254000000062e-01
1.400754760000000043e-01
1.164479288000000029e-01
1.219738018999999979e-01
1.233885641999999949e-01
1.324089754999999979e-01
1.188976865000000022e-01
1.268391782000000134e-01
9.708692171999999676e-02
1.253344220000000009e-01
1.262708302999999976e-01
1.299575269000000088e-01
9.710788591999999775e-02
1.697282542000000116e-01
1.508371470000000047e-01
1.538402712999999977e-01
1.292567259000000079e-01
1.386174454999999917e-01
9.692524339999999961e-02
1.209759700999999965e-01
1.502383828999999948e-01
1.121388410000000030e-01
1.578746919000000026e-01
1.192711050999999967e-01
1.611022142000000101e-01
1.589339033999999928e-01
2.014086824999999914e-01
1.454135171000000004e-01
1.120293993999999932e-01
1.290471810999999913e-01
1.439532185000000075e-01
1.005875068000000039e-01
1.397530458000000031e-01
1.279029218999999939e-01
1.517704396000000011e-01
1.385620542999999871e-01
9.997386072000000179e-02
1.644408153999999955e-01
1.460634889000000103e-01
1.367182638999999977e-01
1.079730384999999931e-01
1.403711975999999972e-01
1.608979925000000033e-01
1.075302151000000067e-01
1.473487462999999997e-01
1.455579503999999968e-01
1.422632846000000117e-01
8.726642655999999887e-02
1.304084654999999870e-01
1.132289087000000055e-01
1.262027592999999948e-01
1.613172183000000093e-01
1.372483660000000105e-01
1.160076996999999943e-01
1.170339645999999983e-01
1.691473064000000026e-01
1.462841027000000016e-01
1.621703351999999876e-01
1.522940599000000006e-01
1.799570980000000098e-01
1.659206809000000060e-01
1.076024971999999941e-01
7.723592115999999841e-02
1.036627982999999975e-01
1.639420655999999921e-01
9.046208993000000309e-02
8.285319069999999564e-02
1.237509744999999994e-01
2.524685865999999959e-02
7.326095474999999753e-03
8.780636982999999451e-02
1.363673478999999911e-01
1.173851020999999994e-01
1.291247209999999979e-01
1.126339564999999932e-01
1.465132265999999905e-01
1.453350723000000067e-01
1.111272994000000042e-01
1.028030538000000021e-01
1.254227019999999970e-01
1.098899123999999977e-01
1.683423303000000093e-01
1.333369134999999872e-01
1.154767361999999992e-01
1.365816485000000136e-01
9.054038669000000206e-02
1.465011113999999948e-01
1.800698383000000069e-01
1.407906735999999992e-01
1.175048342999999995e-01
9.979355511000000123e-02
1.677113969000000038e-01
1.460627757000000082e-01
1.220186540000000042e-01
1.168635068000000027e-01
9.170753161000000375e-02
1.677450973999999873e-01
4.978751077000000136e-02
1.054486599000000052e-01
1.384986220999999962e-01
1.036911603999999959e-01
9.804634013000000647e-02
9.425299934000000435e-02
1.499600470999999935e-01
1.141979017000000068e-01
1.399122928000000043e-01
1.586744468000000075e-01
1.302840037999999923e-01
1.232469152999999956e-01
1.306919021999999875e-01
1.226115442999999999e-01
1.307873119999999889e-01
1.299563133999999953e-01
1.153504221000000024e-01
1.372519735999999935e-01
1.457378296999999878e-01
1.497408802999999899e-01
1.122707351999999992e-01
1.306218386999999925e-01
1.602911033999999957e-01
1.442521857000000074e-01
1.417755843999999876e-01
1.549155614999999930e-01
1.432445709999999872e-01
1.297104825000000017e-01
1.568239961000000016e-01
1.514553855000000115e-01
1.718065343000000078e-01
1.833403104000000117e-01
1.348742451999999925e-01
1.036356050000000056e-01
7.526264108999999869e-02
1.134208282000000040e-01
1.349896147999999907e-01
1.252144715999999880e-01
1.216358206999999941e-01
1.482471845999999982e-01
1.039599645999999961e-01
1.255797775999999977e-01
1.528799517999999968e-01
1.232110554999999996e-01
1.130800210000000028e-01
1.171404250000000064e-01
9.722387839000000420e-02
1.453730480000000047e-01
1.320920953999999981e-01
1.134130789000000056e-01
1.374480573000000094e-01
1.082471923000000030e-01
1.160692556999999986e-01
1.512358889000000040e-01
1.624619605000000022e-01
1.594122268000000009e-01
1.281477770999999988e-01
1.813952323999999949e-01
1.727390609999999993e-01
1.333139284000000035e-01
1.764705464000000112e-01
1.184314164999999974e-01
1.647692262000000074e-01
1.796852774999999902e-01
1.708733467000000117e-01
1.492958778000000042e-01
1.398544094999999987e-01
1.469115488999999941e-01
1.055363683999999969e-01
1.378726408000000014e-01
1.419442357000000043e-01
1.700915823999999965e-01
1.628128446000000062e-01
1.258886093999999900e-01
9.575068253000000584e-02
1.061612475999999944e-01
1.621859059000000103e-01
1.774253137000000036e-01
1.180493442000000032e-01
1.428846749000000083e-01
1.443003884000000070e-01
6.873033554999999351e-02
1.078771961999999973e-01
1.644021857000000086e-01
1.404643419999999920e-01
1.313229397000000021e-01
1.547519347000000101e-01
9.875178125000000362e-02
1.285762893000000073e-01
8.119003734999999389e-02
1.064912082000000065e-01
1.046561367999999936e-01
1.071333373000000061e-01
1.277304763999999870e-01
1.297439877000000075e-01
1.681088612999999954e-01
1.545159657999999880e-01
1.405874733999999959e-01
1.478634651000000078e-01
9.191395197000000461e-02
8.275043813000000636e-02
1.574180961999999961e-01
1.284903454999999917e-01
1.533410226999999959e-01
1.907144856000000110e-01
1.510920077000000028e-01
1.367094506000000043e-01
7.617759929999999569e-02
5.494201725000000258e-02
1.199898494000000010e-01
1.369718976000000032e-01
1.249937225999999957e-01
1.458895461999999976e-01
1.707859580999999960e-01
1.694006869000000137e-01
1.539557360999999902e-01
1.424183602000000104e-01
1.243112001999999994e-01
1.601825251000000006e-01
1.470100276000000095e-01
1.200119384999999983e-01
1.503815246999999911e-01
1.484427695999999963e-01
1.099683511000000002e-01
8.717719281999999903e-02
1.256062960999999867e-01
1.427635016999999895e-01
1.316602426000000048e-01
1.799216084999999965e-01
1.788397294999999887e-01
1.355285736000000074e-01
1.258310816000000054e-01
1.344107562000000089e-01
1.069174965999999949e-01
1.130128791000000049e-01
1.239515015999999997e-01
1.382504388999999945e-01
1.231114281999999976e-01
1.530581651000000043e-01
1.335055034000000029e-01
1.238532439000000068e-01
1.266803834999999934e-01
1.393290638000000137e-01
9.888959985999999647e-02
1.896850915999999942e-01
1.581052544000000060e-01
8.677137276999999371e-02
1.333722955999999960e-01
1.563962230000000009e-01
7.874649975000000413e-02
1.208281687000000021e-01
1.850194317999999949e-01
1.533857923999999984e-01
1.299661612000000133e-01
1.900668564999999921e-01
1.109547726000000012e-01
1.289650750999999929e-01
1.304828460000000134e-01
9.791492372000000499e-02
1.187986010000000037e-01
1.302445556000000060e-01
1.348610238999999877e-01
1.445462459000000088e-01
1.399473660999999980e-01
1.478285163999999985e-01
1.537516884000000028e-01
9.565441630000000306e-02
1.601266004999999937e-01
1.277555103000000136e-01
1.887372116000000100e-01
1.830052839999999903e-01
1.725398777000000106e-01
3.149441748000000180e-02
9.263404189999999497e-03
1.171204259999999997e-01
1.010071265000000024e-01
7.196578436999999384e-02
1.144946198000000026e-01
7.952302628000000595e-02
1.000430085999999968e-01
1.577117070000000065e-01
1.637098858999999906e-01
1.514849186999999986e-01
9.489158119000000446e-02
1.003981314000000069e-01
1.596156666999999918e-01
1.587174410999999952e-01
1.093414424999999968e-01
1.271195321999999961e-01
1.099086061999999947e-01
1.217325310000000049e-01
1.673780021000000062e-01
1.002462932000000029e-01
1.915136528999999976e-01
1.436335742000000026e-01
1.388112075000000056e-01
1.406891828000000066e-01
1.212499222999999932e-01
1.149575797000000066e-01
1.273040463000000011e-01
1.044601691999999943e-01
9.340133012000000068e-02
1.572986767000000008e-01
1.559405278000000061e-01
1.023278330000000069e-01
1.507355881999999925e-01
1.547715578999999952e-01
1.642946701000000120e-01
1.116333486000000014e-01
1.504216647999999934e-01
1.942918279999999998e-01
1.595408566000000028e-01
1.258783366000000015e-01
9.538376415999999525e-02
9.584655518000000096e-02
1.085460087000000018e-01
1.851899710000000088e-01
8.731362772999999577e-02
9.825334188999999829e-02
1.479326277999999939e-01
1.413194546000000051e-01
1.576786420000000077e-01
1.323025388999999885e-01
1.031420715000000016e-01
1.084888427000000044e-01
1.466658165999999985e-01
1.217801844999999994e-01
1.624947384000000050e-01
1.388708007999999994e-01
1.363790276000000079e-01
1.428310228999999931e-01
8.786557840000000508e-02
1.237385787000000043e-01
1.231417850000000036e-01
1.190558354999999985e-01
1.267735406000000120e-01
1.152207107000000064e-01
1.046245806000000028e-01
8.033616025999999744e-02
1.903946548999999877e-01
1.024952232999999935e-01
5.858673732999999939e-02
1.542869521999999938e-01
1.528655127000000113e-01
9.991668995999999914e-02
9.526115579999999694e-02
9.845949684999999452e-02
1.032909766000000007e-01
1.397167293000000088e-01
7.549253311999999660e-02
1.124697437999999938e-01
1.278507879000000125e-01
1.578498950999999983e-01
1.250653463999999992e-01
1.517888904999999955e-01
1.551684624999999929e-01
1.337988358999999960e-01
1.289511336999999980e-01
1.259580601999999994e-01
1.252651851000000094e-01
1.546080267000000119e-01
1.164531317000000038e-01
1.321131201999999893e-01
1.010703648000000066e-01
1.390439599999999942e-01
1.559175637000000114e-01
1.750022327999999905e-01
1.546339851000000098e-01
1.808933701999999866e-01
1.602235395999999923e-01
1.116924470999999947e-01
7.011980666000000584e-02
1.402833075000000096e-01
1.464208550999999969e-01
1.163395965999999976e-01
1.621271203999999910e-01
1.245759186000000018e-01
1.018869045000000001e-01
1.403370082000000019e-01
1.473959136999999919e-01
1.653304851999999880e-01
1.403192211000000023e-01
1.566563216000000092e-01
1.499621398000000050e-01
1.072841211999999989e-01
1.084718343999999945e-01
1.680746281999999925e-01
1.688555912999999964e-01
1.475755599999999945e-01
1.341665763999999872e-01
6.539235487000000235e-02
1.876155667999999943e-01
1.266724687000000127e-01
1.164896584999999957e-01
1.373841282000000108e-01
1.019589964999999959e-01
1.226443408999999957e-01
1.388663310000000095e-01
1.450162292000000130e-01
1.732857198999999959e-01
1.402931587000000035e-01
1.769047444000000080e-01
1.179440855999999982e-01
1.099838134999999995e-01
1.109290066999999991e-01
1.078908767999999935e-01
1.306093225999999941e-01
1.351715817999999958e-01
1.178499300000000055e-01
1.008609822999999989e-01
1.354078485999999915e-01
1.559762493999999888e-01
1.363155414999999981e-01
1.377007322999999894e-01
1.669108960000000030e-01
1.216159462999999996e-01
9.094519444000000175e-02
1.091321360999999990e-01
1.501989706999999896e-01
1.670327771000000017e-01
1.865203705000000045e-01
1.709957099999999952e-01
1.657364866000000103e-01
1.255153363000000022e-01
1.609729729999999914e-01
1.413732037000000052e-01
1.637238671000000034e-01
8.886253267999999483e-02
1.098718723000000064e-01
1.367611204999999996e-01
8.230049811999999576e-02
9.206168417000000492e-02
1.199661233999999993e-01
1.474910975000000013e-01
1.305103786000000043e-01
1.461085655999999899e-01
1.075730295000000003e-01
1.444241159000000108e-01
1.198050516000000038e-01
9.822407275000000215e-02
1.262814292999999977e-01
1.289069989999999943e-01
1.549705909000000104e-01
1.180092315000000058e-01
6.505813893999999598e-02
1.209797533000000064e-01
1.116188468999999989e-01
4.356828750999999778e-02
8.142486042999999563e-02
8.285921660999999439e-02
1.066074037000000058e-01
1.486515968999999882e-01
1.586121574999999895e-01
8.869358380000000319e-02
1.538752901999999867e-01
1.494032784999999863e-01
1.453241854000000000e-01
7.827743346000000380e-02
1.592643635000000057e-01
1.392488390000000131e-01
1.333121234000000099e-01
1.580104115000000031e-01
8.401938265000000183e-02
1.082945596000000066e-01
1.198698556999999998e-01
1.513928636999999910e-01
1.195016740000000022e-01
1.587048232999999919e-01
1.374940782999999889e-01
1.146801410999999937e-01
1.545594767000000036e-01
1.527487258999999931e-01
9.843398785000000151e-02
1.762857143999999876e-01
1.402810807000000048e-01
1.356573322000000081e-01
1.351681009000000044e-01
5.354436391999999739e-02
9.105806165999999480e-02
9.720876763999999892e-02
9.959271262999999652e-02
1.274391699999999905e-01
9.966007048000000146e-02
1.519502862000000065e-01
1.367172834000000003e-01
1.298206366000000112e-01
1.290826298999999955e-01
1.220495513000000032e-01
1.067845384999999980e-01
1.512239877000000066e-01
9.386817354000000224e-02
4.087627476999999843e-02
7.782757731000000678e-02
1.704638196999999911e-01
1.483129450000000016e-01
7.666442566999999431e-02
1.093575714000000060e-01
1.557988802999999978e-01
7.357654954999999497e-02
8.917150568999999971e-02
1.287464761999999874e-01
1.483406483999999970e-01
1.581593752999999880e-01
1.473165834999999868e-01
1.069179932000000055e-01
1.193940911999999965e-01
1.316366501000000022e-01
1.145438269000000064e-01
7.016694449999999472e-02
9.291151283000000094e-02
1.401528925999999953e-01
1.439659689999999992e-01
1.673843408000000033e-01
1.363758220000000076e-01
1.291476266000000095e-01
1.574725498000000001e-01
1.698628919999999876e-01
1.804915300000000111e-01
1.169422717999999972e-01
1.659611889000000007e-01
1.798420062999999958e-01
1.601209484999999988e-01
1.079638457000000051e-01
1.343487106000000042e-01
7.632805332000000553e-02
1.107311591000000039e-01
1.123096224000000032e-01
1.332235808999999993e-01
9.461017901000000341e-02
1.512592004999999962e-01
1.731051997999999981e-01
1.089092450000000017e-01
1.536070612999999863e-01
1.013591920999999951e-01
1.664481405000000080e-01
1.686145606999999991e-01
1.005634933000000009e-01
9.553516407999999849e-02
1.477295079000000011e-01
1.086838997999999973e-01
8.276166441000000484e-02
1.516288367999999998e-01
9.681771530999999653e-02
1.582980113999999938e-01
1.297592066000000099e-01
1.201659278999999969e-01
1.518993606000000052e-01
1.305740914000000086e-01
1.385715029000000043e-01
1.267300329999999919e-01
1.193715941000000058e-01
1.439826412999999916e-01
1.208416472999999935e-01
1.152536650999999995e-01
1.244891208999999999e-01
1.168940469000000065e-01
1.119608904999999932e-01
1.396763796999999918e-01
1.522765798999999864e-01
1.068970932000000013e-01
1.703047809000000079e-01
1.731409566000000066e-01
1.316340722000000074e-01
1.621383503000000115e-01
1.300304717000000110e-01
9.438695011999999329e-02
9.613112511000000693e-02
1.241931616999999988e-01
1.054669309000000055e-01
1.240671985999999977e-01
1.225179750999999956e-01
7.123767416000000019e-02
1.530996450000000064e-01
1.384549144999999981e-01
1.175992019999999999e-01
1.399886814000000090e-01
7.795498036999999603e-02
9.260378411000000365e-02
1.018009925000000065e-01
1.239233059999999970e-01
1.428925601000000101e-01
1.559148774999999931e-01
1.452039717999999979e-01
1.869826747999999983e-01
1.383240639999999966e-01
1.745389894000000108e-01
1.593833382000000021e-01
1.320972564000000016e-01
1.298231350000000062e-01
1.245535601000000020e-01
1.397401466000000037e-01
1.632789020000000035e-01
1.154050930000000003e-01
1.436078244000000004e-01
1.314465914999999874e-01
1.134992835000000061e-01
1.600510749000000066e-01
1.705594445999999986e-01
1.454973645000000038e-01
1.151023993999999995e-01
9.139208409000000588e-02
1.742014122999999970e-01
1.566613756999999940e-01
1.416542144999999864e-01
1.082790889000000006e-01
1.604887237000000022e-01
1.272303263000000018e-01
1.720894172000000111e-01
1.213064570000000064e-01
9.597734462000000188e-02
1.269768571999999873e-01
1.312910935999999917e-01
1.369048200000000104e-01
1.174206737000000056e-01
1.466734004999999952e-01
1.897991739999999872e-01
1.570672868000000111e-01
1.651615891000000058e-01
1.359227453999999891e-01
1.699665170999999919e-01
1.385414319999999921e-01
1.154027281000000044e-01
9.802662827999999995e-02
1.407800036999999893e-01
1.661876552999999868e-01
1.316752082000000046e-01
1.215096568000000044e-01
1.218259022000000025e-01
1.427606486000000119e-01
1.603846922999999924e-01
1.344255591000000083e-01
1.835401375999999862e-01
8.437167216999999497e-02
1.454151193000000064e-01
1.101501535000000004e-01
1.768009398000000010e-01
1.994995210999999935e-01
1.383516297000000062e-01
1.097140645999999942e-01
1.666076609000000097e-01
1.289062598999999865e-01
1.612232020999999904e-01
1.377119282000000000e-01
1.278526764000000038e-01
1.456541262999999919e-01
1.118573721999999993e-01
1.375472427999999969e-01
1.325029886000000101e-01
1.653630586000000013e-01
1.427620312000000002e-01
1.245869750000000026e-01
1.345191608000000094e-01
1.404807126000000017e-01
1.704937179000000080e-01
1.152453521999999980e-01
7.728964309999999949e-02
1.169055055000000065e-01
1.475852072999999931e-01
1.642687479000000117e-01
1.852013918000000037e-01
1.429377376000000033e-01
1.728881800000000024e-01
1.103770897999999945e-01
7.580475928999999558e-02
1.346160164000000103e-01
1.127506102999999982e-01
9.586023440999999479e-02
1.148335001999999938e-01
1.031933981999999944e-01
1.516026031000000107e-01
7.573560098999999879e-02
1.063715053999999965e-01
1.360799152000000123e-01
1.570295408999999864e-01
1.546531553999999919e-01
1.115325216999999980e-01
1.299950082000000118e-01
1.347755790000000065e-01
1.013525341999999968e-01
1.509855653999999936e-01
1.717243908999999957e-01
1.848310603999999968e-01
1.549077822000000104e-01
1.627121250000000130e-01
1.474776117999999914e-01
1.645843381000000050e-01
6.783831875000000122e-02
1.236375125000000047e-01
1.597406399000000088e-01
1.917968174999999942e-01
6.609169327000000149e-02
3.933288121999999748e-02
7.018197329000000484e-02
8.542211467999999419e-02
1.307464486000000092e-01
1.070335679999999956e-01
1.238570253000000065e-01
1.332008500000000095e-01
1.410330784000000115e-01
1.891839063000000098e-01
1.416201853999999871e-01
8.287853650000000238e-02
1.952955071999999959e-01
1.159129428000000017e-01
9.828910141999999683e-02
1.098375743000000043e-01
1.516699320000000073e-01
1.212038530999999947e-01
1.164689857999999939e-01
1.612370234999999929e-01
1.313085867000000073e-01
9.437687804000000069e-02
7.690701704999999833e-02
1.500071621999999882e-01
1.529364934000000120e-01
1.047798649000000054e-01
1.277156014999999978e-01
1.180085694999999935e-01
1.403934742000000069e-01
1.626202105000000009e-01
1.499144741000000003e-01
8.090024995000000274e-02
1.642117596000000068e-01
1.113821995000000009e-01
1.366113308999999942e-01
1.499322375000000096e-01
1.705505362999999996e-01
1.671040840999999944e-01
5.236139640000000289e-02
9.858946924000000500e-02
1.866015272000000058e-01
1.446279698999999863e-01
1.707843943000000031e-01
4.449880990999999925e-02
1.061407785000000048e-01
1.501218272000000020e-01
1.560073919999999947e-01
1.385713504999999957e-01
7.693427744000000401e-02
7.310485465999999599e-02
1.027304259999999997e-01
1.070193256000000065e-01
8.125990957999999764e-02
1.173285753999999959e-01
1.039689532000000055e-01
1.533393144000000097e-01
1.317976352999999934e-01
1.012714376999999943e-01
1.477505631999999902e-01
1.269221195999999940e-01
1.631991238000000122e-01
1.449875633000000108e-01
1.292279450000000107e-01
1.569382109000000136e-01
1.519520890000000124e-01
9.890091441999999955e-02
1.019082456000000025e-01
1.464014835999999931e-01
1.146560744000000021e-01
1.727865333999999975e-01
1.432110963999999875e-01
1.417660637000000001e-01
1.214238531000000065e-01
1.346501512000000123e-01
1.385685319999999943e-01
1.707805542999999981e-01
1.395330345999999944e-01
1.573978440000000090e-01
1.115236376999999973e-01
1.216085997999999946e-01
1.334342235000000043e-01
1.118585235000000011e-01
1.552981851000000135e-01
1.351241581000000025e-01
1.407696088000000012e-01
1.419603919999999908e-01
1.121407058999999984e-01
1.154566932999999962e-01
1.085867825000000064e-01
1.131082181999999992e-01
1.628634854999999881e-01
1.869031200000000059e-01
1.204502452000000001e-01
1.081805279000000036e-01
1.112788309999999947e-01
1.102044187000000008e-01
1.495273206000000132e-01
1.459808357999999862e-01
1.454189948999999871e-01
1.279673976000000046e-01
1.186607372000000049e-01
8.317346740000000627e-02
1.038475038999999989e-01
1.220308102000000061e-01
1.037157919000000067e-01
1.397757018999999934e-01
1.595811088000000100e-01
1.486556421000000128e-01
1.652459918999999999e-01
1.602818722999999890e-01
1.537348424999999963e-01
7.610069681999999391e-02
1.373088916000000104e-01
1.643137300999999995e-01
1.211261017000000023e-01
1.206508097000000002e-01
1.287300603000000043e-01
8.196131108000000165e-02
5.908065659000000247e-02
1.656366619000000096e-01
1.008457838999999995e-01
1.031518195999999998e-01
1.253938736999999914e-01
1.163467252000000007e-01
1.528341346000000045e-01
1.210561428999999967e-01
1.610010733999999999e-01
1.520054918000000033e-01
1.141381187999999935e-01
1.123487534000000010e-01
1.547809300000000110e-01
8.740351980999999659e-02
7.891230295999999977e-02
1.549502115999999985e-01
1.450556524000000125e-01
1.189235220000000037e-01
1.406296321999999932e-01
1.447545856999999936e-01
1.565751102000000061e-01
1.210864933000000004e-01
1.457920430999999906e-01
9.051656147999999347e-02
1.070115316000000011e-01
1.273866733000000029e-01
1.124809915000000021e-01
8.191748698999999634e-02
1.106389039999999963e-01
1.590798707999999950e-01
1.471538189999999913e-01
1.519113273000000097e-01
1.448495774999999930e-01
1.968000161000000026e-01
1.588196025999999983e-01
8.155578646000000154e-02
1.606933828999999869e-01
1.501728019000000136e-01
1.253152633999999876e-01
8.984387123999999780e-02
1.286670933000000072e-01
1.250622567999999935e-01
1.049989815000000049e-01
1.794595398000000119e-01
1.139725607000000029e-01
1.317369777999999880e-01
1.540180650999999901e-01
1.626646579999999898e-01
9.788286224999999396e-02
8.799582420000000293e-02
1.443616984999999964e-01
1.301186947000000094e-01
1.536330585000000026e-01
1.711033801000000076e-01
1.263291079999999955e-01
1.105622423999999965e-01
9.917096921000000120e-02
1.299514284999999936e-01
1.052218285999999975e-01
1.398163725000000079e-01
1.417510311999999884e-01
4.700289956999999935e-02
1.862950241999999923e-01
1.080801195999999964e-01
1.208017363000000038e-01
1.394847033000000125e-01
5.937138245999999675e-02
1.019601291999999992e-01
1.495063433999999913e-01
1.113168424999999989e-01
1.393293818000000128e-01
1.485099263999999919e-01
1.249127728000000020e-01
1.328477892999999910e-01
1.031293541999999952e-01
1.017706421000000028e-01
1.021878819999999938e-01
1.148979591999999966e-01
1.431163266999999906e-01
1.501295457000000055e-01
1.495903613000000021e-01
1.195906723000000060e-01
1.601967119999999911e-01
1.363895176999999903e-01
1.053968272999999956e-01
1.273783188000000011e-01
1.431192941999999968e-01
1.377336429999999889e-01
1.636867978000000057e-01
1.341852645000000122e-01
1.712189414999999992e-01
1.221359281999999935e-01
1.714303312999999884e-01
1.063107152000000027e-01
1.333434351999999989e-01
1.726909550000000071e-01
1.189930279000000063e-01
1.107698010000000011e-01
1.706875807999999883e-01
8.123791362000000460e-02
1.654713767000000058e-01
1.549648805999999934e-01
1.697041618000000029e-01
1.145544512999999986e-01
1.880745115000000134e-01
1.351886637999999974e-01
1.532163585999999911e-01
1.481530584999999900e-01
1.335028839000000078e-01
1.635634545999999911e-01
7.069370067999999896e-02
1.047562602000000065e-01
1.230469324000000031e-01
1.051282052999999994e-01
1.515156579999999975e-01
1.729731784999999911e-01
1.156134914000000041e-01
9.780678180000000610e-02
1.030158057000000044e-01
9.422102508000000654e-02
9.807194038000000003e-02
1.233640916000000032e-01
1.232992440000000023e-01
1.480572900000000081e-01
1.615837088000000032e-01
1.188037668999999963e-01
1.406146441999999996e-01
9.957125538000000109e-02
1.574066342999999868e-01
1.229595742999999991e-01
1.327648197000000085e-01
1.314432333999999980e-01
5.928709272999999752e-02
6.016263996999999912e-03
1.282873922999999972e-01
1.541398858999999955e-01
9.381375931999999529e-02
1.268734498000000099e-01
1.099522780999999949e-01
1.631598100999999967e-01
1.878009147999999962e-01
1.579912079000000136e-01
1.046089033999999945e-01
1.517302923000000137e-01
1.002409947000000023e-01
9.414725825000000436e-02
1.134639699000000029e-01
1.130583633000000060e-01
6.922748442999999974e-02
1.559462000000000070e-01
1.202828229000000027e-01
1.239226682999999968e-01
1.323546037999999980e-01
1.357185559999999902e-01
1.650810688999999887e-01
1.685791017000000114e-01
1.257850261000000025e-01
1.049047872000000020e-01
8.070458990999999915e-02
1.606433281999999907e-01
1.057508360000000008e-01
1.546037349000000116e-01
1.788644129999999999e-01
1.389875030999999928e-01
1.395997136999999888e-01
1.186362549000000016e-01
1.382085926999999936e-01
1.279869281999999886e-01
1.401344693000000086e-01
1.446457908999999875e-01
1.282554974000000014e-01
1.686659402000000030e-01
1.401281280999999990e-01
1.501353950000000048e-01
1.491332769000000003e-01
1.356813527999999880e-01
1.504496821999999900e-01
1.525720479000000074e-01
9.843524153999999582e-02
1.010941870000000020e-01
1.271557576000000023e-01
1.443699039999999933e-01
9.370415440000000318e-02
9.459132302000000658e-02
1.470406572000000078e-01
1.530426021000000081e-01
1.362339143000000086e-01
1.065682364000000021e-01
1.614979017000000017e-01
1.836590780000000034e-01
1.292437807000000050e-01
1.270809350000000060e-01
1.187134202000000027e-01
1.501377136000000001e-01
1.300181709999999879e-01
9.244191594999999484e-02
1.223947247999999932e-01
1.006662168999999940e-01
1.576513744999999966e-01
1.466797884000000107e-01
1.334076144999999936e-01
1.715145603000000074e-01
1.479106128999999881e-01
1.371723337000000098e-01
1.601064517000000131e-01
1.501098559000000054e-01
1.375242802999999958e-01
1.167639604000000053e-01
1.522111445000000063e-01
1.227010461000000024e-01
9.837907066999999894e-02
5.162232642999999704e-02
1.040489190999999980e-01
9.653875779999999962e-02
1.180869427999999971e-01
1.119350350999999966e-01
1.232786250000000028e-01
1.365777676000000107e-01
1.247911780000000026e-01
1.301583494000000119e-01
1.439026174999999963e-01
1.581566017999999907e-01
1.558864882999999868e-01
1.517349732000000118e-01
9.919947050999999849e-02
9.906139477000000526e-02
6.562572717999999583e-02
1.325787333000000012e-01
4.044321613000000093e-02
7.831666281000000673e-02
8.775267667000000160e-02
1.058732193000000016e-01
1.063668655000000046e-01
1.685726717000000097e-01
1.078863433000000066e-01
1.388200223999999927e-01
1.102922083999999942e-01
1.505182982999999919e-01
1.403988714000000138e-01
1.691470161999999999e-01
1.226005282999999974e-01
1.270183035000000127e-01
1.141212540999999997e-01
1.094525598000000016e-01
1.493954241999999877e-01
1.559027323999999937e-01
1.493793985000000102e-01
1.753768387999999900e-01
1.572176116000000012e-01
1.085657817999999969e-01
1.435759050000000037e-01
7.631199016999999640e-02
7.832836980000000560e-02
1.405314161000000006e-01
1.357316644999999877e-01
1.305025254999999940e-01
1.204555778999999993e-01
1.517804764000000028e-01
1.381195161000000060e-01
1.137949476999999959e-01
1.046576812999999995e-01
1.187030451999999958e-01
1.173047259999999981e-01
1.419083452000000078e-01
1.570434891999999971e-01
1.700323896000000001e-01
1.261236444999999928e-01
1.160909678000000000e-01
1.536892658000000023e-01
9.584859899000000572e-02
1.188383591999999933e-01
1.276365358000000061e-01
1.412006544999999946e-01
1.856756887000000078e-01
1.485478553000000035e-01
1.414340052999999986e-01
1.032235517999999935e-01
1.133502849999999951e-01
1.159621400000000052e-01
1.329193489000000117e-01
1.688461467000000049e-01
1.376201838999999982e-01
1.481622693999999907e-01
8.084102277000000669e-02
1.209351221999999948e-01
9.656070014999999784e-02
1.222388231000000047e-01
1.343020268000000017e-01
1.640490665000000070e-01
7.769754710000000009e-02
1.333523930000000135e-01
1.366458908000000028e-01
1.206310129999999953e-01
1.362597422000000058e-01
1.263746645000000113e-01
1.684579887000000054e-01
1.087073177000000002e-01
1.660477945000000122e-01
1.403596548999999916e-01
9.404296430000000373e-02
1.572731851999999986e-01
9.400832781000000027e-02
1.338545009999999869e-01
9.817919917999999579e-02
1.439877149999999884e-01
1.020856831000000048e-01
1.491125936000000096e-01
1.145483642000000024e-01
1.201283585999999987e-01
1.302077935000000020e-01
9.687239476999999488e-02
1.170761807000000043e-01
1.263263856999999879e-01
8.887598423999999719e-02
1.142267582000000004e-01
1.089597427000000007e-01
1.284563575000000069e-01
1.180260904999999999e-01
1.318381049000000027e-01
9.142040732999999475e-02
8.690119275999999560e-02
9.152966794000000350e-02
1.131824024000000067e-01
1.292509219000000098e-01
1.404031473000000030e-01
1.603262863999999899e-01
1.395982403999999899e-01
1.106235359999999945e-01
1.493210325999999866e-01
1.106949473999999933e-01
1.424092959000000103e-01
1.395313277000000129e-01
1.454827566999999933e-01
1.228438161999999972e-01
1.550374602000000046e-01
1.561798111000000100e-01
1.529985252999999934e-01
1.348402921999999893e-01
1.413790426000000044e-01
1.169937756000000023e-01
1.306892262999999887e-01
1.352590821999999915e-01
1.400846862000000026e-01
1.312802542000000017e-01
1.215656551000000030e-01
1.066227391999999968e-01
7.102854025999999488e-02
1.264465884000000040e-01
1.444778807000000054e-01
1.159395267999999979e-01
8.322504194999999494e-02
1.050822896999999978e-01
1.816645781000000015e-01
1.721557069000000106e-01
1.855546338999999878e-01
1.449517304999999867e-01
1.855672223000000010e-01
8.713442462999999860e-02
1.176150901999999943e-01
1.017164333000000059e-01
1.347775358999999951e-01
1.361025301999999881e-01
1.272044036999999961e-01
1.430349959999999976e-01
1.180618461000000063e-01
8.907806680999999505e-02
1.464957027000000078e-01
1.510795746999999967e-01
1.517719156000000014e-01
1.764027112000000064e-01
1.649706418999999924e-01
1.730412359999999872e-01
1.357580311000000095e-01
7.060125672000000518e-02
1.105235697000000045e-01
8.542876027000000094e-02
1.726381841000000084e-01
1.658796631999999993e-01
1.584389290999999866e-01
1.607362039000000131e-01
1.040404122999999958e-01
1.738747978000000083e-01
1.541758803999999927e-01
1.398834556000000118e-01
1.420922008999999930e-01
1.463383138000000083e-01
1.394576711000000135e-01
1.457282746999999934e-01
9.573102211999999500e-02
1.210105286000000002e-01
1.306494535000000123e-01
1.077732354999999947e-01
1.200653765000000012e-01
1.595540632999999930e-01
1.591634191000000087e-01
1.240078750999999979e-01
1.467624797000000036e-01
8.954472334999999394e-02
7.338572457000000493e-02
1.165962989000000061e-01
1.740309707000000095e-01
8.212594612000000127e-02
9.958401082999999987e-02
2.022871165000000027e-01
2.475766465000000041e-02
9.518549437999999918e-02
7.673418781000000688e-02
1.094859368999999971e-01
1.488583411000000134e-01
1.413788739000000072e-01
1.443719112999999887e-01
1.345611441000000019e-01
1.474588619999999961e-01
1.420218132999999938e-01
1.208001830000000054e-01
1.560677728000000042e-01
1.068650651999999979e-01
1.760609740000000090e-01
1.616439242000000109e-01
1.136066589999999987e-01
7.422448190000000001e-02
1.053745781999999992e-01
1.267882127000000136e-01
9.431174142999999843e-02
1.435259549000000023e-01
1.339549576000000075e-01
1.077924948999999938e-01
2.027207310999999956e-01
2.002353377999999962e-01
2.024044395000000052e-01
1.662760235000000086e-01
1.456824405999999905e-01
1.283408582999999992e-01
1.560576173000000066e-01
1.177612648999999956e-01
1.764683559000000124e-01
7.365472826999999723e-02
1.119661200999999967e-01
1.522755345000000038e-01
1.538977149000000100e-01
1.587428298999999932e-01
1.620990706000000059e-01
1.589859042000000000e-01
1.765316214000000050e-01
1.609087294000000057e-01
1.076450996000000021e-01
9.534692664999999678e-02
1.465441720000000003e-01
8.529257634999999615e-02
1.127503220999999944e-01
1.592159096000000107e-01
8.530770930999999335e-02
1.395629492999999888e-01
1.214168548999999958e-01
1.375005004000000031e-01
1.170247741000000063e-01
1.151672552999999932e-01
1.492963096000000101e-01
1.572357433000000082e-01
8.175749262999999767e-02
1.210943614999999973e-01
1.191222754000000050e-01
1.275427229999999967e-01
1.254645158000000094e-01
1.490826913999999948e-01
1.529076396999999865e-01
1.241391193999999976e-01
1.050036775000000033e-01
1.420531604999999975e-01
1.026860109999999937e-01
1.212059976000000039e-01
1.002680314999999933e-01
1.304063115000000106e-01
1.239217355000000048e-01
1.437827852000000128e-01
1.579594465999999975e-01
1.731586813999999863e-01
7.941654153999999632e-02
1.034448035999999960e-01
1.182356784999999966e-01
1.552802638999999929e-01
1.272434147000000015e-01
1.628828187999999955e-01
1.681902111999999949e-01
1.853456377999999904e-01
1.714904063999999895e-01
1.481443604000000080e-01
1.962309255999999946e-01
1.614319492999999883e-01
1.412936616999999895e-01
1.457357395999999972e-01
1.779624746000000035e-01
1.493955184999999908e-01
1.682685896999999986e-01
1.618884931000000027e-01
1.633238387000000014e-01
1.694894637999999898e-01
1.547192881999999992e-01
1.270093228999999990e-01
4.037531003000000007e-02
6.808569814999999859e-02
7.305510448999999462e-02
6.853093258999999604e-02
1.791298494000000130e-01
1.845684046999999939e-01
1.318281575999999955e-01
1.541313836000000048e-01
1.509286128000000005e-01
4.516554067999999783e-02
7.299880135000000325e-02
1.592716838000000079e-01
1.541614802999999867e-01
1.635830434999999972e-01
1.216055476999999968e-01
7.820832705999999912e-02
1.378039829000000105e-01
1.296583695000000092e-01
1.650526360000000026e-01
1.271870650999999963e-01
1.720445428000000054e-01
1.060998120999999961e-01
1.605427084999999920e-01
1.345091348000000131e-01
1.453030754999999896e-01
1.588345825999999961e-01
5.975462682999999747e-02
5.696053405999999819e-02
7.405489073000000311e-02
1.807125739999999869e-01
1.571512576000000105e-01
1.793381243000000125e-01
1.040929034000000059e-01
1.287632776000000034e-01
1.491263822999999988e-01
8.511898975999999950e-02
1.422845684000000055e-01
1.785272440000000016e-01
1.762624888999999861e-01
1.270259263999999888e-01
1.548833129999999947e-01
1.581471261999999878e-01
1.405058490999999965e-01
1.128344401000000025e-01
1.415597702999999985e-01
1.526132111999999874e-01
1.075381239999999988e-01
1.281004222999999886e-01
1.755148874999999942e-01
1.061038467000000041e-01
1.171497975999999941e-01
1.328890963999999897e-01
1.432466427999999903e-01
1.197333465000000041e-01
1.078611867999999946e-01
9.947408095000000172e-02
1.706177208000000112e-01
1.247293948000000041e-01
1.619702296999999958e-01
1.362558814000000007e-01
1.485232405999999949e-01
1.434527492000000071e-01
1.371356588000000043e-01
9.467991751000000289e-02
1.006292206999999939e-01
1.502082291999999875e-01
1.778725858000000104e-01
1.525192800999999876e-01
1.245972578999999941e-01
1.154694118000000047e-01
1.507641551999999996e-01
1.406495604000000121e-01
1.126184655999999951e-01
1.550063108999999995e-01
1.106713109000000000e-01
1.411255140999999880e-01
1.126138862999999934e-01
1.028061628000000033e-01
1.498090638000000030e-01
1.219061312999999980e-01
1.349379162000000076e-01
1.284894957000000115e-01
1.417647301000000137e-01
1.323625629999999886e-01
1.149206720999999959e-01
1.531334302000000036e-01
1.485380520000000037e-01
1.313824999000000049e-01
1.370334475999999968e-01
1.117159721999999994e-01
9.901089355000000647e-02
9.222042804999999732e-02
1.486969868999999944e-01
1.862516408000000068e-01
1.509299602999999990e-01
9.092454285999999886e-02
1.475146934000000076e-01
1.226761687999999989e-01
1.199095830999999945e-01
9.718994743999999353e-02
1.639088261999999963e-01
1.328417534999999927e-01
1.264128328999999940e-01
1.776127314000000013e-01
1.551768158000000064e-01
9.427953606000000208e-02
1.630301758000000101e-01
1.207455310999999976e-01
1.554844348999999959e-01
1.544301606000000049e-01
1.946279160999999924e-01
1.724347294999999947e-01
1.566910574000000000e-01
1.599744986999999952e-01
1.382967690999999943e-01
1.186653991999999935e-01
1.162501794000000005e-01
1.480183146999999866e-01
1.087493823999999970e-01
1.335124601000000077e-01
1.012507383999999983e-01
1.807273708999999895e-01
1.600012638999999959e-01
1.300645339000000011e-01
1.207020731000000013e-01
1.123915256999999945e-01
1.425533602000000066e-01
1.035024503000000068e-01
1.174078986000000047e-01
1.545939507000000102e-01
1.325244723000000013e-01
1.854328660000000017e-01
1.753749367000000114e-01
1.297449579000000131e-01
1.735945855000000093e-01
1.495731134999999934e-01
1.279131732000000077e-01
1.478558282000000113e-01
1.208446016999999983e-01
1.445851461000000060e-01
1.192537748000000036e-01
1.526322786000000042e-01
1.550321023000000020e-01
1.253397974000000081e-01
9.147157471000000317e-02
1.068070799000000043e-01
1.049932888999999953e-01
1.437784691000000004e-01
1.186980977000000048e-01
1.257669426999999951e-01
1.592116406999999900e-01
9.164083287999999494e-02
1.098283575999999956e-01
1.451339466999999883e-01
1.649688927000000083e-01
1.563037104999999982e-01
1.572603418000000086e-01
1.070861936000000042e-01
9.841067236999999357e-02
1.711605667999999969e-01
5.687380742999999933e-02
1.655048510999999889e-01
1.599626905000000043e-01
1.511444073000000055e-01
1.065162558999999953e-01
1.370608425000000019e-01
1.188873473999999958e-01
7.386410005000000611e-02
1.607446891000000044e-01
7.509222033000000074e-02
1.797851917999999938e-01
1.813728907000000112e-01
1.397939914999999922e-01
8.319747253999999759e-02
9.127264632999999849e-02
1.483127001000000000e-01
1.398438482999999899e-01
1.413920240000000050e-01
1.596608474000000000e-01
2.068921793000000064e-01
1.547791149999999949e-01
1.394656031000000018e-01
1.431691236000000034e-01
1.393920985999999862e-01
1.241650110000000057e-01
1.488297342999999884e-01
1.123363119999999937e-01
1.393949650999999901e-01
1.170275115000000005e-01
7.995643124000000046e-02
1.147529129999999981e-01
1.855537036999999889e-01
1.793091391999999951e-01
1.187798857000000041e-01
1.568144243000000049e-01
1.190841222000000033e-01
1.347090045000000069e-01
1.507371302999999940e-01
1.463024653999999980e-01
1.141668727000000050e-01
1.165908358000000006e-01
1.761202923000000087e-01
1.546095530000000107e-01
1.326018124000000013e-02
1.016956809999999961e-01
1.155071599000000032e-01
3.442580057999999887e-02
1.393163619999999991e-01
1.362542535000000055e-01
1.372721732999999944e-01
1.830784209000000107e-01
1.642836970999999868e-01
1.733909791000000089e-01
1.472712673000000083e-01
1.509850927999999981e-01
1.185895978999999961e-01
1.101193173999999997e-01
1.769146198000000059e-01
1.522892577999999941e-01
1.504339644000000087e-01
1.274051056999999931e-01
1.015431963999999937e-01
9.992419283999999513e-02
1.102436420999999972e-01
1.267426237000000011e-01
1.183359447000000009e-01
1.190172293999999936e-01
1.506464446999999929e-01
8.546039944000000110e-02
1.543661681000000063e-01
1.220535890000000040e-01
1.407187454000000115e-01
1.162432654999999981e-01
1.331997151000000046e-01
1.343262061000000118e-01
1.388772172999999943e-01
1.491703497999999906e-01
1.140582958999999952e-01
1.002710339000000006e-01
1.184782335000000020e-01
1.687826387999999955e-01
1.218056436999999936e-01
1.531399327000000088e-01
1.436365725000000038e-01
1.592381156000000075e-01
1.286485458000000137e-01
1.375273868000000121e-01
1.425635343999999971e-01
1.527024616000000057e-01
1.156048907000000042e-01
1.425264376000000000e-01
1.440548761999999872e-01
9.519350477000000643e-02
1.481676120000000041e-01
1.289087089000000019e-01
1.540685176000000101e-01
1.487303556000000027e-01
1.282351055000000017e-01
1.090561696000000025e-01
1.575721807999999891e-01
1.394792394000000102e-01
1.287630599000000042e-01
1.350965464999999976e-01
1.096867167000000060e-01
1.409354978000000036e-01
1.573562054000000043e-01
1.200280819999999943e-01
1.029347669000000021e-01
1.562760562999999936e-01
9.281282852000000139e-02
1.300877927000000100e-01
1.027988378000000008e-01
7.934640367999999666e-02
6.362349286000000548e-02
1.113203767000000011e-01
1.273637156000000104e-01
1.233256724000000026e-01
1.685121713000000132e-01
1.194308233000000025e-01
1.228510778999999942e-01
1.115558675000000027e-01
1.172703521000000026e-01
1.526860851000000074e-01
1.591669045999999921e-01
1.462191150999999911e-01
1.011666982999999964e-01
1.275007459999999981e-01
1.308838260000000087e-01
6.672856929999999853e-02
8.957029854999999652e-02
1.412884362999999865e-01
1.122279615999999952e-01
1.602097319000000131e-01
1.606116800999999872e-01
1.430784569000000117e-01
1.520262024000000045e-01
1.466854608000000004e-01
1.407888948000000084e-01
1.331807455000000029e-01
1.389854719999999988e-01
1.221888532999999971e-01
1.220042008999999983e-01
1.468984396999999942e-01
1.075383429000000002e-01
1.239177442999999934e-01
1.104893031000000053e-01
1.478719404999999931e-01
1.380824132000000037e-01
9.000870217999999701e-02
1.371043000000000123e-01
9.066750063999999554e-02
1.022571879999999989e-01
9.646138236000000032e-02
1.576479016000000011e-01
1.760079878999999958e-01
1.514349254000000033e-01
1.538095197999999886e-01
1.299804807999999923e-01
1.603714595000000076e-01
1.459462300000000101e-01
1.252291336999999949e-01
1.497488921000000028e-01
1.426973521999999883e-01
1.537492897999999941e-01
1.610573923999999990e-01
1.201088612999999944e-01
1.061042013000000062e-01
1.556574189999999913e-01
1.410159320000000105e-01
1.039359269999999974e-01
1.543108206000000093e-01
1.507208439000000122e-01
1.835635371999999876e-01
1.872740675000000021e-01
1.099170743999999950e-01
1.305247062000000069e-01
1.029484259999999957e-01
1.248164684000000052e-01
1.199871485000000015e-01
1.379563443000000056e-01
1.279587323999999970e-01
1.077108944000000068e-01
1.683231135999999906e-01
1.828083625999999962e-01
1.390820711000000098e-01
1.476189602999999906e-01
1.471696010000000110e-01
1.430280143999999865e-01
5.553095234000000185e-02
1.451786237999999896e-01
1.135232033999999945e-01
1.469480404999999879e-01
1.355958365999999915e-01
1.188034243000000018e-01
