     0.0000000        1.93915478        0.00151172
     0.1000000        1.25911870        0.00143762
     0.2000000        0.82303517        0.00169467
     0.3000000        0.54120763        0.00213203
     0.4000000        0.35843755        0.00177784
     0.5000000        0.23955014        0.00144956
     0.6000000        0.16025911        0.00160646
     0.7000000        0.10826708        0.00134674
     0.8000000        0.07416933        0.00101344
     0.9000000        0.05236863        0.00112852
     1.0000000        0.03449220        0.00112302
     1.1000000        0.02391329        0.00099212
     1.2000000        0.01637399        0.00128535
     1.3000000        0.01132485        0.00123864
     1.4000000        0.00821101        0.00109979
     1.5000000        0.00584331        0.00151635
     1.6000000        0.00427113        0.00161107
     1.7000000        0.00285370        0.00138487
     1.8000000        0.00096812        0.00155414
     1.9000000       -0.00104866        0.00124765
     2.0000000        0.00034056        0.00156162
     2.1000000        0.00091125        0.00128847
     2.2000000        0.00023387        0.00135844
     2.3000000       -0.00104286        0.00104386
     2.4000000       -0.00105702        0.00141062
     2.5000000        0.00105169        0.00132087
     2.6000000        0.00032536        0.00120440
     2.7000000       -0.00019311        0.00120739
     2.8000000       -0.00018810        0.00145740
     2.9000000        0.00050218        0.00123816
     3.0000000        0.00014271        0.00114063
     3.1000000       -0.00038738        0.00095641
     3.2000000       -0.00085063        0.00117369
     3.3000000        0.00028027        0.00121732
     3.4000000        0.00023776        0.00122291
     3.5000000        0.00061074        0.00116560
     3.6000000        0.00099297        0.00124008
     3.7000000        0.00139278        0.00132949
     3.8000000        0.00082632        0.00126687
     3.9000000       -0.00105858        0.00105899
     4.0000000       -0.00107131        0.00121884
     4.1000000       -0.00122624        0.00119876
     4.2000000       -0.00242335        0.00113740
     4.3000000       -0.00064956        0.00119058
     4.4000000        0.00101181        0.00118569
     4.5000000        0.00119024        0.00108441
     4.6000000       -0.00054192        0.00136617
     4.7000000       -0.00000759        0.00101545
     4.8000000       -0.00087246        0.00095741
     4.9000000       -0.00000983        0.00109501
     5.0000000       -0.00071201        0.00123809
     5.1000000       -0.00071610        0.00131408
     5.2000000        0.00034138        0.00141218
     5.3000000        0.00019299        0.00127400
     5.4000000       -0.00084242        0.00091883
     5.5000000        0.00121410        0.00111964
     5.6000000        0.00112631        0.00118302
     5.7000000        0.00035449        0.00126160
     5.8000000       -0.00023451        0.00116607
     5.9000000        0.00034041        0.00096842
     6.0000000       -0.00035430        0.00099289
     6.1000000       -0.00047907        0.00091879
     6.2000000       -0.00092376        0.00107711
     6.3000000       -0.00050170        0.00099398
     6.4000000        0.00064351        0.00109942
     6.5000000       -0.00042939        0.00112029
     6.6000000       -0.00076405        0.00107492
     6.7000000       -0.00057985        0.00115852
     6.8000000        0.00021607        0.00116445
     6.9000000       -0.00063733        0.00121095
     7.0000000       -0.00092939        0.00133297
     7.1000000       -0.00116440        0.00100027
     7.2000000        0.00115920        0.00142461
     7.3000000       -0.00098759        0.00140749
     7.4000000       -0.00143318        0.00132476
     7.5000000       -0.00221207        0.00132602
     7.6000000       -0.00135493        0.00130379
     7.7000000       -0.00028909        0.00127044
     7.8000000        0.00034346        0.00115442
     7.9000000        0.00062174        0.00122740
     8.0000000        0.00111362        0.00145309
     8.1000000       -0.00007298        0.00125967
     8.2000000        0.00054479        0.00125039
     8.3000000        0.00102702        0.00120996
     8.4000000        0.00103492        0.00100887
     8.5000000        0.00114801        0.00100296
     8.6000000        0.00080179        0.00111538
     8.7000000        0.00261188        0.00112454
     8.8000000        0.00254648        0.00130689
     8.9000000        0.00056013        0.00114157
     9.0000000        0.00077524        0.00126706
     9.1000000       -0.00147201        0.00131508
     9.2000000        0.00058229        0.00125133
     9.3000000        0.00062752        0.00140113
     9.4000000        0.00305946        0.00122324
     9.5000000        0.00328665        0.00099687
     9.6000000        0.00810913        0.00100128
     9.7000000        0.01343844        0.00120933
     9.8000000        0.02030810        0.00129818
     9.9000000        0.03410805        0.00148914
    10.0000000        0.06084522        0.00151172
