     0.0000000        1.24696562        0.01553048
     0.1000000        1.02215587        0.01424292
     0.2000000        0.84976883        0.01283386
     0.3000000        0.71450941        0.01224550
     0.4000000        0.60738224        0.01136881
     0.5000000        0.51919509        0.01013198
     0.6000000        0.44846755        0.00938789
     0.7000000        0.39043347        0.00896824
     0.8000000        0.34318244        0.00825237
     0.9000000        0.30373255        0.00776451
     1.0000000        0.27064887        0.00759792
     1.1000000        0.24253781        0.00746002
     1.2000000        0.21577840        0.00642887
     1.3000000        0.19407434        0.00595563
     1.4000000        0.17425181        0.00585984
     1.5000000        0.15784706        0.00609044
     1.6000000        0.14328673        0.00616001
     1.7000000        0.12820932        0.00576164
     1.8000000        0.11726369        0.00537992
     1.9000000        0.10842891        0.00483534
     2.0000000        0.10083625        0.00465152
     2.1000000        0.09412237        0.00470163
     2.2000000        0.08739599        0.00484307
     2.3000000        0.08213759        0.00549321
     2.4000000        0.07659473        0.00528287
     2.5000000        0.07133447        0.00465035
     2.6000000        0.06630088        0.00424116
     2.7000000        0.06332879        0.00483377
     2.8000000        0.05967443        0.00447215
     2.9000000        0.05667293        0.00487541
     3.0000000        0.05417902        0.00609465
     3.1000000        0.05213762        0.00758516
     3.2000000        0.05063597        0.01033277
     3.3000000        0.04806508        0.01162548
     3.4000000        0.04305573        0.00870876
     3.5000000        0.03906956        0.00654671
     3.6000000        0.03615239        0.00490985
     3.7000000        0.03638146        0.00609965
     3.8000000        0.03678132        0.00714434
     3.9000000        0.03724714        0.00891264
     4.0000000        0.03826250        0.01219616
     4.1000000        0.03915220        0.01543391
     4.2000000        0.04013363        0.01887829
     4.3000000        0.04365836        0.02425091
     4.4000000        0.04481473        0.02693743
     4.5000000        0.03803159        0.02132071
     4.6000000        0.03515661        0.01839953
     4.7000000        0.03236867        0.01632923
     4.8000000        0.03160242        0.01688330
     4.9000000        0.03115461        0.01721380
     5.0000000        0.03179687        0.01751976
     5.1000000        0.03462036        0.01856345
     5.2000000        0.03431904        0.01623697
     5.3000000        0.03393056        0.01402337
     5.4000000        0.03396103        0.01235013
     5.5000000        0.03193878        0.00923879
     5.6000000        0.03246126        0.00900308
     5.7000000        0.03652935        0.01243161
     5.8000000        0.04705937        0.02206085
     5.9000000        0.05054160        0.02459887
     6.0000000        0.04858954        0.02192210
     6.1000000        0.04868020        0.02110698
     6.2000000        0.05250302        0.02309196
     6.3000000        0.05605818        0.02474775
     6.4000000        0.05466790        0.02156105
     6.5000000        0.05722519        0.02215174
     6.6000000        0.06069204        0.02444595
     6.7000000        0.06628372        0.02826264
     6.8000000        0.06525875        0.02531971
     6.9000000        0.06302318        0.01990155
     7.0000000        0.06572257        0.01963683
     7.1000000        0.06943996        0.02013418
     7.2000000        0.07502309        0.02243550
     7.3000000        0.08334047        0.02652643
     7.4000000        0.09049513        0.02942834
     7.5000000        0.09158315        0.02700648
     7.6000000        0.09341141        0.02324855
     7.7000000        0.09913629        0.02271481
     7.8000000        0.10741973        0.02338758
     7.9000000        0.10984554        0.01743982
     8.0000000        0.11423525        0.01331382
     8.1000000        0.11872875        0.00996686
     8.2000000        0.12380489        0.00779547
     8.3000000        0.13457519        0.00712654
     8.4000000        0.14595976        0.00689962
     8.5000000        0.15809871        0.00647547
     8.6000000        0.17451986        0.00710987
     8.7000000        0.19135754        0.00836207
     8.8000000        0.21640936        0.00779687
     8.9000000        0.24363529        0.00823504
     9.0000000        0.27141375        0.00856406
     9.1000000        0.30531949        0.00974613
     9.2000000        0.34236541        0.01134979
     9.3000000        0.39501664        0.01004855
     9.4000000        0.45755932        0.01172277
     9.5000000        0.52938892        0.01378392
     9.6000000        0.61435778        0.01451250
     9.7000000        0.72379816        0.01777720
     9.8000000        0.85960768        0.02062529
     9.9000000        1.02710793        0.01787189
    10.0000000        1.24696562        0.01553048
