1.223329999999999984e+01
1.805880000000000152e+01
1.754949999999999832e+01
3.074429999999999907e+01
2.970159999999999911e+01
2.496529999999999916e+01
1.837610000000000099e+01
2.337059999999999960e+01
2.667040000000000077e+01
3.232529999999999859e+01
3.910889999999999844e+01
4.593769999999999953e+01
5.335719999999999885e+01
5.589280000000000115e+01
5.732580000000000098e+01
4.571589999999999776e+01
4.075750000000000028e+01
3.326270000000000238e+01
3.752459999999999951e+01
3.614419999999999789e+01
4.030619999999999692e+01
4.972890000000000299e+01
5.236650000000000205e+01
6.130369999999999919e+01
6.231669999999999732e+01
6.281810000000000116e+01
5.682920000000000016e+01
4.652729999999999677e+01
5.507909999999999684e+01
5.240100000000000335e+01
5.000450000000000017e+01
4.829240000000000066e+01
5.625930000000000319e+01
5.495349999999999824e+01
5.576310000000000144e+01
5.814560000000000173e+01
5.282800000000000296e+01
4.987960000000000349e+01
5.119369999999999976e+01
4.698980000000000246e+01
4.689260000000000161e+01
4.338660000000000139e+01
4.401469999999999771e+01
4.494610000000000127e+01
4.773319999999999652e+01
4.949289999999999878e+01
4.562950000000000017e+01
5.303020000000000067e+01
4.875569999999999737e+01
4.439500000000000313e+01
4.786509999999999820e+01
5.189750000000000085e+01
5.127190000000000225e+01
4.602499999999999858e+01
4.354440000000000310e+01
5.273479999999999990e+01
5.939589999999999748e+01
5.247050000000000125e+01
4.737720000000000198e+01
4.033950000000000102e+01
4.693970000000000198e+01
3.887550000000000239e+01
3.760090000000000288e+01
2.919650000000000034e+01
3.140360000000000085e+01
4.240299999999999869e+01
5.168710000000000093e+01
4.500900000000000034e+01
3.746659999999999968e+01
3.655060000000000286e+01
3.374490000000000123e+01
3.580499999999999972e+01
3.423949999999999960e+01
3.034979999999999833e+01
2.653760000000000119e+01
2.695149999999999935e+01
3.563250000000000028e+01
3.907509999999999906e+01
4.706640000000000157e+01
5.341429999999999723e+01
