0.000000000000000000e+00
3.264455614999999811e-01
1.814033027999999992e-01
4.441898293000000053e-01
4.999749076000000181e-01
4.325339569000000162e-01
1.469786244999999880e-01
2.142433542999999940e-01
4.534954043000000157e-01
4.996404304000000018e-01
4.992072947999999788e-01
4.994599247000000020e-01
4.983908130999999964e-01
4.892512184999999736e-01
4.999029038000000202e-01
4.940772084000000230e-01
4.999768754999999731e-01
4.920866427999999737e-01
4.968859617999999978e-01
4.969661253000000056e-01
4.999383986000000002e-01
4.998481807999999860e-01
4.998481296000000240e-01
4.998088439000000216e-01
4.998515345000000276e-01
4.925799805000000142e-01
4.974248386999999827e-01
4.993679742000000088e-01
4.558203057999999919e-01
4.945202918000000114e-01
4.961604032999999969e-01
4.915113278000000085e-01
4.985090649999999735e-01
4.981099806000000019e-01
4.995282399000000040e-01
4.084187786999999847e-01
2.574326957999999999e-01
1.199117415999999964e-01
1.255927669000000135e-01
1.291046093999999866e-01
1.384413993999999981e-01
1.219183340999999976e-01
1.587181477000000063e-01
1.412168018999999941e-01
3.850168894000000064e-01
4.978379224000000214e-01
4.996932311000000237e-01
4.976124908999999819e-01
1.556206628000000036e-01
1.591305184000000039e-01
4.919575271000000138e-01
4.528511742999999923e-01
3.864473802999999763e-01
4.995898241999999767e-01
1.787947511000000100e-01
1.125145280000000025e-01
1.356181925000000121e-01
1.435101390999999893e-01
4.620179958000000253e-01
3.687562591999999917e-01
1.242979641999999996e-01
1.473442578999999975e-01
4.784462985999999862e-01
4.960428096000000231e-01
4.993121373000000141e-01
4.954767189000000016e-01
4.923197579999999962e-01
4.994596132999999938e-01
4.368479087000000094e-01
1.626370138999999881e-01
4.726330315999999754e-01
4.999939834000000083e-01
4.439899927000000024e-01
1.953519512999999930e-01
1.635972649999999917e-01
4.872639845000000247e-01
4.699368911999999843e-01
4.985800632999999871e-01
4.920959156999999973e-01
4.841343999000000120e-01
4.704957927999999789e-01
1.740104972000000028e-01
1.664021527000000000e-01
1.211666146999999943e-01
1.458231584999999941e-01
1.409599934000000110e-01
2.502033889999999983e-01
1.153122917999999941e-01
1.435413529000000021e-01
4.917296946999999974e-01
4.928489629999999733e-01
4.890903641000000079e-01
4.998418474999999916e-01
4.995379558999999969e-01
3.378146750000000087e-01
1.351223488999999944e-01
1.841393021999999935e-01
3.474173186999999774e-01
4.969495857999999822e-01
2.446883608000000043e-01
2.957511843999999779e-01
4.997965119000000178e-01
4.992920263999999775e-01
4.957721364000000075e-01
4.901608506999999837e-01
2.282033797999999947e-01
3.793693659999999857e-01
4.981678834000000111e-01
4.996535693999999972e-01
4.999312270999999863e-01
4.980644403999999748e-01
4.989185658999999995e-01
4.998675296000000268e-01
2.267799017000000084e-01
1.463052242000000003e-01
1.566178891999999989e-01
1.348766915000000066e-01
1.088977800999999940e-01
1.194010456000000053e-01
1.780620796999999866e-01
4.960094475999999863e-01
4.993455790999999921e-01
4.985344936000000171e-01
4.996622179999999913e-01
4.996915073000000040e-01
4.984353401000000128e-01
4.987522905999999812e-01
4.776262478000000145e-01
4.983401465999999780e-01
4.716281480000000248e-01
3.902552590999999738e-01
4.999529333000000131e-01
4.059348768000000107e-01
1.392490510999999931e-01
1.248113626000000032e-01
1.631413073000000102e-01
1.483145637000000128e-01
1.028202896999999977e-01
1.435797477000000100e-01
1.400124048999999982e-01
1.866997952999999988e-01
4.849322405000000002e-01
4.929569735000000064e-01
4.907952908000000058e-01
4.954148460000000198e-01
4.976627694999999907e-01
4.995832582999999993e-01
4.908686440000000206e-01
2.482632972000000104e-01
1.664171822000000134e-01
1.135536028000000003e-01
1.302318204000000035e-01
1.404879639000000124e-01
4.992354312000000238e-01
2.114362919999999979e-01
1.401602492000000033e-01
1.162587810999999999e-01
1.183347673999999988e-01
1.198048421999999974e-01
1.212581466000000052e-01
1.359540077999999985e-01
1.768569503000000098e-01
1.113686267000000008e-01
1.096598017000000036e-01
1.211382914000000005e-01
1.985074832000000011e-01
1.337232277000000025e-01
1.257374994000000079e-01
1.396490518999999875e-01
1.144161338000000000e-01
1.750381052999999965e-01
2.534683449999999838e-01
1.640990968000000105e-01
1.607365534000000096e-01
1.765618737000000105e-01
1.892521084999999881e-01
1.232072944000000003e-01
1.293409664999999875e-01
1.301885492000000033e-01
1.604519171999999883e-01
2.660503672999999791e-01
4.997717660000000062e-01
4.986255251000000221e-01
4.997235247999999852e-01
4.977907242999999871e-01
4.940869347999999883e-01
4.988148848999999774e-01
4.990079460999999883e-01
4.984730732000000053e-01
4.962344551999999798e-01
3.890564121999999792e-01
4.999723643000000273e-01
4.126105972999999927e-01
1.420623930000000090e-01
3.187042151000000212e-01
4.999090956999999724e-01
4.952129247000000012e-01
4.721626952999999904e-01
4.999637268000000079e-01
3.711910446999999724e-01
2.640498747000000201e-01
4.891653982999999983e-01
4.456772223000000088e-01
1.379195474999999893e-01
1.468020361000000051e-01
1.314337839999999979e-01
1.115455645999999940e-01
1.201798763000000020e-01
1.141973552999999975e-01
3.995922631000000114e-01
4.932714602000000115e-01
1.518059625000000024e-01
4.876088089999999764e-01
4.954132222000000030e-01
4.972446148999999926e-01
2.653284796000000001e-01
1.548686448999999909e-01
1.571346532000000018e-01
1.532704171000000004e-01
1.350735979999999892e-01
1.287985369999999907e-01
1.455010102000000027e-01
1.354165666999999906e-01
1.231963276999999968e-01
1.325215348999999876e-01
1.210070976999999964e-01
1.647794149000000041e-01
4.530579044999999971e-01
3.807003055000000025e-01
1.490748181000000061e-01
1.993360030000000116e-01
1.840753696000000106e-01
1.072631143000000037e-01
3.650383502999999807e-01
3.520324606999999939e-01
4.752118926000000187e-01
4.386653873999999953e-01
2.774072030999999994e-01
4.545111150999999738e-01
4.637422315999999989e-01
1.415397951000000043e-01
1.147551081999999972e-01
1.318966716999999955e-01
1.572150586999999933e-01
1.343384085000000061e-01
1.227240604999999957e-01
1.323980948000000046e-01
1.456249094000000022e-01
3.320072047000000026e-01
4.889078586999999754e-01
2.159907350999999975e-01
4.989648613000000066e-01
4.913025936000000038e-01
4.990524496000000032e-01
4.940250706000000047e-01
4.997025699000000043e-01
3.521626327999999861e-01
4.103500330000000029e-01
4.996333601999999874e-01
4.638809874000000000e-01
4.431820238999999995e-01
1.234209118999999993e-01
3.608848680000000253e-01
4.990087033000000227e-01
4.851482525999999962e-01
4.944474638999999949e-01
4.999712521999999937e-01
4.992641187999999897e-01
4.209777780000000247e-01
2.898794876999999937e-01
4.999924197000000237e-01
3.428284198000000060e-01
2.612767334000000163e-01
2.082958605000000130e-01
4.791966194999999762e-01
4.837592068000000078e-01
4.997520615000000110e-01
4.894397758999999848e-01
4.983003534000000068e-01
4.983414494000000250e-01
4.792389926999999772e-01
4.968803981000000092e-01
2.651680981999999798e-01
9.732498457999999575e-02
1.343391703000000048e-01
1.304032901999999938e-01
1.611669891999999993e-01
1.565124824999999942e-01
3.273623406999999763e-01
4.994527584999999825e-01
3.537220468999999756e-01
1.619587389000000099e-01
3.971533755000000165e-01
4.997202331000000219e-01
4.996208670000000240e-01
4.303936387999999780e-01
4.943840250000000047e-01
1.855788663999999866e-01
1.151469039000000000e-01
1.191684425999999936e-01
1.799923375999999964e-01
1.303426145000000091e-01
1.517400721000000119e-01
1.541534850999999873e-01
1.158752769000000044e-01
1.245434683999999959e-01
2.777766810999999780e-01
4.952560945999999742e-01
1.579928899999999969e-01
1.381614389999999970e-01
3.577864157999999795e-01
4.883077134000000097e-01
3.659685389999999816e-01
4.961820834999999819e-01
4.915461908000000046e-01
4.964183354000000215e-01
3.938311898999999894e-01
4.252125172999999814e-01
4.972130465999999860e-01
4.895599451000000046e-01
4.828275714999999968e-01
4.990827326000000230e-01
4.998217551999999952e-01
4.869874388000000054e-01
4.918337884999999798e-01
4.999146011999999750e-01
4.874403609999999887e-01
4.858903292000000262e-01
4.969799353000000086e-01
4.997276479000000160e-01
3.237138639000000095e-01
3.591924076999999937e-01
4.999740531999999904e-01
4.425490059000000143e-01
1.467717853999999933e-01
2.175078037000000020e-01
4.988220877999999803e-01
4.775158606000000083e-01
1.736507793000000022e-01
1.132941461000000066e-01
1.234777291000000027e-01
1.427549046000000099e-01
1.359301904000000116e-01
1.734990959000000110e-01
1.250717768000000063e-01
4.052010739999999944e-01
4.999970776000000061e-01
4.981102574999999866e-01
3.622688326999999875e-01
4.853542814999999844e-01
2.653639564999999978e-01
1.656973867000000045e-01
4.984688890000000261e-01
4.668306710999999831e-01
4.990605358999999908e-01
3.553870815999999877e-01
4.643912922999999804e-01
4.838639080000000092e-01
3.148437224999999784e-01
4.999855839999999829e-01
2.415574984999999952e-01
1.490141151000000108e-01
1.245375865999999998e-01
1.312094642999999949e-01
1.353470182000000022e-01
1.395240021999999969e-01
1.878824033000000004e-01
4.967953680000000150e-01
4.989947411000000277e-01
4.980623523000000108e-01
4.984419200999999910e-01
4.660881002999999745e-01
4.915527974000000189e-01
4.997352313000000268e-01
3.460453833000000090e-01
9.866213548999999694e-02
1.087626777000000045e-01
1.636763696000000101e-01
4.431391299999999922e-01
4.999080053000000134e-01
4.999947650000000077e-01
4.995318360000000069e-01
4.688581875999999760e-01
4.989744808000000087e-01
4.496116842999999808e-01
1.472198211000000090e-01
1.315506419999999954e-01
1.027902158000000010e-01
1.406172586999999974e-01
1.336191962000000122e-01
1.248840878999999959e-01
4.180548518000000158e-01
4.578722028000000166e-01
1.432013517000000069e-01
1.420956050999999942e-01
3.341947514999999980e-01
4.999564067000000223e-01
2.804630832000000185e-01
1.491631384999999865e-01
1.158980581000000065e-01
9.804254730000000473e-02
1.344426394000000080e-01
1.172184198999999954e-01
1.496733405000000017e-01
1.053113913000000013e-01
1.229648301000000055e-01
1.130267590000000044e-01
1.234363104999999933e-01
1.783182118999999954e-01
1.288929366000000076e-01
9.350857793000000306e-02
1.359521284000000108e-01
1.238319078000000018e-01
1.303777638999999988e-01
1.570964811999999988e-01
1.687518171999999872e-01
1.218355032000000004e-01
1.523761973999999964e-01
1.252701890000000040e-01
1.416431967000000014e-01
1.707543189000000072e-01
1.361451992999999916e-01
1.574687871000000072e-01
1.529872861000000084e-01
1.413515009000000100e-01
4.337366644000000271e-01
4.991462804999999836e-01
4.996557240000000233e-01
4.971833992999999952e-01
4.997121581999999784e-01
4.981097903000000215e-01
4.896652854999999915e-01
3.388327445000000049e-01
4.781444333000000046e-01
4.727376453000000089e-01
4.844319964000000089e-01
2.272295735000000039e-01
3.675959314999999727e-01
4.998220698999999989e-01
4.321705118999999984e-01
4.364730251000000227e-01
4.910796893000000107e-01
4.925949367999999939e-01
4.999801783999999749e-01
4.999289284999999805e-01
4.925074011000000196e-01
4.999625154999999821e-01
4.979474879999999937e-01
4.989772740999999789e-01
4.959050474000000208e-01
3.884828517000000203e-01
1.366172033999999980e-01
3.477655573999999805e-01
4.999670146999999898e-01
2.771777655000000062e-01
4.061021477000000268e-01
4.972603387000000263e-01
2.611115158999999797e-01
4.952807877000000025e-01
4.870624830999999988e-01
4.966744841999999882e-01
4.789548510000000148e-01
3.970214839000000273e-01
4.949140208999999735e-01
3.371929097999999958e-01
1.495500661999999981e-01
1.182664249999999945e-01
1.291443808000000137e-01
1.449919716999999997e-01
1.554238763000000134e-01
1.330091569999999890e-01
1.216762277999999947e-01
1.577042530999999970e-01
3.718903053000000014e-01
4.997387341999999788e-01
4.890115848000000098e-01
4.994312718999999734e-01
2.513369281999999760e-01
1.868898143000000123e-01
4.915656833000000003e-01
3.885666374999999784e-01
3.990286733999999780e-01
4.973838816000000218e-01
2.192418302999999957e-01
1.352327405000000038e-01
1.243060963999999963e-01
1.207230594999999934e-01
1.249951631000000007e-01
3.140539663999999953e-01
4.998356641000000211e-01
4.834447016999999791e-01
4.993022451999999944e-01
4.865324383999999891e-01
4.817824197000000197e-01
4.999890451999999819e-01
4.831659408000000266e-01
2.166765484000000019e-01
1.283619605999999913e-01
1.151812898999999973e-01
1.202628527000000058e-01
1.183565129000000021e-01
1.135801102000000007e-01
1.929475643999999934e-01
1.783462963999999928e-01
1.485588040999999970e-01
1.243692437000000067e-01
2.752634911999999878e-01
4.947872750999999791e-01
2.595581753000000269e-01
4.982724385999999783e-01
4.908581183999999875e-01
4.999868700000000277e-01
3.090612614000000091e-01
3.011575193000000095e-01
4.999981506000000242e-01
4.993311326000000050e-01
4.749096537999999978e-01
1.998951536999999945e-01
3.946775087000000126e-01
4.996986427999999814e-01
2.208831085999999888e-01
1.681563379999999885e-01
1.463954731000000065e-01
1.201615525999999989e-01
1.517525510000000133e-01
3.607658541000000052e-01
4.999978809000000246e-01
4.313996441999999876e-01
1.268505902000000019e-01
1.348948416999999900e-01
1.214199281000000047e-01
1.299277338000000004e-01
1.508007165999999954e-01
1.347170135999999907e-01
2.398812130000000098e-01
4.977321681999999914e-01
1.392838026000000062e-01
1.315503010000000084e-01
1.345082170999999938e-01
1.932285522999999949e-01
4.493401352999999987e-01
4.999031029000000070e-01
4.999739935999999996e-01
3.058196368000000165e-01
1.644754619999999889e-01
1.440387548000000018e-01
1.487399600000000044e-01
1.089993023000000033e-01
1.224172879999999991e-01
1.498248900999999966e-01
3.924540302999999786e-01
4.990386659000000114e-01
4.995359547000000067e-01
4.908872425999999956e-01
4.994708150000000124e-01
4.605487367000000165e-01
4.929979823999999788e-01
2.781766682999999851e-01
1.201308729999999991e-01
1.812796836999999994e-01
3.894412626000000044e-01
4.999547610999999780e-01
4.960019641000000257e-01
3.745483466000000261e-01
1.488333477000000071e-01
1.151846635000000063e-01
1.149690686999999961e-01
1.626163912999999961e-01
1.980391294000000135e-01
4.913024092000000120e-01
3.013578476000000061e-01
1.382205659999999892e-01
1.321141916000000138e-01
3.973159815000000261e-01
4.722920156000000036e-01
1.483195887000000046e-01
1.142666724000000050e-01
3.310993690999999850e-01
4.997461490999999811e-01
4.753348105999999906e-01
4.996655835000000101e-01
2.636077146999999954e-01
2.695798516999999839e-01
4.990108478999999986e-01
4.782712953000000100e-01
4.995692787000000079e-01
4.983008496999999926e-01
2.087910865000000005e-01
4.287902389000000092e-01
4.999569502000000276e-01
4.926578801000000007e-01
4.991570537999999724e-01
2.382622714000000030e-01
4.371586148000000116e-01
4.998996258999999776e-01
4.999823385000000120e-01
4.997273752999999985e-01
4.992271966999999866e-01
4.999709271000000177e-01
4.189632256999999971e-01
3.525248998000000134e-01
4.983322484000000108e-01
4.998322051999999904e-01
4.995010496000000244e-01
4.741616632999999803e-01
4.743309991999999919e-01
3.092641361999999838e-01
4.940356562000000062e-01
4.983343595999999986e-01
4.980667095999999905e-01
4.875475188000000237e-01
4.711714016999999921e-01
4.315574080999999840e-01
4.998696404999999898e-01
4.478756910999999730e-01
2.614876059999999836e-01
1.534966107000000080e-01
1.044429718000000062e-01
1.411177134000000111e-01
1.242761815999999936e-01
1.274523341999999893e-01
1.126334107000000057e-01
1.293097408999999975e-01
1.185834691000000052e-01
1.124119724000000042e-01
1.191516370000000047e-01
1.343068400000000107e-01
1.411981508000000052e-01
1.349313119999999977e-01
1.265509880000000031e-01
1.297551883999999989e-01
4.679796841000000152e-01
3.667705305999999776e-01
4.999720893999999860e-01
3.685712642999999789e-01
4.993827833000000216e-01
4.948601873999999845e-01
4.999917645999999993e-01
4.933437273999999872e-01
4.999736741999999956e-01
4.908937409999999946e-01
4.989036989999999783e-01
4.898757763000000098e-01
4.988056706999999812e-01
4.997676951999999728e-01
3.592915320000000245e-01
3.923432725000000065e-01
4.991187837000000127e-01
4.886065541999999873e-01
2.691281895000000035e-01
4.969552510999999950e-01
4.909612534000000195e-01
4.725273368999999835e-01
4.976711936000000058e-01
4.999960748000000232e-01
4.921458777000000118e-01
4.893894534000000074e-01
4.806342453999999931e-01
4.976969761999999742e-01
3.966337863000000130e-01
1.414136735000000034e-01
1.316085887000000010e-01
1.300515597000000134e-01
1.840109778000000029e-01
1.335282066000000045e-01
1.315596269000000040e-01
1.340657526000000044e-01
1.423623636000000137e-01
1.160550204999999946e-01
1.587286716000000097e-01
4.985265747000000025e-01
2.968776270999999856e-01
3.027992863999999784e-01
4.658766188999999835e-01
4.999277073999999765e-01
4.992316165999999833e-01
4.984991866999999854e-01
4.870160430000000096e-01
4.960163451999999862e-01
4.992567072999999911e-01
4.999966070999999901e-01
4.999596949999999818e-01
4.994068991999999763e-01
4.946393175000000086e-01
4.999933906999999844e-01
4.999224751999999938e-01
4.988785983999999840e-01
4.997246759999999788e-01
4.980845342999999925e-01
2.596243125000000096e-01
1.026236571999999958e-01
1.197148019000000008e-01
1.029133641999999960e-01
1.341847995000000071e-01
1.256612029999999991e-01
4.663332773000000153e-01
4.883047032000000232e-01
4.918089838999999963e-01
4.980677683999999994e-01
4.639766974000000266e-01
4.999084341000000209e-01
4.221875449999999974e-01
1.539063851999999955e-01
1.313229512999999904e-01
1.211385729000000050e-01
1.066359338999999934e-01
1.510415241999999991e-01
1.716050654000000064e-01
1.326037697999999931e-01
3.038257738999999846e-01
4.965673326000000221e-01
2.474621204999999935e-01
4.980982286999999786e-01
4.910293015000000150e-01
3.721342932999999742e-01
1.256300364000000058e-01
1.439401721000000134e-01
9.770452625999999363e-02
1.994556500999999926e-01
4.975191816000000267e-01
4.911151062999999928e-01
2.313232122999999973e-01
1.153498060999999936e-01
9.624400712000000246e-02
1.373777828999999950e-01
1.113087588999999988e-01
1.575970502000000051e-01
1.166554530000000062e-01
1.098596319999999987e-01
1.096427977000000026e-01
1.339831543999999985e-01
1.356602429000000054e-01
1.389951409000000082e-01
1.383900952999999878e-01
1.340455074999999940e-01
1.810822266000000069e-01
1.907671108000000004e-01
1.179080230000000007e-01
1.296525091999999879e-01
2.270130626000000096e-01
4.994473876000000145e-01
4.650159111000000123e-01
4.782181231000000032e-01
3.786477059999999728e-01
2.524156752000000226e-01
4.867919130000000205e-01
4.993988902000000007e-01
4.988663472000000043e-01
4.560499776999999977e-01
1.626949343999999908e-01
1.434090142999999984e-01
1.223854238000000039e-01
4.244662441000000008e-01
4.854140274000000033e-01
4.730297783999999894e-01
4.328254516999999746e-01
1.446846819000000006e-01
1.405009306999999985e-01
1.358847847999999914e-01
1.198631988999999953e-01
1.100407699000000017e-01
1.148922487999999992e-01
1.281781686000000031e-01
2.062755850999999918e-01
4.969437392000000120e-01
4.994994121999999925e-01
4.993206123999999746e-01
4.997533143999999816e-01
4.917893447000000196e-01
4.992054941999999884e-01
4.389663283999999943e-01
1.793057586000000037e-01
1.427463974000000024e-01
1.110446035000000053e-01
1.219242417999999994e-01
2.852497072999999883e-01
4.890396162999999796e-01
4.998951682000000174e-01
2.743174556999999902e-01
3.935906835999999909e-01
4.971781902999999891e-01
4.900931559999999743e-01
4.998055920000000207e-01
4.991316846000000140e-01
4.931930744999999949e-01
2.042732325999999932e-01
1.659840012000000087e-01
1.471271076000000011e-01
4.670821902000000247e-01
4.183632582999999849e-01
4.094206917000000057e-01
4.334515574999999732e-01
2.152795493000000115e-01
1.341381587999999903e-01
1.019385505000000025e-01
1.050159241000000049e-01
1.036084475000000060e-01
1.298514164000000026e-01
1.181314517999999952e-01
1.602527985999999960e-01
1.207753889999999969e-01
1.063292703999999950e-01
1.252326401999999950e-01
2.133960651000000042e-01
1.679606871000000057e-01
2.340767475999999958e-01
4.999590543999999914e-01
4.996196084999999787e-01
4.807457532000000144e-01
1.980088791000000070e-01
2.059345153999999900e-01
1.585287951999999889e-01
1.173193663000000053e-01
1.251647629000000039e-01
1.035281965000000026e-01
1.151453072000000050e-01
1.303798600999999946e-01
1.406368447000000133e-01
1.574514102000000026e-01
2.658466091999999725e-01
1.570405373000000049e-01
1.398573875999999938e-01
3.918444522000000263e-01
4.991803946999999742e-01
2.212816186999999879e-01
1.637124903000000131e-01
1.251508617000000045e-01
1.052736248000000069e-01
1.470705307999999878e-01
1.144911230999999946e-01
1.179933702000000029e-01
1.665141732000000041e-01
4.737174834999999806e-01
4.877638009999999968e-01
4.998110338000000263e-01
4.940398664000000273e-01
4.972472783999999923e-01
4.999426746000000255e-01
4.971378591000000235e-01
4.533154361999999771e-01
1.551187924999999912e-01
1.396351013000000085e-01
1.303863521999999997e-01
1.485133476000000119e-01
4.959420278000000182e-01
2.459680904000000057e-01
1.460155254000000125e-01
1.411906294999999978e-01
1.376414381999999936e-01
1.383011946999999908e-01
1.366974180999999955e-01
1.433103071000000062e-01
4.531815375000000090e-01
4.866062478000000024e-01
4.221613853999999777e-01
4.990573930000000158e-01
4.662171411000000099e-01
4.505935597999999875e-01
4.983319444000000042e-01
4.999589663999999822e-01
2.774124085999999934e-01
1.632145624000000128e-01
1.082631966000000001e-01
3.562680181999999807e-01
3.651434062999999730e-01
1.645796585000000034e-01
2.117577241999999971e-01
4.944153747999999737e-01
4.999411738999999799e-01
4.854463788999999752e-01
4.791720247999999849e-01
3.011211641000000050e-01
9.328710915000000548e-02
1.025140392999999983e-01
1.508955110000000099e-01
1.800516990999999900e-01
3.431106669999999803e-01
4.996422656000000240e-01
4.972314973999999999e-01
4.696677116999999901e-01
3.761010866000000230e-01
4.082056869999999837e-01
3.523384944999999879e-01
4.998864525000000225e-01
4.943841996000000183e-01
4.994554251000000167e-01
4.478812957000000150e-01
4.999594363000000041e-01
4.979517178000000266e-01
4.986703478999999772e-01
4.987726592000000236e-01
4.640207438999999767e-01
4.972717446000000097e-01
3.245505003999999971e-01
4.971740631000000077e-01
3.770203797000000190e-01
1.746840330999999968e-01
4.444704281999999895e-01
4.985105199000000042e-01
4.996057053999999886e-01
4.999967563000000115e-01
4.955081538000000174e-01
4.997872955000000061e-01
4.974282939999999931e-01
4.994400576999999952e-01
4.989988811000000135e-01
4.902563128999999909e-01
4.999139015999999880e-01
4.989262322999999943e-01
4.992208584000000227e-01
4.999043926000000249e-01
4.999020626999999828e-01
4.986107337999999833e-01
4.995744402999999778e-01
4.993292601000000053e-01
4.992821444000000164e-01
2.800191059000000093e-01
1.259122966000000010e-01
1.441778464000000037e-01
1.345412595000000100e-01
1.672031076999999921e-01
4.511293705000000154e-01
4.998903234000000029e-01
4.997353464000000023e-01
4.985234834999999753e-01
2.488030897000000075e-01
1.010182253000000002e-01
1.010983814000000064e-01
1.625264066999999868e-01
1.596914802999999938e-01
4.789175574000000268e-01
4.996506792000000030e-01
4.985254509000000001e-01
4.769449337000000178e-01
4.379127284000000064e-01
4.967234503999999884e-01
3.157911869000000205e-01
3.314934756999999843e-01
1.310776647000000128e-01
1.319586006000000034e-01
1.603128912000000017e-01
1.058881371999999960e-01
1.284567300999999995e-01
1.525666749000000044e-01
1.595750120999999966e-01
1.449863929000000107e-01
1.294317892999999886e-01
1.598536674000000102e-01
1.179104453999999941e-01
3.940282733000000093e-01
2.974580412999999757e-01
1.193510557000000000e-01
4.098413944000000031e-01
4.990917697999999736e-01
4.985444291000000194e-01
4.993609498000000091e-01
4.579284134000000117e-01
4.996305781000000001e-01
4.962484175999999914e-01
4.975162630000000141e-01
4.958947223999999876e-01
4.970086009999999943e-01
4.320101304999999781e-01
1.839000641999999908e-01
1.419363593000000090e-01
1.337190352000000027e-01
3.302221132000000003e-01
4.999733388000000001e-01
4.785122445000000169e-01
4.907818740000000068e-01
4.987076234000000219e-01
4.994572963999999726e-01
4.801332877999999749e-01
4.989403244000000237e-01
2.234948716000000057e-01
1.090631487000000011e-01
1.342397257999999871e-01
3.104658871000000042e-01
4.689194913999999992e-01
2.404253689999999999e-01
1.524478618000000008e-01
1.498598288000000112e-01
1.314846138000000109e-01
1.023830502000000059e-01
1.220416192000000066e-01
1.490103893999999984e-01
1.568908095999999863e-01
4.752899435999999866e-01
4.964612757999999904e-01
4.996466611000000002e-01
4.887053423000000119e-01
4.998922760999999770e-01
3.431757250999999953e-01
4.993688948000000183e-01
3.085881675000000102e-01
4.996995108000000241e-01
4.970530087999999735e-01
4.999233029999999856e-01
4.999502828999999871e-01
4.999811036999999847e-01
4.973810211999999953e-01
3.064357451999999982e-01
1.172176909999999989e-01
2.452574886999999981e-01
4.936765092000000021e-01
4.894213223000000168e-01
4.754533489000000168e-01
4.996376154000000125e-01
4.810520983000000084e-01
4.976390157000000203e-01
4.795307030000000026e-01
4.988038296000000260e-01
1.773319472999999868e-01
1.360157090000000124e-01
1.347190788000000028e-01
1.123111058000000051e-01
1.442637274999999941e-01
1.900603959000000120e-01
4.575910430999999834e-01
4.999722176999999990e-01
4.307902116999999809e-01
1.623786828000000071e-01
4.476237021000000205e-01
4.577835768999999888e-01
2.842915725999999865e-01
1.133917836000000040e-01
1.483805820000000109e-01
1.492831887999999940e-01
1.075508470000000050e-01
9.611372713999999373e-02
1.600706678999999910e-01
1.402448380999999911e-01
1.555319296000000073e-01
1.974170591999999946e-01
1.328710633000000085e-01
1.007436876000000064e-01
1.344593011000000116e-01
1.210805266999999963e-01
1.222164330999999937e-01
1.493282277000000102e-01
3.034482935999999742e-01
4.993273705999999867e-01
3.727026449999999991e-01
2.976607949999999780e-01
4.979263966999999957e-01
4.994475815000000152e-01
4.998857756000000263e-01
2.612126164999999944e-01
4.567599744999999989e-01
4.962869858999999773e-01
4.999019231999999868e-01
4.998632339999999896e-01
3.913230737999999764e-01
1.319018184999999899e-01
1.646785631000000083e-01
1.303804530999999878e-01
1.285045414000000052e-01
1.262799796000000085e-01
1.246538751000000056e-01
9.276461568999999630e-02
1.436218156999999884e-01
1.469081375000000078e-01
1.268641196999999998e-01
1.252242004999999936e-01
1.399661581999999960e-01
2.530122435000000114e-01
4.997005778999999981e-01
4.944601234000000067e-01
4.993735362000000233e-01
4.818182926999999838e-01
4.999183589000000261e-01
4.936421590999999776e-01
4.995877318999999983e-01
4.845866812999999884e-01
4.972564097000000127e-01
4.999964037999999888e-01
4.943338319999999730e-01
4.958134456000000134e-01
3.810636887000000139e-01
1.242480160000000028e-01
3.233128786999999726e-01
4.998542228000000254e-01
4.880769333000000154e-01
4.925708965000000217e-01
4.544194476000000260e-01
4.999950930000000016e-01
3.158358313999999889e-01
1.439565592000000005e-01
1.591031313999999863e-01
1.789091382000000119e-01
3.999575725999999776e-01
4.998646672000000013e-01
1.761270035999999983e-01
1.714289686999999895e-01
1.135688609999999932e-01
1.540489825999999951e-01
1.452819012999999881e-01
1.538564695000000093e-01
1.531360331000000130e-01
1.594335192999999928e-01
1.001993733000000053e-01
1.243190242000000029e-01
1.918638631000000039e-01
1.414278152000000011e-01
1.682135220000000042e-01
4.973803517000000007e-01
3.591746878000000032e-01
1.683370781000000094e-01
2.364713515999999904e-01
1.407991769999999976e-01
1.466341439000000135e-01
2.037262783999999882e-01
3.906927527999999872e-01
3.854928561000000031e-01
4.499629880000000082e-01
4.999428409000000184e-01
4.588503796000000245e-01
4.993275972999999812e-01
4.959138808999999926e-01
4.918526720999999990e-01
4.997140835000000170e-01
4.979604629000000116e-01
4.901365854999999994e-01
4.988515852000000028e-01
4.994949390999999794e-01
4.769591982999999979e-01
1.985418724000000135e-01
1.923577653000000109e-01
2.184436218999999957e-01
2.291385937000000039e-01
3.250969133000000122e-01
4.950620587999999822e-01
4.869292277999999752e-01
4.975957765999999838e-01
4.984490838999999784e-01
4.986623775999999841e-01
4.918902938999999974e-01
4.985483929999999786e-01
4.986486183000000127e-01
4.981897678000000163e-01
4.842234557999999800e-01
4.977406392000000013e-01
1.467651594999999920e-01
1.289759357999999967e-01
1.517945841999999990e-01
1.336539459999999957e-01
9.936971342000000540e-02
2.047306187000000055e-01
4.767417214999999930e-01
4.165321244999999895e-01
4.892965482000000144e-01
4.877890299000000041e-01
4.918337877999999774e-01
4.943027668000000152e-01
4.954522671000000100e-01
4.919587255000000270e-01
4.995042518000000209e-01
3.189004226000000108e-01
4.966771456999999890e-01
4.623687682000000021e-01
4.980816356000000167e-01
4.846570443000000061e-01
4.997048846000000100e-01
2.091834445999999903e-01
1.160654646000000012e-01
1.366016284999999886e-01
4.365817386999999994e-01
4.998115451999999848e-01
4.990279410999999832e-01
4.964222517999999917e-01
4.982254696000000260e-01
4.983466664999999796e-01
4.901110334000000068e-01
4.998586161999999944e-01
4.999748507999999814e-01
4.989297898000000231e-01
4.865931600999999773e-01
4.999800569999999778e-01
4.961998134999999754e-01
4.975270500000000262e-01
4.240644912000000044e-01
4.796770598999999802e-01
4.493923461000000064e-01
1.329213881999999902e-01
1.177275116000000010e-01
1.517641486000000095e-01
1.548220309999999988e-01
3.199242038999999815e-01
4.950250206999999847e-01
4.965981093999999874e-01
4.978568387000000262e-01
4.805713204000000016e-01
2.632234404000000083e-01
1.374220147999999919e-01
1.152722080000000010e-01
1.182960906000000006e-01
1.247113680999999974e-01
1.703770973000000022e-01
1.524199243999999898e-01
1.988538008999999884e-01
1.371126386000000030e-01
1.401403142000000046e-01
1.248151361000000015e-01
1.123472580999999998e-01
1.350313622000000047e-01
4.740054928999999917e-01
4.941024144999999757e-01
2.174012868999999903e-01
3.895208162000000085e-01
4.910963400000000201e-01
4.732324003999999751e-01
2.680774804000000122e-01
4.426213072999999887e-01
4.971778123999999743e-01
4.992718440999999729e-01
4.975611691999999864e-01
3.025961756000000169e-01
1.223198481000000032e-01
1.224172708000000054e-01
1.214259931000000042e-01
1.458856032999999996e-01
1.817224932000000015e-01
3.368696011000000268e-01
4.999827963999999847e-01
4.994064400000000070e-01
4.997135154999999829e-01
4.971539186999999749e-01
4.999163493000000069e-01
4.900413597000000121e-01
4.992272723999999773e-01
4.930305515999999777e-01
4.967097097000000017e-01
1.273038712000000017e-01
1.320501920000000107e-01
1.272723728000000054e-01
1.205415049999999932e-01
1.316034658000000135e-01
1.374769126000000008e-01
1.072174553999999946e-01
1.379928011000000065e-01
1.559402584000000036e-01
1.457430853999999998e-01
1.343529911000000132e-01
1.467140590000000078e-01
1.488884765000000054e-01
1.196058750999999948e-01
1.331712371000000061e-01
1.652590124999999965e-01
1.152163751000000042e-01
1.557894700000000132e-01
1.602863505000000077e-01
1.810184783000000075e-01
1.440508662999999967e-01
4.407692371999999970e-01
1.600857565000000093e-01
1.272162795000000013e-01
1.522799314999999931e-01
1.989473276000000013e-01
4.986186734999999981e-01
4.297719103000000040e-01
4.960217393999999946e-01
4.989778872999999781e-01
4.998137878999999728e-01
4.504301303000000090e-01
4.994995970000000174e-01
4.916683143000000200e-01
4.991367038999999783e-01
4.887618725999999802e-01
4.998845134000000079e-01
4.667719987999999764e-01
2.826962426999999889e-01
1.009510331999999982e-01
1.355514382000000129e-01
1.381032332000000085e-01
4.189454557000000245e-01
4.969767018999999841e-01
4.998626399000000164e-01
4.943957368999999935e-01
4.999911302000000224e-01
2.718440386000000042e-01
1.287466345000000123e-01
1.280822916999999894e-01
1.031245575000000053e-01
1.141726054000000018e-01
1.158470639000000052e-01
1.418075152000000116e-01
1.318872195999999941e-01
1.340839117000000025e-01
1.379039649000000090e-01
1.521915084999999890e-01
1.343476348000000042e-01
1.319612508999999934e-01
1.342244482000000128e-01
3.832859161000000126e-01
4.998569593000000144e-01
4.644530814000000229e-01
1.773880069999999864e-01
1.462043839999999928e-01
4.134474986000000185e-01
4.991469827000000192e-01
4.883222068999999999e-01
4.986179895999999778e-01
4.459195564999999806e-01
1.089340344999999988e-01
1.207524204000000045e-01
1.272473813999999981e-01
1.598205889000000046e-01
1.464569404000000130e-01
1.161634022999999960e-01
1.926652650000000022e-01
1.490026392999999894e-01
1.343271772000000086e-01
3.433509798000000113e-01
4.999938809999999734e-01
4.999741591999999901e-01
4.976069745000000211e-01
4.963271972000000143e-01
4.932582650999999818e-01
2.039067867999999895e-01
4.289085665999999852e-01
4.525542488000000030e-01
4.966663574999999886e-01
2.631804969000000050e-01
4.999972514000000090e-01
2.985475760999999895e-01
1.363817120999999966e-01
3.160773640999999801e-01
4.345056755999999742e-01
4.992886302000000276e-01
4.879348031999999891e-01
2.058651495999999914e-01
1.419399295999999866e-01
1.136019451999999985e-01
1.557832282999999929e-01
1.363657171999999862e-01
1.039384348000000069e-01
1.265239029999999931e-01
3.631048701999999850e-01
4.999588345000000045e-01
4.990990589000000033e-01
4.904930321000000037e-01
4.999399270000000062e-01
4.894071199000000205e-01
4.985191407999999824e-01
3.637121378000000016e-01
1.839677341000000022e-01
3.797447279000000231e-01
4.999629593000000094e-01
4.134794038999999866e-01
4.499186727999999746e-01
4.999274655000000012e-01
4.999049535000000266e-01
4.955484351000000176e-01
4.994429845999999729e-01
4.999266945999999989e-01
4.860405823000000236e-01
4.989811847999999772e-01
4.924560398999999755e-01
4.997999880999999811e-01
4.992668028000000202e-01
4.997987817999999804e-01
4.887934889000000171e-01
4.958017561999999989e-01
4.996161355000000026e-01
4.816718834000000005e-01
4.957989156000000008e-01
4.231644972999999976e-01
4.999781983000000096e-01
4.980007640999999929e-01
4.996910828000000193e-01
4.932853127999999865e-01
4.682897194000000263e-01
1.274284088000000037e-01
1.205389939000000021e-01
1.667937965000000078e-01
1.474131858000000128e-01
9.921424956999999600e-02
2.370015343999999913e-01
4.999764837999999822e-01
4.765277780000000130e-01
1.932282858999999908e-01
1.459489425999999923e-01
1.652167932999999977e-01
1.541893343999999888e-01
1.281994636999999881e-01
1.352223150999999901e-01
1.754318329000000010e-01
1.792802273999999918e-01
1.233794599999999964e-01
1.351719003999999891e-01
1.270331849999999929e-01
1.393250186999999973e-01
1.535411040000000116e-01
1.216659060999999986e-01
1.400334031999999895e-01
1.536564494999999864e-01
1.294624159999999968e-01
1.063931072000000033e-01
1.127294588999999958e-01
1.658768832999999998e-01
1.085243944000000016e-01
1.143211385999999968e-01
1.246308436999999936e-01
1.466257119999999914e-01
1.633910627000000060e-01
2.190218757000000072e-01
4.905267447000000169e-01
4.333088158000000245e-01
1.235356913000000001e-01
1.301502110999999962e-01
1.133209904999999962e-01
1.119264286000000025e-01
1.818739610000000007e-01
2.660715996999999944e-01
4.999003639999999860e-01
4.933004630000000224e-01
4.989955079999999765e-01
4.999480385000000249e-01
3.373451071999999940e-01
4.580564000999999830e-01
3.698807357000000184e-01
1.348177871000000028e-01
1.496907695999999954e-01
2.888551650999999776e-01
4.985228981000000004e-01
4.959124644999999831e-01
4.995427398999999768e-01
3.354001567000000072e-01
1.266659166999999919e-01
1.078369333000000069e-01
3.002745962000000213e-01
4.999411369000000271e-01
2.985533348000000142e-01
2.824370527999999769e-01
4.986801519999999877e-01
2.062851350000000084e-01
1.894813391000000069e-01
4.710215032999999774e-01
4.998868032000000072e-01
4.219714182000000036e-01
1.831633863999999889e-01
1.197158133999999957e-01
2.186067321999999868e-01
2.075584685000000096e-01
1.328777589000000037e-01
1.716158665999999999e-01
4.973688010000000270e-01
4.999662891000000164e-01
4.983180953999999940e-01
1.691484859999999868e-01
1.465814471999999924e-01
1.317308396000000104e-01
1.364966696999999896e-01
1.147477786000000027e-01
1.949941329000000056e-01
4.826559456999999775e-01
1.579206334000000100e-01
1.833824293000000105e-01
4.872386479999999964e-01
4.937427916000000083e-01
4.916438817000000072e-01
4.998771324999999877e-01
4.942299526999999748e-01
4.999910799999999766e-01
4.962871168999999916e-01
4.995838893999999808e-01
2.757458835000000108e-01
1.016972431000000010e-01
1.140430865000000016e-01
1.084317476999999974e-01
1.305433232000000054e-01
1.534499193999999955e-01
1.298606616000000102e-01
1.199746280999999942e-01
1.191607103999999945e-01
1.367473445999999870e-01
1.636210677999999918e-01
2.118580616000000083e-01
4.802264406999999791e-01
4.489159604999999886e-01
4.683436167000000205e-01
4.998271106000000130e-01
4.994611226999999820e-01
3.280655022999999781e-01
4.982807798000000177e-01
4.939331410999999727e-01
4.998416816999999845e-01
4.393722022000000060e-01
4.998217947999999966e-01
4.998090582999999976e-01
4.988666066999999926e-01
4.995463694000000232e-01
4.985876692000000276e-01
4.996321669000000076e-01
4.994207378000000142e-01
4.998755534000000056e-01
4.972766346999999976e-01
4.354462927000000150e-01
3.692336790999999896e-01
4.667158804000000050e-01
1.495284162999999944e-01
1.255460355999999944e-01
1.368910408000000023e-01
1.241674249999999979e-01
1.216614956999999969e-01
3.099486557999999725e-01
1.694335654999999941e-01
1.211137568999999942e-01
1.207530703000000011e-01
1.035990901999999936e-01
1.471833767000000071e-01
1.119212408999999964e-01
1.070040461999999942e-01
1.157152164000000011e-01
1.519616725000000057e-01
1.607102370999999863e-01
1.087654881000000018e-01
1.119411636000000043e-01
1.388296505000000125e-01
1.443008389000000058e-01
1.059961705000000004e-01
1.567322052000000021e-01
1.605386806999999916e-01
1.262970482000000116e-01
1.180571452999999993e-01
1.058454915999999940e-01
1.362473207999999880e-01
2.343662334000000125e-01
3.226752123000000139e-01
1.553854283999999975e-01
4.916801980000000127e-01
4.867081878999999778e-01
4.994203027999999933e-01
4.868463805000000089e-01
4.996594422000000257e-01
2.635024897000000088e-01
1.430802003999999961e-01
1.160469615999999982e-01
1.434662633000000076e-01
1.401347239999999883e-01
1.202387409000000018e-01
2.082040618000000065e-01
4.887742298000000152e-01
4.971503432000000111e-01
4.933844585000000116e-01
4.677234344999999793e-01
4.937203014000000056e-01
4.496229417000000006e-01
4.210263347000000045e-01
4.988940738000000041e-01
4.978836341000000276e-01
4.927439879000000134e-01
4.997710381000000091e-01
4.998276232000000152e-01
4.934668025999999763e-01
4.304159041999999769e-01
1.469084610999999985e-01
1.276426918999999938e-01
2.363190010000000008e-01
4.724019033999999895e-01
4.963752268000000134e-01
4.989262456999999928e-01
3.519425105000000276e-01
1.494743320999999958e-01
1.351971829999999986e-01
1.448092636999999960e-01
1.264284499999999978e-01
1.177526742999999987e-01
3.431091438000000160e-01
4.995488852000000146e-01
3.921231215000000048e-01
3.572050856000000274e-01
4.978025529999999810e-01
4.990944498000000062e-01
2.694849498999999926e-01
4.412806286000000022e-01
4.998643239000000182e-01
4.993377372000000203e-01
4.880126271999999932e-01
4.968622423999999871e-01
4.998335864999999822e-01
4.932907832000000270e-01
4.921512084999999925e-01
3.011584198999999740e-01
4.888550143000000014e-01
4.997729980999999766e-01
3.394964355999999794e-01
4.032781146000000150e-01
4.942694965000000162e-01
4.975696166999999948e-01
4.989718572999999879e-01
4.998704339000000219e-01
2.266431398000000041e-01
1.415523709000000019e-01
1.269830094999999937e-01
1.329767514999999900e-01
1.285118311000000013e-01
1.645199112000000075e-01
4.006831678000000174e-01
4.999343676999999930e-01
4.594324765999999727e-01
1.713252257000000001e-01
4.403127263000000124e-01
4.842264682999999903e-01
1.336356169000000038e-01
1.626435917999999869e-01
1.462093479000000085e-01
1.769357588999999897e-01
1.245099055999999982e-01
1.091291464000000017e-01
1.466288856000000085e-01
1.283747554999999929e-01
1.267196808999999924e-01
1.231659979000000044e-01
2.848417556999999767e-01
2.560613357000000034e-01
1.057169971000000014e-01
9.674059895000000631e-02
1.601709742000000103e-01
4.829598191000000207e-01
4.992473988999999723e-01
4.994756360000000006e-01
4.987139198000000162e-01
4.763774654999999858e-01
2.876197529999999780e-01
3.609000165999999843e-01
4.999681393000000029e-01
3.385146896999999822e-01
2.213473440000000014e-01
3.108563514000000083e-01
4.998750731000000114e-01
2.854732786999999994e-01
1.294370538999999876e-01
1.854232027000000116e-01
1.470869727000000127e-01
1.238997906000000038e-01
1.620464664000000055e-01
1.539006304999999963e-01
1.225935268999999994e-01
1.582820007000000084e-01
1.370392950000000054e-01
1.266670675999999884e-01
1.296249176000000003e-01
1.540598734999999997e-01
4.543910400999999766e-01
4.766595498000000264e-01
1.768699393000000009e-01
1.513770714000000073e-01
1.237544391000000021e-01
1.216748822999999952e-01
1.158100791000000046e-01
9.970090886000000652e-02
9.810944271999999522e-02
1.335499406000000000e-01
2.500470003999999968e-01
1.334865571999999945e-01
9.153585223000000604e-02
1.297403240999999985e-01
1.576499711999999886e-01
1.550792388999999993e-01
1.406491510000000000e-01
1.276214354000000106e-01
1.141172273999999931e-01
1.396316656000000100e-01
1.919081948999999954e-01
4.929074084999999772e-01
4.998297673000000052e-01
4.995377945000000208e-01
4.995471276999999821e-01
4.926484069000000021e-01
4.969094967000000085e-01
3.684155472999999792e-01
1.503258557999999911e-01
3.691719989000000202e-01
4.996861642000000048e-01
3.100133407999999813e-01
1.330111056000000125e-01
1.211036573000000005e-01
3.901863581000000192e-01
4.606125437999999961e-01
1.269258571999999918e-01
1.305575713000000082e-01
3.834838072000000264e-01
4.964456311000000066e-01
2.482483487000000100e-01
2.476676402000000110e-01
4.998361251999999810e-01
4.968206217999999730e-01
4.997284048999999784e-01
4.981699781999999743e-01
1.670498303999999878e-01
1.571843034000000028e-01
2.987570922000000184e-01
4.997752708000000044e-01
2.276131722999999996e-01
1.316534491999999945e-01
4.278273657000000174e-01
4.988713760999999858e-01
4.899392846000000246e-01
3.449719376000000004e-01
1.101198241999999938e-01
1.154807671000000063e-01
1.185417136999999954e-01
1.372290716000000022e-01
1.108194837999999932e-01
1.390007983999999863e-01
1.297938297000000019e-01
1.198309032000000052e-01
1.641047786000000008e-01
1.974322584000000047e-01
2.363240534999999920e-01
4.977929355999999861e-01
4.861555681999999989e-01
4.991279698000000153e-01
4.902761758999999997e-01
4.796334767000000054e-01
4.910739295000000060e-01
1.502889795000000028e-01
1.357306308000000017e-01
2.103063588000000095e-01
1.211157365000000014e-01
1.238681915999999966e-01
1.323645667999999997e-01
1.237369329999999934e-01
1.054791744000000003e-01
1.710318865000000077e-01
1.173153214999999999e-01
1.273376851999999948e-01
1.152893858999999993e-01
1.402523039999999943e-01
1.408444057999999888e-01
1.431705886999999899e-01
3.169637227000000057e-01
4.999634728999999833e-01
3.470704976000000275e-01
2.984661801999999864e-01
4.920331133999999995e-01
2.334262859000000023e-01
1.804521225999999867e-01
1.453004334999999925e-01
9.430171533999999467e-02
1.240194421000000019e-01
3.264623394000000234e-01
4.989369061000000216e-01
4.997445797000000245e-01
4.993027627000000135e-01
4.004859993000000062e-01
4.973589755000000223e-01
3.825324283000000047e-01
4.954853584000000200e-01
4.648157875000000216e-01
4.997015522000000098e-01
3.226245930000000151e-01
4.051406456000000156e-01
4.993145849999999775e-01
4.572869970999999811e-01
4.990111430999999986e-01
4.999666087999999897e-01
4.992354559000000136e-01
4.916266729000000058e-01
4.998772663000000116e-01
4.999318536999999840e-01
4.997061931999999818e-01
4.984661953000000256e-01
4.604713490999999825e-01
4.994902254999999958e-01
4.984893744000000182e-01
4.927210005000000059e-01
4.999427547999999999e-01
2.003076950000000078e-01
2.036755627000000068e-01
1.121399898000000062e-01
9.508961639999999327e-02
1.078146485999999932e-01
2.878716076999999762e-01
4.805444861000000012e-01
4.995986580999999815e-01
3.465190250999999888e-01
4.976100528999999884e-01
4.891809140999999750e-01
4.997139962000000102e-01
4.978536709999999976e-01
4.997835709999999820e-01
4.994680173000000112e-01
4.560222995000000057e-01
4.653506907000000137e-01
4.996154834000000045e-01
3.746497214999999770e-01
4.696311073000000169e-01
4.999836827999999955e-01
3.814129768000000253e-01
1.349398746000000093e-01
1.302534468999999862e-01
1.431832386999999929e-01
4.964163476999999824e-01
3.508817859000000206e-01
1.620566687999999977e-01
4.280179340999999971e-01
4.648692158000000130e-01
2.171985300000000008e-01
2.457778814999999895e-01
4.888326478000000197e-01
4.927125893000000034e-01
1.834582644999999956e-01
1.218335432999999995e-01
1.060898968999999942e-01
1.089397834000000037e-01
1.288074704000000126e-01
1.295914804999999947e-01
4.148205819999999933e-01
4.996866325000000053e-01
4.515276342000000276e-01
4.391411528999999980e-01
3.181306360000000222e-01
4.953903979000000013e-01
4.789827676999999784e-01
4.973841744999999981e-01
4.976575428000000190e-01
4.964895102999999921e-01
4.994534325000000163e-01
4.971761110999999844e-01
4.986631349000000268e-01
4.461280303999999863e-01
1.528683278000000090e-01
1.626975539999999942e-01
1.538206688000000044e-01
3.081304256999999880e-01
4.999353214000000212e-01
4.735134301999999740e-01
4.987457809999999991e-01
4.997510204999999761e-01
4.990486505000000239e-01
4.024670430999999771e-01
4.809238163999999816e-01
4.779056722000000201e-01
4.997939490000000151e-01
4.953680380000000105e-01
4.993380955000000232e-01
4.075663895000000148e-01
4.998855141999999918e-01
4.910097896000000239e-01
4.997809588000000081e-01
2.910824794999999909e-01
1.605539756999999901e-01
1.540916284999999941e-01
9.658646341000000357e-02
1.387695824999999883e-01
1.811483211000000093e-01
3.021042094999999983e-01
4.969005753999999886e-01
4.224687597999999822e-01
4.380706638999999902e-01
4.999871470999999734e-01
4.820194737999999868e-01
4.907640361999999756e-01
1.355827098000000064e-01
1.425278745000000125e-01
3.446543474000000051e-01
4.999406497000000171e-01
4.996842588000000029e-01
4.996670621000000034e-01
4.937652269999999732e-01
4.997194570999999863e-01
4.921699407999999831e-01
4.995439339000000145e-01
4.992467078999999752e-01
4.994089357000000007e-01
4.998623873999999967e-01
4.356597106000000275e-01
4.993353667000000051e-01
4.631778335000000246e-01
4.998805458999999729e-01
4.105480965000000149e-01
1.451598885000000005e-01
1.602328997999999949e-01
1.256711155999999940e-01
4.856662896999999757e-01
4.989119632999999832e-01
2.232588691999999875e-01
1.106233165999999934e-01
3.689539827000000161e-01
4.999986207000000071e-01
4.998584770000000232e-01
4.217627055000000014e-01
4.998869908999999945e-01
3.599499008000000000e-01
3.665403241999999895e-01
4.975767318000000050e-01
4.861100713000000018e-01
4.897784360999999920e-01
4.949295034999999787e-01
4.999678697000000116e-01
3.996682778000000269e-01
4.738795028000000187e-01
4.994710348999999994e-01
4.999598731000000074e-01
3.337717352999999831e-01
1.415767732000000056e-01
1.319672167000000007e-01
1.545571424999999943e-01
1.293483172000000070e-01
1.192830022000000018e-01
1.403420593999999966e-01
1.090507795999999946e-01
1.654772150999999913e-01
1.439676572999999959e-01
4.725572003999999882e-01
4.978705574999999772e-01
4.991792255999999983e-01
4.934664700999999987e-01
4.994389336000000235e-01
4.966661361999999968e-01
4.989140796000000044e-01
4.945600557000000008e-01
2.644960138999999932e-01
1.399688648999999896e-01
1.043121776999999945e-01
1.523872790999999949e-01
1.264805264999999956e-01
1.266444187999999915e-01
1.950334481000000064e-01
4.205237869999999822e-01
3.270729701999999794e-01
1.976779604999999995e-01
1.053414181999999949e-01
1.376813848000000007e-01
1.364571471999999897e-01
9.271233009000000302e-02
9.487962486999999834e-02
1.217859981999999952e-01
1.308443518000000083e-01
1.716402177999999945e-01
1.537708714999999893e-01
1.108298256999999953e-01
1.501556135000000070e-01
1.333250655000000062e-01
3.632020411999999920e-01
4.999553397000000010e-01
2.662647128000000252e-01
4.271356599000000198e-01
4.999209455999999996e-01
3.798240769999999822e-01
4.997082613000000118e-01
4.266111765000000222e-01
4.981807221999999813e-01
3.393473381000000066e-01
4.990599876999999851e-01
2.424665582999999958e-01
4.995932587999999952e-01
4.998200701000000135e-01
4.999129743999999875e-01
4.993894260000000251e-01
4.908714755999999957e-01
4.948540513999999946e-01
4.972763177999999784e-01
4.179598122000000027e-01
2.356808524000000016e-01
4.999024586999999964e-01
4.995440051000000214e-01
4.713541580999999758e-01
4.999868588999999974e-01
4.988084936000000136e-01
3.075365877999999831e-01
1.323403556999999953e-01
1.019803568999999993e-01
1.652690800999999932e-01
4.806982094000000205e-01
4.979539896999999882e-01
4.930623742999999948e-01
2.341645642999999888e-01
1.949792878999999923e-01
4.993036168000000163e-01
3.232414449000000078e-01
2.348811489000000030e-01
4.964918166999999771e-01
4.399484764000000103e-01
3.483516321999999832e-01
4.999459242000000025e-01
4.116206928999999737e-01
4.377022700000000044e-01
4.893216152000000041e-01
1.913047508000000063e-01
1.569529755000000082e-01
1.476188836000000004e-01
1.410038754000000061e-01
1.197885967999999940e-01
9.435754899999999890e-02
1.340332982999999922e-01
1.404280710999999959e-01
1.334570966999999997e-01
1.130143376000000005e-01
1.064276311999999974e-01
1.028304216999999937e-01
1.103518886999999976e-01
1.097098390999999978e-01
9.973595217000000290e-02
1.260990553999999930e-01
1.388794485000000023e-01
1.798926059000000022e-01
1.342015698000000035e-01
1.161239151000000025e-01
1.354460755999999932e-01
1.381447590999999864e-01
1.309507853000000110e-01
1.349922973000000082e-01
1.065308583999999975e-01
1.285014946999999963e-01
1.345583106999999889e-01
1.301344101999999947e-01
2.953412179000000082e-01
4.999914277999999990e-01
4.802311875999999979e-01
4.135323973000000208e-01
4.997646889999999842e-01
3.378649049999999932e-01
9.665722422000000424e-02
9.505793347999999532e-02
1.370987808999999946e-01
1.546865645000000122e-01
2.277784760000000075e-01
2.020418706000000064e-01
1.674086811999999924e-01
1.152680333999999973e-01
1.986680265000000112e-01
3.786782890000000013e-01
4.836352637999999926e-01
4.943706871999999919e-01
4.971719673000000173e-01
4.845509686000000205e-01
4.981268338000000018e-01
4.835590577000000168e-01
3.143289231999999989e-01
4.998294923000000112e-01
3.261929069999999764e-01
1.635800283000000133e-01
2.848820590000000208e-01
4.986427558000000038e-01
4.964841405000000041e-01
4.995984324000000143e-01
4.217623028999999968e-01
4.995773960000000069e-01
4.653269386000000174e-01
4.999638007000000162e-01
4.956427064999999743e-01
4.999976715000000183e-01
4.986986205999999755e-01
4.630894910000000197e-01
4.826147472000000271e-01
