0.000000000000000000e+00
3.264455614999999811e-01
1.814033027999999992e-01
4.441898293000000053e-01
4.999749076000000181e-01
4.325339569000000162e-01
1.469786244999999880e-01
2.142433542999999940e-01
4.534954043000000157e-01
4.996404304000000018e-01
4.992072947999999788e-01
4.994599247000000020e-01
4.983908130999999964e-01
4.892512184999999736e-01
4.999029038000000202e-01
4.940772084000000230e-01
4.999768754999999731e-01
4.920866427999999737e-01
4.968859617999999978e-01
4.969661253000000056e-01
4.999383986000000002e-01
4.998481807999999860e-01
4.998481296000000240e-01
4.998088439000000216e-01
4.998515345000000276e-01
4.925799805000000142e-01
4.974248386999999827e-01
4.993679742000000088e-01
4.558203057999999919e-01
4.945202918000000114e-01
4.961604032999999969e-01
4.915113278000000085e-01
4.985090649999999735e-01
4.981099806000000019e-01
4.995282399000000040e-01
4.084187786999999847e-01
2.574326957999999999e-01
1.199117415999999964e-01
1.255927669000000135e-01
1.291046093999999866e-01
1.384413993999999981e-01
1.219183340999999976e-01
1.587181477000000063e-01
1.412168018999999941e-01
3.850168894000000064e-01
4.978379224000000214e-01
4.996932311000000237e-01
4.976124908999999819e-01
1.556206628000000036e-01
1.591305184000000039e-01
4.919575271000000138e-01
4.528511742999999923e-01
3.864473802999999763e-01
4.995898241999999767e-01
1.787947511000000100e-01
1.125145280000000025e-01
1.356181925000000121e-01
1.435101390999999893e-01
4.620179958000000253e-01
3.687562591999999917e-01
1.242979641999999996e-01
1.473442578999999975e-01
4.784462985999999862e-01
4.960428096000000231e-01
4.993121373000000141e-01
4.954767189000000016e-01
4.923197579999999962e-01
4.994596132999999938e-01
4.368479087000000094e-01
1.626370138999999881e-01
4.726330315999999754e-01
4.999939834000000083e-01
4.439899927000000024e-01
1.953519512999999930e-01
1.635972649999999917e-01
4.872639845000000247e-01
4.699368911999999843e-01
4.985800632999999871e-01
4.920959156999999973e-01
4.841343999000000120e-01
4.704957927999999789e-01
1.740104972000000028e-01
1.664021527000000000e-01
1.211666146999999943e-01
1.458231584999999941e-01
1.409599934000000110e-01
2.502033889999999983e-01
1.153122917999999941e-01
1.435413529000000021e-01
4.917296946999999974e-01
4.928489629999999733e-01
4.890903641000000079e-01
4.998418474999999916e-01
4.995379558999999969e-01
3.378146750000000087e-01
1.351223488999999944e-01
1.841393021999999935e-01
3.474173186999999774e-01
4.969495857999999822e-01
2.446883608000000043e-01
