3.755809999999999854e+04
6.864061134000000663e+01
8.400613516999999586e-01
4.779317354000000341e+04
3.683075452000000223e+04
5.567509818000000450e+03
2.488673102999999901e+04
1.283880736000000070e+03
3.050061204000000089e+03
1.364378077000000076e+03
2.448175678999999946e+03
2.549453847000000223e+03
4.176360306000000128e+04
9.281961167000000046e+01
8.668758072000000539e+03
2.789289944000000219e+02
3.990979418999999762e+05
4.340388359999999921e+03
8.942657956999999442e+03
1.363133503999999994e+04
1.625824858999999924e+04
1.029526704000000109e+03
2.078068548000000192e+03
2.186221817000000010e+04
1.111864725999999973e+04
1.350337392000000000e+04
1.346526604999999981e+05
3.187601702999999816e+03
1.800348201999999986e+01
2.101053983000000153e+04
1.932164034999999913e+01
2.888706649999999790e+05
3.288153785000000084e+02
1.753077908000000025e+04
7.511823493000000553e+02
1.655683710000000065e+04
1.197399846000000025e+03
8.230788489000000118e+04
1.961047981999999902e+05
2.987626116999999795e+03
1.139461824000000051e+05
1.190218123000000051e+05
1.293435444000000132e+02
5.830401619999999821e+04
9.454498424999999406e+04
7.130336607000000186e+03
9.041037837999999756e+05
2.457546823000000131e+03
5.686998606999999902e+04
9.016274103000000650e+01
3.985147104999999865e+05
2.703957557999999928e+00
5.452865579000000143e+05
1.561986611000000039e+03
2.938358120999999810e+06
8.738987599000000046e+03
1.565379670000000042e+05
1.426017168999999967e+03
4.394899411000000327e+03
1.918851592000000039e+01
1.882876843000000008e+04
1.298917249999999967e+03
3.466715652000000118e+05
5.181362524000000036e+01
1.314348301999999967e+04
9.623051305999999840e+02
1.440054234000000122e+02
4.864165265999999829e+05
1.275675065999999933e+05
1.853263287000000128e+05
1.097999432999999990e+05
8.576884997999999905e+05
1.852908138999999899e-01
1.308436506999999892e+03
8.105650708000000122e+03
2.451215001000000047e+05
8.319516657000000123e+03
1.050558325000000000e+07
5.289740428999999722e+01
4.270453709999999846e+05
3.250742914999999812e+03
1.234680628999999996e+01
6.710295569999999543e+02
7.882122190999999293e+04
8.047311093000000255e+03
1.614695409999999853e+01
5.630463066999999455e+02
2.165045242000000144e+05
8.442759015000000318e+02
1.317942661000000080e+05
1.678354462999999896e+03
2.157627198000000135e+03
4.275380246000000284e+02
4.482425484000000142e+04
1.280553587999999934e+02
4.636061084999999730e+04
4.657452135999999996e+02
2.584919996000000174e+04
5.865434088999999949e+04
1.276456204000000071e+03
