1.876500000000000000e+06
2.107500000000000000e+06
1.495300000000000000e+06
2.900590000000000000e+06
2.900590000000000000e+06
8.596910000000000000e+06
8.596910000000000000e+06
2.747090000000000000e+07
2.747090000000000000e+07
1.946310000000000000e+07
1.775190000000000000e+07
1.775190000000000000e+07
5.011730000000000000e+07
1.177780000000000000e+08
2.242890000000000000e+08
9.364990000000000000e+08
9.364990000000000000e+08
9.364990000000000000e+08
2.164250000000000000e+09
2.164250000000000000e+09
3.247360000000000000e+08
8.471910000000000000e+08
8.471910000000000000e+08
3.731710000000000000e+08
3.731710000000000000e+08
2.496280000000000000e+09
2.496280000000000000e+09
3.118430000000000000e+09
3.118430000000000000e+09
3.118430000000000000e+09
3.118430000000000000e+09
3.118430000000000000e+09
3.118430000000000000e+09
3.118430000000000000e+09
3.118430000000000000e+09
3.267560000000000000e+09
3.267560000000000000e+09
3.843850000000000000e+09
3.582950000000000000e+09
3.582950000000000000e+09
2.318760000000000000e+09
5.400580000000000000e+09
4.101500000000000000e+09
4.101500000000000000e+09
2.205250000000000000e+10
2.205250000000000000e+10
2.351880000000000000e+10
2.351880000000000000e+10
2.351880000000000000e+10
1.948210000000000000e+10
3.709570000000000000e+10
7.536420000000000000e+09
9.108270000000000000e+09
7.983500000000000000e+09
3.555040000000000000e+09
1.206270000000000000e+10
3.624720000000000000e+10
9.063130000000000000e+10
9.048770000000000000e+10
9.048770000000000000e+10
5.203260000000000000e+11
5.203260000000000000e+11
5.925010000000000000e+11
5.925010000000000000e+11
5.925010000000000000e+11
8.913890000000000000e+10
1.104420000000000000e+11
1.104420000000000000e+11
1.104420000000000000e+11
1.104420000000000000e+11
2.149200000000000000e+11
2.149200000000000000e+11
2.149200000000000000e+11
9.509280000000000000e+11
6.353030000000000000e+11
1.176770000000000000e+11
1.176770000000000000e+11
1.176770000000000000e+11
1.176770000000000000e+11
9.885530000000000000e+10
9.885530000000000000e+10
9.885530000000000000e+10
9.885530000000000000e+10
3.564470000000000000e+11
1.334890000000000000e+12
2.043820000000000000e+11
3.139590000000000000e+10
2.061910000000000000e+10
2.061910000000000000e+10
6.387280000000000000e+09
1.829060000000000000e+09
5.151750000000000000e+09
5.151750000000000000e+09
4.187610000000000000e+09
3.659440000000000000e+09
2.324980000000000000e+10
6.537320000000000000e+09
1.195430000000000000e+10
4.167470000000000000e+10
4.167470000000000000e+10
2.771390000000000000e+10
3.170550000000000000e+10
3.170550000000000000e+10
3.170550000000000000e+10
9.980170000000000000e+09
9.980170000000000000e+09
5.725770000000000000e+10
1.435540000000000000e+10
5.936040000000000000e+09
3.292860000000000000e+09
2.047630000000000000e+09
2.296490000000000000e+09
2.050960000000000000e+09
4.392200000000000000e+09
4.655190000000000000e+09
7.524040000000000000e+09
7.524040000000000000e+09
4.056370000000000000e+09
4.056370000000000000e+09
4.056370000000000000e+09
4.056370000000000000e+09
4.090010000000000000e+09
4.090010000000000000e+09
4.090010000000000000e+09
4.090010000000000000e+09
5.698760000000000000e+09
5.167060000000000000e+09
5.167060000000000000e+09
5.167060000000000000e+09
4.214510000000000000e+09
4.419490000000000000e+09
4.419490000000000000e+09
4.419490000000000000e+09
3.288550000000000000e+09
6.607410000000000000e+09
2.908270000000000000e+09
1.370250000000000000e+09
1.370250000000000000e+09
1.446280000000000000e+09
7.174010000000000000e+08
2.272300000000000000e+08
1.919460000000000000e+08
1.919460000000000000e+08
2.077540000000000000e+08
2.077540000000000000e+08
4.451450000000000000e+08
4.451450000000000000e+08
1.540770000000000000e+09
1.088970000000000000e+09
1.088970000000000000e+09
1.000230000000000000e+09
1.000230000000000000e+09
1.009430000000000000e+09
4.594600000000000000e+08
2.132630000000000000e+08
8.958430000000000000e+07
1.527670000000000000e+08
1.527670000000000000e+08
1.527670000000000000e+08
1.385410000000000000e+08
1.385410000000000000e+08
1.397860000000000000e+08
1.397860000000000000e+08
1.692450000000000000e+08
1.692450000000000000e+08
1.692450000000000000e+08
1.692450000000000000e+08
3.376260000000000000e+08
3.376260000000000000e+08
2.885020000000000000e+08
2.304520000000000000e+08
2.304520000000000000e+08
2.304520000000000000e+08
2.029660000000000000e+08
2.895970000000000000e+08
2.895970000000000000e+08
1.302390000000000000e+08
1.242040000000000000e+08
1.151450000000000000e+08
1.151450000000000000e+08
1.151450000000000000e+08
8.285730000000000000e+07
1.076420000000000000e+08
1.076420000000000000e+08
1.076420000000000000e+08
1.183590000000000000e+08
2.568430000000000000e+08
2.568430000000000000e+08
4.365310000000000000e+07
5.307370000000000000e+07
4.749980000000000000e+07
4.749980000000000000e+07
4.749980000000000000e+07
4.749980000000000000e+07
4.650640000000000000e+07
4.650640000000000000e+07
2.024740000000000000e+07
5.266450000000000000e+07
4.863840000000000000e+07
9.726930000000000000e+07
3.279710000000000000e+08
9.137390000000000000e+08
9.137390000000000000e+08
9.137390000000000000e+08
2.026980000000000000e+09
9.324560000000000000e+08
1.732290000000000000e+08
1.732290000000000000e+08
1.732290000000000000e+08
8.979190000000000000e+07
8.153310000000000000e+07
1.075400000000000000e+08
1.075400000000000000e+08
3.293150000000000000e+08
7.317550000000000000e+08
2.048920000000000000e+09
2.048920000000000000e+09
5.980820000000000000e+08
6.353110000000000000e+08
6.353110000000000000e+08
6.353110000000000000e+08
3.101010000000000000e+09
2.090450000000000000e+09
2.090450000000000000e+09
3.233780000000000000e+08
3.233780000000000000e+08
3.204990000000000000e+08
5.552550000000000000e+07
3.381320000000000000e+07
3.381320000000000000e+07
4.949470000000000000e+07
2.403760000000000000e+07
6.979950000000000000e+07
1.105070000000000000e+08
1.268290000000000000e+08
2.757460000000000000e+08
1.495420000000000000e+09
1.495420000000000000e+09
2.800210000000000000e+09
1.648150000000000000e+10
1.648150000000000000e+10
5.503290000000000000e+10
3.990810000000000000e+10
3.990810000000000000e+10
3.990810000000000000e+10
3.990810000000000000e+10
3.603470000000000000e+10
3.603470000000000000e+10
9.029070000000000000e+09
9.029070000000000000e+09
2.408620000000000000e+10
2.408620000000000000e+10
4.716890000000000000e+10
4.716890000000000000e+10
4.473020000000000000e+10
4.473020000000000000e+10
4.473020000000000000e+10
2.984880000000000000e+10
2.984880000000000000e+10
2.984880000000000000e+10
1.268310000000000000e+11
1.403290000000000000e+11
1.403290000000000000e+11
1.963560000000000000e+10
1.095940000000000000e+10
1.040110000000000000e+10
1.342500000000000000e+10
1.342500000000000000e+10
1.365920000000000000e+10
1.365920000000000000e+10
1.365920000000000000e+10
1.365920000000000000e+10
4.119530000000000000e+10
4.119530000000000000e+10
4.119530000000000000e+10
4.322340000000000000e+10
1.957570000000000000e+10
1.957570000000000000e+10
1.344440000000000000e+10
1.348030000000000000e+10
1.811240000000000000e+10
1.023840000000000000e+11
3.152860000000000000e+11
2.792300000000000000e+11
1.646940000000000000e+12
1.646940000000000000e+12
1.646940000000000000e+12
5.679740000000000000e+12
8.078810000000000000e+11
8.078810000000000000e+11
8.078810000000000000e+11
8.078810000000000000e+11
8.078810000000000000e+11
8.078810000000000000e+11
6.606660000000000000e+11
9.739610000000000000e+10
9.739610000000000000e+10
9.739610000000000000e+10
1.209620000000000000e+11
1.209620000000000000e+11
2.032490000000000000e+10
2.032490000000000000e+10
2.515380000000000000e+10
2.515380000000000000e+10
1.517130000000000000e+10
1.517130000000000000e+10
1.517130000000000000e+10
1.517130000000000000e+10
1.777320000000000000e+10
1.777320000000000000e+10
1.777320000000000000e+10
5.067320000000000000e+09
5.067320000000000000e+09
5.067320000000000000e+09
4.063710000000000000e+09
1.372800000000000000e+09
2.578310000000000000e+09
2.578310000000000000e+09
2.166270000000000000e+09
2.166270000000000000e+09
2.130130000000000000e+09
5.074830000000000000e+09
1.326240000000000000e+10
1.326240000000000000e+10
3.321170000000000000e+10
1.820850000000000000e+11
7.999250000000000000e+11
1.842010000000000000e+12
1.842010000000000000e+12
1.842010000000000000e+12
1.842010000000000000e+12
6.864550000000000000e+11
6.864550000000000000e+11
1.272790000000000000e+11
9.161410000000000000e+10
9.161410000000000000e+10
9.883050000000000000e+10
9.883050000000000000e+10
2.120030000000000000e+11
2.120030000000000000e+11
2.120030000000000000e+11
2.120030000000000000e+11
1.009380000000000000e+11
1.009380000000000000e+11
1.009380000000000000e+11
1.009380000000000000e+11
1.009380000000000000e+11
1.009380000000000000e+11
1.009380000000000000e+11
1.009380000000000000e+11
9.163520000000000000e+10
9.163520000000000000e+10
4.729680000000000000e+11
4.729680000000000000e+11
5.608660000000000000e+11
5.608660000000000000e+11
5.608660000000000000e+11
8.627710000000000000e+10
1.165730000000000000e+11
5.867410000000000000e+11
4.127050000000000000e+11
5.736600000000000000e+11
6.895190000000000000e+11
6.895190000000000000e+11
6.895190000000000000e+11
2.963350000000000000e+11
9.314440000000000000e+10
9.314440000000000000e+10
6.507620000000000000e+10
6.507620000000000000e+10
2.191510000000000000e+10
1.563190000000000000e+10
1.174000000000000000e+10
1.174000000000000000e+10
1.775320000000000000e+10
1.775320000000000000e+10
2.008480000000000000e+10
2.008480000000000000e+10
2.008480000000000000e+10
1.303430000000000000e+10
2.702720000000000000e+10
7.811920000000000000e+09
7.811920000000000000e+09
7.811920000000000000e+09
6.695090000000000000e+09
6.695090000000000000e+09
6.695090000000000000e+09
2.670600000000000000e+09
1.711720000000000000e+09
4.692210000000000000e+08
3.547060000000000000e+08
4.221910000000000000e+08
3.821430000000000000e+08
2.934300000000000000e+08
1.161820000000000000e+09
2.027110000000000000e+09
6.648110000000000000e+09
8.907120000000000000e+09
8.907120000000000000e+09
8.907120000000000000e+09
8.907120000000000000e+09
8.907120000000000000e+09
8.907120000000000000e+09
3.055690000000000000e+09
3.055690000000000000e+09
3.055690000000000000e+09
5.261030000000000000e+09
3.858970000000000000e+09
3.858970000000000000e+09
3.858970000000000000e+09
3.010060000000000000e+09
3.010060000000000000e+09
3.010060000000000000e+09
3.010060000000000000e+09
2.778580000000000000e+09
1.592540000000000000e+09
1.592540000000000000e+09
1.349840000000000000e+09
2.598040000000000000e+09
2.032650000000000000e+09
1.766500000000000000e+09
1.766500000000000000e+09
1.766500000000000000e+09
1.709520000000000000e+09
1.709520000000000000e+09
1.709520000000000000e+09
4.652860000000000000e+09
7.981410000000000000e+09
1.014000000000000000e+10
1.129780000000000000e+10
1.129780000000000000e+10
2.888030000000000000e+10
2.888030000000000000e+10
1.983600000000000000e+10
1.983600000000000000e+10
1.983600000000000000e+10
1.983600000000000000e+10
1.579760000000000000e+10
1.579760000000000000e+10
1.579760000000000000e+10
4.994700000000000000e+09
1.662000000000000000e+09
5.227610000000000000e+09
5.227610000000000000e+09
6.396030000000000000e+09
6.663040000000000000e+09
3.710920000000000000e+09
8.581360000000000000e+09
8.581360000000000000e+09
8.581360000000000000e+09
2.883360000000000000e+10
9.895460000000000000e+09
9.895460000000000000e+09
1.480050000000000000e+10
1.480050000000000000e+10
1.304660000000000000e+10
1.948210000000000000e+09
6.250270000000000000e+09
2.889320000000000000e+09
2.889320000000000000e+09
2.889320000000000000e+09
8.481600000000000000e+08
6.165270000000000000e+08
4.312280000000000000e+08
4.312280000000000000e+08
1.910350000000000000e+08
1.910350000000000000e+08
1.910350000000000000e+08
1.910350000000000000e+08
1.910350000000000000e+08
1.910350000000000000e+08
1.159600000000000000e+08
1.159600000000000000e+08
6.121810000000000000e+07
1.978130000000000000e+08
3.879740000000000000e+08
3.879740000000000000e+08
4.457990000000000000e+08
4.457990000000000000e+08
4.457990000000000000e+08
4.457990000000000000e+08
2.481410000000000000e+08
2.481410000000000000e+08
6.009830000000000000e+07
1.993430000000000000e+08
1.640990000000000000e+08
4.408910000000000000e+07
4.408910000000000000e+07
1.403070000000000000e+08
2.502200000000000000e+08
1.563900000000000000e+08
1.084520000000000000e+08
1.084520000000000000e+08
7.743400000000000000e+07
2.155990000000000000e+07
3.453170000000000000e+07
2.409090000000000000e+07
1.323130000000000000e+07
1.437750000000000000e+07
2.312870000000000000e+07
3.617260000000000000e+07
3.617260000000000000e+07
6.916230000000000000e+07
1.191050000000000000e+08
1.191050000000000000e+08
1.191050000000000000e+08
9.100520000000000000e+07
1.003130000000000000e+08
8.359180000000000000e+07
8.143320000000000000e+07
2.137800000000000000e+07
5.504030000000000000e+07
5.504030000000000000e+07
8.145780000000000000e+07
1.196110000000000000e+08
1.196110000000000000e+08
8.109210000000000000e+07
2.849190000000000000e+08
1.031400000000000000e+09
3.528130000000000000e+08
2.816010000000000000e+08
3.541570000000000000e+08
1.847890000000000000e+08
2.379140000000000000e+08
2.379140000000000000e+08
3.147360000000000000e+08
1.293980000000000000e+09
1.293980000000000000e+09
2.764920000000000000e+08
3.340790000000000000e+08
3.340790000000000000e+08
3.340790000000000000e+08
3.340790000000000000e+08
2.702150000000000000e+08
2.702150000000000000e+08
1.452450000000000000e+09
1.452450000000000000e+09
1.610920000000000000e+09
1.610920000000000000e+09
3.403380000000000000e+08
5.879000000000000000e+07
9.309550000000000000e+07
6.152470000000000000e+07
5.362690000000000000e+07
5.362690000000000000e+07
5.362690000000000000e+07
1.940200000000000000e+08
1.727280000000000000e+08
7.173120000000000000e+07
7.173120000000000000e+07
2.709360000000000000e+07
2.110050000000000000e+07
1.584710000000000000e+07
1.434810000000000000e+07
1.434810000000000000e+07
1.434810000000000000e+07
2.767240000000000000e+07
2.294010000000000000e+07
2.294010000000000000e+07
2.294010000000000000e+07
1.373110000000000000e+07
2.012300000000000000e+07
9.575840000000000000e+06
9.575840000000000000e+06
9.317970000000000000e+06
9.317970000000000000e+06
1.315270000000000000e+07
1.315270000000000000e+07
1.861470000000000000e+07
1.861470000000000000e+07
1.036080000000000000e+07
6.872850000000000000e+07
5.333030000000000000e+07
5.333030000000000000e+07
4.062110000000000000e+07
4.062110000000000000e+07
4.672570000000000000e+07
4.672570000000000000e+07
5.350910000000000000e+07
3.828320000000000000e+07
4.256080000000000000e+07
5.196160000000000000e+07
2.055820000000000000e+08
1.482610000000000000e+08
1.482610000000000000e+08
1.664300000000000000e+08
1.664300000000000000e+08
1.346340000000000000e+08
1.346340000000000000e+08
1.145670000000000000e+08
1.145670000000000000e+08
1.145670000000000000e+08
3.323710000000000000e+08
3.822380000000000000e+08
3.822380000000000000e+08
4.112240000000000000e+08
1.814260000000000000e+08
1.814260000000000000e+08
1.814260000000000000e+08
4.974230000000000000e+08
4.974230000000000000e+08
1.212020000000000000e+09
7.867430000000000000e+08
7.867430000000000000e+08
9.252400000000000000e+08
8.416990000000000000e+08
8.416990000000000000e+08
8.416990000000000000e+08
1.083630000000000000e+09
1.891160000000000000e+09
1.640670000000000000e+09
3.988120000000000000e+09
3.676590000000000000e+09
2.061670000000000000e+10
2.246890000000000000e+10
2.246890000000000000e+10
2.338110000000000000e+10
2.338110000000000000e+10
1.927540000000000000e+10
5.651530000000000000e+09
8.466140000000000000e+09
1.929670000000000000e+10
3.787600000000000000e+10
3.787600000000000000e+10
3.787600000000000000e+10
3.787600000000000000e+10
3.787600000000000000e+10
3.787600000000000000e+10
2.404650000000000000e+10
2.404650000000000000e+10
2.404650000000000000e+10
1.003770000000000000e+10
1.301100000000000000e+10
1.301100000000000000e+10
3.913130000000000000e+10
3.683210000000000000e+10
3.457840000000000000e+10
8.402940000000000000e+09
8.402940000000000000e+09
1.669180000000000000e+10
