   -1.000000     -1.000000
  1    1       -0.00517286        0.00003750       -0.00000000        0.00000000
   -1.000000      0.000000
  1    1       -0.04269517        0.00013996       -0.00000000        0.00000000
   -1.000000      1.000000
  1    1       -0.00521406        0.00003198       -0.00000000        0.00000000
   -1.000000      2.000000
  1    1       -0.00419314        0.00004371       -0.00000000        0.00000000
    0.000000     -1.000000
  1    1       -0.04249369        0.00015438       -0.00000000        0.00000000
    0.000000      0.000000
  1    1        0.22619597        0.00037434        0.00000000        0.00000000
    0.000000      1.000000
  1    1       -0.04249369        0.00015438        0.00000000        0.00000000
    0.000000      2.000000
  1    1       -0.00523269        0.00006376        0.00000000        0.00000000
    1.000000     -1.000000
  1    1       -0.00521406        0.00003198       -0.00000000        0.00000000
    1.000000      0.000000
  1    1       -0.04269517        0.00013996        0.00000000        0.00000000
    1.000000      1.000000
  1    1       -0.00517286        0.00003750       -0.00000000        0.00000000
    1.000000      2.000000
  1    1       -0.00419314        0.00004371       -0.00000000        0.00000000
    2.000000     -1.000000
  1    1       -0.00419448        0.00003425        0.00000000        0.00000000
    2.000000      0.000000
  1    1       -0.00521809        0.00005392        0.00000000        0.00000000
    2.000000      1.000000
  1    1       -0.00419448        0.00003425       -0.00000000        0.00000000
    2.000000      2.000000
  1    1       -0.00774843        0.00014991        0.00000000        0.00000000
