   -1.570796     -1.570796
  1    1        0.22881593        0.00035114       -0.00000000        0.00000000
   -1.570796      0.000000
  1    1        0.15733139        0.00052208        0.00000000        0.00000000
   -1.570796      1.570796
  1    1        0.22898072        0.00031928        0.00000000        0.00000000
   -1.570796      3.141593
  1    1        0.31052822        0.00072092        0.00000000        0.00000000
    0.000000     -1.570796
  1    1        0.15695495        0.00070214        0.00000000        0.00000000
    0.000000      0.000000
  1    1        0.00006993        0.00001157        0.00000000        0.00000000
    0.000000      1.570796
  1    1        0.15695495        0.00070214       -0.00000000        0.00000000
    0.000000      3.141593
  1    1        0.22837032        0.00068118        0.00000000        0.00000000
    1.570796     -1.570796
  1    1        0.22898072        0.00031928       -0.00000000        0.00000000
    1.570796      0.000000
  1    1        0.15733139        0.00052208       -0.00000000        0.00000000
    1.570796      1.570796
  1    1        0.22881593        0.00035114        0.00000000        0.00000000
    1.570796      3.141593
  1    1        0.31052822        0.00072092       -0.00000000        0.00000000
    3.141593     -1.570796
  1    1        0.31096306        0.00045634       -0.00000000        0.00000000
    3.141593      0.000000
  1    1        0.22917089        0.00055051        0.00000000        0.00000000
    3.141593      1.570796
  1    1        0.31096306        0.00045634        0.00000000        0.00000000
    3.141593      3.141593
  1    1        0.37437589        0.00027271       -0.00000000        0.00000000
