   1.0000000000000000                1          16
 (  0.0000000000000000     ,  0.0000000000000000     )
  -1.5707963267948966       -1.5707963267948966     
 ( 0.99999999999959699     , -1.3447576385772187E-014)
  -1.5707963267948966        0.0000000000000000     
 (  1.8537745647532446     , -2.1371220512083814E-004)
  -1.5707963267948966        1.5707963267948966     
 ( 0.99999999999987588     , -4.2187087156975167E-013)
  -1.5707963267948966        3.1415926535897931     
 ( 0.14622543524640941     ,  2.1371220357002311E-004)
   0.0000000000000000       -1.5707963267948966     
 (  1.8526866215974760     , -5.9853433538363532E-004)
   0.0000000000000000        0.0000000000000000     
 (  1.9364225136755464     ,  0.0000000000000000     )
   0.0000000000000000        1.5707963267948966     
 (  1.8526866215974760     ,  5.9853433538363532E-004)
   0.0000000000000000        3.1415926535897931     
 (  1.0165730833768438     , -4.5996544489124669E-017)
   1.5707963267948966       -1.5707963267948966     
 ( 0.99999999999987588     ,  4.2187087156975167E-013)
   1.5707963267948966        0.0000000000000000     
 (  1.8537745647532446     ,  2.1371220512083814E-004)
   1.5707963267948966        1.5707963267948966     
 ( 0.99999999999959699     ,  1.3447576385772187E-014)
   1.5707963267948966        3.1415926535897931     
 ( 0.14622543524640946     , -2.1371220357002311E-004)
   3.1415926535897931       -1.5707963267948966     
 ( 0.14731337840324485     ,  5.9853433540714429E-004)
   3.1415926535897931        0.0000000000000000     
 ( 0.98342691662309911     , -4.8206523569416934E-017)
   3.1415926535897931        1.5707963267948966     
 ( 0.14731337840324485     , -5.9853433540713041E-004)
   3.1415926535897931        3.1415926535897931     
 (  6.3577486324903981E-002,  9.4203068058730911E-017)
   1.0000000000000000                1          16
 (  0.0000000000000000     ,  0.0000000000000000     )
  -1.5707963267948966       -1.5707963267948966     
 (  1.0000000000006317     , -4.5741188614556449E-013)
  -1.5707963267948966        0.0000000000000000     
 (  1.8515124725093917     , -2.9208321415255154E-004)
  -1.5707963267948966        1.5707963267948966     
 ( 0.99999999999947842     , -1.5151213617059511E-012)
  -1.5707963267948966        3.1415926535897931     
 ( 0.14848752749092012     ,  2.9208321377679656E-004)
   0.0000000000000000       -1.5707963267948966     
 (  1.8530673986656971     ,  6.0892640516682639E-004)
   0.0000000000000000        0.0000000000000000     
 (  1.9365115560456609     ,  0.0000000000000000     )
   0.0000000000000000        1.5707963267948966     
 (  1.8530673986656971     , -6.0892640516682639E-004)
   0.0000000000000000        3.1415926535897931     
 (  1.0167984309616589     , -4.6171796691404886E-017)
   1.5707963267948966       -1.5707963267948966     
 ( 0.99999999999947842     ,  1.5151213617059511E-012)
   1.5707963267948966        0.0000000000000000     
 (  1.8515124725093917     ,  2.9208321415255154E-004)
   1.5707963267948966        1.5707963267948966     
 (  1.0000000000006317     ,  4.5741188614556449E-013)
   1.5707963267948966        3.1415926535897931     
 ( 0.14848752749092006     , -2.9208321377679656E-004)
   3.1415926535897931       -1.5707963267948966     
 ( 0.14693260133367014     , -6.0892640445500690E-004)
   3.1415926535897931        0.0000000000000000     
 ( 0.98320156903836775     , -4.7928245773539567E-017)
   3.1415926535897931        1.5707963267948966     
 ( 0.14693260133367014     ,  6.0892640445502078E-004)
   3.1415926535897931        3.1415926535897931     
 (  6.3488443954796997E-002,  9.4100042465002046E-017)
   1.0000000000000000                1          16
 (  0.0000000000000000     ,  0.0000000000000000     )
  -1.5707963267948966       -1.5707963267948966     
 ( 0.99999999999958888     ,  1.7846835120849413E-014)
  -1.5707963267948966        0.0000000000000000     
 (  1.8513746806922653     , -1.7826852254169781E-003)
  -1.5707963267948966        1.5707963267948966     
 (  1.0000000000003639     ,  1.9798052086628104E-013)
  -1.5707963267948966        3.1415926535897931     
 ( 0.14862531930808806     ,  1.7826852254442340E-003)
   0.0000000000000000       -1.5707963267948966     
 (  1.8489114992629783     ,  1.4589684095946132E-003)
   0.0000000000000000        0.0000000000000000     
 (  1.9358981049361741     ,  0.0000000000000000     )
   0.0000000000000000        1.5707963267948966     
 (  1.8489114992629783     , -1.4589684095946132E-003)
   0.0000000000000000        3.1415926535897931     
 ( 0.98475101284949618     , -4.7766847370762679E-017)
   1.5707963267948966       -1.5707963267948966     
 (  1.0000000000003639     , -1.9798052086628104E-013)
   1.5707963267948966        0.0000000000000000     
 (  1.8513746806922653     ,  1.7826852254169781E-003)
   1.5707963267948966        1.5707963267948966     
 ( 0.99999999999958888     , -1.7846835120849413E-014)
   1.5707963267948966        3.1415926535897931     
 ( 0.14862531930808812     , -1.7826852254442340E-003)
   3.1415926535897931       -1.5707963267948966     
 ( 0.15108850073702537     , -1.4589684096769917E-003)
   3.1415926535897931        0.0000000000000000     
 (  1.0152489871500978     , -4.5804049690880550E-017)
   3.1415926535897931        1.5707963267948966     
 ( 0.15108850073702537     ,  1.4589684096769917E-003)
   3.1415926535897931        3.1415926535897931     
 (  6.4101895063569336E-002,  9.3570897061525122E-017)
   1.0000000000000000                1          16
 (  0.0000000000000000     ,  0.0000000000000000     )
  -1.5707963267948966       -1.5707963267948966     
 (  1.0000000000003084     , -3.8857805861880485E-014)
  -1.5707963267948966        0.0000000000000000     
 (  1.8530870800230543     , -7.2984828259383783E-004)
  -1.5707963267948966        1.5707963267948966     
 (  1.0000000000000753     ,  1.6017742687779446E-013)
  -1.5707963267948966        3.1415926535897931     
 ( 0.14691291997662831     ,  7.2984828238864085E-004)
   0.0000000000000000       -1.5707963267948966     
 (  1.8546893315244484     , -6.3834207718389824E-004)
   0.0000000000000000        0.0000000000000000     
 (  1.9370654214872849     ,  0.0000000000000000     )
   0.0000000000000000        1.5707963267948966     
 (  1.8546893315244484     ,  6.3834207718389824E-004)
   0.0000000000000000        3.1415926535897931     
 ( 0.98840853223140202     , -4.7922145297730434E-017)
   1.5707963267948966       -1.5707963267948966     
 (  1.0000000000000753     , -1.6017742687779446E-013)
   1.5707963267948966        0.0000000000000000     
 (  1.8530870800230543     ,  7.2984828259383783E-004)
   1.5707963267948966        1.5707963267948966     
 (  1.0000000000003084     ,  3.8857805861880485E-014)
   1.5707963267948966        3.1415926535897931     
 ( 0.14691291997662825     , -7.2984828238864085E-004)
   3.1415926535897931       -1.5707963267948966     
 ( 0.14531066847571292     ,  6.3834207772110740E-004)
   3.1415926535897931        0.0000000000000000     
 (  1.0115914677685884     , -4.6295174412290837E-017)
   3.1415926535897931        1.5707963267948966     
 ( 0.14531066847571292     , -6.3834207772110740E-004)
   3.1415926535897931        3.1415926535897931     
 (  6.2934578512231873E-002,  9.4217319709939415E-017)
   1.0000000000000000                1          16
 (  0.0000000000000000     ,  0.0000000000000000     )
  -1.5707963267948966       -1.5707963267948966     
 (  1.0000000000007978     ,  1.6323054019551356E-013)
  -1.5707963267948966        0.0000000000000000     
 (  1.8488392822997628     , -5.3710987503092665E-004)
  -1.5707963267948966        1.5707963267948966     
 (  1.0000000000001295     , -9.5892738194436333E-013)
  -1.5707963267948966        3.1415926535897931     
 ( 0.15116071769935119     ,  5.3710987476236359E-004)
   0.0000000000000000       -1.5707963267948966     
 (  1.8485004723319005     , -2.4279769435903292E-003)
   0.0000000000000000        0.0000000000000000     
 (  1.9349178514893748     ,  0.0000000000000000     )
   0.0000000000000000        1.5707963267948966     
 (  1.8485004723319005     ,  2.4279769435903292E-003)
   0.0000000000000000        3.1415926535897931     
 (  1.0129860561664235     , -4.5571623011893725E-017)
   1.5707963267948966       -1.5707963267948966     
 (  1.0000000000001295     ,  9.5892738194436333E-013)
   1.5707963267948966        0.0000000000000000     
 (  1.8488392822997628     ,  5.3710987503092665E-004)
   1.5707963267948966        1.5707963267948966     
 (  1.0000000000007978     , -1.6323054019551356E-013)
   1.5707963267948966        3.1415926535897931     
 ( 0.15116071769935124     , -5.3710987476236359E-004)
   3.1415926535897931       -1.5707963267948966     
 ( 0.15149952766758604     ,  2.4279769438164261E-003)
   3.1415926535897931        0.0000000000000000     
 ( 0.98701394383347252     , -4.7435012908254548E-017)
   3.1415926535897931        1.5707963267948966     
 ( 0.15149952766758604     , -2.4279769438164261E-003)
   3.1415926535897931        3.1415926535897931     
 (  6.5082148511822036E-002,  9.3006635920458628E-017)
   1.0000000000000000                1          16
 (  0.0000000000000000     ,  0.0000000000000000     )
  -1.5707963267948966       -1.5707963267948966     
 ( 0.99999999999946421     ,  8.5682849704227237E-013)
  -1.5707963267948966        0.0000000000000000     
 (  1.8505680161242499     ,  2.8965232364830847E-003)
  -1.5707963267948966        1.5707963267948966     
 ( 0.99999999999992695     , -5.8412996661871830E-013)
  -1.5707963267948966        3.1415926535897931     
 ( 0.14943198387602627     , -2.8965232365090921E-003)
   0.0000000000000000       -1.5707963267948966     
 (  1.8522812442230114     ,  5.3206875019803923E-004)
   0.0000000000000000        0.0000000000000000     
 (  1.9363987908760960     ,  0.0000000000000000     )
   0.0000000000000000        1.5707963267948966     
 (  1.8522812442230114     , -5.3206875019803923E-004)
   0.0000000000000000        3.1415926535897931     
 (  1.0197235253187680     , -4.5893902694219378E-017)
   1.5707963267948966       -1.5707963267948966     
 ( 0.99999999999992695     ,  5.8412996661871830E-013)
   1.5707963267948966        0.0000000000000000     
 (  1.8505680161242499     , -2.8965232364830847E-003)
   1.5707963267948966        1.5707963267948966     
 ( 0.99999999999946421     , -8.5682849704227237E-013)
   1.5707963267948966        3.1415926535897931     
 ( 0.14943198387602633     ,  2.8965232365090921E-003)
   3.1415926535897931       -1.5707963267948966     
 ( 0.14771875577621049     , -5.3206875148245625E-004)
   3.1415926535897931        0.0000000000000000     
 ( 0.98027647468140500     , -4.8389090140261971E-017)
   3.1415926535897931        1.5707963267948966     
 ( 0.14771875577621049     ,  5.3206875148245625E-004)
   3.1415926535897931        3.1415926535897931     
 (  6.3601209125908997E-002,  9.4282992834970115E-017)
   1.0000000000000000                1          16
 (  0.0000000000000000     ,  0.0000000000000000     )
  -1.5707963267948966       -1.5707963267948966     
 (  1.0000000000000133     , -1.2842088503717264E-012)
  -1.5707963267948966        0.0000000000000000     
 (  1.8511546206042881     , -7.4376877522897928E-005)
  -1.5707963267948966        1.5707963267948966     
 (  1.0000000000001483     ,  1.1636525076852422E-013)
  -1.5707963267948966        3.1415926535897931     
 ( 0.14884537939634884     ,  7.4376877840088659E-005)
   0.0000000000000000       -1.5707963267948966     
 (  1.8468795352315297     , -1.3751487570032861E-003)
   0.0000000000000000        0.0000000000000000     
 (  1.9368810133052605     ,  0.0000000000000000     )
   0.0000000000000000        1.5707963267948966     
 (  1.8468795352315297     ,  1.3751487570032861E-003)
   0.0000000000000000        3.1415926535897931     
 ( 0.99004036221409986     , -4.6786859276555222E-017)
   1.5707963267948966       -1.5707963267948966     
 (  1.0000000000001483     , -1.1636525076852422E-013)
   1.5707963267948966        0.0000000000000000     
 (  1.8511546206042881     ,  7.4376877522897928E-005)
   1.5707963267948966        1.5707963267948966     
 (  1.0000000000000133     ,  1.2842088503717264E-012)
   1.5707963267948966        3.1415926535897931     
 ( 0.14884537939634879     , -7.4376877840088659E-005)
   3.1415926535897931       -1.5707963267948966     
 ( 0.15312046476771632     ,  1.3751487570278498E-003)
   3.1415926535897931        0.0000000000000000     
 (  1.0099596377859525     , -4.6250000996680764E-017)
   3.1415926535897931        1.5707963267948966     
 ( 0.15312046476771632     , -1.3751487570278498E-003)
   3.1415926535897931        3.1415926535897931     
 (  6.3118986694576884E-002,  9.3036860273194934E-017)
   1.0000000000000000                1          16
 (  0.0000000000000000     ,  0.0000000000000000     )
  -1.5707963267948966       -1.5707963267948966     
 (  1.0000000000003288     ,  2.3314683517128281E-014)
  -1.5707963267948966        0.0000000000000000     
 (  1.8519134459745590     , -1.2151668069414309E-003)
  -1.5707963267948966        1.5707963267948966     
 ( 0.99999999999965639     , -2.5293656058522629E-013)
  -1.5707963267948966        3.1415926535897931     
 ( 0.14808655402549761     ,  1.2151668065360052E-003)
   0.0000000000000000       -1.5707963267948966     
 (  1.8529447074342051     ,  2.7246891651044880E-004)
   0.0000000000000000        0.0000000000000000     
 (  1.9367228735591955     ,  0.0000000000000000     )
   0.0000000000000000        1.5707963267948966     
 (  1.8529447074342051     , -2.7246891651044880E-004)
   0.0000000000000000        3.1415926535897931     
 (  1.0371805578292228     , -4.4854582403122117E-017)
   1.5707963267948966       -1.5707963267948966     
 ( 0.99999999999965639     ,  2.5293656058522629E-013)
   1.5707963267948966        0.0000000000000000     
 (  1.8519134459745590     ,  1.2151668069414309E-003)
   1.5707963267948966        1.5707963267948966     
 (  1.0000000000003288     , -2.3314683517128281E-014)
   1.5707963267948966        3.1415926535897931     
 ( 0.14808655402549756     , -1.2151668065360052E-003)
   3.1415926535897931       -1.5707963267948966     
 ( 0.14705529256564612     , -2.7246891604705559E-004)
   3.1415926535897931        0.0000000000000000     
 ( 0.96281944217051296     , -4.9099411579479134E-017)
   3.1415926535897931        1.5707963267948966     
 ( 0.14705529256564612     ,  2.7246891604706946E-004)
   3.1415926535897931        3.1415926535897931     
 (  6.3277126441339024E-002,  9.3953993982638630E-017)
   1.0000000000000000                1          16
 (  0.0000000000000000     ,  0.0000000000000000     )
  -1.5707963267948966       -1.5707963267948966     
 (  1.0000000000000215     , -8.5251250503404208E-013)
  -1.5707963267948966        0.0000000000000000     
 (  1.8517452016431151     ,  8.7404197254094696E-004)
  -1.5707963267948966        1.5707963267948966     
 (  1.0000000000002474     , -1.0538792061254298E-013)
  -1.5707963267948966        3.1415926535897931     
 ( 0.14825479835720851     , -8.7404197242748217E-004)
   0.0000000000000000       -1.5707963267948966     
 (  1.8518163455152366     ,  2.2759293347175968E-003)
   0.0000000000000000        0.0000000000000000     
 (  1.9369585801126814     ,  0.0000000000000000     )
   0.0000000000000000        1.5707963267948966     
 (  1.8518163455152366     , -2.2759293347175968E-003)
   0.0000000000000000        3.1415926535897931     
 ( 0.99924908284254121     , -4.7269951168380998E-017)
   1.5707963267948966       -1.5707963267948966     
 (  1.0000000000002474     ,  1.0538792061254298E-013)
   1.5707963267948966        0.0000000000000000     
 (  1.8517452016431151     , -8.7404197254094696E-004)
   1.5707963267948966        1.5707963267948966     
 (  1.0000000000000215     ,  8.5251250503404208E-013)
   1.5707963267948966        3.1415926535897931     
 ( 0.14825479835720856     ,  8.7404197242748217E-004)
   3.1415926535897931       -1.5707963267948966     
 ( 0.14818365448506968     , -2.2759293347824894E-003)
   3.1415926535897931        0.0000000000000000     
 (  1.0007509171566766     , -4.6997596040485416E-017)
   3.1415926535897931        1.5707963267948966     
 ( 0.14818365448506968     ,  2.2759293347824894E-003)
   3.1415926535897931        3.1415926535897931     
 (  6.3041419886290528E-002,  9.4267547208561538E-017)
   1.0000000000000000                1          16
 (  0.0000000000000000     ,  0.0000000000000000     )
  -1.5707963267948966       -1.5707963267948966     
 (  1.0000000000000164     , -4.7077619580448982E-013)
  -1.5707963267948966        0.0000000000000000     
 (  1.8526156151885536     ,  6.4909321295246849E-004)
  -1.5707963267948966        1.5707963267948966     
 (  1.0000000000004132     ,  4.5978498786070077E-013)
  -1.5707963267948966        3.1415926535897931     
 ( 0.14738438481117661     , -6.4909321283794887E-004)
   0.0000000000000000       -1.5707963267948966     
 (  1.8520918482662792     , -6.1460070203452066E-004)
   0.0000000000000000        0.0000000000000000     
 (  1.9373222663884384     ,  0.0000000000000000     )
   0.0000000000000000        1.5707963267948966     
 (  1.8520918482662792     ,  6.1460070203452066E-004)
   0.0000000000000000        3.1415926535897931     
 (  1.0129736304034089     , -4.6087047165185075E-017)
   1.5707963267948966       -1.5707963267948966     
 (  1.0000000000004132     , -4.5978498786070077E-013)
   1.5707963267948966        0.0000000000000000     
 (  1.8526156151885536     , -6.4909321295246849E-004)
   1.5707963267948966        1.5707963267948966     
 (  1.0000000000000164     ,  4.7077619580448982E-013)
   1.5707963267948966        3.1415926535897931     
 ( 0.14738438481117666     ,  6.4909321283794887E-004)
   3.1415926535897931       -1.5707963267948966     
 ( 0.14790815173365560     ,  6.1460070145012702E-004)
   3.1415926535897931        0.0000000000000000     
 ( 0.98702636959611800     , -4.7894759479194979E-017)
   3.1415926535897931        1.5707963267948966     
 ( 0.14790815173365560     , -6.1460070145012702E-004)
   3.1415926535897931        3.1415926535897931     
 (  6.2677733611958816E-002,  9.3981806644469325E-017)
   1.0000000000000000                1          16
 (  0.0000000000000000     ,  0.0000000000000000     )
  -1.5707963267948966       -1.5707963267948966     
 ( 0.99999999999991340     ,  1.3868767245739377E-012)
  -1.5707963267948966        0.0000000000000000     
 (  1.8481230992088282     , -6.0092181586244783E-004)
  -1.5707963267948966        1.5707963267948966     
 (  1.0000000000000813     , -4.6175563372941042E-013)
  -1.5707963267948966        3.1415926535897931     
 ( 0.15187690079155164     ,  6.0092181439459422E-004)
   0.0000000000000000       -1.5707963267948966     
 (  1.8502676876544744     , -9.8290883598720069E-004)
   0.0000000000000000        0.0000000000000000     
 (  1.9376233968960310     ,  0.0000000000000000     )
   0.0000000000000000        1.5707963267948966     
 (  1.8502676876544744     ,  9.8290883598720069E-004)
   0.0000000000000000        3.1415926535897931     
 (  1.0352527098208690     , -4.4435908091573324E-017)
   1.5707963267948966       -1.5707963267948966     
 (  1.0000000000000813     ,  4.6175563372941042E-013)
   1.5707963267948966        0.0000000000000000     
 (  1.8481230992088282     ,  6.0092181586244783E-004)
   1.5707963267948966        1.5707963267948966     
 ( 0.99999999999991340     , -1.3868767245739377E-012)
   1.5707963267948966        3.1415926535897931     
 ( 0.15187690079155158     , -6.0092181439459422E-004)
   3.1415926535897931       -1.5707963267948966     
 ( 0.14973231234603068     ,  9.8290883811334717E-004)
   3.1415926535897931        0.0000000000000000     
 ( 0.96474729017691152     , -4.8537263496655257E-017)
   3.1415926535897931        1.5707963267948966     
 ( 0.14973231234603068     , -9.8290883811338881E-004)
   3.1415926535897931        3.1415926535897931     
 (  6.2376603104409581E-002,  9.2973171587821689E-017)
   1.0000000000000000                1          16
 (  0.0000000000000000     ,  0.0000000000000000     )
  -1.5707963267948966       -1.5707963267948966     
 (  1.0000000000003788     , -1.1562001356324458E-012)
  -1.5707963267948966        0.0000000000000000     
 (  1.8507154591377666     , -2.7818646365200094E-004)
  -1.5707963267948966        1.5707963267948966     
 ( 0.99999999999999856     , -3.0049573940260643E-013)
  -1.5707963267948966        3.1415926535897931     
 ( 0.14928454086218873     ,  2.7818646408357239E-004)
   0.0000000000000000       -1.5707963267948966     
 (  1.8522974981490330     ,  3.7045842827682085E-004)
   0.0000000000000000        0.0000000000000000     
 (  1.9362960355594834     ,  0.0000000000000000     )
   0.0000000000000000        1.5707963267948966     
 (  1.8522974981490330     , -3.7045842827682085E-004)
   0.0000000000000000        3.1415926535897931     
 ( 0.99619628574754104     , -4.7323021549885026E-017)
   1.5707963267948966       -1.5707963267948966     
 ( 0.99999999999999856     ,  3.0049573940260643E-013)
   1.5707963267948966        0.0000000000000000     
 (  1.8507154591377666     ,  2.7818646365200094E-004)
   1.5707963267948966        1.5707963267948966     
 (  1.0000000000003788     ,  1.1562001356324458E-012)
   1.5707963267948966        3.1415926535897931     
 ( 0.14928454086218867     , -2.7818646408357239E-004)
   3.1415926535897931       -1.5707963267948966     
 ( 0.14770250185097894     , -3.7045842852639899E-004)
   3.1415926535897931        0.0000000000000000     
 (  1.0038037142530889     , -4.6584020911236245E-017)
   3.1415926535897931        1.5707963267948966     
 ( 0.14770250185097894     ,  3.7045842852641286E-004)
   3.1415926535897931        3.1415926535897931     
 (  6.3703964439276561E-002,  9.3907042461028296E-017)
   1.0000000000000000                1          16
 (  0.0000000000000000     ,  0.0000000000000000     )
  -1.5707963267948966       -1.5707963267948966     
 (  1.0000000000000324     ,  2.0565493752400241E-013)
  -1.5707963267948966        0.0000000000000000     
 (  1.8505592123749435     ,  1.5321390913912900E-003)
  -1.5707963267948966        1.5707963267948966     
 ( 0.99999999999989120     , -1.2813361482955088E-013)
  -1.5707963267948966        3.1415926535897931     
 ( 0.14944078762491575     , -1.5321390914229036E-003)
   0.0000000000000000       -1.5707963267948966     
 (  1.8506429647087392     ,  8.8380835493437337E-004)
   0.0000000000000000        0.0000000000000000     
 (  1.9374363097529537     ,  0.0000000000000000     )
   0.0000000000000000        1.5707963267948966     
 (  1.8506429647087392     , -8.8380835493437337E-004)
   0.0000000000000000        3.1415926535897931     
 ( 0.99056123006936447     , -4.7458492864069309E-017)
   1.5707963267948966       -1.5707963267948966     
 ( 0.99999999999989120     ,  1.2813361482955088E-013)
   1.5707963267948966        0.0000000000000000     
 (  1.8505592123749435     , -1.5321390913912900E-003)
   1.5707963267948966        1.5707963267948966     
 (  1.0000000000000324     , -2.0565493752400241E-013)
   1.5707963267948966        3.1415926535897931     
 ( 0.14944078762491569     ,  1.5321390914229036E-003)
   3.1415926535897931       -1.5707963267948966     
 ( 0.14935703529109520     , -8.8380835494469845E-004)
   3.1415926535897931        0.0000000000000000     
 (  1.0094387699309153     , -4.6371717839076676E-017)
   3.1415926535897931        1.5707963267948966     
 ( 0.14935703529109520     ,  8.8380835494469845E-004)
   3.1415926535897931        3.1415926535897931     
 (  6.2563690247300685E-002,  9.3830210703253942E-017)
   1.0000000000000000                1          16
 (  0.0000000000000000     ,  0.0000000000000000     )
  -1.5707963267948966       -1.5707963267948966     
 ( 0.99999999999962108     ,  5.2254034432763774E-013)
  -1.5707963267948966        0.0000000000000000     
 (  1.8520996076476204     , -9.5175823373899239E-004)
  -1.5707963267948966        1.5707963267948966     
 (  1.0000000000004203     ,  3.7982117451207387E-013)
  -1.5707963267948966        3.1415926535897931     
 ( 0.14790039235259145     ,  9.5175823401790806E-004)
   0.0000000000000000       -1.5707963267948966     
 (  1.8483242014890597     , -6.4888497151290025E-004)
   0.0000000000000000        0.0000000000000000     
 (  1.9356101997665383     ,  0.0000000000000000     )
   0.0000000000000000        1.5707963267948966     
 (  1.8483242014890597     ,  6.4888497151290025E-004)
   0.0000000000000000        3.1415926535897931     
 ( 0.97328764038541549     , -4.8156344774241692E-017)
   1.5707963267948966       -1.5707963267948966     
 (  1.0000000000004203     , -3.7982117451207387E-013)
   1.5707963267948966        0.0000000000000000     
 (  1.8520996076476204     ,  9.5175823373899239E-004)
   1.5707963267948966        1.5707963267948966     
 ( 0.99999999999962108     , -5.2254034432763774E-013)
   1.5707963267948966        3.1415926535897931     
 ( 0.14790039235259139     , -9.5175823401790806E-004)
   3.1415926535897931       -1.5707963267948966     
 ( 0.15167579851076587     ,  6.4888497168727466E-004)
   3.1415926535897931        0.0000000000000000     
 (  1.0267123596138468     , -4.5310286833962489E-017)
   3.1415926535897931        1.5707963267948966     
 ( 0.15167579851076587     , -6.4888497168726078E-004)
   3.1415926535897931        3.1415926535897931     
 (  6.4389800233804015E-002,  9.3466631608095614E-017)
