   -1.570796     -1.570796
  1    1        1.00000000        0.00000000       -0.00000000        0.00000000
   -1.570796      0.000000
  1    1        1.85106628        0.00043678       -0.00001819        0.00039359
   -1.570796      1.570796
  1    1        1.00000000        0.00000000       -0.00000000        0.00000000
   -1.570796      3.141593
  1    1        0.14893372        0.00043678        0.00001819        0.00039359
    0.000000     -1.570796
  1    1        1.85080394        0.00068951       -0.00007451        0.00039076
    0.000000      0.000000
  1    1        1.93659424        0.00024295        0.00000000        0.00000000
    0.000000      1.570796
  1    1        1.85080394        0.00068951        0.00007451        0.00039076
    0.000000      3.141593
  1    1        1.00338422        0.00609663       -0.00000000        0.00000000
    1.570796     -1.570796
  1    1        1.00000000        0.00000000        0.00000000        0.00000000
    1.570796      0.000000
  1    1        1.85106628        0.00043678        0.00001819        0.00039359
    1.570796      1.570796
  1    1        1.00000000        0.00000000        0.00000000        0.00000000
    1.570796      3.141593
  1    1        0.14893372        0.00043678       -0.00001819        0.00039359
    3.141593     -1.570796
  1    1        0.14919606        0.00068951        0.00007451        0.00039076
    3.141593      0.000000
  1    1        0.99661578        0.00609663       -0.00000000        0.00000000
    3.141593      1.570796
  1    1        0.14919606        0.00068951       -0.00007451        0.00039076
    3.141593      3.141593
  1    1        0.06340576        0.00024295        0.00000000        0.00000000
