           2 (  15.999999999999906     ,  0.0000000000000000     )   1.0000000000000000     
           2 (  15.999999999999995     ,  0.0000000000000000     )   1.0000000000000000     
           2 (  16.000000000000004     ,  0.0000000000000000     )   1.0000000000000000     
           2 (  16.000000000000011     ,  0.0000000000000000     )   1.0000000000000000     
           2 (  16.000000000000021     ,  0.0000000000000000     )   1.0000000000000000     
           2 (  16.000000000000014     ,  0.0000000000000000     )   1.0000000000000000     
           2 (  16.000000000000014     ,  0.0000000000000000     )   1.0000000000000000     
           2 (  16.000000000000032     ,  0.0000000000000000     )   1.0000000000000000     
           2 (  16.000000000000032     ,  0.0000000000000000     )   1.0000000000000000     
           2 (  16.000000000000078     ,  0.0000000000000000     )   1.0000000000000000     
           2 (  16.000000000000018     ,  0.0000000000000000     )   1.0000000000000000     
           2 (  16.000000000000004     ,  0.0000000000000000     )   1.0000000000000000     
           2 (  15.999999999999918     ,  0.0000000000000000     )   1.0000000000000000     
           2 (  15.999999999999741     ,  0.0000000000000000     )   1.0000000000000000     
