     0.0000000        1.83295540        0.00401039
     0.1000000        1.32422419        0.00200227
     0.2000000        0.96619928        0.00261463
     0.3000000        0.71559338        0.00102797
     0.4000000        0.53651416        0.00289888
     0.5000000        0.39680556        0.00561299
     0.6000000        0.29496124        0.01259100
     0.7000000        0.22280522        0.01074161
     0.8000000        0.16974393        0.00784434
     0.9000000        0.12910911        0.00500686
     1.0000000        0.10280923        0.00382913
     1.1000000        0.07705205        0.00234637
     1.2000000        0.06086754        0.00363159
     1.3000000        0.04479601        0.00613608
     1.4000000        0.03599807        0.00342224
     1.5000000        0.02727996        0.00337591
     1.6000000        0.01841408        0.00544003
     1.7000000        0.01235485        0.00437145
     1.8000000        0.00989898        0.00613437
     1.9000000        0.00843542        0.00601321
     2.0000000        0.00694860        0.00070771
     2.1000000        0.00917920        0.00172561
     2.2000000        0.00548084        0.00196931
     2.3000000        0.00468049        0.00097150
     2.4000000        0.00236515        0.00094918
     2.5000000        0.00216817        0.00287928
     2.6000000        0.00150931        0.00287688
     2.7000000        0.00474156        0.00195015
     2.8000000        0.00223269        0.00212812
     2.9000000        0.00076068        0.00331371
     3.0000000        0.00057924        0.00246034
     3.1000000       -0.00009559        0.00406217
     3.2000000        0.00129101        0.00285097
     3.3000000       -0.00161188        0.00236577
     3.4000000        0.00017243        0.00038958
     3.5000000        0.00076771        0.00372494
     3.6000000        0.00301859        0.00151311
     3.7000000        0.00317799        0.00343261
     3.8000000        0.00314994        0.00287397
     3.9000000        0.00210174        0.00204956
     4.0000000        0.00308002        0.00170314
     4.1000000       -0.00007780        0.00310377
     4.2000000        0.00015819        0.00170629
     4.3000000       -0.00071913        0.00271321
     4.4000000       -0.00006685        0.00126746
     4.5000000       -0.00088064        0.00337553
     4.6000000       -0.00244680        0.00203296
     4.7000000       -0.00256987        0.00210755
     4.8000000       -0.00476567        0.00347674
     4.9000000       -0.00364484        0.00373537
     5.0000000       -0.00317834        0.00368131
     5.1000000       -0.00308856        0.00203146
     5.2000000       -0.00338485        0.00210002
     5.3000000       -0.00295826        0.00355202
     5.4000000       -0.00383991        0.00549710
     5.5000000       -0.00283275        0.00391716
     5.6000000       -0.00205593        0.00343942
     5.7000000       -0.00334367        0.00458873
     5.8000000       -0.00361026        0.00323568
     5.9000000       -0.00234069        0.00251024
     6.0000000       -0.00254066        0.00108407
     6.1000000       -0.00181988        0.00239413
     6.2000000        0.00181819        0.00121609
     6.3000000       -0.00182866        0.00194804
     6.4000000       -0.00278315        0.00257895
     6.5000000       -0.00027339        0.00211109
     6.6000000       -0.00204711        0.00249420
     6.7000000       -0.00170308        0.00120505
     6.8000000        0.00106934        0.00141235
     6.9000000       -0.00053532        0.00115407
     7.0000000       -0.00088600        0.00241247
     7.1000000       -0.00232781        0.00172317
     7.2000000       -0.00194658        0.00312901
     7.3000000        0.00017439        0.00204661
     7.4000000       -0.00259786        0.00225422
     7.5000000       -0.00125117        0.00198737
     7.6000000       -0.00169224        0.00313665
     7.7000000       -0.00498733        0.00454660
     7.8000000       -0.00230212        0.00383846
     7.9000000       -0.00486749        0.00165793
     8.0000000       -0.00357290        0.00464644
     8.1000000       -0.00520554        0.00463878
     8.2000000       -0.00308100        0.00400344
     8.3000000       -0.00282785        0.00429503
     8.4000000       -0.00076654        0.00608881
     8.5000000       -0.00054278        0.00574907
     8.6000000       -0.00047864        0.00858545
     8.7000000        0.00564155        0.00735141
     8.8000000        0.00388157        0.00397120
     8.9000000        0.00402884        0.00353646
     9.0000000        0.00298808        0.00428595
     9.1000000        0.00947208        0.00426071
     9.2000000        0.00787195        0.00455121
     9.3000000        0.01408511        0.00073685
     9.4000000        0.01573917        0.00277856
     9.5000000        0.02147461        0.00291890
     9.6000000        0.02910884        0.00120652
     9.7000000        0.04828915        0.00062129
     9.8000000        0.07550526        0.00341331
     9.9000000        0.11090751        0.00361009
    10.0000000        0.16704460        0.00401039
