     0.0000000        0.42313055        0.00411775
     0.1000000        0.36310499        0.00414272
     0.2000000        0.31345960        0.00435147
     0.3000000        0.27117166        0.00432416
     0.4000000        0.23515311        0.00429488
     0.5000000        0.20460995        0.00436205
     0.6000000        0.17837517        0.00417914
     0.7000000        0.15543087        0.00400032
     0.8000000        0.13513123        0.00370351
     0.9000000        0.11769497        0.00328153
     1.0000000        0.10301498        0.00300941
     1.1000000        0.08951388        0.00240151
     1.2000000        0.07775936        0.00202637
     1.3000000        0.06757881        0.00207188
     1.4000000        0.05894919        0.00217240
     1.5000000        0.05116545        0.00182935
     1.6000000        0.04467676        0.00177354
     1.7000000        0.03924954        0.00181500
     1.8000000        0.03417440        0.00172383
     1.9000000        0.02970231        0.00140673
     2.0000000        0.02580282        0.00141932
     2.1000000        0.02283103        0.00148009
     2.2000000        0.02031541        0.00157024
     2.3000000        0.01775981        0.00165806
     2.4000000        0.01558632        0.00152673
     2.5000000        0.01377428        0.00157937
     2.6000000        0.01254807        0.00189378
     2.7000000        0.01129685        0.00182239
     2.8000000        0.01012617        0.00190246
     2.9000000        0.00917303        0.00181960
     3.0000000        0.00849100        0.00176825
     3.1000000        0.00777090        0.00183307
     3.2000000        0.00742828        0.00184524
     3.3000000        0.00675441        0.00183836
     3.4000000        0.00570437        0.00169467
     3.5000000        0.00473221        0.00156800
     3.6000000        0.00385530        0.00153300
     3.7000000        0.00291113        0.00138677
     3.8000000        0.00184259        0.00130121
     3.9000000        0.00153204        0.00132176
     4.0000000        0.00171585        0.00126688
     4.1000000        0.00165596        0.00123681
     4.2000000        0.00171634        0.00125573
     4.3000000        0.00172865        0.00108539
     4.4000000        0.00172553        0.00107048
     4.5000000        0.00167064        0.00108782
     4.6000000        0.00155545        0.00104958
     4.7000000        0.00144905        0.00097827
     4.8000000        0.00133004        0.00095531
     4.9000000        0.00143808        0.00101657
     5.0000000        0.00166902        0.00104721
     5.1000000        0.00185967        0.00117197
     5.2000000        0.00199886        0.00121070
     5.3000000        0.00203945        0.00114468
     5.4000000        0.00202305        0.00114733
     5.5000000        0.00253955        0.00116832
     5.6000000        0.00290796        0.00115167
     5.7000000        0.00290163        0.00103882
     5.8000000        0.00282354        0.00099176
     5.9000000        0.00292624        0.00099135
     6.0000000        0.00304584        0.00108030
     6.1000000        0.00310985        0.00105797
     6.2000000        0.00346824        0.00108354
     6.3000000        0.00361073        0.00111126
     6.4000000        0.00391597        0.00120221
     6.5000000        0.00423717        0.00123425
     6.6000000        0.00444521        0.00114280
     6.7000000        0.00432128        0.00114901
     6.8000000        0.00432523        0.00131995
     6.9000000        0.00468812        0.00152313
     7.0000000        0.00522756        0.00176523
     7.1000000        0.00598065        0.00189197
     7.2000000        0.00714280        0.00194429
     7.3000000        0.00811160        0.00205816
     7.4000000        0.00891300        0.00236387
     7.5000000        0.01068705        0.00197437
     7.6000000        0.01236596        0.00204974
     7.7000000        0.01479354        0.00191533
     7.8000000        0.01805542        0.00167644
     7.9000000        0.02148185        0.00143625
     8.0000000        0.02501872        0.00127691
     8.1000000        0.02890722        0.00106087
     8.2000000        0.03335015        0.00093164
     8.3000000        0.03801161        0.00099468
     8.4000000        0.04316825        0.00099708
     8.5000000        0.04979763        0.00116748
     8.6000000        0.05689059        0.00123384
     8.7000000        0.06522920        0.00127055
     8.8000000        0.07469867        0.00122177
     8.9000000        0.08581666        0.00130900
     9.0000000        0.09884116        0.00146505
     9.1000000        0.11343473        0.00164490
     9.2000000        0.13056806        0.00190787
     9.3000000        0.15054359        0.00211467
     9.4000000        0.17402465        0.00218484
     9.5000000        0.20159977        0.00246696
     9.6000000        0.23343957        0.00277233
     9.7000000        0.27039477        0.00313057
     9.8000000        0.31328547        0.00352752
     9.9000000        0.36340899        0.00380259
    10.0000000        0.42313055        0.00411775
