4.983403010000000410e-01
2.520084019999999647e-01
3.352073400000010750e-02
4.099050570000000171e-01
4.999653550000000557e-01
4.109444680000000627e-01
3.502991400000010636e-02
7.772803500000002863e-02
4.332970270000000568e-01
4.995046290000000333e-01
4.988606380000000229e-01
4.993155369999999760e-01
4.978056589999999559e-01
4.846677859999999338e-01
4.998488800000000509e-01
4.917352900000000471e-01
4.999635639999999714e-01
4.896597579999999450e-01
4.956620140000000951e-01
4.957931609999999267e-01
4.999032699999998997e-01
4.997788850000000060e-01
4.997827610000000753e-01
4.997343590000000724e-01
4.997862529999999026e-01
4.894017909999999194e-01
4.968677440000000001e-01
4.991657309999999459e-01
4.337344759999999244e-01
4.917955590000000488e-01
4.946441859999999302e-01
4.893477930000000864e-01
4.980342700000000011e-01
4.972870840000001014e-01
4.993407579999999957e-01
3.774687640000000677e-01
1.583238460000000458e-01
6.984230000000035687e-04
6.946960000000501623e-04
2.539861999999892817e-03
1.398568600000005269e-02
8.010306000000078086e-03
1.894531999999893301e-03
5.716585000000051764e-03
3.378262290000000334e-01
4.969173549999998940e-01
4.995450439999999936e-01
4.968928269999999259e-01
6.016527799999993320e-02
2.034195100000002476e-02
4.883486669999999030e-01
4.300580099999999906e-01
3.385201339999999171e-01
4.993523040000000801e-01
6.877995499999989271e-02
3.193776000000037030e-03
1.424222599999991345e-02
1.540984399999989485e-02
4.481982369999999438e-01
3.192411420000000888e-01
4.231877000000050515e-03
1.449497200000005037e-02
4.666456139999999309e-01
4.949029490000000919e-01
4.990349899999999561e-01
4.939346140000000496e-01
4.898668049999999052e-01
4.992390730000000332e-01
4.190234729999999796e-01
1.604439699999993252e-02
4.587148089999999456e-01
4.999909629999998995e-01
4.223349849999999961e-01
6.543666199999997879e-02
2.590385700000008562e-02
4.819024309999999645e-01
4.612887789999999821e-01
4.978507249999999384e-01
4.907548450000001061e-01
4.811233690000000784e-01
4.555497440000000342e-01
4.914544199999992813e-02
4.970041199999997161e-02
1.302681000000083245e-03
1.668211599999991357e-02
1.832583400000009632e-02
1.467937260000000688e-01
2.176780999999960997e-03
1.042623600000003314e-02
4.871291250000000517e-01
4.906631980000000226e-01
4.861328529999999759e-01
4.997597879999999826e-01
4.993350519999999459e-01
2.599333379999999583e-01
2.631336899999991985e-02
6.162591099999992217e-02
2.566523370000000082e-01
4.964134410000000663e-01
1.724507200000000573e-01
