     0.0000000        0.22859179        0.00155366
     0.1000000        0.13161245        0.00132678
     0.2000000        0.07637187        0.00102518
     0.3000000        0.04500643        0.00075976
     0.4000000        0.02646402        0.00062491
     0.5000000        0.01552138        0.00058367
     0.6000000        0.00918792        0.00054866
     0.7000000        0.00553602        0.00047111
     0.8000000        0.00334062        0.00040334
     0.9000000        0.00230790        0.00023921
     1.0000000        0.00172566        0.00020336
     1.1000000        0.00134793        0.00024907
     1.2000000        0.00105659        0.00029145
     1.3000000        0.00089181        0.00030774
     1.4000000        0.00081729        0.00028265
     1.5000000        0.00075137        0.00029858
     1.6000000        0.00059374        0.00025546
     1.7000000        0.00041870        0.00020633
     1.8000000        0.00036975        0.00016689
     1.9000000        0.00033207        0.00014571
     2.0000000        0.00028847        0.00013199
     2.1000000        0.00026072        0.00011127
     2.2000000        0.00014744        0.00008777
     2.3000000        0.00007299        0.00007587
     2.4000000        0.00002299        0.00007885
     2.5000000        0.00000371        0.00007654
     2.6000000       -0.00000118        0.00006224
     2.7000000       -0.00000661        0.00007343
     2.8000000       -0.00002075        0.00011911
     2.9000000       -0.00002578        0.00013897
     3.0000000       -0.00004404        0.00015771
     3.1000000       -0.00003818        0.00016201
     3.2000000       -0.00005381        0.00017867
     3.3000000       -0.00003956        0.00015096
     3.4000000       -0.00005217        0.00013672
     3.5000000       -0.00005773        0.00011981
     3.6000000       -0.00006094        0.00012308
     3.7000000       -0.00006432        0.00011525
     3.8000000       -0.00004784        0.00009889
     3.9000000        0.00004242        0.00005160
     4.0000000        0.00006259        0.00004146
     4.1000000        0.00007531        0.00003444
     4.2000000        0.00006992        0.00003595
     4.3000000        0.00004897        0.00003335
     4.4000000        0.00002896        0.00002731
     4.5000000        0.00002439        0.00002482
     4.6000000        0.00002801        0.00003254
     4.7000000        0.00003354        0.00003351
     4.8000000        0.00006253        0.00003128
     4.9000000        0.00007400        0.00003554
     5.0000000        0.00008831        0.00003802
     5.1000000        0.00010968        0.00004926
     5.2000000        0.00008556        0.00005101
     5.3000000        0.00007326        0.00005187
     5.4000000        0.00005302        0.00005457
     5.5000000        0.00002252        0.00006119
     5.6000000        0.00000747        0.00006110
     5.7000000       -0.00000858        0.00006341
     5.8000000       -0.00002664        0.00007796
     5.9000000       -0.00003284        0.00009185
     6.0000000       -0.00004852        0.00009623
     6.1000000       -0.00003377        0.00007291
     6.2000000       -0.00004897        0.00008065
     6.3000000       -0.00007155        0.00009958
     6.4000000       -0.00003643        0.00008007
     6.5000000       -0.00001472        0.00005406
     6.6000000       -0.00000004        0.00005380
     6.7000000        0.00003720        0.00006105
     6.8000000        0.00005942        0.00005429
     6.9000000        0.00004659        0.00004792
     7.0000000        0.00005338        0.00005052
     7.1000000        0.00009954        0.00007029
     7.2000000        0.00008771        0.00008929
     7.3000000        0.00008331        0.00009628
     7.4000000        0.00008786        0.00009314
     7.5000000        0.00012675        0.00010320
     7.6000000        0.00015477        0.00011012
     7.7000000        0.00020026        0.00012087
     7.8000000        0.00014349        0.00007759
     7.9000000        0.00020205        0.00011269
     8.0000000        0.00019861        0.00014872
     8.1000000        0.00019903        0.00020769
     8.2000000        0.00016878        0.00020470
     8.3000000        0.00018011        0.00020466
     8.4000000       -0.00001350        0.00027690
     8.5000000       -0.00001583        0.00031298
     8.6000000        0.00003722        0.00031132
     8.7000000       -0.00001430        0.00036103
     8.8000000       -0.00001976        0.00044363
     8.9000000        0.00025733        0.00045099
     9.0000000        0.00086076        0.00035522
     9.1000000        0.00189548        0.00038580
     9.2000000        0.00350239        0.00048973
     9.3000000        0.00566398        0.00051482
     9.4000000        0.00932966        0.00058601
     9.5000000        0.01557673        0.00062626
     9.6000000        0.02614334        0.00077057
     9.7000000        0.04453612        0.00086546
     9.8000000        0.07670695        0.00095175
     9.9000000        0.13179263        0.00113120
    10.0000000        0.22859179        0.00155366
