     0.0000000        0.49281889        0.00111553
     0.1000000        0.30063460        0.00088416
     0.2000000        0.18587730        0.00099458
     0.3000000        0.11724977        0.00076836
     0.4000000        0.07512306        0.00042181
     0.5000000        0.04903631        0.00031819
     0.6000000        0.03258964        0.00037906
     0.7000000        0.02197669        0.00035081
     0.8000000        0.01500740        0.00031534
     0.9000000        0.01032346        0.00027066
     1.0000000        0.00718242        0.00024335
     1.1000000        0.00500941        0.00018490
     1.2000000        0.00350134        0.00016045
     1.3000000        0.00237122        0.00016706
     1.4000000        0.00157493        0.00017504
     1.5000000        0.00099118        0.00022224
     1.6000000        0.00054404        0.00026922
     1.7000000        0.00021258        0.00028775
     1.8000000        0.00003658        0.00030313
     1.9000000       -0.00000134        0.00028209
     2.0000000       -0.00004574        0.00027675
     2.1000000        0.00007878        0.00017497
     2.2000000        0.00002512        0.00017649
     2.3000000       -0.00011727        0.00030952
     2.4000000       -0.00013126        0.00032604
     2.5000000       -0.00022261        0.00036665
     2.6000000       -0.00027633        0.00033080
     2.7000000       -0.00031309        0.00031144
     2.8000000       -0.00026794        0.00023023
     2.9000000       -0.00019710        0.00017145
     3.0000000       -0.00015785        0.00015696
     3.1000000       -0.00009466        0.00009768
     3.2000000       -0.00010172        0.00009240
     3.3000000       -0.00007790        0.00006781
     3.4000000       -0.00008536        0.00008664
     3.5000000       -0.00006592        0.00006921
     3.6000000       -0.00000595        0.00001300
     3.7000000        0.00003675        0.00005002
     3.8000000        0.00001990        0.00004202
     3.9000000        0.00003689        0.00005353
     4.0000000        0.00001320        0.00004394
     4.1000000       -0.00000349        0.00004935
     4.2000000        0.00001859        0.00005233
     4.3000000        0.00002734        0.00005458
     4.4000000        0.00003511        0.00004915
     4.5000000        0.00002530        0.00004445
     4.6000000        0.00003328        0.00005000
     4.7000000        0.00004215        0.00004751
     4.8000000        0.00003465        0.00003969
     4.9000000        0.00003272        0.00003593
     5.0000000        0.00003481        0.00003260
     5.1000000        0.00003619        0.00004904
     5.2000000        0.00002178        0.00004632
     5.3000000        0.00001757        0.00004071
     5.4000000        0.00001463        0.00003740
     5.5000000        0.00002147        0.00003906
     5.6000000        0.00002194        0.00003569
     5.7000000        0.00000671        0.00004232
     5.8000000       -0.00001502        0.00004741
     5.9000000       -0.00001785        0.00005462
     6.0000000       -0.00002804        0.00004875
     6.1000000       -0.00003866        0.00004216
     6.2000000       -0.00005001        0.00004081
     6.3000000       -0.00007947        0.00004650
     6.4000000       -0.00008329        0.00004339
     6.5000000       -0.00006463        0.00002388
     6.6000000       -0.00004742        0.00002781
     6.7000000       -0.00004737        0.00003442
     6.8000000       -0.00002083        0.00003033
     6.9000000        0.00000010        0.00002751
     7.0000000        0.00000584        0.00006248
     7.1000000        0.00001800        0.00008844
     7.2000000        0.00000629        0.00007369
     7.3000000        0.00000220        0.00006728
     7.4000000        0.00001361        0.00005553
     7.5000000        0.00001447        0.00004767
     7.6000000        0.00002653        0.00006499
     7.7000000        0.00005110        0.00006130
     7.8000000        0.00011308        0.00007047
     7.9000000        0.00020882        0.00009463
     8.0000000        0.00029052        0.00009235
     8.1000000        0.00041447        0.00011378
     8.2000000        0.00051140        0.00011940
     8.3000000        0.00074465        0.00007920
     8.4000000        0.00115469        0.00013664
     8.5000000        0.00155785        0.00015404
     8.6000000        0.00195543        0.00016170
     8.7000000        0.00267979        0.00008608
     8.8000000        0.00386094        0.00008197
     8.9000000        0.00539204        0.00008475
     9.0000000        0.00758594        0.00013549
     9.1000000        0.01061449        0.00012241
     9.2000000        0.01527993        0.00019253
     9.3000000        0.02233084        0.00033367
     9.4000000        0.03308587        0.00041473
     9.5000000        0.05004532        0.00048181
     9.6000000        0.07644847        0.00059918
     9.7000000        0.11851832        0.00061996
     9.8000000        0.18722444        0.00058701
     9.9000000        0.30110992        0.00075227
    10.0000000        0.49281889        0.00111553
