     0.0000000        2.00000000        0.00000004
     0.1000000        1.41309744        0.00139919
     0.2000000        1.00473870        0.00085908
     0.3000000        0.71909354        0.00336489
     0.4000000        0.52056972        0.00180977
     0.5000000        0.38008479        0.00210586
     0.6000000        0.27633285        0.00279576
     0.7000000        0.20166745        0.00152296
     0.8000000        0.15008494        0.00220928
     0.9000000        0.10913559        0.00192328
     1.0000000        0.07963597        0.00125208
     1.1000000        0.06014187        0.00176805
     1.2000000        0.04481767        0.00201786
     1.3000000        0.03298656        0.00075616
     1.4000000        0.02491768        0.00177829
     1.5000000        0.01587966        0.00234803
     1.6000000        0.01395458        0.00115974
     1.7000000        0.01217879        0.00095521
     1.8000000        0.01187829        0.00100445
     1.9000000        0.00835267        0.00158776
     2.0000000        0.00638476        0.00266064
     2.1000000        0.00285523        0.00254682
     2.2000000        0.00145168        0.00209733
     2.3000000        0.00127240        0.00192763
     2.4000000       -0.00047050        0.00077618
     2.5000000        0.00128663        0.00216703
     2.6000000        0.00099575        0.00128370
     2.7000000       -0.00082959        0.00204308
     2.8000000        0.00120958        0.00298973
     2.9000000        0.00099370        0.00187326
     3.0000000        0.00218289        0.00324945
     3.1000000        0.00110201        0.00250788
     3.2000000        0.00230627        0.00250638
     3.3000000        0.00242767        0.00323908
     3.4000000       -0.00025875        0.00264721
     3.5000000        0.00004259        0.00268579
     3.6000000       -0.00078340        0.00251808
     3.7000000       -0.00038633        0.00160259
     3.8000000       -0.00101119        0.00112266
     3.9000000       -0.00171623        0.00105297
     4.0000000       -0.00059847        0.00158072
     4.1000000        0.00064270        0.00296883
     4.2000000        0.00281193        0.00279647
     4.3000000       -0.00037552        0.00289987
     4.4000000       -0.00120503        0.00313401
     4.5000000       -0.00027254        0.00162622
     4.6000000       -0.00108603        0.00297138
     4.7000000       -0.00192204        0.00171858
     4.8000000       -0.00235736        0.00170142
     4.9000000        0.00102849        0.00046924
     5.0000000        0.00086942        0.00039701
     5.1000000        0.00162489        0.00218127
     5.2000000        0.00129801        0.00205745
     5.3000000       -0.00014096        0.00168316
     5.4000000       -0.00106558        0.00215426
     5.5000000       -0.00018936        0.00203098
     5.6000000        0.00011833        0.00246459
     5.7000000       -0.00055726        0.00189303
     5.8000000       -0.00102210        0.00178170
     5.9000000       -0.00041686        0.00186851
     6.0000000       -0.00172673        0.00260078
     6.1000000       -0.00226078        0.00203540
     6.2000000       -0.00388172        0.00105040
     6.3000000       -0.00211731        0.00112176
     6.4000000       -0.00158993        0.00067314
     6.5000000       -0.00226536        0.00122592
     6.6000000       -0.00217396        0.00234586
     6.7000000       -0.00165175        0.00221746
     6.8000000       -0.00145894        0.00131281
     6.9000000       -0.00162097        0.00083367
     7.0000000       -0.00085162        0.00113756
     7.1000000       -0.00140842        0.00151136
     7.2000000        0.00104710        0.00153215
     7.3000000        0.00383712        0.00139035
     7.4000000        0.00401400        0.00186400
     7.5000000        0.00319172        0.00229289
     7.6000000        0.00072904        0.00187074
     7.7000000        0.00037988        0.00174680
     7.8000000        0.00183916        0.00034042
     7.9000000        0.00388518        0.00193351
     8.0000000        0.00376562        0.00093361
     8.1000000        0.00482241        0.00254747
     8.2000000        0.00739441        0.00247970
     8.3000000        0.01005878        0.00137869
     8.4000000        0.01554126        0.00183328
     8.5000000        0.01892194        0.00274930
     8.6000000        0.02554649        0.00236026
     8.7000000        0.03382043        0.00290767
     8.8000000        0.04558913        0.00330391
     8.9000000        0.06080194        0.00299850
     9.0000000        0.08164800        0.00157933
     9.1000000        0.10962526        0.00211774
     9.2000000        0.14990685        0.00184784
     9.3000000        0.20608993        0.00041647
     9.4000000        0.27823157        0.00223044
     9.5000000        0.38035810        0.00219803
     9.6000000        0.52310336        0.00366691
     9.7000000        0.72426091        0.00155794
     9.8000000        1.00417703        0.00123756
     9.9000000        1.41141908        0.00226275
    10.0000000        2.00000000        0.00000000
