     0.0000000        0.23569717        0.00590633
     0.1000000        0.13817297        0.00604634
     0.2000000        0.08139640        0.00614060
     0.3000000        0.04925249        0.00568745
     0.4000000        0.03009937        0.00546739
     0.5000000        0.01811786        0.00552281
     0.6000000        0.01119842        0.00521202
     0.7000000        0.00775686        0.00484979
     0.8000000        0.00742480        0.00466755
     0.9000000        0.00682985        0.00453541
     1.0000000        0.00684797        0.00407873
     1.1000000        0.00559971        0.00376822
     1.2000000        0.00594095        0.00342962
     1.3000000        0.00531920        0.00348223
     1.4000000        0.00485370        0.00370186
     1.5000000        0.00469615        0.00400908
     1.6000000        0.00509750        0.00411236
     1.7000000        0.00489866        0.00397201
     1.8000000        0.00569828        0.00381862
     1.9000000        0.00648907        0.00352368
     2.0000000        0.00642654        0.00350744
     2.1000000        0.00677532        0.00346621
     2.2000000        0.00665345        0.00347858
     2.3000000        0.00634886        0.00339825
     2.4000000        0.00589141        0.00325525
     2.5000000        0.00638211        0.00310283
     2.6000000        0.00531904        0.00302947
     2.7000000        0.00387019        0.00304794
     2.8000000        0.00207660        0.00300071
     2.9000000        0.00059635        0.00309447
     3.0000000       -0.00111688        0.00322483
     3.1000000       -0.00173700        0.00285116
     3.2000000       -0.00216064        0.00280153
     3.3000000       -0.00334682        0.00340601
     3.4000000       -0.00239385        0.00329938
     3.5000000       -0.00071250        0.00264390
     3.6000000       -0.00043317        0.00243066
     3.7000000        0.00007970        0.00236889
     3.8000000        0.00186635        0.00234673
     3.9000000        0.00329232        0.00255509
     4.0000000        0.00311043        0.00266715
     4.1000000        0.00287392        0.00260256
     4.2000000        0.00286142        0.00255845
     4.3000000        0.00218373        0.00259601
     4.4000000        0.00231668        0.00264169
     4.5000000        0.00194578        0.00264406
     4.6000000        0.00244046        0.00255548
     4.7000000        0.00284845        0.00266034
     4.8000000        0.00270128        0.00298842
     4.9000000        0.00273945        0.00331979
     5.0000000        0.00282943        0.00352809
     5.1000000        0.00310929        0.00360941
     5.2000000        0.00416975        0.00361067
     5.3000000        0.00462404        0.00376460
     5.4000000        0.00509532        0.00402659
     5.5000000        0.00493662        0.00399616
     5.6000000        0.00427801        0.00405422
     5.7000000        0.00231095        0.00351000
     5.8000000        0.00104321        0.00321123
     5.9000000        0.00001234        0.00321803
     6.0000000        0.00067147        0.00324438
     6.1000000        0.00104309        0.00342962
     6.2000000        0.00036567        0.00368615
     6.3000000        0.00109929        0.00373368
     6.4000000        0.00046223        0.00363242
     6.5000000       -0.00014827        0.00332850
     6.6000000       -0.00051051        0.00314898
     6.7000000       -0.00015852        0.00313382
     6.8000000        0.00078333        0.00302709
     6.9000000        0.00134098        0.00306674
     7.0000000        0.00190609        0.00318913
     7.1000000        0.00133124        0.00323363
     7.2000000        0.00088386        0.00353115
     7.3000000        0.00091720        0.00360142
     7.4000000        0.00044998        0.00336394
     7.5000000       -0.00134011        0.00317875
     7.6000000       -0.00204396        0.00326388
     7.7000000       -0.00280737        0.00326469
     7.8000000       -0.00328965        0.00343699
     7.9000000       -0.00231466        0.00318263
     8.0000000       -0.00110635        0.00305100
     8.1000000       -0.00113676        0.00315897
     8.2000000       -0.00096116        0.00320799
     8.3000000       -0.00119843        0.00334258
     8.4000000       -0.00092629        0.00347083
     8.5000000        0.00094375        0.00357374
     8.6000000        0.00309943        0.00342122
     8.7000000        0.00216208        0.00386315
     8.8000000        0.00214741        0.00426532
     8.9000000        0.00294864        0.00423450
     9.0000000        0.00407148        0.00427728
     9.1000000        0.00478556        0.00448158
     9.2000000        0.00609403        0.00493021
     9.3000000        0.00792265        0.00536262
     9.4000000        0.01152990        0.00565806
     9.5000000        0.01788880        0.00572589
     9.6000000        0.02867424        0.00615582
     9.7000000        0.04702888        0.00642711
     9.8000000        0.07967536        0.00637018
     9.9000000        0.13720844        0.00600597
    10.0000000        0.23569717        0.00590633
