     0.0000000        3.23025097        0.09232224
     0.1000000        3.00352569        0.09404639
     0.2000000        2.82638681        0.09376254
     0.3000000        2.68361021        0.09074032
     0.4000000        2.56073532        0.08646260
     0.5000000        2.46018872        0.08396120
     0.6000000        2.37710005        0.08544222
     0.7000000        2.30492001        0.08850528
     0.8000000        2.24998709        0.09443320
     0.9000000        2.20586824        0.10234801
     1.0000000        2.16438179        0.10902384
     1.1000000        2.11908635        0.11168406
     1.2000000        2.06790010        0.10731966
     1.3000000        2.02103168        0.10225858
     1.4000000        1.98327067        0.10082613
     1.5000000        1.94811704        0.09966766
     1.6000000        1.91111391        0.09557091
     1.7000000        1.87683279        0.08939384
     1.8000000        1.84243622        0.08256816
     1.9000000        1.80794769        0.07577176
     2.0000000        1.77415848        0.06934776
     2.1000000        1.74544950        0.06467649
     2.2000000        1.71921300        0.06190572
     2.3000000        1.69758218        0.06218235
     2.4000000        1.67776572        0.06267198
     2.5000000        1.65754457        0.06270731
     2.6000000        1.63514048        0.06147403
     2.7000000        1.61384642        0.06095810
     2.8000000        1.59102986        0.06079639
     2.9000000        1.57387887        0.06176456
     3.0000000        1.55634800        0.05995850
     3.1000000        1.54011453        0.05790635
     3.2000000        1.52450476        0.05668610
     3.3000000        1.50864929        0.05382677
     3.4000000        1.49254018        0.05071525
     3.5000000        1.47619291        0.04720828
     3.6000000        1.46167892        0.04392443
     3.7000000        1.44866368        0.04181957
     3.8000000        1.44043458        0.04167690
     3.9000000        1.43527811        0.04207536
     4.0000000        1.42699290        0.04238125
     4.1000000        1.42112781        0.04339760
     4.2000000        1.41884718        0.04555975
     4.3000000        1.42055546        0.04704796
     4.4000000        1.42227309        0.04822291
     4.5000000        1.41586309        0.04638852
     4.6000000        1.40895834        0.04395099
     4.7000000        1.40636288        0.04411770
     4.8000000        1.40689521        0.04609793
     4.9000000        1.40627068        0.04669595
     5.0000000        1.40749739        0.04795475
     5.1000000        1.41025816        0.05012239
     5.2000000        1.41081970        0.04950881
     5.3000000        1.41328609        0.04945558
     5.4000000        1.42099741        0.05164670
     5.5000000        1.42969672        0.05462099
     5.6000000        1.43721724        0.05689600
     5.7000000        1.44374366        0.05977849
     5.8000000        1.45008617        0.06164349
     5.9000000        1.45880721        0.06142266
     6.0000000        1.46542015        0.06134554
     6.1000000        1.47197571        0.06068797
     6.2000000        1.48011451        0.06125457
     6.3000000        1.48885804        0.06210256
     6.4000000        1.50144102        0.06266807
     6.5000000        1.51423715        0.06556500
     6.6000000        1.52863784        0.06824620
     6.7000000        1.54026365        0.06871028
     6.8000000        1.55132288        0.06914235
     6.9000000        1.56257687        0.07070512
     7.0000000        1.58072029        0.07191740
     7.1000000        1.59692760        0.07158168
     7.2000000        1.61253439        0.07235140
     7.3000000        1.62897145        0.07332024
     7.4000000        1.64941533        0.07451203
     7.5000000        1.66954056        0.07701389
     7.6000000        1.69144576        0.07854644
     7.7000000        1.71514910        0.07876613
     7.8000000        1.73631384        0.07753346
     7.9000000        1.76140938        0.07559719
     8.0000000        1.78937595        0.07697037
     8.1000000        1.81957733        0.08076073
     8.2000000        1.85728911        0.08929586
     8.3000000        1.89272940        0.09857256
     8.4000000        1.92923860        0.10457856
     8.5000000        1.96426467        0.10532185
     8.6000000        1.99149397        0.09467102
     8.7000000        2.02522576        0.09067256
     8.8000000        2.06809931        0.08591682
     8.9000000        2.11312933        0.08126691
     9.0000000        2.16235789        0.07595971
     9.1000000        2.21647381        0.07682077
     9.2000000        2.27475852        0.08083298
     9.3000000        2.34153312        0.08566438
     9.4000000        2.42086204        0.09133828
     9.5000000        2.50781532        0.09967624
     9.6000000        2.60273935        0.10163896
     9.7000000        2.71096718        0.10039333
     9.8000000        2.84320581        0.09648366
     9.9000000        3.01215924        0.09472912
    10.0000000        3.23025097        0.09232224
