1.827766698999999939e-01
1.750983700000000032e-01
1.391956186999999956e-01
1.155794811000000061e-01
1.257801390000000130e-01
1.350398690999999873e-01
1.700456478000000049e-01
1.599077231999999904e-01
1.474376058000000100e-01
1.336257505000000012e-01
1.380724134999999908e-01
1.465193334999999875e-01
1.206871313999999945e-01
1.197542879000000060e-01
1.209624331000000025e-01
1.407635674999999920e-01
1.345380954000000018e-01
1.665571741000000106e-01
1.342615651000000077e-01
9.962538367999999867e-02
1.276194418999999913e-01
1.261301663999999934e-01
1.437203713999999910e-01
1.233002133000000028e-01
1.138298838000000035e-01
1.412308559000000074e-01
1.145748112000000013e-01
1.238489640000000058e-01
1.206905667000000015e-01
1.120247204999999940e-01
1.381144223000000115e-01
1.453467223999999891e-01
1.538115258999999957e-01
1.642818319999999888e-01
1.595870313999999957e-01
1.352469788000000006e-01
1.269075121999999889e-01
8.796469735999999651e-02
1.246886366999999940e-01
1.470216759000000095e-01
1.523169531999999937e-01
1.460226799000000075e-01
1.591921520000000034e-01
7.539149478999999932e-02
1.554948318999999912e-01
1.759414115000000056e-01
1.183451160000000002e-01
1.661456625000000131e-01
1.010225914999999947e-01
1.442833188000000044e-01
1.757788009000000040e-01
1.460401343999999935e-01
1.651440211000000102e-01
1.033980178999999999e-01
1.410499306000000119e-01
1.822822523000000028e-01
1.635149291999999921e-01
1.635152605999999897e-01
1.507693293000000045e-01
1.334711766999999993e-01
1.542815086000000058e-01
1.471879114000000099e-01
9.128058839000000035e-02
1.550237288000000102e-01
1.196114929999999993e-01
1.233745621999999924e-02
4.014578835000000290e-02
1.348612148999999982e-01
1.707159658000000080e-01
1.661206554999999918e-01
1.610283205999999967e-01
1.514333166999999869e-01
1.698013194999999920e-01
1.283528710999999878e-01
1.461163511000000137e-01
1.965879999000000045e-01
1.467001736000000112e-01
1.060280487999999965e-01
1.644905865000000078e-01
1.563098661000000000e-01
1.407614390999999965e-01
1.483767166000000137e-01
1.603064486999999927e-01
1.454288313000000055e-01
1.134745808000000022e-01
1.406557298999999983e-01
1.615701052999999887e-01
1.510908797999999942e-01
8.513313701999999927e-02
6.857989569000000341e-02
8.838908871999999473e-02
1.052853423999999954e-01
1.668719868999999911e-01
1.394461218999999974e-01
1.581667720000000110e-01
1.243274003000000016e-01
1.301392861000000012e-01
1.528112101999999917e-01
1.533035192999999963e-01
1.358564678999999997e-01
1.549067986000000063e-01
1.591436397000000058e-01
1.681612229999999986e-01
1.647896547000000100e-01
1.834670677999999944e-01
1.492849488999999918e-01
1.623721039999999893e-01
1.343749805999999991e-01
1.564630488000000041e-01
1.253484485999999953e-01
1.686507801999999889e-01
1.342400951999999925e-01
1.470968035000000118e-01
1.294872763999999898e-01
1.041162191999999986e-01
1.457448583000000020e-01
9.656239852999999596e-02
1.136279889999999987e-01
1.428573201999999986e-01
1.287516177999999956e-01
2.034613002000000004e-01
1.605957474999999968e-01
1.312192721999999867e-01
1.544291509999999867e-01
1.399143140999999924e-01
1.138451057000000044e-01
1.381173236000000082e-01
9.207576399000000356e-02
1.084398223000000022e-01
1.554223032000000004e-01
1.516760346999999898e-01
1.214031517999999976e-01
1.735895050000000051e-01
1.225638358000000067e-01
7.312925331000000306e-02
1.119235648999999944e-01
1.737516543000000024e-01
1.724056002000000087e-01
1.290378446000000068e-01
1.066925439000000059e-01
1.384179986000000084e-01
1.452231045000000054e-01
1.310851799999999956e-01
1.282187257000000080e-01
1.465606882000000111e-01
1.775181335000000082e-01
1.346141012000000026e-01
1.195047731999999974e-01
1.297869839999999941e-01
1.221299284999999984e-01
1.239170960000000044e-01
1.591747987999999892e-01
1.060500412999999947e-01
1.308825295999999916e-01
1.262244130000000075e-01
1.175124555000000015e-01
1.012441330999999944e-01
1.114237945000000063e-01
1.457563233999999985e-01
1.567786777999999881e-01
1.139990314000000060e-01
1.847289374999999956e-01
1.458647175999999990e-01
1.699077961999999886e-01
1.515545427999999972e-01
1.492900782000000093e-01
1.560887883000000032e-01
1.481580854000000003e-01
1.107809852000000012e-01
1.317249826000000124e-01
1.444570779000000083e-01
1.075050595999999942e-01
1.451411780000000096e-01
1.344717209999999885e-01
1.015635195999999990e-01
1.119920803999999992e-01
1.384779641999999977e-01
1.760428870999999895e-01
1.260280189999999911e-01
1.847699952999999895e-01
1.156911327999999989e-01
1.469376067000000008e-01
9.327720135000000523e-02
1.326883500000000105e-01
1.332734490999999966e-01
1.281144522000000063e-01
1.534572790000000020e-01
1.574919237000000083e-01
1.117370139999999956e-01
1.154596598000000029e-01
1.404362361000000003e-01
1.665812633000000043e-01
1.516139263000000070e-01
1.438218779999999863e-01
1.089924864000000049e-01
1.834955917999999964e-01
1.383534509999999884e-01
1.947891558000000023e-01
1.573396766999999863e-01
1.776101925999999942e-01
1.512687518999999980e-01
1.282772328000000017e-01
1.473785498999999888e-01
1.328198603000000089e-01
1.498317043999999876e-01
1.649097851000000114e-01
1.105643181999999974e-01
1.408943930999999872e-01
1.344487313000000128e-01
1.072438420000000059e-01
1.095287751999999976e-01
1.132844900000000016e-01
1.533238095999999995e-01
1.116736603000000050e-01
1.294324849000000055e-01
1.668193544000000084e-01
5.767360349000000275e-02
7.693684064000000378e-02
1.875657528000000129e-01
1.656199807000000024e-01
1.464930016000000057e-01
1.626256661999999908e-01
1.448185438000000047e-01
1.414514380000000127e-01
1.501029497999999962e-01
1.631898830999999883e-01
1.841100062999999898e-01
1.000250602000000016e-01
1.084068921999999935e-01
1.551745478999999872e-01
1.192900067000000064e-01
1.415483928000000058e-01
1.580453235000000012e-01
1.450850189000000012e-01
1.474793725999999916e-01
1.088661266000000016e-01
1.265627564000000038e-01
1.468027373000000135e-01
1.432758041999999954e-01
1.352764741999999965e-01
1.576796467999999896e-01
1.494458797000000061e-01
1.571003068999999863e-01
1.322852352999999981e-01
1.227147014999999952e-01
1.371079023000000008e-01
1.577112767999999943e-01
1.549337276999999957e-01
1.224766191000000032e-01
1.054004132999999954e-01
1.747842216999999920e-01
1.278186439000000008e-01
1.116296521000000042e-01
9.793271842999999588e-02
1.068359385000000050e-01
1.766311369999999936e-01
1.122721153000000027e-01
1.157452229999999943e-01
1.191877689000000046e-01
1.294897204000000079e-01
1.465508749999999971e-01
1.665356441999999992e-01
1.587584915999999957e-01
1.447934190999999871e-01
1.595624385999999950e-01
1.553142342999999925e-01
9.997613607999999985e-02
1.579877352000000068e-01
1.288818710000000090e-01
1.318792370999999908e-01
8.677516772000000433e-02
1.671528881000000077e-01
1.211379729000000016e-01
1.449716259999999923e-01
1.372131262999999879e-01
1.327351314999999921e-01
1.713092203999999896e-01
1.451395893999999909e-01
1.901348293000000023e-01
1.368513350999999989e-01
7.659783280000000139e-02
1.136904358999999975e-01
1.149636329999999956e-01
1.486461621000000066e-01
1.560708456000000077e-01
1.376196983000000096e-01
1.662283746999999867e-01
1.412740342999999898e-01
1.425164441000000004e-01
1.718311191000000127e-01
1.377293421000000129e-01
1.470930756999999922e-01
1.472940950999999943e-01
1.427120574999999891e-01
9.102132663999999707e-02
1.105549190000000015e-01
1.745051377999999875e-01
1.837108830999999998e-01
8.669561625999999688e-02
1.007599270999999935e-01
1.732327432999999917e-01
1.565173693999999949e-01
1.198807157999999956e-01
1.323638421999999981e-01
1.715078747999999875e-01
1.359988350000000124e-01
1.684613876999999926e-01
1.546417818999999971e-01
1.358178589000000047e-01
1.222141176000000051e-01
1.694936029000000122e-01
1.751974515999999982e-01
1.602428693999999876e-01
9.363076167000000671e-02
1.811755976999999962e-01
1.566284891999999984e-01
1.503151762999999919e-01
1.217212413999999993e-01
1.695008272000000094e-01
1.343608619999999976e-01
1.604449625000000101e-01
1.340471862000000014e-01
8.947536416000000103e-02
1.482077276000000055e-01
1.510293890999999944e-01
1.329434150999999897e-01
1.661418785999999870e-01
1.476871009000000068e-01
1.443719696999999913e-01
1.556042559999999964e-01
1.634224730000000125e-01
8.637901205999999610e-02
9.938278882999999897e-02
1.287422413000000043e-01
1.750590234999999939e-01
1.216945425999999969e-01
1.673962078000000020e-01
1.037767354999999947e-01
1.161882657000000013e-01
8.233558015000000396e-02
1.308299152999999881e-01
1.856120702000000067e-01
1.413999278999999998e-01
1.061253828999999954e-01
1.621587428000000053e-01
1.423649731999999946e-01
1.020530340000000008e-01
1.358382112000000030e-01
1.978964175000000048e-01
1.825674667999999945e-01
8.352799567999999453e-02
8.109657311000000035e-02
1.849238009999999988e-01
1.623303721000000088e-01
1.470724143000000095e-01
1.703115020000000035e-01
9.858451084000000031e-02
1.451472695000000090e-01
1.219641112000000027e-01
1.189295489000000011e-01
1.219705858999999976e-01
1.328266435999999884e-01
1.470963989000000083e-01
1.035689895999999943e-01
9.159140809000000660e-02
1.148650068999999968e-01
1.372203161999999976e-01
1.633933187000000120e-01
1.735268239999999962e-01
1.584983043000000036e-01
1.113163979000000026e-01
1.483643741000000016e-01
1.728936642999999995e-01
1.508074823999999980e-01
1.566022226999999878e-01
1.757406524000000025e-01
1.391629241000000017e-01
1.586800720000000053e-01
1.528363500999999902e-01
1.458785177999999960e-01
1.642178673999999949e-01
1.636783045999999908e-01
1.416124364999999941e-01
1.232198843999999932e-01
1.795544172999999910e-01
1.469610594000000103e-01
1.521117781999999918e-01
1.505736162000000100e-01
1.301013540000000024e-01
1.406837358999999954e-01
1.524567850000000113e-01
1.530349383000000063e-01
1.448758146999999941e-01
1.213965481000000013e-01
1.282326101000000051e-01
1.403394173999999994e-01
1.701234601999999929e-01
1.553581239999999863e-01
1.669117856000000011e-01
1.083863649999999984e-01
1.265184815000000018e-01
1.695498883999999873e-01
1.380042740000000101e-01
1.420453792999999965e-01
1.462034101999999947e-01
1.115499742999999933e-01
1.028022888000000024e-01
1.375425155999999982e-01
1.108306872999999942e-01
1.609394671999999915e-01
1.694445501999999881e-01
1.265542476000000027e-01
9.170767901000000111e-02
1.409988017999999899e-01
1.138599485000000022e-01
1.301586744000000073e-01
1.243904395999999996e-01
1.158146456999999963e-01
1.520706039999999981e-01
1.567491273999999934e-01
1.471314451000000079e-01
1.550224058000000127e-01
1.319485777000000137e-01
1.444698652999999999e-01
1.233723912999999950e-01
1.354533353000000051e-01
1.701786291999999867e-01
1.255099889999999885e-01
1.094802215999999967e-01
1.184549981000000002e-01
1.432851551999999862e-01
1.615254459999999892e-01
1.383590207000000016e-01
1.383527961999999889e-01
1.221948649000000053e-01
1.162730339999999973e-01
1.240049339999999972e-01
1.297233741000000107e-01
1.576189715000000102e-01
1.428874836000000037e-01
1.711056006999999990e-01
1.760807698999999893e-01
1.047642265999999961e-01
1.236046799999999946e-01
1.504883870000000012e-01
1.630184073000000011e-01
1.434056495999999903e-01
1.753366872000000076e-01
1.443587048999999956e-01
1.574859063999999864e-01
1.574689753999999886e-01
1.179361684999999937e-01
9.262567315000000412e-02
1.608036189000000005e-01
1.754558716999999879e-01
1.644676351999999897e-01
1.711080788000000075e-01
1.264065172000000126e-01
1.606698329000000036e-01
1.659149265000000040e-01
1.090231690000000031e-01
1.484495309999999957e-01
9.909062806000000501e-02
1.459546387000000001e-01
1.224598962000000013e-01
1.899776733999999911e-01
1.403399479000000116e-01
1.275402305999999986e-01
1.302438603999999944e-01
1.159114864999999939e-01
1.504458062000000040e-01
1.501036618999999905e-01
9.441675874999999607e-02
1.162766892000000052e-01
1.239462691000000061e-01
1.370692132999999924e-01
1.479234945000000023e-01
1.207000738000000017e-01
8.144026421000000182e-02
1.180061926000000039e-01
1.297455432999999880e-01
1.565391600000000105e-01
1.422617304999999888e-01
1.010147468999999937e-01
1.469370703000000000e-01
1.889135493000000110e-01
1.623868673999999956e-01
1.277316947000000091e-01
1.625532456000000070e-01
1.890679828999999867e-01
6.467719059000000270e-02
1.795018844000000058e-01
1.554453852000000080e-01
1.693924008999999897e-01
1.203115832000000024e-01
1.550400930999999982e-01
1.416527435000000112e-01
1.255521058999999884e-01
1.171129857000000052e-01
1.676203588000000078e-01
1.721469710000000097e-01
1.077416288999999971e-01
1.181834665000000006e-01
1.293883050000000090e-01
1.586170463000000086e-01
1.290873121999999984e-01
1.383325320000000080e-01
1.698601493000000129e-01
1.300038886999999865e-01
1.669972765000000137e-01
1.243782415000000002e-01
1.401761980000000019e-01
1.426286270000000078e-01
6.593291340000000111e-02
1.720382803000000127e-01
1.507787643999999871e-01
1.288916116999999917e-01
1.427840187999999955e-01
1.568005526000000038e-01
1.209604043999999989e-01
1.105515692999999994e-01
1.322955734000000050e-01
1.330223725999999940e-01
1.455431248999999871e-01
1.705630805999999999e-01
1.424793366999999866e-01
1.760850807999999879e-01
1.509486126000000039e-01
1.197400368000000048e-01
1.548840160000000132e-01
1.936227265999999891e-01
1.435626302999999937e-01
1.249430970000000030e-01
1.076824123999999966e-01
1.324759178999999898e-01
1.312406509000000054e-01
1.453037120000000015e-01
1.379532921999999939e-01
1.184421717999999957e-01
1.522442086000000139e-01
1.433980729999999870e-01
1.096181222000000011e-01
1.486466245999999991e-01
1.840130373999999958e-01
1.013236351999999979e-01
1.778589641999999971e-01
1.636225658000000083e-01
1.717472576999999889e-01
1.307517267999999955e-01
1.668594545000000040e-01
1.343113221999999995e-01
1.485162982999999881e-01
1.435998615999999894e-01
1.218964765999999977e-01
1.799473407999999941e-01
1.398382341999999945e-01
1.036277062999999971e-01
1.802623425000000057e-01
1.541852630999999973e-01
1.485679645000000104e-01
1.525364453999999981e-01
9.343828053000000078e-02
1.226209473999999994e-01
1.123465716999999947e-01
1.532141723000000066e-01
1.466923531000000058e-01
1.590803084000000089e-01
1.705339644999999960e-01
1.405568076000000000e-01
8.971040869999999390e-02
1.382336341000000024e-01
1.554324743999999925e-01
1.442389319000000059e-01
1.447001518999999903e-01
1.356129118999999938e-01
1.444795258999999887e-01
1.595578700999999988e-01
1.600208456999999973e-01
1.796741357999999955e-01
1.489295059000000088e-01
1.059851666999999942e-01
1.220623274999999980e-01
1.712003639999999938e-01
1.529639060000000106e-01
1.407264431999999954e-01
1.631914247000000040e-01
1.196004444000000055e-01
1.271486450000000046e-01
1.293322641999999911e-01
1.357877312000000114e-01
1.488860559999999889e-01
1.303946076999999981e-01
1.478968656000000104e-01
1.926645761000000123e-01
1.684557690000000052e-01
1.632747384000000079e-01
1.568811277999999920e-01
1.561992083000000031e-01
1.522576837999999877e-01
1.686067796000000063e-01
1.334201043000000086e-01
6.500247134999999343e-02
1.593444900000000053e-01
1.512100839999999946e-01
1.504043908000000096e-01
1.240592380999999966e-01
1.377150766000000137e-01
1.455593215000000051e-01
1.516728619999999916e-01
2.956087492000000067e-02
1.421648228000000069e-01
1.467826442999999870e-01
1.604371280999999927e-01
1.701154061000000051e-01
1.717070311999999987e-01
1.768217356000000018e-01
1.260922016000000090e-01
8.680758169999999718e-02
1.721607071000000044e-01
9.394683246000000432e-02
9.294196262999999958e-02
9.328699773000000139e-02
1.113347407000000039e-01
1.732972345000000081e-01
1.484278363000000045e-01
1.461915897000000131e-01
1.841828685999999937e-01
1.245806123000000043e-01
1.721539045000000101e-01
1.827435299000000068e-01
1.375297293999999948e-01
1.750925161000000119e-01
1.589722363000000138e-01
1.651528824000000062e-01
1.302968576999999906e-01
1.267463634999999866e-01
1.285877331999999984e-01
1.047543694999999997e-01
1.161121816000000029e-01
1.591949259000000061e-01
1.251851619999999887e-01
1.794890892999999876e-01
1.557291299999999934e-01
1.375149307000000098e-01
1.555198747000000048e-01
1.297886032999999995e-01
1.807849058000000064e-01
1.398319202999999955e-01
1.376597163999999929e-01
1.282603817000000090e-01
1.115624379000000055e-01
9.513302656000000024e-02
1.154082664000000008e-01
1.181011527000000033e-01
1.176690556000000026e-01
1.021443172999999954e-01
1.756069539000000013e-01
1.322740468999999974e-01
1.185718917999999955e-01
1.479777623000000097e-01
1.446962408999999949e-01
1.415518108999999913e-01
1.374758191999999879e-01
1.622214861000000063e-01
1.216239347999999998e-01
1.191888767999999960e-01
1.602251121000000111e-01
1.301768157000000037e-01
1.225097962000000068e-01
1.380612659000000075e-01
1.529599117999999869e-01
1.584661490000000006e-01
1.689724076999999935e-01
1.265541980000000066e-01
1.372220710000000010e-01
1.001804278999999936e-01
1.362305998999999990e-01
1.587539933999999875e-01
1.598895743000000036e-01
1.474439483999999967e-01
1.097705900000000012e-01
1.086093518999999979e-01
1.462387994000000080e-01
1.306291803999999890e-01
1.159427707999999974e-01
9.277053520000000386e-02
1.304924933999999925e-01
1.769558598000000038e-01
1.348776422999999891e-01
1.217951785999999981e-01
1.847256785999999984e-01
1.523440242999999916e-01
1.556744230000000062e-01
1.549162172999999920e-01
1.460440235999999892e-01
1.247029587999999994e-01
1.651517597999999920e-01
1.737722083000000084e-01
1.169708698999999963e-01
1.008343857999999954e-01
1.345575065000000070e-01
1.395855270999999953e-01
1.562331670000000061e-01
1.226996474000000004e-01
1.346176675999999905e-01
1.486678533000000135e-01
1.112437455000000047e-01
1.377643125000000135e-01
1.837730875999999958e-01
1.276311263999999890e-01
1.542243339999999907e-01
1.616951010000000077e-01
1.536625003000000045e-01
1.548752714999999947e-01
1.281031707999999991e-01
1.033285869999999995e-01
1.162722689999999975e-01
1.180189804999999953e-01
9.378261121000000533e-02
1.352238379000000046e-01
1.020499029999999974e-01
1.372815874999999963e-01
1.211106391000000004e-01
1.527414897999999910e-01
9.855183229000000211e-02
1.359001031000000026e-01
1.452489445000000046e-01
1.518303132000000111e-01
1.290586015000000086e-01
1.100211571999999971e-01
1.285148805999999921e-01
1.190376940999999938e-01
1.478234978999999893e-01
1.641972517999999992e-01
1.617442840999999965e-01
1.302056922000000005e-01
1.274642433000000019e-01
1.067222562000000041e-01
1.704507526000000051e-01
1.393689934000000019e-01
1.388358667000000046e-01
1.234362227999999950e-01
1.276112728999999890e-01
1.136533487000000037e-01
1.488356442000000057e-01
1.507651069000000010e-01
8.414739485000000130e-02
1.145346342999999933e-01
1.482384022999999884e-01
1.161340146999999962e-01
1.381431469000000134e-01
1.445583233999999939e-01
1.124586865999999963e-01
9.406706840999999597e-02
1.281681732999999934e-01
1.745401719000000129e-01
1.374929867999999944e-01
1.193205353000000024e-01
1.776181057000000008e-01
1.506553570999999980e-01
1.688455835000000071e-01
1.312726168999999998e-01
1.544292979000000121e-01
1.120526403000000060e-01
1.124337341999999962e-01
1.318701921000000055e-01
1.187083235999999986e-01
1.296564789999999912e-01
1.491106969999999865e-01
1.372564749000000084e-01
1.794367283999999951e-01
1.305502879999999866e-01
8.134370561999999805e-02
1.708110925999999918e-01
1.623002410999999923e-01
1.762036378999999875e-01
1.204632405999999933e-01
1.533396971000000053e-01
1.526959048000000041e-01
1.339924398000000016e-01
1.400151259000000092e-01
1.531691839000000055e-01
1.197332261000000064e-01
1.413133450999999874e-01
1.140309191999999971e-01
1.393924864999999957e-01
1.641424974000000037e-01
1.574072160999999970e-01
1.179839924999999956e-01
1.676948822000000061e-01
1.611086186000000031e-01
1.575320326000000104e-01
5.240540845000000308e-02
1.662037204000000046e-01
1.312015633999999986e-01
1.469843946000000123e-01
1.672842686000000079e-01
1.758530118999999947e-01
1.035758690999999954e-01
6.842113243000000344e-02
6.715904727999999491e-02
1.536304679999999923e-01
1.219001207000000031e-01
1.225997793999999974e-01
1.219470275999999936e-01
1.393013234000000100e-01
1.402484954999999867e-01
1.378440646999999908e-01
1.522153955999999975e-01
9.241997989000000358e-02
1.212076995999999962e-01
1.240607440999999950e-01
1.085126146999999958e-01
1.157473660000000043e-01
1.205785780000000057e-01
1.516704103000000026e-01
1.472955045000000074e-01
1.651513648000000056e-01
1.329439346999999882e-01
1.683670589000000051e-01
1.299957048000000004e-01
1.305286865999999990e-01
1.553969963999999870e-01
1.363636243000000137e-01
1.620609788000000051e-01
9.418656952999999998e-02
1.413515711999999980e-01
1.029776349000000035e-01
1.325995765999999909e-01
1.115304211999999934e-01
1.814240806999999900e-01
9.736367939999999999e-02
1.483584437000000089e-01
1.033862625000000063e-01
9.223855784999999974e-02
1.461099520999999957e-01
1.261323758000000017e-01
1.114726122000000014e-01
1.363087323000000128e-01
1.507077832000000006e-01
1.053015637000000032e-01
1.095197821999999988e-01
1.276189803999999983e-01
1.440998052999999945e-01
1.624162966999999902e-01
8.264035140000000612e-02
1.826251543000000088e-01
1.473617768000000106e-01
1.202342004999999991e-01
1.364451050999999915e-01
1.674222049999999906e-01
1.369816238000000075e-01
1.652880113000000095e-01
1.574465180999999880e-01
1.505026923999999988e-01
1.717939413000000026e-01
1.375609563000000091e-01
1.203645941999999941e-01
1.617667552000000009e-01
1.446365275000000006e-01
1.590313157000000088e-01
1.780622621999999877e-01
1.619690532999999988e-01
1.663152182000000034e-01
1.310074663999999944e-01
1.556620182000000019e-01
1.482813665999999919e-01
1.510987862000000015e-01
1.649342295000000014e-01
1.778455757000000081e-01
1.714533863999999908e-01
1.650148781000000120e-01
1.793922206000000130e-01
1.358732649999999931e-01
1.639958897999999887e-01
1.253988796000000128e-01
1.070931462999999972e-01
1.305677698000000109e-01
1.725278725000000124e-01
1.559863504000000012e-01
9.442564819000000276e-02
1.558161566000000053e-01
1.622823603999999920e-01
1.607146852999999931e-01
1.403705821000000020e-01
1.473268486000000044e-01
1.239810533000000048e-01
1.276566155999999952e-01
1.039823037999999950e-01
9.252939003000000551e-02
1.270556441000000036e-01
1.594753815999999935e-01
1.284917378000000054e-01
9.856635701999999499e-02
1.363525026000000084e-01
1.028187638000000043e-01
1.079030874000000001e-01
9.834117549000000180e-02
1.747427695000000059e-01
1.391530787999999963e-01
1.693659217000000050e-01
1.195106630999999975e-01
7.408714719999999476e-02
1.335874535000000085e-01
1.483359374999999869e-01
1.079800380000000004e-01
1.676976548999999928e-01
1.163719101000000034e-01
1.621472220999999880e-01
1.237598064999999997e-01
1.390766707999999963e-01
1.406980278999999945e-01
1.904223238999999956e-01
1.247599496000000030e-01
1.382130116999999991e-01
1.887430516999999974e-01
1.701721106000000094e-01
1.392030535000000069e-01
1.408663323999999883e-01
1.262787123000000122e-01
1.216180532000000064e-01
1.361808471000000020e-01
1.429267887000000015e-01
1.149599607999999967e-01
1.554285280999999908e-01
1.777800647999999983e-01
1.340844317000000063e-01
1.507052141000000123e-01
1.531948669000000041e-01
1.317058718999999933e-01
1.416443474000000091e-01
1.481198857000000091e-01
1.509564059999999874e-01
1.302008627000000029e-01
1.702159956000000030e-01
1.498976344000000072e-01
1.318891113000000004e-01
1.366540491999999885e-01
1.350926979000000028e-01
1.884485052000000049e-01
1.485788453000000120e-01
1.524497606000000116e-01
1.534491561999999920e-01
1.190489663999999975e-01
1.323696609999999996e-01
1.162711290999999952e-01
1.065931737999999962e-01
1.314009385000000085e-01
1.391908900000000116e-01
1.435984861000000057e-01
1.711327551999999863e-01
8.331607466000000295e-02
1.140562526000000049e-01
1.483061411000000107e-01
9.012385332000000249e-02
1.493818417999999981e-01
1.206566228999999962e-01
1.243521249999999939e-01
1.460890043999999999e-01
1.477942690999999864e-01
1.647180256999999926e-01
1.616998065999999956e-01
1.174905606999999963e-01
1.311812230999999940e-01
1.762449751999999870e-01
1.555004224000000046e-01
1.408760115999999896e-01
1.417434482999999912e-01
1.506047199999999975e-01
1.814935712000000090e-01
1.885517386999999989e-01
1.735941578999999901e-01
1.331625139000000013e-01
1.332406637000000116e-01
1.570556549999999885e-01
1.269586773999999973e-01
1.699132213000000002e-01
1.640305975999999943e-01
1.538748598000000134e-01
1.373492458999999999e-01
1.241807488999999987e-01
1.404525764000000010e-01
1.661649749999999925e-01
1.408093903000000036e-01
1.351972056000000089e-01
1.387995244999999933e-01
1.508462842999999942e-01
1.576461741999999888e-01
1.501841073999999887e-01
1.220184115000000069e-01
1.382953077999999891e-01
1.398241885000000018e-01
1.002889936000000010e-01
1.480723321999999897e-01
1.149435718000000051e-01
1.168409053000000059e-01
1.338389368000000024e-01
1.502915096000000117e-01
1.690103974000000120e-01
1.629135891999999863e-01
1.621509509999999876e-01
1.093313360999999956e-01
1.480378252000000006e-01
1.655607686999999995e-01
1.231453379999999931e-01
1.367710215000000062e-01
1.265997480000000119e-01
1.780337644999999969e-01
1.740416412999999940e-01
1.672682580000000030e-01
1.492083318000000103e-01
1.086530891000000026e-01
1.068739608999999952e-01
1.343108330999999989e-01
1.517247687999999928e-01
1.348851242999999922e-01
1.257443159999999949e-01
1.479990207999999918e-01
1.287206871000000086e-01
1.086270768999999942e-01
1.421137950999999955e-01
1.067689401999999954e-01
8.155874653000000363e-02
1.112786193000000062e-01
1.166610347999999936e-01
1.286038855999999952e-01
1.229344391000000009e-01
1.155380332999999954e-01
1.202052665999999992e-01
1.211273253000000050e-01
9.959340794000000330e-02
1.423671633999999964e-01
9.531523458000000504e-02
1.420943571000000127e-01
1.341485269000000091e-01
1.421046291999999989e-01
1.317884729000000088e-01
1.471998160999999916e-01
1.649752532000000049e-01
1.249773049000000025e-01
1.023670918999999985e-01
8.542209686000000468e-02
7.876626345999999945e-02
1.130977098000000014e-01
1.453221268000000066e-01
1.074299140999999957e-01
1.834514502000000047e-01
1.443526662999999877e-01
1.187328983999999948e-01
1.335955107000000031e-01
1.299214626000000095e-01
1.163715988000000034e-01
9.866592148000000173e-02
1.241423016000000046e-01
9.942755803000000170e-02
1.511180132999999925e-01
9.532000633999999917e-02
1.798982483000000077e-01
1.082547358999999959e-01
1.010510978999999976e-01
1.733914289000000053e-01
9.294203578000000132e-02
1.575254902000000068e-01
1.295534741999999906e-01
1.223907102000000024e-01
1.702237058999999941e-01
1.076368847999999989e-01
1.245881046999999936e-01
1.377979726999999932e-01
4.667832671000000239e-02
1.141503957999999985e-01
1.012318283000000069e-01
8.260387579000000313e-02
1.474941510999999983e-01
1.415760766999999976e-01
1.323699587999999927e-01
1.402657097999999991e-01
1.258653747000000045e-01
1.038208075999999952e-01
1.243940320999999960e-01
1.263169211999999875e-01
1.355040953999999964e-01
1.565268636000000102e-01
1.521785941999999892e-01
1.479667595999999974e-01
1.429071604999999912e-01
1.286609455000000124e-01
1.305028339000000037e-01
1.443925674000000048e-01
1.120462883000000048e-01
1.295718758999999942e-01
1.710997522999999909e-01
9.771973266000000269e-02
1.463070079000000079e-01
1.688697178999999937e-01
1.353997145999999985e-01
1.615574602000000026e-01
7.973437965999999322e-02
1.102832749000000057e-01
1.011715512000000011e-01
1.624232047999999984e-01
1.376567650999999948e-01
1.620222463999999862e-01
1.085813080999999958e-01
1.329975126000000063e-01
1.339635553000000090e-01
1.565229028000000022e-01
1.451056447000000083e-01
1.368806072000000040e-01
1.170329610999999992e-01
1.437536470000000122e-01
1.453243520999999983e-01
1.747864037999999898e-01
1.512214166999999998e-01
1.519438224999999920e-01
1.695320610999999922e-01
1.273054076000000034e-01
1.493497569999999997e-01
1.197027207000000010e-01
1.224467553999999958e-01
1.399951094999999923e-01
1.418706557999999951e-01
1.565205073000000002e-01
1.535413800000000051e-01
1.099448917000000053e-01
1.472349815000000006e-01
1.157438687999999966e-01
1.139377302000000036e-01
1.059712567000000022e-01
1.084505724999999948e-01
1.249515934999999994e-01
1.098396707000000028e-01
1.331383378000000062e-01
8.876528955000000110e-02
1.324499309000000125e-01
1.644747830000000133e-01
9.014668566000000327e-02
1.018255945999999995e-01
1.240097550999999937e-01
1.608999514999999991e-01
1.361831139999999940e-01
1.650845837999999899e-01
1.248895782000000038e-01
1.189719384000000046e-01
1.353430468000000053e-01
1.561635238000000092e-01
1.722430903999999929e-01
1.357452123000000010e-01
1.385558942000000016e-01
1.120995028999999948e-01
9.167450722000000662e-02
1.280328701000000013e-01
1.628448127999999884e-01
1.502502481000000112e-01
1.470136106000000109e-01
1.330757120999999932e-01
1.726934095999999863e-01
1.725703906999999926e-01
1.316736691000000015e-01
1.256180359999999885e-01
1.469313802999999974e-01
1.639677824999999922e-01
1.288197198999999904e-01
1.429941165999999986e-01
1.622333693999999937e-01
1.293739355000000091e-01
1.218442220000000020e-01
1.509005055000000040e-01
1.471797873000000034e-01
1.827942744999999924e-01
1.633926831999999996e-01
1.802817218999999971e-01
1.396346458999999929e-01
1.681646626999999949e-01
1.788430518999999941e-01
1.575389152999999987e-01
1.173395690999999991e-01
1.133495879000000067e-01
1.197171038000000021e-01
1.295004677999999909e-01
1.355164778999999875e-01
1.264022726000000041e-01
1.385276836000000067e-01
1.531069486999999951e-01
1.386677775000000057e-01
1.242234222999999971e-01
1.317916158999999920e-01
1.414185665999999897e-01
1.278593724000000043e-01
1.293077576999999978e-01
5.921386580000000122e-02
9.773138975999999534e-02
1.100353921999999984e-01
1.816402104000000017e-01
1.708219682000000073e-01
1.668359221999999864e-01
1.576935094999999953e-01
1.304997002999999933e-01
1.857665259999999874e-01
1.401764047000000069e-01
1.338270701000000007e-01
1.547707614000000120e-01
1.245496923000000006e-01
1.232180296000000008e-01
1.505691245000000122e-01
1.369511036000000126e-01
1.329605387999999999e-01
1.505075143999999865e-01
1.351854372000000082e-01
1.539919120000000086e-01
1.326882487000000110e-01
1.426977123000000014e-01
1.689245272000000075e-01
1.219596574000000044e-01
1.518782009999999905e-01
1.219168491000000021e-01
9.173651653999999322e-02
1.370731950999999893e-01
1.442994434000000048e-01
1.523883819999999889e-01
1.685128818999999945e-01
1.587023711999999975e-01
1.280201733000000119e-01
1.414414368999999949e-01
1.164864731999999958e-01
1.713404977999999912e-01
1.576469430999999921e-01
1.418032245999999996e-01
1.283242740999999965e-01
1.432228554999999959e-01
1.540845544999999983e-01
1.464203981999999959e-01
1.455901169999999911e-01
1.151687192999999998e-01
1.153179213999999952e-01
1.295583113999999869e-01
1.309991499000000004e-01
1.224735910000000066e-01
1.571512586000000100e-01
1.464805677000000084e-01
1.103609935999999986e-01
1.139585644000000036e-01
1.270884754999999922e-01
1.513475588000000038e-01
1.225095016999999953e-01
1.667756316000000016e-01
1.195140063000000030e-01
1.229892895999999958e-01
1.122507501000000046e-01
1.464043627999999930e-01
1.406327441000000122e-01
1.301551971000000085e-01
1.109537718999999978e-01
1.570173616999999966e-01
1.673190589999999922e-01
1.826057396000000110e-01
1.901152382000000085e-01
8.699334998999999624e-02
1.523489090000000046e-01
1.396435554000000079e-01
1.221871005000000066e-01
1.627981779999999878e-01
1.423086269999999931e-01
1.047003303000000052e-01
1.567453575999999960e-01
1.362472842000000128e-01
1.012489629999999974e-01
9.056278794000000021e-02
1.336092278999999883e-01
1.602112277999999945e-01
1.407925633999999870e-01
1.281917773000000038e-01
8.245954599999999468e-02
1.168616083999999972e-01
1.576424959000000126e-01
1.308239398000000109e-01
1.758792450999999979e-01
1.105090521999999992e-01
1.557393467000000031e-01
1.417653517999999946e-01
1.194615071000000028e-01
1.192875946999999992e-01
8.159181292999999335e-02
1.321215061999999885e-01
1.509123370000000075e-01
1.687000556000000095e-01
1.382754566000000129e-01
1.107736747000000049e-01
1.474650775000000136e-01
1.043185491999999992e-01
1.067549678999999974e-01
1.094554677999999975e-01
1.555591198999999869e-01
1.346331165999999913e-01
1.307851858999999894e-01
1.256229262000000124e-01
1.353531219000000119e-01
1.281123838999999875e-01
1.509764829999999947e-01
1.281975931000000068e-01
1.259711696999999964e-01
1.801172175000000097e-01
1.727190841000000032e-01
1.227649813000000062e-01
1.430891776999999865e-01
1.545024875999999880e-01
1.545511575999999887e-01
1.619117016000000131e-01
1.665236432999999960e-01
1.567149416999999989e-01
1.440129160999999991e-01
1.609502479999999902e-01
1.863137240999999944e-01
1.387598355999999922e-01
1.372696378000000106e-01
1.590758113999999890e-01
1.422503578000000046e-01
1.070436540999999964e-01
8.573881685999999724e-02
1.044283445000000060e-01
1.830185777999999985e-01
1.610949499999999868e-01
1.646764072999999939e-01
1.461315434000000080e-01
9.116593369999999308e-02
1.320235982999999891e-01
1.361115710999999950e-01
1.204092843000000024e-01
1.287855079000000125e-01
1.385822093000000088e-01
1.016103562999999960e-01
1.292126834000000002e-01
1.420988129999999905e-01
1.616862799000000073e-01
1.480553484000000086e-01
8.904980685999999701e-02
1.373488761999999974e-01
1.439062795000000117e-01
1.448292763000000039e-01
1.309627160000000068e-01
1.665044497000000012e-01
1.322229396000000057e-01
1.159133277999999934e-01
1.476736493999999955e-01
1.574303667999999989e-01
1.424438368000000010e-01
1.490869184999999986e-01
1.441418133000000046e-01
1.260737027000000121e-01
1.367499268000000046e-01
1.289987197999999946e-01
1.750760386999999918e-01
1.303381187000000052e-01
1.130115490000000028e-01
1.463110136999999922e-01
1.632979693999999926e-01
1.463153943999999929e-01
1.557835379999999992e-01
1.507874131999999978e-01
1.671865465000000051e-01
1.628527121999999994e-01
1.361947787999999993e-01
1.571766280999999932e-01
1.143939161000000065e-01
1.684614111000000136e-01
9.433568343999999828e-02
8.376420415999999425e-02
8.290164367999999784e-02
1.034363142999999985e-01
1.317145188999999939e-01
1.376804755999999907e-01
1.498942175000000099e-01
1.457610675999999883e-01
1.314246468999999973e-01
1.565196182999999963e-01
1.329001486999999981e-01
1.504228608000000023e-01
1.156081560999999980e-01
1.051702077000000041e-01
1.515313074999999898e-01
1.613513721000000012e-01
1.391349729999999951e-01
1.641402077000000126e-01
1.419235717000000008e-01
1.619101537000000035e-01
1.037155300999999946e-01
1.596175677999999987e-01
1.469741273000000070e-01
1.236106136999999966e-01
1.058663433999999931e-01
9.255337902999999367e-02
1.596919139000000099e-01
1.340961354999999910e-01
1.401180884999999876e-01
1.295386014000000086e-01
1.021652301000000040e-01
1.294991151000000063e-01
1.665251980000000132e-01
1.411000229999999911e-01
1.084759916000000018e-01
1.860364200000000079e-01
1.237232087999999980e-01
1.512088380000000121e-01
1.088630559000000053e-01
1.210611065999999958e-01
1.267166198000000132e-01
1.356563050000000048e-01
1.271211040999999931e-01
1.182387555000000007e-01
1.224786414999999989e-01
1.387967729000000039e-01
6.571542332999999458e-02
1.606008478000000017e-01
1.340930838999999930e-01
1.303956645999999886e-01
1.613774537000000064e-01
1.225404645999999959e-01
1.857604079000000075e-01
1.306584293999999979e-01
1.438154697000000037e-01
1.674711735999999951e-01
1.585618145000000090e-01
1.911594689999999985e-01
1.837840799000000080e-01
1.693847339000000007e-01
1.638736248000000062e-01
1.551236557000000016e-01
9.652249653000000151e-02
1.329557115999999983e-01
1.199206961999999960e-01
1.316401399000000083e-01
1.216242513999999941e-01
1.766722272000000038e-01
1.146763657000000047e-01
1.500957910000000062e-01
1.486326221000000003e-01
1.637543297999999869e-01
1.422248955000000037e-01
1.460699718000000036e-01
1.352875510999999864e-01
1.566992177000000042e-01
1.168666993000000015e-01
1.328937119999999972e-01
1.327860248000000132e-01
1.474250349000000015e-01
1.231439089000000014e-01
7.355062941999999937e-02
5.872649936999999737e-02
1.294842737999999938e-01
1.530514320999999955e-01
1.292697328999999895e-01
1.573463566999999952e-01
1.410668652000000023e-01
1.285406759999999926e-01
1.615815582000000028e-01
1.590443091000000031e-01
1.551628023000000134e-01
1.622844501000000050e-01
1.331664473999999987e-01
1.822175135999999918e-01
1.542926145999999887e-01
1.528378014000000007e-01
1.143374852000000053e-01
1.271740500000000107e-01
1.090343218000000003e-01
9.954396218000000074e-02
1.753203919999999916e-01
1.508033397000000109e-01
1.311691878000000033e-01
1.384464860000000075e-01
1.418207988999999891e-01
1.454556633999999904e-01
1.545574031999999987e-01
1.498556718999999871e-01
1.261567091999999946e-01
1.422299734999999954e-01
1.197690923000000046e-01
1.446380455000000065e-01
1.385311432999999925e-01
1.238875994000000064e-01
1.252075898999999992e-01
1.334229610000000066e-01
1.412541442999999952e-01
1.155289213999999981e-01
7.926076258000000485e-02
1.165652281000000012e-01
1.905865874999999876e-01
1.824220947000000093e-01
1.649894182999999959e-01
1.239157543000000000e-01
1.075087235999999946e-01
1.642401769999999872e-01
1.490195809000000038e-01
1.588964939999999992e-01
1.459972159000000047e-01
1.689424623999999930e-01
1.184161382000000068e-01
9.423705802000000020e-02
1.671660708000000106e-01
1.656648106999999981e-01
1.080785385999999959e-01
1.569626161999999880e-01
1.592180142999999881e-01
1.439260438999999947e-01
1.262346776999999920e-01
1.609147301999999946e-01
9.609676651000000069e-02
1.348381227000000071e-01
1.547122559999999925e-01
1.448345941999999997e-01
1.502809824000000127e-01
1.538625593999999874e-01
1.531898503000000134e-01
1.745281149000000032e-01
1.559682257999999988e-01
1.190057469000000007e-01
1.648406815000000025e-01
1.816084437000000107e-01
1.252502477999999919e-01
1.064619212000000037e-01
1.172910677000000013e-01
1.867439958999999872e-01
1.026257332999999938e-01
1.156942821999999982e-01
1.452896485999999876e-01
1.415699618000000048e-01
1.476096611999999919e-01
1.338861494999999957e-01
1.579216844000000119e-01
1.769511441999999934e-01
1.408472369000000057e-01
1.224522470999999946e-01
1.035340196999999934e-01
1.143694781999999993e-01
1.431682089999999907e-01
1.450357717000000102e-01
1.138535348000000030e-01
1.299290066999999882e-01
1.025911981999999972e-01
1.679200707000000070e-01
1.005440268999999998e-01
1.492047243000000079e-01
1.553332155000000103e-01
1.602535824000000109e-01
1.603805064999999919e-01
1.316791704999999979e-01
1.509589929000000053e-01
1.578584388000000005e-01
1.412583941999999981e-01
1.909709518999999911e-01
1.348491927000000090e-01
1.091139400000000065e-01
1.335523563999999885e-01
1.260787720000000056e-01
1.224463939000000057e-01
1.292577014000000080e-01
1.596887184000000126e-01
1.367822767999999911e-01
1.132866418000000042e-01
1.291096483999999989e-01
1.239689305999999991e-01
1.411882577999999944e-01
1.498299703000000038e-01
1.406725426000000057e-01
1.336652302000000125e-01
1.074078707999999993e-01
1.151239032000000023e-01
1.103138089999999988e-01
1.358695649999999977e-01
1.179576987999999965e-01
1.678793181999999884e-01
1.596614819000000129e-01
1.567656040000000028e-01
1.552613180999999898e-01
1.378337617000000015e-01
1.399901476000000033e-01
1.399231324999999915e-01
1.692641126999999968e-01
1.364504340000000093e-01
1.209648348999999984e-01
1.406980730000000068e-01
1.471423171000000030e-01
1.456186946999999954e-01
8.851936125999999849e-02
1.344765098000000048e-01
1.596244183999999955e-01
1.342145831000000067e-01
1.413370679000000019e-01
1.341709074000000113e-01
1.622615705000000075e-01
1.366488758000000137e-01
1.078996941999999931e-01
1.859410565000000071e-01
1.156387041999999976e-01
1.182970909999999931e-01
1.228569038000000002e-01
1.565567166000000066e-01
7.958208557000000238e-02
1.167014284999999957e-01
1.200426567999999944e-01
1.352380927999999871e-01
1.404704163000000117e-01
1.645383849000000009e-01
1.722509144000000103e-01
1.569441618000000094e-01
1.645599339000000105e-01
1.575634468999999871e-01
1.573760002000000047e-01
1.125326076999999952e-01
1.501196643000000108e-01
1.319121564000000080e-01
1.741786502000000070e-01
1.669176206999999912e-01
1.800559448000000062e-01
9.750650968000000585e-02
1.586862152000000081e-01
1.236332780999999936e-01
1.427057877000000030e-01
1.424664545999999865e-01
1.283910021000000123e-01
1.614223046999999911e-01
1.629343919000000029e-01
1.526541711999999940e-01
1.210950519999999947e-01
1.421213454999999959e-01
1.309430289000000081e-01
1.522777959999999930e-01
7.350321946000000495e-02
1.652756213000000085e-01
1.477244430000000108e-01
1.349040591000000011e-01
1.297087765000000115e-01
1.550437372000000036e-01
1.860368248000000002e-01
1.491144648000000128e-01
1.703071985999999871e-01
1.684362281000000017e-01
1.346470324000000052e-01
1.535297995000000082e-01
1.559424192999999959e-01
1.429287586000000110e-01
1.396961495000000053e-01
1.166574085999999982e-01
1.405572425000000125e-01
1.681595633999999895e-01
1.230926576999999966e-01
1.492318660999999991e-01
1.349437457000000062e-01
1.449066846000000020e-01
1.543796611000000096e-01
1.033576897999999994e-01
1.166297342999999959e-01
1.281370302000000017e-01
1.525438484999999955e-01
1.268044375999999862e-01
1.252435208000000078e-01
1.909132692000000131e-01
1.566122550000000058e-01
1.420916161000000122e-01
1.721599299000000083e-01
1.671986974999999931e-01
1.568253508999999934e-01
1.385517209999999888e-01
1.563631835000000025e-01
1.544090302999999997e-01
1.260588464999999880e-01
1.188048906000000043e-01
1.287136017000000132e-01
1.414226571999999960e-01
1.332454160000000054e-01
9.797353285000000300e-02
8.628418650999999939e-02
1.250571866999999893e-01
1.823041004000000020e-01
8.552509594000000381e-02
9.052356746999999648e-02
1.817098137000000002e-01
1.531648389999999971e-01
1.282717837000000027e-01
1.459825104999999956e-01
1.499075628000000049e-01
1.630833818999999907e-01
1.630061989999999905e-01
1.297424045999999997e-01
7.538319195999999833e-02
1.732129069999999993e-01
1.571380388999999989e-01
1.511190769000000100e-01
1.844612247999999899e-01
1.689865668999999959e-01
1.152638884000000002e-01
8.365463835000000459e-02
1.127768799999999960e-01
1.311131712999999976e-01
1.491069020999999939e-01
1.996479606999999878e-01
1.557267162000000038e-01
1.251571237000000114e-01
1.264466253000000040e-01
1.600768700000000100e-01
1.082331589999999955e-01
1.764464369000000032e-01
1.575823158000000113e-01
1.393336813000000118e-01
1.350464720000000007e-01
1.551936030999999938e-01
1.824151407999999863e-01
1.659103915000000040e-01
1.576860532999999898e-01
1.277367558999999986e-01
1.265073304999999870e-01
1.157665652999999989e-01
1.100736182999999951e-01
1.550587888000000136e-01
1.682694869999999954e-01
1.464158627999999907e-01
1.387619495999999897e-01
1.442262588000000068e-01
1.038739578999999941e-01
1.868786176999999993e-01
1.163511881000000026e-01
1.622189910999999873e-01
1.525749643000000044e-01
1.107144545000000035e-01
1.632396557999999942e-01
1.449325479000000139e-01
1.336298213000000068e-01
1.334499741999999878e-01
1.538224384999999916e-01
1.691018029999999950e-01
1.427995901000000123e-01
1.226683016999999959e-01
1.311086729000000006e-01
1.520144200000000112e-01
1.272313558000000011e-01
1.061227507999999986e-01
1.689937185000000008e-01
1.032886117999999992e-01
1.294617891000000021e-01
1.603699343999999971e-01
2.027443932000000115e-01
1.691008364000000097e-01
1.488341505999999925e-01
1.653923699000000025e-01
1.867965913999999894e-01
1.726809746000000090e-01
1.788085581999999951e-01
1.681702040999999981e-01
1.071825312000000002e-01
1.466680354000000075e-01
1.416866179999999864e-01
1.375793570999999937e-01
1.225617147000000046e-01
9.881120089000000606e-02
1.884649713000000060e-01
1.356026005000000034e-01
1.286471277000000024e-01
1.561812301000000125e-01
1.687852639000000099e-01
1.720326624000000082e-01
1.567539695999999871e-01
1.888242478999999918e-01
9.831236243999999513e-02
4.403405134999999887e-02
1.069345941000000022e-01
6.528137182000000316e-02
1.255284654000000111e-01
1.551667803000000012e-01
1.552073793000000035e-01
1.451634417999999871e-01
1.346671036000000043e-01
1.397608213000000044e-01
1.227361004000000061e-01
1.338960869999999970e-01
1.422286903999999963e-01
1.329832989999999993e-01
1.193971147000000010e-01
1.368275127999999952e-01
1.260251004999999869e-01
1.168978947000000046e-01
1.279598150000000045e-01
1.737703606999999872e-01
1.335839147000000005e-01
1.705895694000000018e-01
1.417509460999999971e-01
1.278607529999999937e-01
1.247696380000000022e-01
1.459835157999999911e-01
1.530279253999999867e-01
1.471885058999999885e-01
1.496101759000000031e-01
1.508897716000000000e-01
1.709214669999999936e-01
8.748554539000000241e-02
2.019303212999999930e-01
7.177009773999999676e-02
1.715930750999999921e-01
7.997202892999999424e-02
1.624107659000000037e-01
1.929920841999999970e-01
1.132257116000000008e-01
1.065042199000000023e-01
1.115973080000000062e-01
1.169321274999999966e-01
1.196339629000000016e-01
9.929936452000000247e-02
1.692877120999999874e-01
1.739177913000000131e-01
1.453747505000000106e-01
9.794823899000000555e-02
1.482150637999999909e-01
1.259448008999999868e-01
1.405642341999999989e-01
1.318712106000000106e-01
1.695667258999999927e-01
1.658311386999999915e-01
1.577798712000000048e-01
1.145930492000000051e-01
1.013319966999999960e-01
1.695612165000000005e-01
1.547017964000000079e-01
1.470907683000000077e-01
1.543603074000000075e-01
1.268618244999999978e-01
1.269802633999999875e-01
1.408443186999999985e-01
1.377831042000000061e-01
1.341273628999999912e-01
1.499568302000000020e-01
1.397148119000000133e-01
1.233629802999999941e-01
1.721900426000000095e-01
1.670473110000000039e-01
1.574246512999999958e-01
1.503370196000000103e-01
1.039388103000000035e-01
1.194714942999999946e-01
1.622698512000000093e-01
1.901033040000000007e-01
1.664522704999999991e-01
1.702308355000000106e-01
1.555128779999999933e-01
1.432603501999999973e-01
1.388933649000000103e-01
1.507251738000000008e-01
1.668647641999999875e-01
1.316994284999999931e-01
9.626826733000000413e-02
1.708991216000000091e-01
1.765308422000000099e-01
1.222260418999999987e-01
1.316951764000000025e-01
1.529124175000000085e-01
1.278456260999999983e-01
1.461549923000000084e-01
1.184326950000000045e-01
1.244061238000000041e-01
1.577019618000000123e-01
1.516326971999999995e-01
1.638034184999999920e-01
1.763285626999999967e-01
1.366822346000000077e-01
1.352355564000000121e-01
9.634663576999999424e-02
1.396221539999999983e-01
1.286487695999999903e-01
1.411600776999999973e-01
1.004119586000000036e-01
1.376424514000000043e-01
1.087699837999999974e-01
1.643495855000000061e-01
1.313945931000000122e-01
1.417131571999999951e-01
1.165977049999999959e-01
1.144336675999999969e-01
1.612528333999999897e-01
1.496268792000000070e-01
1.412845379999999873e-01
1.600611037999999930e-01
1.411767349999999976e-01
1.010517548000000043e-01
9.360980376999999963e-02
1.639040189000000036e-01
1.488485263999999864e-01
1.347510691999999899e-01
1.592239796999999901e-01
1.515323386000000105e-01
1.349039223999999870e-01
1.136249975999999995e-01
1.517523856999999921e-01
1.165990726000000061e-01
1.238490812000000024e-01
1.192100324999999933e-01
1.392046161999999920e-01
1.328624036000000119e-01
1.518468953999999871e-01
1.427044302000000098e-01
1.217670787999999976e-01
1.063773378999999936e-01
1.370855336000000035e-01
1.615770139999999910e-01
1.670131397999999878e-01
1.407785789999999870e-01
1.673230990000000029e-01
1.326176635000000104e-01
1.226061256999999988e-01
1.003732702000000032e-01
1.303532059999999992e-01
1.165033716000000025e-01
1.830101108999999948e-01
1.486629630000000091e-01
1.285720059000000082e-01
1.104579920000000048e-01
1.133837766999999941e-01
1.258005446999999888e-01
1.407903866000000115e-01
1.572600170000000019e-01
1.373068528999999982e-01
9.912953961999999841e-02
1.578363701999999924e-01
1.330729518000000056e-01
1.356632020999999910e-01
1.428187744999999953e-01
1.648697591999999934e-01
1.923699863999999982e-01
1.617589412000000060e-01
1.347842526999999957e-01
1.688423276999999889e-01
1.733845405999999978e-01
1.782956729000000073e-01
1.612791799000000137e-01
1.883291823000000087e-01
1.729720221999999918e-01
1.713816494000000024e-01
1.752952557999999939e-01
1.320492360999999948e-01
1.508760537000000124e-01
1.369087968000000100e-01
1.096231440000000057e-01
1.193407056999999938e-01
1.636694646000000086e-01
1.648315552000000073e-01
1.900609930000000114e-01
1.330925229999999904e-01
8.212414853999999709e-02
1.161016057999999934e-01
1.707114369999999937e-01
1.146817432999999997e-01
1.078871203999999945e-01
1.617636149999999995e-01
1.685641390000000017e-01
1.013716226999999970e-01
1.129773045000000004e-01
8.814839015000000555e-02
1.119017521000000015e-01
1.520135157999999986e-01
1.220806121999999938e-01
1.284004437000000054e-01
1.415313974000000086e-01
1.143656504999999990e-01
1.739139228999999898e-01
1.085652133000000047e-01
1.150274966000000010e-01
1.414415763000000104e-01
1.474996124999999880e-01
1.386386964999999916e-01
1.418680514000000004e-01
1.329467635999999897e-01
1.504265647999999955e-01
1.273458634999999894e-01
1.395601244999999935e-01
1.362608113000000065e-01
1.655434785999999880e-01
1.568081007000000082e-01
1.115561297000000063e-01
1.434180043000000127e-01
1.517829841999999985e-01
1.152755419000000003e-01
1.394333376999999929e-01
1.491984077000000075e-01
1.362875272999999887e-01
1.248354125000000064e-01
1.287584251999999985e-01
9.968539783999999515e-02
1.511497472999999980e-01
1.562912354000000059e-01
2.007418481000000088e-01
1.514955889000000055e-01
1.594949643999999944e-01
1.083688475999999984e-01
1.821971179999999912e-01
1.436885448000000121e-01
1.492567532000000086e-01
1.519799666999999965e-01
1.185210815000000001e-01
1.124850768000000001e-01
1.307410321999999958e-01
1.098520105999999941e-01
1.491149183999999905e-01
8.705546879000000682e-02
9.690386458999999952e-02
1.030028830999999978e-01
1.696512126999999981e-01
1.016559016000000010e-01
1.611019749000000001e-01
1.269781835999999886e-01
1.328896736999999884e-01
1.779827921999999896e-01
1.372794702000000033e-01
1.538757484000000120e-01
1.496413346000000089e-01
9.056158222000000591e-02
1.044926047999999996e-01
1.557902976999999967e-01
1.500394163999999864e-01
9.801169685999999714e-02
1.287987066999999874e-01
1.508070015999999902e-01
1.042181469999999971e-01
1.264247806999999890e-01
1.460993869999999972e-01
1.596325896999999938e-01
9.237777796000000430e-02
1.265136618000000102e-01
1.067490066000000015e-01
1.695023437000000022e-01
1.128449826000000045e-01
1.340101512000000106e-01
1.471407123000000039e-01
1.132908046999999974e-01
1.114135995999999962e-01
1.030646753999999998e-01
1.437410538999999987e-01
1.325781632999999959e-01
1.424554794000000013e-01
1.436082040999999976e-01
8.239302751999999508e-02
1.311282712000000072e-01
1.712461516000000072e-01
1.328348847999999971e-01
1.457594970999999962e-01
1.283642329000000137e-01
1.078960531999999944e-01
1.675128669000000015e-01
1.198146521999999964e-01
1.443020211999999913e-01
1.544098336999999987e-01
1.449643200000000076e-01
