-1.346590000000000009e-01
2.066679999999999851e+00
3.158119999999999816e+00
3.120519999999999960e+00
4.030409999999999826e+00
7.710829999999999629e+00
9.093199999999999505e+00
1.012320000000000064e+01
7.005510000000000126e+00
7.981270000000000309e+00
1.007900000000000063e+01
1.102960000000000029e+01
9.888260000000000716e+00
1.194679999999999964e+01
1.333430000000000071e+01
1.452180000000000071e+01
1.307210000000000072e+01
1.291960000000000086e+01
1.475689999999999991e+01
1.624030000000000129e+01
1.851050000000000040e+01
2.077880000000000038e+01
2.187180000000000035e+01
2.429840000000000089e+01
2.435099999999999909e+01
2.304090000000000060e+01
2.536449999999999960e+01
2.768580000000000041e+01
3.000540000000000163e+01
2.930859999999999843e+01
2.954479999999999862e+01
3.078669999999999973e+01
3.199010000000000176e+01
3.393910000000000338e+01
3.427929999999999922e+01
3.856519999999999726e+01
3.738589999999999947e+01
3.871079999999999899e+01
3.857739999999999725e+01
4.164849999999999852e+01
4.215639999999999787e+01
4.308879999999999910e+01
4.496370000000000289e+01
4.361440000000000339e+01
4.467909999999999826e+01
4.533650000000000091e+01
4.456000000000000227e+01
4.517889999999999873e+01
4.663119999999999976e+01
4.916149999999999665e+01
4.715160000000000196e+01
5.000650000000000261e+01
5.172520000000000095e+01
5.394050000000000011e+01
5.648049999999999926e+01
5.915939999999999799e+01
6.053900000000000148e+01
5.827009999999999934e+01
5.967170000000000130e+01
5.955160000000000053e+01
5.740120000000000289e+01
5.633290000000000219e+01
5.793789999999999907e+01
5.630939999999999657e+01
5.929679999999999751e+01
5.930939999999999657e+01
5.636160000000000281e+01
5.514229999999999876e+01
5.591960000000000264e+01
5.505290000000000106e+01
5.973219999999999885e+01
5.821920000000000073e+01
5.723049999999999926e+01
5.998550000000000182e+01
6.054809999999999803e+01
6.299739999999999895e+01
6.413490000000000180e+01
6.368730000000000047e+01
6.558060000000000400e+01
6.889440000000000452e+01
7.158199999999999363e+01
7.157810000000000628e+01
7.186539999999999395e+01
7.180079999999999529e+01
6.894020000000000437e+01
7.227809999999999491e+01
7.233520000000000039e+01
7.485439999999999827e+01
7.944280000000000541e+01
8.071890000000000498e+01
8.071890000000000498e+01
8.072090000000000032e+01
8.204089999999999350e+01
8.304540000000000077e+01
8.523730000000000473e+01
8.654279999999999973e+01
8.534869999999999379e+01
8.623839999999999861e+01
8.508069999999999311e+01
8.655060000000000286e+01
8.655060000000000286e+01
8.772960000000000491e+01
8.923220000000000596e+01
8.923220000000000596e+01
9.035060000000000002e+01
9.035060000000000002e+01
9.205649999999999977e+01
9.566440000000000055e+01
9.580379999999999541e+01
9.866689999999999827e+01
9.750320000000000675e+01
9.889690000000000225e+01
9.983790000000000475e+01
9.863500000000000512e+01
9.982899999999999352e+01
1.024539999999999935e+02
1.036599999999999966e+02
1.075109999999999957e+02
1.043100000000000023e+02
1.061889999999999930e+02
1.074980000000000047e+02
1.074980000000000047e+02
1.061299999999999955e+02
1.073359999999999985e+02
1.073649999999999949e+02
1.060559999999999974e+02
1.048070000000000022e+02
1.050019999999999953e+02
1.070840000000000032e+02
1.071320000000000050e+02
1.058149999999999977e+02
1.046740000000000066e+02
1.072210000000000036e+02
1.046760000000000019e+02
1.046039999999999992e+02
1.046599999999999966e+02
1.064159999999999968e+02
1.051320000000000050e+02
1.039360000000000070e+02
1.039360000000000070e+02
1.052870000000000061e+02
1.039620000000000033e+02
1.026290000000000049e+02
1.013460000000000036e+02
1.026670000000000016e+02
1.026670000000000016e+02
1.001640000000000015e+02
9.895759999999999934e+01
9.710649999999999693e+01
9.620579999999999643e+01
9.709850000000000136e+01
9.711639999999999873e+01
9.720040000000000191e+01
9.466910000000000025e+01
9.473720000000000141e+01
9.061180000000000234e+01
9.153340000000000032e+01
9.140000000000000568e+01
9.310299999999999443e+01
9.049160000000000537e+01
9.053130000000000166e+01
8.918989999999999441e+01
8.918989999999999441e+01
9.181510000000000105e+01
9.187820000000000675e+01
9.325260000000000105e+01
9.553629999999999711e+01
9.686450000000000671e+01
9.686570000000000391e+01
9.379380000000000450e+01
9.565009999999999479e+01
9.430970000000000653e+01
9.309430000000000405e+01
9.304139999999999588e+01
8.951149999999999807e+01
8.710500000000000398e+01
8.749399999999999977e+01
8.899020000000000152e+01
8.887149999999999750e+01
8.728589999999999804e+01
8.786520000000000152e+01
9.043019999999999925e+01
8.900929999999999609e+01
9.135890000000000555e+01
9.255129999999999768e+01
9.398969999999999914e+01
9.081059999999999377e+01
9.257139999999999702e+01
9.549299999999999500e+01
9.710609999999999786e+01
9.584780000000000655e+01
9.398369999999999891e+01
9.112690000000000623e+01
8.898029999999999973e+01
8.963779999999999859e+01
8.821280000000000143e+01
8.821280000000000143e+01
8.823059999999999548e+01
8.694790000000000418e+01
8.436369999999999436e+01
8.305559999999999832e+01
8.436039999999999850e+01
8.442669999999999675e+01
8.577419999999999334e+01
8.830989999999999895e+01
8.691429999999999723e+01
8.697129999999999939e+01
8.430910000000000082e+01
8.299779999999999802e+01
8.432460000000000377e+01
8.432460000000000377e+01
8.432599999999999341e+01
8.294899999999999807e+01
8.050169999999999959e+01
7.892090000000000316e+01
7.765370000000000061e+01
7.936079999999999757e+01
8.025849999999999795e+01
8.073959999999999582e+01
8.037340000000000373e+01
8.037340000000000373e+01
7.902530000000000143e+01
7.529009999999999536e+01
7.653199999999999648e+01
7.520780000000000598e+01
7.391689999999999827e+01
7.263949999999999818e+01
7.011249999999999716e+01
7.149330000000000496e+01
6.906730000000000302e+01
7.125020000000000664e+01
7.263580000000000325e+01
7.401000000000000512e+01
7.541049999999999898e+01
7.141490000000000293e+01
7.014019999999999300e+01
6.781040000000000134e+01
6.721359999999999957e+01
6.966100000000000136e+01
7.105379999999999541e+01
6.970220000000000482e+01
6.970220000000000482e+01
6.969119999999999493e+01
6.795140000000000668e+01
6.826390000000000668e+01
6.686560000000000059e+01
6.686560000000000059e+01
6.697530000000000427e+01
6.572769999999999868e+01
6.824729999999999563e+01
6.834029999999999916e+01
7.077309999999999945e+01
6.972050000000000125e+01
6.908520000000000039e+01
7.135809999999999320e+01
7.401919999999999789e+01
7.273160000000000025e+01
7.287770000000000437e+01
7.276879999999999882e+01
7.140080000000000382e+01
7.140080000000000382e+01
7.273529999999999518e+01
7.541020000000000323e+01
7.541530000000000200e+01
7.312019999999999698e+01
7.376519999999999300e+01
7.576380000000000337e+01
7.579579999999999984e+01
7.949309999999999832e+01
7.812279999999999802e+01
7.943519999999999470e+01
8.067879999999999541e+01
8.098779999999999291e+01
8.279879999999999995e+01
8.279160000000000252e+01
8.758839999999999293e+01
8.564079999999999870e+01
8.756839999999999691e+01
8.627230000000000132e+01
8.767849999999999966e+01
8.758209999999999695e+01
8.897620000000000573e+01
8.897620000000000573e+01
8.624739999999999895e+01
8.755719999999999459e+01
8.893899999999999295e+01
8.758419999999999561e+01
8.513569999999999993e+01
8.608350000000000080e+01
8.987279999999999802e+01
8.851670000000000016e+01
8.973999999999999488e+01
8.846469999999999345e+01
8.837739999999999441e+01
9.074970000000000425e+01
9.312019999999999698e+01
9.308889999999999532e+01
9.435360000000000014e+01
9.450879999999999370e+01
9.557229999999999848e+01
9.557229999999999848e+01
9.556999999999999318e+01
9.821649999999999636e+01
9.821649999999999636e+01
9.707609999999999673e+01
9.578570000000000562e+01
9.751670000000000016e+01
1.005540000000000020e+02
1.005510000000000019e+02
9.805469999999999686e+01
9.806770000000000209e+01
9.721559999999999491e+01
9.993729999999999336e+01
1.013340000000000032e+02
9.995569999999999311e+01
9.881759999999999877e+01
9.881759999999999877e+01
9.902790000000000248e+01
9.895550000000000068e+01
1.014240000000000066e+02
1.001250000000000000e+02
9.772660000000000480e+01
9.887959999999999638e+01
9.887959999999999638e+01
9.749179999999999779e+01
9.653839999999999577e+01
9.764919999999999334e+01
9.723659999999999570e+01
9.720210000000000150e+01
9.720210000000000150e+01
9.720210000000000150e+01
9.720780000000000598e+01
9.743550000000000466e+01
9.641119999999999379e+01
9.835569999999999879e+01
9.980570000000000164e+01
1.012009999999999934e+02
9.821689999999999543e+01
1.002620000000000005e+02
1.011919999999999931e+02
1.038130000000000024e+02
1.051599999999999966e+02
1.090960000000000036e+02
1.067379999999999995e+02
1.064620000000000033e+02
1.051039999999999992e+02
1.041970000000000027e+02
1.064609999999999985e+02
1.042049999999999983e+02
1.067579999999999956e+02
1.053589999999999947e+02
1.053589999999999947e+02
1.040610000000000070e+02
1.021670000000000016e+02
1.038389999999999986e+02
1.031069999999999993e+02
1.032249999999999943e+02
1.058110000000000070e+02
1.044290000000000020e+02
1.030799999999999983e+02
1.044779999999999944e+02
1.033149999999999977e+02
1.042210000000000036e+02
1.042219999999999942e+02
1.037860000000000014e+02
1.062150000000000034e+02
1.075739999999999981e+02
1.075709999999999980e+02
1.089440000000000026e+02
1.075780000000000030e+02
1.064470000000000027e+02
1.054609999999999985e+02
1.066050000000000040e+02
1.079609999999999985e+02
1.079609999999999985e+02
1.055259999999999962e+02
1.045190000000000055e+02
1.064659999999999940e+02
1.076479999999999961e+02
1.090220000000000056e+02
1.090220000000000056e+02
1.076320000000000050e+02
1.049839999999999947e+02
1.039170000000000016e+02
1.039170000000000016e+02
1.027159999999999940e+02
1.027159999999999940e+02
1.027530000000000001e+02
1.014309999999999974e+02
1.041610000000000014e+02
1.002279999999999944e+02
1.002279999999999944e+02
9.885380000000000678e+01
9.769379999999999598e+01
9.888830000000000098e+01
9.888830000000000098e+01
1.000960000000000036e+02
9.880689999999999884e+01
9.765269999999999584e+01
9.899290000000000589e+01
9.904890000000000327e+01
9.904890000000000327e+01
9.904890000000000327e+01
1.018469999999999942e+02
1.018469999999999942e+02
1.004920000000000044e+02
1.018110000000000070e+02
1.046039999999999992e+02
1.046039999999999992e+02
1.020739999999999981e+02
1.033020000000000067e+02
1.020079999999999956e+02
1.034110000000000014e+02
1.046640000000000015e+02
1.046470000000000056e+02
1.033400000000000034e+02
1.046610000000000014e+02
1.033100000000000023e+02
1.034050000000000011e+02
1.047229999999999990e+02
1.033359999999999985e+02
1.046710000000000065e+02
1.033709999999999951e+02
1.038220000000000027e+02
1.053649999999999949e+02
1.067849999999999966e+02
1.067849999999999966e+02
1.067849999999999966e+02
1.083499999999999943e+02
1.107530000000000001e+02
1.107530000000000001e+02
1.128520000000000039e+02
1.114710000000000036e+02
1.127439999999999998e+02
1.153550000000000040e+02
1.179860000000000042e+02
1.166640000000000015e+02
1.167339999999999947e+02
1.192570000000000050e+02
1.179699999999999989e+02
1.190030000000000001e+02
1.190030000000000001e+02
1.168080000000000069e+02
1.148780000000000001e+02
1.148439999999999941e+02
1.142060000000000031e+02
1.165540000000000020e+02
1.140729999999999933e+02
1.153469999999999942e+02
1.139860000000000042e+02
1.125870000000000033e+02
1.139629999999999939e+02
1.139629999999999939e+02
1.142630000000000052e+02
1.152469999999999999e+02
1.137330000000000041e+02
1.137330000000000041e+02
1.152129999999999939e+02
1.152129999999999939e+02
1.132379999999999995e+02
1.108820000000000050e+02
1.108439999999999941e+02
1.118359999999999985e+02
1.132590000000000003e+02
1.112090000000000032e+02
1.112090000000000032e+02
1.118730000000000047e+02
1.090799999999999983e+02
1.108970000000000056e+02
1.104650000000000034e+02
1.107609999999999957e+02
1.107609999999999957e+02
1.109170000000000016e+02
1.147000000000000028e+02
1.147000000000000028e+02
1.174410000000000025e+02
1.174389999999999930e+02
1.174389999999999930e+02
1.175649999999999977e+02
1.175909999999999940e+02
1.180229999999999961e+02
1.152669999999999959e+02
1.133080000000000069e+02
1.167319999999999993e+02
1.141490000000000009e+02
1.130439999999999969e+02
1.131670000000000016e+02
1.117469999999999999e+02
1.125330000000000013e+02
1.122489999999999952e+02
1.087570000000000050e+02
1.088229999999999933e+02
1.088229999999999933e+02
1.088539999999999992e+02
1.076940000000000026e+02
1.100829999999999984e+02
1.114440000000000026e+02
1.087360000000000042e+02
1.100849999999999937e+02
1.087109999999999985e+02
1.087109999999999985e+02
1.088810000000000002e+02
1.112189999999999941e+02
1.135939999999999941e+02
1.149779999999999944e+02
1.163479999999999990e+02
1.138499999999999943e+02
1.124989999999999952e+02
1.138020000000000067e+02
1.097270000000000039e+02
1.115460000000000065e+02
1.115460000000000065e+02
1.129069999999999965e+02
1.142870000000000061e+02
1.129380000000000024e+02
1.118529999999999944e+02
1.114350000000000023e+02
1.114749999999999943e+02
1.112969999999999970e+02
1.092180000000000035e+02
1.093559999999999945e+02
1.093559999999999945e+02
1.074009999999999962e+02
1.074009999999999962e+02
1.074009999999999962e+02
1.087759999999999962e+02
1.047860000000000014e+02
1.034639999999999986e+02
1.021509999999999962e+02
1.034279999999999973e+02
1.020310000000000059e+02
1.008750000000000000e+02
9.929890000000000327e+01
9.889780000000000371e+01
9.745690000000000452e+01
9.785999999999999943e+01
9.746420000000000528e+01
9.731539999999999679e+01
9.885850000000000648e+01
9.950100000000000477e+01
9.950090000000000146e+01
9.885729999999999507e+01
9.886560000000000059e+01
9.871510000000000673e+01
9.760939999999999372e+01
9.664050000000000296e+01
9.563530000000000086e+01
9.431870000000000687e+01
9.506470000000000198e+01
9.768689999999999429e+01
9.769100000000000250e+01
9.635039999999999338e+01
9.631879999999999598e+01
9.631879999999999598e+01
9.364029999999999632e+01
9.364029999999999632e+01
9.363830000000000098e+01
9.248430000000000462e+01
9.134680000000000177e+01
9.132920000000000016e+01
9.177710000000000434e+01
9.312030000000000030e+01
9.389629999999999654e+01
9.520860000000000412e+01
9.627060000000000173e+01
9.760290000000000532e+01
9.760290000000000532e+01
1.015690000000000026e+02
1.015690000000000026e+02
1.004000000000000057e+02
1.003379999999999939e+02
9.748120000000000118e+01
9.901109999999999900e+01
9.894119999999999493e+01
9.755679999999999552e+01
9.755570000000000164e+01
9.755570000000000164e+01
9.755519999999999925e+01
9.871189999999999998e+01
9.728740000000000521e+01
9.871320000000000050e+01
9.871320000000000050e+01
9.740959999999999752e+01
9.863429999999999609e+01
1.025849999999999937e+02
1.053949999999999960e+02
1.039800000000000040e+02
1.034069999999999965e+02
1.042690000000000055e+02
1.034440000000000026e+02
1.055919999999999987e+02
1.055919999999999987e+02
1.055870000000000033e+02
1.055870000000000033e+02
1.042009999999999934e+02
1.018919999999999959e+02
1.017030000000000030e+02
1.005090000000000003e+02
1.015939999999999941e+02
1.013730000000000047e+02
1.015909999999999940e+02
1.046370000000000005e+02
1.045949999999999989e+02
1.036590000000000060e+02
1.022469999999999999e+02
1.035250000000000057e+02
1.023220000000000027e+02
1.023220000000000027e+02
1.002699999999999960e+02
1.022150000000000034e+02
1.047199999999999989e+02
1.035460000000000065e+02
1.035460000000000065e+02
1.048979999999999961e+02
1.023820000000000050e+02
1.014770000000000039e+02
1.024950000000000045e+02
1.052409999999999997e+02
1.012900000000000063e+02
1.005130000000000052e+02
9.818789999999999907e+01
9.950320000000000675e+01
9.816540000000000532e+01
9.686039999999999850e+01
9.820829999999999416e+01
9.820829999999999416e+01
1.006059999999999945e+02
1.019800000000000040e+02
1.005319999999999965e+02
1.044459999999999980e+02
1.044479999999999933e+02
1.018050000000000068e+02
1.018670000000000044e+02
1.005499999999999972e+02
1.006359999999999957e+02
1.019449999999999932e+02
1.019410000000000025e+02
1.030250000000000057e+02
1.015799999999999983e+02
1.032590000000000003e+02
1.044110000000000014e+02
1.031779999999999973e+02
1.057229999999999990e+02
1.057229999999999990e+02
1.032009999999999934e+02
1.025450000000000017e+02
1.052630000000000052e+02
1.025739999999999981e+02
1.013439999999999941e+02
1.030070000000000050e+02
1.031209999999999951e+02
1.016959999999999980e+02
1.016970000000000027e+02
1.016970000000000027e+02
1.031129999999999995e+02
1.017069999999999936e+02
1.002999999999999972e+02
1.017069999999999936e+02
1.002810000000000059e+02
1.002810000000000059e+02
9.886769999999999925e+01
9.886769999999999925e+01
1.002259999999999991e+02
1.001979999999999933e+02
1.016490000000000009e+02
1.016490000000000009e+02
1.030100000000000051e+02
1.044669999999999987e+02
1.030750000000000028e+02
1.030750000000000028e+02
1.044240000000000066e+02
1.030879999999999939e+02
1.022510000000000048e+02
1.012039999999999935e+02
9.943269999999999698e+01
9.900490000000000634e+01
9.889839999999999520e+01
1.014779999999999944e+02
1.014779999999999944e+02
9.745409999999999684e+01
9.929200000000000159e+01
9.933190000000000452e+01
9.800849999999999795e+01
9.770879999999999654e+01
9.769880000000000564e+01
9.500300000000000011e+01
9.500300000000000011e+01
9.301090000000000657e+01
9.406539999999999679e+01
9.538330000000000553e+01
9.680679999999999552e+01
9.822809999999999775e+01
9.822809999999999775e+01
9.824670000000000414e+01
9.965349999999999397e+01
9.822700000000000387e+01
9.683910000000000196e+01
9.553350000000000364e+01
9.688509999999999422e+01
9.831109999999999616e+01
9.831109999999999616e+01
9.831109999999999616e+01
9.829980000000000473e+01
9.571399999999999864e+01
9.503329999999999700e+01
9.701489999999999725e+01
9.977209999999999468e+01
9.636360000000000525e+01
9.847169999999999845e+01
9.468309999999999604e+01
9.222960000000000491e+01
9.060120000000000573e+01
9.156829999999999359e+01
9.156829999999999359e+01
8.915760000000000218e+01
9.158209999999999695e+01
9.288569999999999993e+01
9.295990000000000464e+01
9.220839999999999748e+01
9.131550000000000011e+01
9.275039999999999907e+01
9.134239999999999782e+01
8.989520000000000266e+01
9.118380000000000507e+01
9.116400000000000148e+01
9.116400000000000148e+01
9.057980000000000587e+01
9.057980000000000587e+01
9.278230000000000643e+01
9.016360000000000241e+01
8.985769999999999413e+01
9.120130000000000337e+01
8.984579999999999700e+01
8.904609999999999559e+01
9.125079999999999814e+01
9.118280000000000030e+01
8.987199999999999989e+01
8.730440000000000111e+01
8.939759999999999707e+01
9.184399999999999409e+01
9.323099999999999454e+01
9.075499999999999545e+01
9.093309999999999604e+01
9.112890000000000157e+01
8.932500000000000284e+01
8.662479999999999336e+01
8.578709999999999525e+01
8.445300000000000296e+01
8.652370000000000516e+01
8.652370000000000516e+01
8.603040000000000020e+01
8.779070000000000107e+01
8.648749999999999716e+01
8.647690000000000055e+01
8.517489999999999384e+01
8.388039999999999452e+01
8.385420000000000584e+01
8.518980000000000530e+01
8.658459999999999468e+01
8.527410000000000423e+01
8.532850000000000534e+01
8.654149999999999920e+01
8.542079999999999984e+01
8.614159999999999684e+01
8.614159999999999684e+01
8.345170000000000243e+01
8.362359999999999616e+01
8.706140000000000612e+01
8.985219999999999629e+01
8.985219999999999629e+01
9.124750000000000227e+01
9.267860000000000298e+01
9.267860000000000298e+01
8.869629999999999370e+01
8.839249999999999829e+01
8.832540000000000191e+01
8.689570000000000505e+01
8.625289999999999679e+01
8.579510000000000502e+01
8.530249999999999488e+01
8.676900000000000546e+01
8.530679999999999552e+01
8.399519999999999698e+01
8.401239999999999952e+01
8.268219999999999459e+01
8.130589999999999407e+01
8.177410000000000423e+01
8.158929999999999438e+01
8.295919999999999561e+01
8.157500000000000284e+01
8.157500000000000284e+01
8.219750000000000512e+01
8.159619999999999607e+01
8.420520000000000493e+01
8.648609999999999332e+01
8.976529999999999632e+01
9.093219999999999459e+01
9.345969999999999800e+01
9.358660000000000423e+01
9.610750000000000171e+01
9.473069999999999879e+01
9.406199999999999761e+01
9.406199999999999761e+01
9.421699999999999875e+01
9.537030000000000030e+01
9.809310000000000684e+01
9.817539999999999623e+01
9.817539999999999623e+01
9.548130000000000450e+01
9.417119999999999891e+01
9.153640000000000043e+01
9.037460000000000093e+01
8.659550000000000125e+01
8.721970000000000312e+01
8.631589999999999918e+01
8.871080000000000609e+01
9.004460000000000264e+01
9.146859999999999502e+01
9.006900000000000261e+01
8.873640000000000327e+01
8.761199999999999477e+01
8.761199999999999477e+01
8.967860000000000298e+01
8.967860000000000298e+01
8.592419999999999902e+01
8.384470000000000312e+01
8.302119999999999322e+01
8.418519999999999470e+01
8.347490000000000521e+01
8.340699999999999648e+01
8.480379999999999541e+01
8.528650000000000375e+01
8.528650000000000375e+01
8.325560000000000116e+01
8.662319999999999709e+01
8.525100000000000477e+01
8.385550000000000637e+01
8.318080000000000496e+01
8.124250000000000682e+01
8.280190000000000339e+01
8.263620000000000232e+01
8.254630000000000223e+01
8.401619999999999777e+01
8.261369999999999436e+01
8.399200000000000443e+01
8.166190000000000282e+01
8.209239999999999782e+01
8.446580000000000155e+01
8.248839999999999861e+01
8.249859999999999616e+01
8.338379999999999370e+01
8.461830000000000496e+01
8.252630000000000621e+01
8.465689999999999316e+01
8.465689999999999316e+01
8.442749999999999488e+01
8.430379999999999541e+01
8.817980000000000018e+01
8.680859999999999843e+01
8.440749999999999886e+01
8.301999999999999602e+01
8.451819999999999311e+01
8.429130000000000678e+01
8.550849999999999795e+01
8.614449999999999363e+01
8.680519999999999925e+01
8.674720000000000653e+01
8.813349999999999795e+01
8.446729999999999450e+01
8.244050000000000011e+01
8.375060000000000571e+01
8.132649999999999579e+01
8.332070000000000221e+01
8.343210000000000548e+01
8.487040000000000362e+01
8.328530000000000655e+01
8.457880000000000109e+01
8.323699999999999477e+01
8.117000000000000171e+01
8.089950000000000330e+01
8.088249999999999318e+01
7.925669999999999504e+01
7.880339999999999634e+01
7.727349999999999852e+01
7.590699999999999648e+01
7.730670000000000641e+01
7.873659999999999570e+01
7.730540000000000589e+01
7.730540000000000589e+01
7.585909999999999798e+01
7.585909999999999798e+01
7.516129999999999711e+01
7.250799999999999557e+01
7.152009999999999934e+01
7.152009999999999934e+01
7.174930000000000518e+01
7.314660000000000650e+01
7.169819999999999993e+01
7.419490000000000407e+01
7.550329999999999586e+01
7.413479999999999848e+01
7.555230000000000246e+01
7.550589999999999691e+01
7.549909999999999854e+01
7.517440000000000566e+01
7.437699999999999534e+01
7.440290000000000248e+01
7.490479999999999450e+01
7.313549999999999329e+01
7.468999999999999773e+01
7.529229999999999734e+01
7.529279999999999973e+01
7.599670000000000414e+01
7.599670000000000414e+01
7.327949999999999875e+01
6.958820000000000050e+01
6.831289999999999907e+01
6.520600000000000307e+01
6.332260000000000133e+01
6.311970000000000169e+01
6.331060000000000088e+01
6.435410000000000252e+01
6.668829999999999814e+01
6.534869999999999379e+01
6.534869999999999379e+01
6.378849999999999909e+01
6.282169999999999987e+01
6.406709999999999638e+01
6.904399999999999693e+01
6.783459999999999468e+01
6.890590000000000259e+01
6.828849999999999909e+01
6.963330000000000553e+01
6.968810000000000571e+01
6.967640000000000100e+01
6.967640000000000100e+01
6.967640000000000100e+01
7.093890000000000384e+01
6.938580000000000325e+01
6.945120000000000005e+01
6.657170000000000698e+01
6.803419999999999845e+01
6.660989999999999611e+01
6.440370000000000061e+01
6.518250000000000455e+01
6.697050000000000125e+01
6.808240000000000691e+01
6.901269999999999527e+01
7.388720000000000709e+01
7.256860000000000355e+01
7.263689999999999714e+01
7.124150000000000205e+01
7.124150000000000205e+01
7.251340000000000430e+01
6.993970000000000198e+01
7.138720000000000709e+01
7.138720000000000709e+01
7.032750000000000057e+01
7.186029999999999518e+01
7.246639999999999304e+01
7.315479999999999450e+01
7.535609999999999786e+01
7.405660000000000309e+01
7.608880000000000621e+01
7.814780000000000371e+01
8.331820000000000448e+01
7.945510000000000161e+01
7.945510000000000161e+01
8.328730000000000189e+01
7.953060000000000684e+01
7.731820000000000448e+01
7.672820000000000107e+01
7.907240000000000180e+01
7.907240000000000180e+01
7.907240000000000180e+01
7.903759999999999764e+01
8.037770000000000437e+01
7.910509999999999309e+01
7.906489999999999441e+01
8.043460000000000321e+01
8.310410000000000252e+01
8.170120000000000005e+01
8.306910000000000593e+01
8.067910000000000537e+01
8.329040000000000532e+01
8.297289999999999566e+01
8.418699999999999761e+01
8.417210000000000036e+01
8.420510000000000161e+01
8.533400000000000318e+01
8.527620000000000289e+01
8.637619999999999720e+01
8.505750000000000455e+01
8.679070000000000107e+01
8.690789999999999793e+01
8.936260000000000048e+01
8.684619999999999607e+01
8.435439999999999827e+01
8.561060000000000514e+01
8.617459999999999809e+01
8.687050000000000693e+01
8.897360000000000468e+01
9.042440000000000566e+01
9.186549999999999727e+01
9.065210000000000434e+01
9.065240000000000009e+01
9.065240000000000009e+01
9.076720000000000255e+01
8.804890000000000327e+01
8.991190000000000282e+01
8.874540000000000362e+01
8.746890000000000498e+01
8.946299999999999386e+01
9.194559999999999889e+01
9.101040000000000418e+01
8.955660000000000309e+01
8.808650000000000091e+01
8.703610000000000468e+01
8.573990000000000578e+01
8.573990000000000578e+01
8.864119999999999777e+01
8.864119999999999777e+01
9.001380000000000337e+01
9.001330000000000098e+01
9.137669999999999959e+01
9.280419999999999447e+01
9.420730000000000359e+01
9.420730000000000359e+01
9.564669999999999561e+01
9.428600000000000136e+01
9.321750000000000114e+01
9.179919999999999902e+01
9.382290000000000418e+01
9.264849999999999852e+01
9.466299999999999670e+01
9.802320000000000277e+01
9.852939999999999543e+01
9.965649999999999409e+01
1.000060000000000002e+02
1.023610000000000042e+02
1.050120000000000005e+02
1.050120000000000005e+02
1.036129999999999995e+02
1.036790000000000020e+02
1.021260000000000048e+02
1.051800000000000068e+02
1.025469999999999970e+02
1.025469999999999970e+02
1.011970000000000027e+02
1.025630000000000024e+02
1.038190000000000026e+02
1.052609999999999957e+02
1.064020000000000010e+02
1.059300000000000068e+02
1.071620000000000061e+02
1.042390000000000043e+02
1.012049999999999983e+02
1.012049999999999983e+02
1.030210000000000008e+02
1.017639999999999958e+02
1.053010000000000019e+02
1.032439999999999998e+02
1.033310000000000031e+02
1.066590000000000060e+02
1.052960000000000065e+02
1.039389999999999930e+02
1.052870000000000061e+02
1.040049999999999955e+02
1.015709999999999980e+02
1.000349999999999966e+02
9.995310000000000628e+01
9.995310000000000628e+01
9.995310000000000628e+01
1.011430000000000007e+02
1.037890000000000015e+02
1.025400000000000063e+02
1.050030000000000001e+02
1.026779999999999973e+02
1.014639999999999986e+02
9.906419999999999959e+01
9.800549999999999784e+01
9.705809999999999604e+01
9.834579999999999700e+01
9.711400000000000432e+01
9.711400000000000432e+01
9.475620000000000687e+01
9.838930000000000575e+01
9.706239999999999668e+01
9.617059999999999320e+01
9.885850000000000648e+01
1.013769999999999953e+02
1.013100000000000023e+02
9.994089999999999918e+01
9.740070000000000050e+01
9.608859999999999957e+01
9.615739999999999554e+01
9.358610000000000184e+01
9.330549999999999500e+01
9.277679999999999438e+01
9.411079999999999757e+01
9.271779999999999688e+01
9.388209999999999411e+01
9.374819999999999709e+01
9.268019999999999925e+01
9.177519999999999811e+01
9.437220000000000653e+01
9.544079999999999586e+01
9.405440000000000111e+01
9.293689999999999429e+01
9.402639999999999532e+01
9.532599999999999341e+01
9.532739999999999725e+01
9.666140000000000043e+01
9.666140000000000043e+01
9.664119999999999777e+01
9.365590000000000259e+01
9.365590000000000259e+01
9.671779999999999688e+01
9.797410000000000707e+01
9.685259999999999536e+01
9.616349999999999909e+01
9.486929999999999552e+01
9.486929999999999552e+01
9.351869999999999550e+01
9.436360000000000525e+01
9.436350000000000193e+01
9.296829999999999927e+01
9.415850000000000364e+01
9.542050000000000409e+01
9.786820000000000164e+01
1.003689999999999998e+02
1.030610000000000070e+02
1.030610000000000070e+02
1.018239999999999981e+02
1.019080000000000013e+02
1.031809999999999974e+02
1.045879999999999939e+02
1.045340000000000060e+02
1.059369999999999976e+02
1.021779999999999973e+02
1.011440000000000055e+02
1.000669999999999931e+02
9.590860000000000696e+01
9.583249999999999602e+01
9.537869999999999493e+01
9.538630000000000564e+01
9.574309999999999832e+01
9.612239999999999895e+01
9.729510000000000502e+01
9.741270000000000095e+01
9.314900000000000091e+01
9.413139999999999930e+01
9.290619999999999834e+01
9.286450000000000671e+01
9.286450000000000671e+01
9.029049999999999443e+01
9.282460000000000377e+01
9.422469999999999857e+01
9.422639999999999816e+01
9.289350000000000307e+01
9.166649999999999920e+01
9.166649999999999920e+01
9.148609999999999332e+01
9.137749999999999773e+01
9.399399999999999977e+01
9.264010000000000389e+01
9.530410000000000537e+01
9.256489999999999441e+01
9.145569999999999311e+01
9.007859999999999445e+01
8.916750000000000398e+01
8.771189999999999998e+01
8.926179999999999382e+01
8.926179999999999382e+01
8.926179999999999382e+01
9.074030000000000484e+01
9.175790000000000646e+01
9.182640000000000668e+01
9.042220000000000368e+01
9.042220000000000368e+01
9.042220000000000368e+01
9.292900000000000205e+01
9.430759999999999366e+01
9.302030000000000598e+01
9.318600000000000705e+01
9.300379999999999825e+01
9.265649999999999409e+01
9.286910000000000309e+01
9.184539999999999793e+01
9.454659999999999798e+01
9.829309999999999548e+01
9.969459999999999411e+01
9.832319999999999993e+01
9.832319999999999993e+01
9.704569999999999652e+01
9.567829999999999302e+01
9.416559999999999775e+01
9.667249999999999943e+01
9.667249999999999943e+01
9.878560000000000230e+01
