57.8917
58.8168
58.7063
64.5415
62.8149
64.6496
 70.983
72.1074
70.7305
64.8926
64.1757
66.6329
64.6844
57.8906
58.7013
59.6137
59.9711
59.9711
55.3772
57.1521
 63.212
59.7629
59.7629
58.4266
58.8279
59.5893
59.8102
62.3439
63.6922
60.5637
61.2108
60.7129
59.6917
59.8694
59.8694
 58.536
55.2681
54.5807
54.2479
56.0309
57.1191
59.0157
 56.912
55.7984
58.9673
58.1911
 59.236
 60.069
59.4487
58.9038
61.6689
64.3499
64.2324
58.2908
58.6978
56.5393
51.0225
 53.264
54.1748
58.8583
60.3025
  57.75
57.6296
54.8146
57.9593
60.6607
60.9332
60.9332
65.9982
71.9161
71.9161
69.8527
64.1241
64.9883
67.3232
 66.245
68.6434
75.7015
80.3843
79.2286
77.9754
79.2203
80.0826
82.8005
60.4831
61.2485
60.4319
 61.161
61.3373
67.1092
 71.472
69.0289
69.0787
69.3174
65.9319
66.8255
65.6304
68.8928
  70.02
70.8297
67.2672
64.8732
66.9895
64.4391
63.7447
 63.299
60.1402
65.9325
 69.797
83.3915
89.1875
88.0597
89.3661
87.6433
82.8972
91.4362
90.2519
81.7953
74.4326
68.2465
68.2465
67.7342
73.5609
72.3263
79.0241
79.7422
  77.12
70.5069
66.2887
67.0333
68.6545
72.0027
75.2674
82.0861
68.9859
71.4849
72.2891
75.9025
75.8771
69.6996
65.2985
65.0988
65.0944
67.4098
67.1238
70.4719
71.6885
68.7906
67.3221
66.3103
65.0359
67.0743
64.9155
 64.449
65.3161
66.1644
64.5699
59.3223
56.7498
47.3289
43.8915
44.2895
45.9484
46.0618
48.8124
44.7779
45.5862
44.0026
42.2475
40.7402
37.1543
37.9194
37.9194
38.4235
35.2247
35.1211
 35.461
34.5094
33.9958
33.6758
32.6597
36.1743
39.8699
36.7719
32.8446
35.0112
34.7113
33.0062
32.8896
36.0401
35.4245
36.2248
37.6329
37.6329
37.6671
42.2199
44.6502
46.3066
46.6443
47.1298
47.3931
46.1269
46.4087
 47.238
 46.844
48.7581
48.5958
52.6076
52.3828
47.7787
46.5095
48.3208
52.4757
54.3088
50.8985
 55.147
59.2863
59.4497
58.8459
58.3517
56.8407
61.0342
56.2113
55.4932
53.9905
54.0372
53.4649
55.0121
55.7303
 56.258
56.1791
 51.258
46.1636
44.9272
41.8072
46.6298
47.8579
 47.201
48.9064
44.3869
45.1075
47.6549
 45.877
49.3495
51.1836
45.9285
43.4451
47.9757
47.7714
 49.986
51.8114
53.0958
52.9598
 55.919
56.2436
54.4757
55.8518
51.6036
51.7525
 49.788
50.1101
48.5408
58.0133
56.2868
55.2517
 51.069
47.5811
47.3886
48.0702
48.9322
50.1417
46.7294
 45.466
45.9456
47.3531
 49.237
51.0385
55.9613
55.3375
54.8479
56.6409
62.0757
68.7657
70.0737
 67.155
81.2366
79.2029
80.2979
77.3838
74.3004
78.3905
74.7285
74.5783
87.7927
84.8901
80.9486
84.9422
77.2224
77.2037
73.8769
71.4431
77.6613
 81.309
 77.388
77.1383
79.1876
 85.541
83.2801
82.9222
81.9917
 81.323
82.1747
69.3579
 71.081
72.0401
70.7413
76.3246
76.4226
79.5901
77.6627
75.8417
81.4774
81.9007
80.9706
78.2609
75.4134
72.2309
 65.605
66.1594
66.7185
73.2557
  67.34
60.4351
59.5892
58.4585
48.8175
50.3861
49.7494
49.5092
48.8905
46.3506
48.3779
49.8971
67.7921
 70.236
 73.744
82.5181
79.7568
82.6854
82.1931
82.4369
75.5372
71.6731
74.9559
 77.305
 84.014
77.8992
78.4663
78.8769
79.7282
80.6459
79.7081
 74.439
72.4307
76.6134
78.4761
72.0637
74.3506
81.5834
81.7072
82.9461
98.8721
102.045
103.711
103.322
107.417
106.608
102.361
 106.96
 111.76
101.868
98.9471
98.9471
99.5122
100.576
118.921
115.795
117.203
118.408
119.602
125.948
121.301
128.585
94.5844
91.5099
87.1586
77.5824
80.8253
77.8964
78.5182
 81.631
78.7733
77.5694
74.4529
80.8198
74.5454
73.3065
73.3129
 72.775
75.5047
74.3738
75.2862
80.9915
83.3251
78.7804
76.3715
73.6302
71.8458
65.6561
66.4006
66.0651
54.5683
58.6975
57.8001
58.8902
58.8902
59.7437
59.0554
56.5862
54.1042
52.1259
53.9785
51.6338
53.7916
57.3168
48.2868
49.4075
48.7938
48.0423
50.0525
47.4206
49.0882
49.0882
49.0882
 49.112
48.5037
46.3086
44.2966
46.0038
48.1543
46.4945
46.1394
46.5756
48.2367
48.2367
47.1631
48.1704
47.7462
48.8754
53.3241
54.1162
53.7472
49.5001
 54.899
 54.231
53.9564
53.3206
 54.299
58.8268
58.0897
57.9402
52.5057
49.3246
50.1924
 49.495
47.5042
46.3658
46.9143
46.6663
48.9094
48.7084
 46.699
 48.701
46.9711
54.9315
51.0499
 54.356
55.0397
55.6236
53.6345
53.0016
51.4177
57.4024
47.8591
 49.362
49.9767
49.4498
48.9286
46.9952
44.7935
44.9399
45.6562
45.5591
 50.192
46.6478
48.2494
52.9805
53.8202
52.7925
48.4352
47.9001
49.7342
48.2798
43.2089
43.8146
44.5039
44.8065
46.9896
43.4158
44.5251
45.3984
 43.096
45.1098
44.4086
44.8434
46.7178
46.7676
48.7496
49.8037
47.3574
47.8563
47.3023
45.3311
 45.564
62.1964
60.8118
57.4169
56.7028
 56.357
 58.209
59.3402
61.1172
54.9701
49.0377
52.8882
52.2089
 53.146
53.8934
53.3369
52.8479
55.3287
57.7334
57.6257
51.9262
51.0079
48.7419
43.9889
45.9218
46.7071
50.7449
  51.99
  51.99
51.8528
49.3291
52.1591
54.6031
54.9213
61.3539
66.4359
   72.6
75.9936
74.0531
71.2804
72.5183
75.3607
72.2511
74.5508
82.2264
87.3128
86.0578
84.7186
85.7461
85.0504
87.5273
87.5273
87.9734
86.7735
87.8212
88.0743
96.3621
102.646
99.5187
96.1532
 90.253
84.3049
85.4788
83.9507
88.1237
89.5655
90.6012
86.0444
82.9824
 85.676
81.9495
82.7865
81.7985
81.7985
89.4138
94.6666
113.116
120.793
115.285
117.167
114.912
114.912
126.337
124.738
113.052
102.888
93.9139
103.716
103.134
106.392
 104.39
114.703
113.612
110.355
100.871
94.8358
95.9015
98.1831
102.414
 104.32
111.998
111.998
114.917
116.266
122.079
122.039
112.103
104.991
105.276
108.617
105.597
104.017
 109.23
111.115
106.623
104.347
102.779
100.804
103.963
100.639
99.4591
103.434
104.484
98.5261
90.4433
86.5159
72.1474
67.0881
66.2141
68.8732
 68.877
77.8399
71.5973
 72.918
 70.386
67.5786
65.1671
59.4185
60.5948
65.8775
 66.741
60.8109
61.8332
62.6836
60.9765
60.0684
59.5029
57.7236
63.4203
66.7971
62.4321
44.5749
47.5391
47.1225
44.8072
 44.649
48.9256
48.0793
49.5638
54.1358
53.9524
54.4847
61.0891
64.6058
67.0024
67.4911
68.1936
68.5745
66.7422
67.1652
68.0243
65.7709
 68.315
66.5868
72.2801
71.9723
65.6518
64.1397
64.9194
  70.78
73.0359
64.2345
69.8968
75.1442
75.3518
74.5864
73.9601
72.0449
77.3601
71.2472
70.3501
68.1569
66.8566
65.8905
67.8218
68.7075
69.3578
69.2565
 63.497
60.1642
58.5428
47.9691
53.9975
55.4207
54.6597
56.6346
51.4016
52.2414
55.6298
50.8444
 52.007
54.2617
48.6797
46.0476
50.8496
 50.633
52.9803
 54.915
56.2765
56.1185
58.8605
60.7128
58.8038
58.7375
54.0701
54.2189
52.1725
52.8078
52.4718
63.0775
63.0775
60.0482
55.1203
51.3666
51.1588
51.8947
52.8253
 54.131
50.4472
49.0833
49.5928
 51.312
51.9267
53.5964
58.7737
58.1185
57.6047
59.4905
64.8592
68.1728
69.7679
69.7679
 84.661
82.5752
83.7148
80.6768
77.4637
81.7131
77.3837
 74.417
 79.975
76.8157
73.2349
76.8478
69.8637
69.8468
 66.837
64.6351
70.2606
73.5493
70.4425
68.3717
70.2949
72.4468
 70.244
69.9538
69.1896
68.2397
 70.377
 59.177
58.4651
58.2143
56.8895
61.3632
61.4418
63.9883
62.4387
60.9747
65.5057
65.8457
65.1016
62.7454
62.1885
59.8197
54.3302
54.7892
55.2516
60.6591
 55.735
53.0768
51.9638
46.0209
 37.965
39.1896
 38.695
38.5081
38.0276
36.0543
37.7763
37.6744
44.3764
46.1604
48.4654
54.2313
52.4166
54.3412
54.0178
 54.178
 54.178
51.3801
53.4556
53.6916
58.4149
56.7508
56.7566
57.0386
57.6763
58.6468
56.7112
52.9862
53.2261
55.2726
56.8965
52.2589
53.9172
59.1622
 59.252
60.1504
71.6995
73.9999
75.2062
74.7575
75.2978
75.2978
72.2565
75.5159
78.9039
71.9262
69.7857
73.1919
74.4847
69.6964
83.5379
81.3147
 82.303
83.1495
83.9887
88.4248
85.0116
86.8536
73.5987
71.0216
67.6504
60.2186
62.7356
60.4635
60.9388
 63.228
57.9304
57.1312
55.0089
 56.882
52.2324
52.7169
53.0641
52.6935
54.6812
53.5873
55.5644
59.5459
63.9161
61.5289
59.3703
57.2531
55.8657
51.0528
51.6316
51.3708
51.3708
54.7886
53.9757
55.0354
57.4674
60.3237
59.7517
57.2514
54.7407
54.7407
56.7213
54.2283
57.1446
55.5923
46.1565
47.2502
46.6634
45.9448
47.8676
45.3576
46.9081
  50.17
59.6813
59.7103
58.9707
56.3019
53.8557
55.9308
58.5416
58.5416
56.3631
57.0815
59.2447
64.3017
62.4267
62.0265
61.1779
62.6324
68.3299
 69.088
66.8963
61.9076
 74.175
74.4511
73.8418
72.9842
74.3235
80.5222
79.5043
79.3528
79.3528
 75.136
76.3888
75.3279
72.1439
68.2443
69.2461
68.8768
  72.37
69.7185
66.9671
69.8641
66.5279
 66.291
60.7375
64.7012
65.5148
66.2099
63.8422
63.0888
61.2035
68.3272
56.9676
58.7565
59.4882
 58.861
58.2399
55.9498
53.2233
51.5607
 51.059
50.7089
55.8626
51.9118
54.0088
56.0392
 56.621
55.5447
50.9639
50.5188
50.7072
49.4104
40.8757
40.7068
41.2168
41.5003
43.5226
43.5226
44.6775
45.6805
37.2088
39.1219
38.5274
  38.91
40.6758
39.8844
41.7411
42.6506
40.3579
41.9887
41.6489
39.9074
39.5166
40.6793
39.2535
37.0518
36.5912
36.3681
37.5632
38.2932
39.4399
35.4731
31.6448
34.1296
33.6912
 34.296
 34.778
34.4173
33.9812
34.3128
 34.734
34.8424
31.4029
30.8499
29.4202
28.2326
29.3504
29.8483
32.4249
33.2054
34.6784
  34.82
31.6595
32.4358
33.8846
34.0832
38.0961
45.1439
49.2447
51.9567
46.9052
44.7979
45.5686
47.3612
 45.226
45.4532
50.4554
53.5916
52.6176
50.4217
51.2471
50.8445
52.0511
56.5254
56.2629
 55.497
56.1666
56.3284
61.6289
65.6477
63.6478
61.4954
57.7218
57.7218
58.4773
57.4397
60.2937
 61.289
62.2717
61.2405
60.8939
63.2713
 60.542
61.1541
 60.461
63.6221
69.5452
73.6307
87.9802
 93.952
89.6581
91.7702
87.2261
92.6855
101.905
100.634
91.1902
75.9024
69.5218
77.9203
73.9854
76.9442
75.5188
82.9978
81.8933
81.6498
74.1497
69.6768
70.1334
73.7441
77.3225
   78.8
84.6133
101.106
 103.07
104.277
109.491
109.454
100.543
 94.165
94.4167
97.3892
94.1003
89.1065
 93.786
95.4004
91.5446
89.5735
87.7788
88.3274
88.3697
85.0114
84.0393
87.3974
88.2848
83.2508
76.4212
73.1027
60.9618
56.6866
55.9493
58.5392
56.9443
64.6334
 59.453
60.5471
58.2464
53.3514
 51.708
46.4544
45.2274
49.8274
50.5045
46.0064
 46.964
48.6573
 47.045
46.3223
46.0984
43.5367
48.1687
50.7608
47.6239
39.3919
41.5674
41.2106
39.1861
39.0478
42.7879
42.0477
 43.345
47.3455
46.8895
48.7849
54.9698
58.1304
60.2872
60.7107
61.0522
63.1602
63.4802
63.3818
64.2047
62.0777
 64.479
62.8478
68.2214
67.9308
61.9652
60.5373
61.2785
67.0084
66.5766
58.4247
63.5666
68.3297
68.2916
65.8438
65.7516
63.2928
63.3322
57.5384
56.7789
54.9996
53.7672
51.7797
 53.587
54.3123
54.5713
53.3652
48.6255
46.0422
44.8893
40.7732
45.5466
 46.778
46.1365
47.8034
43.3864
44.0952
46.9548
42.9093
43.6466
47.6093
42.5218
40.2219
44.4166
44.2386
46.0003
 50.045
49.6438
49.8336
52.2727
 53.918
52.2226
52.1638
48.0187
48.1509
46.3334
46.8967
46.5901
 55.871
57.3645
57.3645
52.8213
49.2212
49.1895
48.8714
49.4382
51.2131
51.3474
49.4608
49.9942
51.7329
52.1346
52.1967
57.4262
56.7738
56.5144
56.7394
62.1659
65.3686
67.0259
74.8376
90.8131
88.5757
89.7981
89.7981
86.1875
 90.924
86.1058
82.7893
88.4952
81.3294
77.1481
80.9676
73.6091
73.5842
70.8109
65.2164
67.0163
70.3106
67.3439
65.3636
67.2022
69.2594
69.2594
68.9382
68.1801
67.2444
  69.35
58.3322
57.7707
57.7707
56.3993
60.8412
60.7053
61.6425
60.4486
58.4583
58.1463
57.8453
57.1768
55.1086
54.7271
54.4839
49.4167
49.8332
50.0925
52.1563
47.7276
 45.447
44.4943
39.4056
32.5075
33.5568
33.2057
32.0216
31.6732
30.0274
 31.462
31.3695
36.7551
 39.947
42.1208
47.1344
45.5572
47.2282
47.1012
45.8354
49.9377
47.3603
49.2732
49.4903
53.8391
52.3873
50.7911
50.9455
51.5142
52.3808
50.6529
47.3357
47.2143
45.4736
47.3214
43.4656
44.6274
46.8062
47.1213
 47.294
48.7975
49.9839
50.8172
50.5167
50.8984
51.2109
49.1428
51.3546
 53.658
51.7022
50.0537
52.4921
53.4188
49.9848
 59.912
58.3244
58.8258
61.1599
61.9536
65.2223
62.7044
64.0518
54.5494
50.4205
47.7867
 42.531
44.3082
42.7005
42.9531
43.1628
39.4667
38.9279
37.4822
38.7584
35.5888
36.0512
37.3207
37.1887
38.5933
37.8214
 39.216
42.0211
 44.683
 45.706
43.5229
41.9763
41.0904
39.4663
39.6958
39.5629
43.3053
46.1958
45.4943
46.3869
48.4367
50.8442
50.3624
48.2592
46.0759
47.8246
 49.555
 47.377
49.9248
48.5686
48.5686
49.5428
49.1439
47.1089
 49.292
46.7136
48.3104
51.6556
61.1782
59.6719
58.7292
56.0641
53.6291
55.7123
58.3896
60.5796
58.3252
59.0686
61.3072
66.5401
64.5905
63.9222
63.9222
65.6131
71.5676
72.3621
70.0669
64.8167
76.1523
82.2741
80.8789
79.9637
81.2437
 83.517
82.5911
82.6047
100.275
94.9463
96.5294
95.1888
91.1654
91.1654
92.4258
91.9247
96.5856
96.5856
92.7312
96.7512
92.1583
91.6247
91.6247
97.1232
97.8564
96.9397
 93.033
 91.954
89.2073
99.6083
83.2857
83.8791
85.1469
84.2444
83.3556
80.0779
76.1756
73.7961
 73.078
 72.577
79.9532
74.3003
 77.314
79.6447
76.3976
 74.534
68.3828
67.7854
68.0381
66.2708
66.2708
61.3845
61.5595
62.0092
65.1942
70.5627
72.4352
74.0615
60.3262
 63.428
62.4633
63.0757
 66.085
62.5338
65.5415
66.9583
63.1965
69.4286
68.9515
66.0669
65.4235
66.9594
56.2691
52.8197
52.4167
53.1516
55.1437
56.2287
57.9116
57.9116
 52.101
53.7859
53.0146
53.9711
  54.73
54.1623
53.4762
53.9979
54.6607
54.8314
49.4187
48.5485
46.2854
44.8177
44.4093
45.4797
49.4143
50.6041
  52.83
53.0201
44.5694
43.6921
45.1641
45.4022
50.7477
60.1359
65.5986
69.2113
62.4822
59.6749
60.7008
63.0895
63.0895
62.0568
69.1511
73.4317
 71.837
65.4588
66.7573
66.2361
67.7931
73.0631
67.5303
66.1743
66.6751
65.5243
72.0666
 76.773
 74.565
68.0359
63.0432
67.4454
68.3272
67.1148
70.4496
71.6124
72.7608
71.5558
71.1509
73.9287
70.7397
 71.455
70.6147
73.3952
74.5835
79.5465
95.0563
101.509
96.8761
99.3619
90.9836
92.1198
99.9416
98.7137
89.4495
89.4495
81.8171
91.7139
87.0818
90.5654
88.9096
97.8239
93.1142
94.8606
85.7782
80.5886
80.7893
89.1266
93.8651
 95.664
102.683
121.383
118.278
120.534
126.046
128.743
128.743
121.043
 121.94
131.891
126.518
119.844
126.136
128.307
123.122
120.471
118.057
118.795
118.852
114.335
113.028
117.544
118.709
113.387
111.938
106.211
88.5542
82.3446
81.2609
85.3702
81.4486
84.8832
78.6331
80.0814
77.0371
63.9043
62.0832
55.7692
54.2955
59.8181
60.6284
55.0165
58.0819
61.9965
59.7142
58.7787
58.7348
52.9484
59.0683
62.2561
58.4174
48.9182
49.3065
48.4761
46.2538
 44.866
54.4184
53.4896
55.5347
65.9462
64.9692
67.5919
76.1613
80.5405
83.5287
84.1154
84.5885
87.5092
87.9526
87.8162
88.9564
86.0095
89.3058
87.8292
 88.603
87.3975
 79.701
77.8646
78.7987
86.7107
84.7011
81.9391
88.7746
95.4182
95.0994
87.1194
87.4832
84.2169
84.2687
76.5594
 75.556
72.9604
 69.127
64.4691
 67.022
67.9606
67.9844
  64.79
58.5785
55.4473
54.0714
49.5755
51.5161
52.2271
 51.573
51.6022
42.4316
43.3004
46.4202
39.1297
39.5502
43.1456
38.5349
36.4507
 40.252
40.0907
41.6872
45.3528
44.9892
45.1611
47.3716
48.8623
47.3312
47.5386
47.2441
47.7555
45.9447
46.5034
46.2119
55.9057
 55.897
56.8477
52.3667
48.8104
48.9677
47.2805
47.5094
49.2091
49.3386
47.5259
48.0275
49.9056
49.1608
48.0662
53.1613
52.5345
52.5186
51.6508
56.9519
59.8976
61.4059
 67.935
73.2425
72.1762
73.1307
75.5826
69.0328
73.4743
69.0249
63.3149
67.3244
61.8604
58.6799
 61.585
55.9881
55.9691
53.8597
49.6044
50.9734
53.4792
53.4792
51.8841
 53.334
55.1984
55.4627
54.9658
54.3497
53.6039
55.2826
46.1032
47.1807
49.7052
48.5123
52.3234
 51.978
51.6258
 50.975
49.3094
 49.046
48.7923
48.2388
46.2919
47.0006
47.9656
43.3264
43.7049
 43.762
44.3144
40.3165
38.3828
37.5773
37.5773
35.4772
36.1022
35.7304
34.5999
33.3453
31.3281
33.0444
32.0804
37.4141
40.6692
42.8823
47.9866
46.3809
 48.082
47.9527
46.6645
50.8433
48.0366
52.9117
53.2241
57.8846
56.1087
55.9707
 56.343
56.9641
57.9217
56.0158
56.0158
 54.196
51.8422
 53.958
49.5707
 50.688
51.6507
 52.371
52.5786
54.2502
55.5692
56.5052
55.9515
55.1583
  54.01
51.6724
54.0024
56.2674
55.8514
53.8654
56.4762
57.5402
50.4692
52.7049
51.7346
52.2042
54.0236
53.6434
56.9174
54.4253
 54.355
46.4384
  42.92
  42.92
38.3234
 39.911
38.4623
38.6899
 38.879
35.5519
  34.88
31.9075
33.2044
30.4886
30.8255
30.9122
30.7427
31.9053
 31.273
32.5049
38.3661
38.7457
39.8563
37.9515
36.6081
35.9684
35.5931
35.4325
35.3029
38.6422
41.2213
40.5893
41.1621
41.7542
42.1862
41.6926
39.9534
 38.226
 38.347
39.8186
38.0696
40.3123
37.8085
41.5445
42.3307
41.9728
40.4188
41.2194
38.7622
40.2388
41.6653
  49.34
 48.025
45.6662
45.6662
 43.753
45.4574
47.6422
49.4294
47.5986
47.9564
52.1032
57.1966
 55.512
54.9043
57.1521
58.6639
63.9876
64.6974
62.4749
52.6906
56.0005
60.6322
59.6074
58.9404
59.6739
59.6825
59.5642
59.5918
72.3385
68.4949
69.6383
68.9107
67.8754
71.4369
72.4193
72.0372
75.8073
78.6904
75.5503
78.8357
74.6917
72.4645
87.7006
92.9688
93.6805
93.1499
91.8548
90.3911
87.4959
92.2429
 76.597
76.9672
80.6671
77.0014
76.0239
73.0326
 69.473
67.3026
66.6634
66.6378
 79.297
73.1563
76.1276
78.4223
 75.225
  73.39
67.3335
66.7551
66.7284
62.0906
72.9243
67.5382
67.7311
68.2288
71.4418
73.7428
 76.064
77.7774
63.3538
66.6109
65.5993
66.0981
67.0072
63.5433
66.6112
68.0522
64.2289
70.5628
70.0777
  67.13
66.1894
66.1062
55.0987
55.0987
54.7155
55.3032
55.7445
56.6562
 58.303
64.8565
58.3595
60.0327
57.2757
56.7774
57.4121
56.8201
56.0999
56.6473
57.3513
57.2056
47.4572
46.3399
44.1692
42.7687
42.3789
43.4005
47.1552
48.3008
 50.142
49.0225
41.5026
40.6763
 42.047
42.2775
47.2037
51.0959
55.8423
58.9146
 53.187
50.7981
51.6868
53.7892
56.5704
55.6444
62.0056
65.8439
 64.414
 64.414
65.5838
65.0467
66.1045
68.2103
62.4754
58.8643
59.4438
58.5244
60.9541
64.9118
63.0492
57.5278
53.3188
56.7643
  56.21
56.6058
59.1367
60.1003
61.0641
60.0527
59.7006
61.7357
56.3863
57.2318
56.5478
58.7743
59.7259
63.7002
76.1204
81.3103
78.0827
78.4832
72.2922
73.1734
79.3867
78.3757
78.3757
93.2604
93.2604
104.047
 98.824
102.776
100.897
111.013
105.668
 107.65
 97.344
91.4808
91.4777
111.565
117.229
119.406
  126.6
138.108
133.212
140.247
147.427
150.885
164.915
164.915
166.033
 179.55
172.273
163.996
167.415
166.363
160.398
157.003
153.858
154.819
154.915
149.613
143.965
150.521
151.994
145.181
143.325
135.991
113.385
105.406
104.488
106.978
102.571
106.864
106.864
108.745
99.1671
82.2783
75.7889
67.9702
66.1805
72.9101
73.8977
67.0575
70.7938
75.5653
72.7839
 71.651
71.8868
59.1018
66.1742
69.7344
65.8853
60.1704
59.9551
57.2642
54.2416
52.6554
63.9032
60.6334
  63.07
74.8817
73.7835
76.4388
81.4656
83.5717
86.3016
86.9237
87.4128
 90.431
90.8838
 91.012
 89.993
86.6793
89.9952
88.5069
89.2866
88.0718
80.3164
78.4555
79.7126
83.7704
82.1554
79.4038
94.4476
100.981
97.8241
89.5522
87.2534
83.7421
83.7871
76.1227
76.1227
73.4741
69.6018
64.9107
67.4811
 68.436
68.0662
61.9429
55.6463
52.6641
51.5637
49.7477
51.0329
50.7332
49.8671
49.9075
40.7312
42.7828
46.0498
38.8216
39.2376
42.7033
40.2297
39.2556
42.9745
42.7938
 44.498
 48.411
48.0189
48.1233
48.6969
50.3131
48.7339
 48.947
48.6437
49.1703
47.3063
47.8841
47.4191
52.6026
52.7315
53.7538
45.3065
42.6448
43.9131
42.5331
43.9813
45.7114
 45.835
44.0316
46.0761
47.7754
47.0606
46.0124
50.8899
50.2756
50.5802
48.4855
53.8148
  56.61
57.8834
60.3186
 64.451
64.7055
65.2799
67.4856
61.2549
68.2185
63.8496
58.5637
62.2709
57.3764
56.2802
57.3338
52.5061
52.4962
50.5177
46.5256
47.8028
50.2484
 52.462
50.8972
52.3195
54.1485
54.4077
53.9203
53.3165
52.5701
54.2796
 49.553
50.6648
53.7789
50.2058
53.5406
51.8784
51.6909
49.6982
47.8654
47.5961
47.1655
45.2296
45.2296
45.8914
 46.829
42.3004
42.6795
42.4654
42.1763
38.1124
38.1124
37.2746
41.9603
39.7784
39.6871
39.4447
38.1895
36.6199
32.8876
34.9041
33.8804
39.5081
42.8816
43.6214
46.1488
44.6984
46.3349
46.2109
44.9694
48.9964
46.2917
50.9897
51.2908
55.7819
54.0706
53.9376
54.2964
54.8955
55.8301
53.8602
 58.012
56.1038
53.1928
58.0856
53.9633
54.1234
55.4738
55.0611
55.0875
56.8195
57.9825
57.8582
55.7934
54.9179
53.7756
51.4484
53.7816
55.7865
56.5293
54.1404
 60.368
61.6061
54.0576
56.2733
56.3934
56.6831
58.6555
 57.964
64.2036
61.0951
61.0084
52.1317
48.0265
50.6664
48.0087
49.9504
48.1403
48.4248
48.6615
44.4972
43.6563
43.6563
45.3188
41.6248
42.0842
42.2026
41.9711
43.5583
42.6952
 44.377
 52.379
52.8852
54.6528
49.5757
48.3259
48.4251
47.6208
48.6077
 48.594
53.1759
56.5239
56.5712
56.3322
57.0032
57.5904
56.9169
54.5332
52.3824
51.4184
53.9473
53.9473
57.4263
53.8708
59.0097
58.7919
58.4665
56.3082
57.1606
57.1606
59.4529
 61.568
 72.909
 70.949
67.3635
70.7461
67.7822
70.4226
73.8074
76.5768
73.7365
74.0039
88.2273
96.6138
93.7854
92.7596
96.5572
99.1113
108.106
109.305
 105.55
89.0196
94.5917
103.146
98.6095
98.4737
97.6775
97.9894
97.9894
97.7593
118.671
112.801
112.892
113.545
112.208
118.065
119.689
119.048
124.871
126.099
119.056
142.986
 134.52
130.486
157.769
161.453
162.471
161.567
160.441
145.022
139.565
147.124
122.167
122.757
128.658
122.812
121.253
116.482
110.805
107.342
106.319
107.119
 145.19
134.353
139.783
143.997
138.127
134.757
123.636
122.574
122.525
122.525
144.161
132.712
129.894
132.248
134.277
138.899
134.719
137.156
111.678
117.044
117.039
116.139
117.317
111.281
116.654
119.187
112.651
117.238
115.012
95.9823
93.5985
93.4296
77.3791
82.4666
 81.894
82.7635
82.7502
79.5202
 82.397
91.6506
82.4679
84.8324
80.9363
80.2322
81.1291
80.2926
79.2749
80.0476
81.0373
80.3438
58.2634
56.6364
56.6364
 54.813
54.3175
55.6264
60.4382
61.9015
64.1561
59.4033
50.3715
49.2173
49.3508
49.2824
51.7484
56.3251
56.5052
59.3807
53.5795
51.3319
53.2928
54.2661
56.7526
55.8324
62.2162
 66.092
64.5416
70.8033
71.4224
65.9818
66.4813
68.5785
62.8125
 59.182
59.7634
58.8409
60.8684
60.7836
58.6452
58.6452
 54.625
58.0879
57.5194
57.9245
60.5144
61.5003
62.4867
 61.452
61.0815
62.8375
52.7341
53.9087
51.2807
53.1797
54.0456
57.6416
68.8802
73.5775
70.8685
69.1034
63.9284
64.5767
66.5617
66.5617
74.0484
88.5052
92.3825
102.681
97.5321
101.179
97.1449
102.337
97.8779
99.7009
 90.156
84.7258
84.7233
103.285
107.691
 105.04
110.397
120.408
116.139
122.273
128.529
131.583
143.455
 148.23
148.976
176.378
168.424
160.465
163.806
162.777
156.941
153.618
150.541
151.481
151.616
147.107
 135.31
143.321
141.312
135.513
133.782
126.938
105.836
 98.376
97.8687
97.8888
94.3847
98.5324
 106.49
104.742
95.3454
78.5862
75.5764
68.2331
66.4471
73.1129
72.5056
68.9803
72.4089
77.2806
74.4362
73.2778
73.5189
73.5189
80.8085
81.4079
77.4929
77.4929
77.1218
77.1218
73.1674
71.0472
85.3664
85.3664
 88.671
 120.51
118.139
 122.36
130.404
133.775
138.145
139.141
139.924
144.754
145.437
146.604
141.153
134.288
135.647
133.947
135.115
133.277
121.541
118.702
121.185
123.739
122.133
118.053
140.916
143.667
138.626
126.182
125.994
 121.46
121.542
110.254
112.075
111.151
105.863
105.863
109.845
111.345
110.629
110.629
110.629
 110.23
108.438
99.1726
101.705
97.8435
95.9556
96.0649
79.1663
84.1726
90.1916
66.9392
67.0273
72.9473
68.7224
67.0584
73.4113
73.1025
76.0137
82.6979
82.0392
81.7535
80.8686
84.4292
83.9309
84.7193
84.2112
85.1229
81.8958
82.8738
81.6066
86.2139
87.0314
88.7159
74.4076
73.2759
75.8487
73.0028
73.5216
76.1219
76.3176
73.3178
 76.833
77.2813
76.1353
71.4427
79.3776
78.4414
79.4788
79.4788
96.1537
96.0575
 98.259
107.297
114.708
118.513
119.249
123.297
111.852
125.395
116.989
98.7872
104.256
96.0425
94.2076
95.9712
87.8901
87.8735
84.5617
77.8793
80.0192
83.8581
 85.073
81.7668
81.9651
85.2733
85.6635
84.8959
83.9453
82.7864
 84.875
 81.267
82.1712
87.2297
80.8802
82.4554
82.4554
81.6856
 80.749
78.0633
77.6342
76.9367
73.8031
76.6594
78.0543
82.2033
73.8651
74.5373
73.1423
61.7113
49.9631
51.2249
49.9609
60.9031
 57.893
56.2386
56.1091
54.3218
51.8061
46.6384
49.9008
46.3326
 53.763
58.3654
59.3724
62.8125
60.8383
63.0657
 62.897
 61.207
66.6841
63.0652
65.8034
  65.76
68.3554
65.9175
65.7682
66.2057
66.9363
68.0631
66.1791
68.0755
66.4648
63.0092
69.1921
69.1921
66.8272
67.7689
68.9375
69.1377
71.3132
72.7721
72.6157
70.0186
68.6309
65.1877
61.9885
64.8577
66.0963
79.2082
71.9408
76.1871
78.0024
63.1313
65.6666
67.4842
67.5548
69.8989
68.6882
74.9919
70.6275
 68.566
58.8259
54.1836
57.1619
57.1619
59.3812
57.2224
57.5611
57.8422
52.8983
51.7874
 56.609
58.5104
56.2765
56.5423
56.6921
56.3812
58.5136
57.3585
 59.286
64.2435
65.1262
67.3205
60.9437
 59.225
61.2443
60.8019
60.1006
60.0039
65.6584
69.7915
69.8498
69.5422
70.0963
69.3907
68.2495
65.3252
63.8476
52.8965
 59.389
66.2271
71.1096
63.9077
 70.085
68.1145
68.0133
65.5089
66.0631
79.9515
83.9252
85.0374
100.416
100.416
95.3144
106.205
101.599
105.568
110.643
114.795
110.537
110.937
132.272
144.028
143.855
143.048
148.893
152.832
166.703
168.535
162.746
150.978
 160.86
175.466
167.812
167.592
 161.96
161.934
166.446
166.055
201.576
191.605
 191.76
192.909
191.421
196.076
 197.87
196.593
202.153
185.765
163.772
199.985
186.543
176.173
213.392
214.403
214.934
213.731
213.313
178.025
169.598
 173.89
 144.85
140.143
147.859
147.859
145.457
139.731
132.919
128.765
127.538
  128.5
174.251
174.251
  174.7
180.348
172.988
168.767
154.838
153.522
153.279
164.727
193.816
178.418
174.916
178.687
178.147
 183.68
178.195
 181.42
147.719
154.816
 154.81
153.593
154.593
150.639
156.926
 160.18
 160.18
154.524
145.598
119.571
116.072
113.405
93.7655
97.2855
96.9219
97.9437
97.3248
89.2586
93.1963
98.1807
88.6076
88.6363
83.4265
76.1989
76.3833
75.6096
74.6508
75.3784
 76.309
75.6947
55.0774
51.1695
53.9497
52.2105
51.7389
52.9857
57.5691
58.9629
61.1104
56.5833
47.9796
46.8894
 47.142
46.5228
47.7486
51.7878
51.9601
54.6044
49.2698
49.2698
51.1771
52.1095
54.2903
54.5046
60.1042
63.8648
61.2867
60.8451
60.8451
55.8775
56.1395
56.2769
51.4649
49.9541
50.3095
49.5327
51.0557
49.5024
 47.585
52.1731
48.9949
50.2684
49.1298
53.2978
55.2545
 56.138
57.0385
56.0941
55.7566
57.3635
47.8681
 50.485
47.7154
49.4773
50.2832
53.6289
64.0851
68.4554
 65.935
64.2927
59.4767
60.1081
62.3941
64.2791
68.8592
82.0106
 85.609
95.1046
89.9461
98.7391
94.9627
 100.04
95.9816
95.5393
87.1196
81.6365
80.5406
81.6765
 79.538
77.1609
80.9661
83.8128
80.7985
82.2754
86.4043
88.4684
 96.287
96.4391
96.7655
 114.63
110.401
108.568
109.265
100.995
98.3728
96.3384
94.4095
94.9989
95.0823
92.2584
84.2671
93.8006
92.0714
88.3072
87.1791
82.7188
82.7188
77.5292
77.1035
77.1202
74.3599
77.6503
84.3616
84.3616
79.7895
66.1756
63.6331
57.4811
55.6641
67.6053
67.2414
63.9687
67.0405
68.6999
 66.295
64.9478
66.3923
 69.375
69.9629
70.1815
66.5992
72.9053
72.5035
75.9181
72.0262
69.9005
84.3839
86.7123
90.0686
122.408
120.867
121.764
126.971
124.509
 127.24
128.212
128.934
133.385
134.015
135.097
129.238
117.341
117.911
116.461
117.498
115.861
95.7517
93.3078
95.2371
97.2453
95.9861
92.7943
111.472
107.711
106.155
96.9938
96.8388
93.3717
93.0447
 76.646
78.5156
77.8811
74.0478
79.3906
82.4005
83.9388
81.6406
89.8974
94.3859
 94.387
92.8637
84.9288
87.0978
83.7905
82.1738
82.2674
67.7959
72.0831
77.2366
77.2366
78.2869
81.2631
78.0153
79.7118
86.3649
85.9723
 89.396
97.2571
96.4828
96.1203
94.5109
103.193
103.122
104.118
103.493
104.936
96.0392
96.8822
95.4007
100.788
101.745
103.706
86.1427
89.8372
90.7605
87.4498
88.0649
91.1889
92.0315
84.1985
89.4621
89.9457
88.6122
83.1505
92.4055
92.4055
95.8616
115.551
129.657
129.054
131.996
144.136
154.091
159.203
160.192
165.629
150.253
168.369
158.121
115.528
122.166
118.372
117.521
114.242
105.514
105.522
101.545
93.5206
96.0906
100.673
101.671
93.4872
93.1769
96.9632
97.3947
96.1333
96.1333
95.1041
97.4983
97.4983
98.4258
 104.39
96.2935
92.2627
96.3826
95.4676
95.4676
92.3311
91.1597
87.8956
83.2502
86.4435
88.0153
92.6815
83.0819
86.9326
 83.531
70.4155
61.7109
62.9104
61.3663
 74.806
71.1088
69.0767
68.9177
66.7225
 63.632
57.3044
61.3555
 52.367
60.7525
62.5432
63.0889
63.0786
61.3565
63.6044
 63.435
61.7306
67.2545
63.6167
66.0588
64.2709
66.4577
64.0757
63.9408
64.7155
62.2116
62.8812
60.9671
66.4194
64.6116
61.2726
67.5655
67.5581
64.8573
65.8636
65.1097
65.1645
 66.912
 66.842
66.3147
63.9575
62.6906
59.5532
56.4001
62.3612
61.7183
73.7216
69.7846
73.3349
 75.074
60.7617
63.2018
64.9512
65.0191
67.2753
66.1096
72.1775
67.7259
62.7464
 53.979
52.7413
 55.396
56.7883
58.8628
56.7216
57.0572
57.3357
52.4354
51.3308
55.8294
 56.139
54.2139
54.4686
54.5971
53.9075
53.4124
52.7432
 54.948
64.9829
65.5321
67.7493
60.9954
60.7578
63.2216
62.5102
63.3716
63.4858
69.2399
71.6987
72.0821
71.7849
72.3571
71.6252
70.1554
63.7251
64.4053
53.7023
57.3193
63.4513
68.1572
68.1572
  74.35
72.2401
72.1338
69.4777
70.0655
84.8042
89.3721
87.9819
102.919
105.782
100.608
105.809
101.176
105.118
 110.17
114.304
110.066
110.427
131.454
136.274
136.296
135.505
140.967
143.195
145.391
148.066
141.723
120.806
127.587
139.218
132.632
135.026
129.735
130.384
137.783
136.922
166.095
162.236
161.731
162.682
161.428
165.299
166.096
166.096
164.507
151.087
141.065
170.926
159.424
142.187
172.225
173.008
173.435
172.465
172.127
172.127
172.127
173.036
145.141
140.333
 148.55
164.144
161.478
155.121
147.559
142.948
141.591
142.816
196.503
211.383
211.928
218.778
209.954
 206.84
204.156
200.623
198.737
232.101
 271.01
249.411
243.651
255.969
254.371
263.212
 248.78
252.371
205.666
208.408
208.775
207.127
208.475
 203.21
210.299
 204.04
210.269
202.928
198.282
163.471
158.292
150.625
124.084
128.737
128.257
129.624
128.681
128.681
142.249
145.813
132.431
132.451
124.666
113.865
114.141
112.985
111.552
112.639
 114.03
113.112
82.3031
76.4635
 80.618
78.0188
77.3537
78.3932
79.2142
80.2504
82.7801
82.7801
70.5979
68.9831
69.0848
66.1199
 67.689
73.7477
72.6186
76.0514
68.4249
71.4208
74.1855
75.5373
78.6991
79.0354
86.3069
87.0013
 84.067
83.4104
85.6207
78.6196
78.6335
77.2413
77.2413
75.1298
75.6483
74.4824
76.3281
64.2998
57.7804
60.4186
 57.005
58.4805
 57.156
62.0048
64.2812
 65.309
66.3566
65.2579
64.8653
66.7347
55.6881
58.7325
55.5104
57.5601
58.5106
61.5012
64.1586
67.7497
65.6572
55.7808
52.0851
52.6292
54.4219
54.3309
58.1417
69.7242
70.9392
78.4578
74.2034
81.4564
78.3409
82.5298
79.1803
78.7984
72.4152
71.6882
71.3247
72.3075
70.4142
68.2856
 70.901
71.3578
64.7701
 66.071
 69.375
70.9972
76.4915
70.7435
 68.087
74.1136
71.4807
70.2865
70.7386
65.3845
63.6867
62.3697
61.1209
61.5025
61.5565
59.7283
54.5547
60.7267
59.6072
57.1706
56.4467
53.7584
 59.155
55.9657
56.0954
51.9883
50.6734
52.9324
57.6441
  59.67
56.4296
56.4296
 55.644
50.4881
48.8955
 59.385
59.0654
56.1906
58.8896
60.3349
58.6355
60.3962
61.2295
63.9609
64.5029
64.6742
62.0774
64.5126
62.0114
65.1846
61.8421
 60.058
71.2284
69.5027
70.0315
 82.416
81.1244
81.7451
85.2421
83.5897
85.4229
86.0753
86.5601
89.5485
89.9715
90.6979
86.7645
86.7645
87.2805
86.1982
86.9593
85.9589
78.0877
76.5605
78.9721
 76.305
76.1472
 73.625
88.4459
85.4979
84.2484
84.2484
86.2262
83.3426
83.0553
68.4166
70.0855
69.5191
66.0972
70.8388
73.0886
70.6663
69.1677
76.1537
79.9575
79.9848
79.1622
76.3164
75.7719
72.5433
71.1298
71.2387
59.9071
60.4318
63.5049
85.3386
86.5066
 89.795
86.2063
88.0808
95.4325
94.9986
98.7818
107.468
106.612
106.239
103.889
125.527
125.683
126.869
126.118
127.732
123.271
124.626
121.612
120.154
 122.56
 124.92
103.767
108.155
109.681
91.2825
91.2825
94.4348
95.3232
87.2084
92.6602
93.1612
91.7791
86.1235
   95.3
  95.09
98.2019
118.357
132.807
132.151
134.171
138.917
142.031
147.451
148.338
153.432
141.302
146.268
141.563
141.563
150.498
145.866
144.819
140.778
130.023
130.033
125.132
115.244
 118.41
124.052
124.582
124.582
123.808
128.788
129.353
127.595
132.555
131.148
133.621
135.202
135.171
143.355
132.239
126.702
133.935
122.843
119.134
115.427
113.952
109.871
104.064
108.056
110.021
115.847
104.417
106.502
102.749
102.749
91.0736
92.7967
91.0294
99.9763
98.4021
95.1051
94.9078
91.8582
88.5972
 86.488
88.9972
88.9972
103.353
106.362
107.288
107.271
104.342
108.165
107.877
104.978
 114.37
108.203
111.398
93.8345
96.3795
96.3795
96.1272
97.2847
93.5214
 94.499
92.3082
 95.989
 94.348
 89.487
98.6775
98.6305
93.3042
89.7246
92.2832
92.7172
95.2093
95.1089
94.3585
91.0045
 89.201
84.7335
 80.478
84.5736
83.6908
116.173
110.338
115.896
118.597
107.754
108.834
112.384
112.477
116.403
115.417
116.737
113.752
82.8783
72.0007
70.3631
73.9036
 75.761
78.5286
75.6721
76.1197
76.4913
69.9541
68.5027
73.8718
68.9229
 67.234
65.3419
65.3563
64.5317
63.9395
63.1545
65.2789
71.1881
72.2513
74.6875
67.2421
67.0168
 70.761
73.9866
72.1974
71.9855
78.5249
81.3129
81.7478
81.4106
82.0589
81.2199
79.5943
76.3396
77.3158
77.3158
82.2308
90.9177
98.0052
108.247
112.974
109.308
109.162
105.147
106.601
110.932
113.475
97.1058
111.928
115.039
109.414
 115.07
110.031
114.318
119.813
124.309
  119.7
120.141
141.761
140.199
 142.85
146.259
151.651
154.042
156.406
159.288
153.148
 142.35
151.377
165.172
157.359
160.255
152.063
144.098
145.693
145.495
176.552
172.452
171.915
172.926
171.594
175.698
176.469
182.508
182.508
134.457
124.043
150.123
 139.99
125.437
138.712
138.825
139.175
138.448
138.457
151.575
160.578
149.431
149.431
144.169
 152.63
168.655
165.916
159.383
151.613
146.876
145.483
146.686
199.883
205.392
 201.98
218.531
210.584
 207.49
204.796
 201.26
200.009
212.766
249.021
229.134
223.841
235.241
231.786
227.798
224.689
228.987
186.557
189.044
189.377
187.883
189.106
184.329
190.765
184.767
182.041
182.041
176.604
 145.77
141.113
134.013
121.742
125.888
125.409
126.724
125.319
150.804
169.463
165.124
138.879
139.098
130.915
119.572
119.861
118.647
117.143
118.284
119.744
118.789
87.0806
  84.91
87.8886
81.2321
80.9864
82.0548
82.9148
84.0144
86.5332
 101.66
86.6993
84.7162
84.8417
81.1781
82.3108
82.9035
84.0321
88.4262
79.5523
83.0353
86.2496
87.8212
91.4972
91.8879
100.344
100.804
101.322
84.6789
88.2779
81.0687
 81.075
79.5144
87.2743
84.8886
85.4744
84.1572
 86.243
72.6587
64.2726
 63.954
58.4331
60.1847
58.8248
63.8155
66.1584
67.2162
68.2944
67.1637
66.7592
68.6946
57.8196
58.1353
55.8882
60.6982
62.1899
65.3512
68.1749
71.9908
69.7673
59.2727
55.3456
55.9238
57.8293
57.7311
61.1506
63.3389
66.6725
 74.109
70.1002
76.9515
74.0084
77.9656
74.8014
74.4406
68.4168
68.0601
 70.448
64.8377
62.0174
60.1138
 62.416
62.8182
62.8182
63.9792
67.1477
68.7187
74.0372
68.4638
65.1732
66.2234
62.9649
61.6037
  62.01
57.3163
55.8281
54.6735
53.5788
53.9133
53.9613
52.3577
52.3577
53.6147
53.1553
48.6325
 47.675
45.4156
49.9747
47.2802
47.3898
43.9201
42.8093
44.7177
48.6989
50.4453
47.5645
  51.98
49.5805
44.7873
 43.377
52.6811
52.3975
49.8472
52.2415
53.5236
52.0289
53.9595
 52.582
50.5767
50.3622
50.4669
48.4398
50.2487
45.6718
48.0917
 45.635
44.3182
52.5614
51.2759
51.0127
53.1803
51.6859
52.3588
54.6162
53.5576
54.7322
55.1502
55.4608
 57.376
57.6485
58.2158
58.2158
60.9461
61.8302
  59.39
60.1962
59.5147
54.0649
53.0076
54.6773
52.8307
52.7215
50.9752
61.2376
59.1668
58.1213
 70.492
69.9765
67.5214
67.2909
55.4318
56.7839
 56.325
53.5525
 57.394
59.1991
56.7868
57.6691
57.2358
59.2415
 59.284
58.6788
58.6788
56.6015
54.0035
52.9461
 53.027
44.5915
44.9821
46.6454
50.6162
50.0665
52.2591
50.1554
51.2458
55.5231
55.2707
57.4717
62.5266
62.0345
61.4752
55.1044
60.6648
 60.477
59.6097
59.0518
59.8023
57.7133
58.3478
56.9368
 56.254
57.3806
58.4857
48.5818
50.6376
51.3652
42.5188
43.9063
45.4225
45.8498
41.9466
44.5689
44.8099
44.1451
41.4249
  45.83
45.4918
45.1816
45.9277
50.7725
50.5155
51.4711
55.9704
56.0738
58.4472
58.7901
 60.809
56.0002
58.0185
55.8717
  66.02
66.9687
64.4808
63.9993
62.2137
57.4606
 57.465
55.2994
50.9282
52.3445
53.9739
51.2547
61.6868
61.4008
61.8491
62.2123
61.3646
63.7505
 63.074
64.2635
65.0238
65.0086
68.9449
63.5986
60.9358
64.4143
59.0799
 57.296
55.5132
54.8039
52.8411
52.8411
54.8887
  55.89
58.8499
53.0464
53.9131
53.8133
56.0372
50.3997
51.3469
50.0961
59.8832
60.0074
57.7484
57.6408
55.7886
53.8071
52.4968
54.4875
74.2374
79.1509
81.9136
82.6406
82.6269
80.3712
83.3158
83.0939
80.8603
88.1325
85.1291
83.5156
69.6766
71.5084
74.1695
73.9754
74.8661
  71.97
72.7224
71.0364
 73.869
72.6061
68.8653
75.9379
75.9018
71.8028
69.0482
71.0172
71.3521
73.2773
72.8881
69.6944
67.3276
65.9916
62.6858
59.5379
62.3496
64.0551
70.0848
66.6333
70.0427
 72.122
60.4886
60.2316
62.4543
62.4902
64.6721
 64.124
64.8568
63.2025
45.8365
43.5967
42.3067
44.4382
45.5548
47.2189
45.5013
45.7705
 45.994
42.0431
41.8067
41.9063
 38.715
37.7829
36.7195
36.7275
36.2642
35.9313
35.4902
 36.684
40.0047
40.6022
41.9713
37.7872
37.6606
39.7647
41.5774
40.5719
40.4524
44.1233
45.4851
47.1975
47.1854
47.5647
 47.078
 47.078
45.2776
44.3084
53.4116
56.8993
62.9478
69.1285
82.0996
84.0733
81.0252
80.9335
77.9564
 79.035
 82.244
84.1144
71.7574
 75.186
77.5472
73.7607
77.5736
74.1765
77.0666
80.7708
 83.802
80.6565
81.9447
84.5936
82.4953
84.0954
 86.102
89.2764
90.6839
92.0758
93.7725
90.1578
83.8012
89.1154
97.2365
92.6367
94.3414
89.5192
84.8299
85.7687
85.6526
103.917
102.274
102.274
102.474
101.672
103.911
101.507
105.236
107.023
107.023
99.3795
120.233
110.738
 91.693
97.8326
 97.513
97.7451
97.2352
97.2413
106.452
112.747
105.265
123.573
119.221
126.219
 139.47
137.205
131.803
125.378
 121.46
120.255
119.432
129.919
131.288
129.079
139.657
134.578
132.601
130.879
128.619
 127.82
135.973
159.142
146.433
143.051
150.336
148.128
145.579
143.592
146.341
119.217
119.194
129.385
129.124
129.974
127.107
127.882
123.475
121.094
166.857
161.947
133.853
128.604
116.589
110.191
113.158
112.738
113.919
113.919
136.558
153.364
149.439
149.439
149.275
140.478
128.306
128.616
127.314
125.699
126.925
128.504
128.593
118.513
117.854
122.017
112.778
112.437
 113.92
115.114
116.641
120.137
141.138
120.368
117.615
117.789
112.703
114.275
115.098
116.665
122.767
110.494
114.012
136.102
139.675
145.503
146.713
152.757
152.676
153.722
111.425
117.315
107.774
107.332
102.321
106.948
104.421
105.153
103.775
102.741
86.4189
76.4574
76.0537
63.2995
65.2929
63.8139
69.2283
71.7699
72.9174
74.0871
72.8592
72.4136
 74.965
72.9885
72.6082
69.7801
75.7839
77.6462
81.5933
85.1187
 89.883
87.1068
 74.004
69.1009
69.8228
72.2019
72.0793
76.3487
79.0808
83.2429
92.5285
87.5664
95.1449
79.8793
85.6667
82.1864
 81.441
 78.309
 78.439
81.7263
69.5788
65.6003
65.6003
67.9469
67.9469
75.1302
76.5106
80.3052
81.6798
83.8358
77.2273
73.5105
74.8891
67.9526
66.2456
66.6856
61.6376
60.0372
58.7956
57.6184
57.9773
  58.04
56.2374
57.9483
59.0513
58.5293
  53.55
52.4956
50.0078
55.0278
 52.061
52.1816
48.3611
47.1379
49.2393
 53.623
55.5461
 52.374
 57.236
54.5939
49.3156
47.7815
57.3301
57.3301
 53.781
56.3507
57.3917
57.1698
59.5733
57.5853
52.8812
52.1315
50.5881
48.7949
47.7233
43.2015
45.4831
43.1512
42.2415
45.9496
44.6155
44.3866
 46.469
 43.984
44.7277
46.6643
45.7598
46.7634
47.1205
47.3859
49.0219
49.2482
49.8193
 54.955
57.5323
 58.367
56.0634
56.8245
56.1811
51.0367
50.0385
51.6147
49.8715
49.7684
48.1199
57.8075
55.8528
54.8658
66.5436
 66.057
 63.739
63.5291
53.0219
48.8678
48.0042
 45.642
48.3635
48.6612
46.4566
47.4977
45.8934
47.1004
48.5239
48.3085
48.5311
46.6564
46.6564
45.7727
 46.057
42.2019
42.2465
43.8113
47.7806
46.3083
48.5552
46.5913
47.6041
51.5774
51.3429
53.3876
58.0832
57.6261
57.1066
51.1884
56.3537
56.1793
55.3736
54.8553
55.5525
 53.612
54.2014
52.8907
52.2564
 53.303
54.3295
45.1294
47.0391
 47.715
39.4972
40.7861
42.1955
42.5894
39.3909
 38.259
38.7937
38.2112
  36.18
 37.979
37.5294
37.0413
36.8265
40.2089
38.9513
39.3113
40.7719
40.4497
44.7515
44.9311
46.6866
45.0269
46.1307
44.4211
52.7891
52.1615
49.9624
49.5765
48.1934
44.5115
44.5149
42.8373
39.4511
40.5483
41.8105
39.7041
47.7852
47.5637
 47.911
48.1923
47.5356
49.3839
48.8599
49.7812
50.3702
50.3584
53.4077
49.2662
47.2035
 49.898
45.7658
 44.384
43.0017
42.4457
41.2803
41.3011
43.3432
44.1518
46.3607
44.1182
44.6403
44.7757
45.4341
41.3603
41.2994
40.7123
44.6717
 45.349
41.3312
41.4735
39.9643
39.6361
39.0036
 40.482
55.4855
56.5365
58.8074
59.3433
59.3336
57.7138
59.8282
59.6689
 58.065
63.2871
61.1304
59.9718
50.0341
51.3495
53.2604
 53.121
53.7606
 51.681
52.2212
51.0106
53.0446
52.1378
49.4515
54.5303
54.5044
51.5609
49.5828
50.9968
51.2367
52.6312
52.9531
53.5337
51.2365
50.1984
47.7666
 47.006
 49.074
50.6022
52.7585
50.5031
51.6926
52.6849
48.0893
47.0781
51.3235
51.0799
53.0866
53.8667
54.2133
52.8366
52.8366
52.3853
50.5293
53.0818
54.4155
56.4033
54.3516
54.6732
54.9401
50.2208
49.9384
50.0574
50.0574
48.8077
47.4418
47.4528
46.8541
46.4241
45.8542
47.3966
 51.687
 52.459
54.2278
54.2278
53.9948
56.9951
59.5925
58.1514
57.9812
63.2386
65.7826
64.3746
63.9215
64.4185
63.7313
 65.039
62.5464
61.0712
66.9996
71.1477
 75.258
80.8324
 88.488
89.4151
81.9629
82.3669
79.0734
82.8168
85.7378
87.6069
 64.292
 63.766
66.0879
62.8573
66.1062
63.2113
65.6742
68.8308
71.4139
68.7338
69.8272
71.9451
66.6069
68.0725
69.6926
72.2626
73.4018
74.5285
75.9019
72.9759
67.8317
72.1472
78.6484
 70.764
72.1782
68.4969
64.9094
65.6278
65.5379
79.4724
77.6868
77.9875
78.5048
77.9049
79.6205
77.7773
80.6559
82.3693
97.1915
90.7073
101.132
94.3082
85.4757
89.5748
86.9944
86.6961
86.1043
82.8139
90.3236
96.0672
81.8589
86.7653
83.5262
88.4237
97.7066
96.1197
92.3354
 87.834
