     0.0000000        0.61929094        0.01409742
     0.1000000        0.50918153        0.01344414
     0.2000000        0.42916966        0.01286468
     0.3000000        0.36823220        0.01253829
     0.4000000        0.31910767        0.01269545
     0.5000000        0.28027844        0.01290020
     0.6000000        0.24958892        0.01298509
     0.7000000        0.22658079        0.01350102
     0.8000000        0.20657071        0.01393206
     0.9000000        0.18933279        0.01397449
     1.0000000        0.17456295        0.01418301
     1.1000000        0.16278085        0.01391905
     1.2000000        0.15200893        0.01335319
     1.3000000        0.14448456        0.01361967
     1.4000000        0.13558804        0.01337291
     1.5000000        0.12415445        0.01334395
     1.6000000        0.11872312        0.01317158
     1.7000000        0.11182186        0.01321414
     1.8000000        0.10424100        0.01283530
     1.9000000        0.09971199        0.01272179
     2.0000000        0.09450305        0.01250056
     2.1000000        0.08700731        0.01270031
     2.2000000        0.08309839        0.01283077
     2.3000000        0.07905287        0.01284025
     2.4000000        0.07145525        0.01318143
     2.5000000        0.06560179        0.01349101
     2.6000000        0.06119170        0.01377796
     2.7000000        0.05596307        0.01377685
     2.8000000        0.05144523        0.01426531
     2.9000000        0.04715392        0.01455672
     3.0000000        0.04508755        0.01433850
     3.1000000        0.04299018        0.01380538
     3.2000000        0.03868803        0.01261239
     3.3000000        0.03614113        0.01250370
     3.4000000        0.03196116        0.01296401
     3.5000000        0.02686173        0.01230014
     3.6000000        0.02334754        0.01145029
     3.7000000        0.02064226        0.01078716
     3.8000000        0.02021243        0.01066126
     3.9000000        0.01951836        0.01155450
     4.0000000        0.02120479        0.01133202
     4.1000000        0.02272657        0.01116885
     4.2000000        0.02393209        0.01022449
     4.3000000        0.02412758        0.00921969
     4.4000000        0.02476528        0.00928156
     4.5000000        0.02579507        0.01037447
     4.6000000        0.02558702        0.01006013
     4.7000000        0.02481411        0.00933222
     4.8000000        0.02421944        0.00834261
     4.9000000        0.02485783        0.00754766
     5.0000000        0.02578150        0.00683830
     5.1000000        0.02512327        0.00706274
     5.2000000        0.02427749        0.00654485
     5.3000000        0.02207327        0.00705703
     5.4000000        0.02231258        0.00818443
     5.5000000        0.02218829        0.00932496
     5.6000000        0.01996291        0.00943210
     5.7000000        0.01931925        0.00859652
     5.8000000        0.01945481        0.00799743
     5.9000000        0.02188481        0.00752282
     6.0000000        0.02408259        0.00741899
     6.1000000        0.02545981        0.00732694
     6.2000000        0.02699952        0.00645214
     6.3000000        0.02676952        0.00595484
     6.4000000        0.02649485        0.00616059
     6.5000000        0.02739148        0.00650730
     6.6000000        0.02724516        0.00569021
     6.7000000        0.02764461        0.00537669
     6.8000000        0.02799490        0.00514068
     6.9000000        0.03159437        0.00511844
     7.0000000        0.03668071        0.00606143
     7.1000000        0.04066836        0.00659765
     7.2000000        0.04358202        0.00648077
     7.3000000        0.04581370        0.00724575
     7.4000000        0.04792074        0.00759228
     7.5000000        0.05244981        0.00743786
     7.6000000        0.05793870        0.00833339
     7.7000000        0.06560656        0.00888217
     7.8000000        0.07247863        0.00910409
     7.9000000        0.07884009        0.00898591
     8.0000000        0.08543282        0.00954803
     8.1000000        0.09186389        0.01077207
     8.2000000        0.09853086        0.01096979
     8.3000000        0.10543033        0.01061552
     8.4000000        0.11226757        0.01068963
     8.5000000        0.12134729        0.01017633
     8.6000000        0.12935874        0.01031899
     8.7000000        0.13963856        0.00971139
     8.8000000        0.15111229        0.00917246
     8.9000000        0.16255751        0.00936735
     9.0000000        0.17609617        0.00908104
     9.1000000        0.19414181        0.00891650
     9.2000000        0.21370919        0.00966909
     9.3000000        0.23533974        0.01062930
     9.4000000        0.25944731        0.01163001
     9.5000000        0.28848631        0.01270000
     9.6000000        0.32173484        0.01323243
     9.7000000        0.36781315        0.01417924
     9.8000000        0.42770029        0.01439452
     9.9000000        0.50843689        0.01429541
    10.0000000        0.61929094        0.01409742
