9.203340000000000032e+01
8.526349999999999341e+01
1.732119999999999891e+02
1.351589999999999918e+02
3.578990000000000009e+02
7.923379999999999654e+02
2.478989999999999782e+03
2.733579999999999927e+03
1.166179999999999927e+04
4.797199999999999818e+03
1.228519999999999982e+03
2.527579999999999927e+03
8.341779999999999973e+02
1.932750000000000000e+03
7.868630000000000564e+02
7.868630000000000564e+02
7.868630000000000564e+02
7.868630000000000564e+02
8.035839999999999463e+02
8.035839999999999463e+02
3.135600000000000023e+02
3.135600000000000023e+02
8.220510000000000446e+02
3.085579999999999927e+03
2.838809999999999945e+03
1.501089999999999918e+03
5.071560000000000400e+03
5.071560000000000400e+03
1.590770000000000073e+04
3.451340000000000146e+04
3.451340000000000146e+04
3.451340000000000146e+04
3.451340000000000146e+04
3.451340000000000146e+04
3.451340000000000146e+04
3.451340000000000146e+04
1.441850000000000000e+05
1.441850000000000000e+05
1.441850000000000000e+05
1.441850000000000000e+05
3.451340000000000146e+04
1.590770000000000073e+04
1.590770000000000073e+04
1.590770000000000073e+04
1.590770000000000073e+04
3.288259999999999854e+04
3.288259999999999854e+04
3.288259999999999854e+04
3.288259999999999854e+04
3.288259999999999854e+04
3.288259999999999854e+04
6.832340000000000146e+03
6.832340000000000146e+03
2.733579999999999927e+03
2.733579999999999927e+03
1.154869999999999891e+03
6.163160000000000309e+02
5.463049999999999500e+02
5.463049999999999500e+02
8.271209999999999809e+02
1.472069999999999936e+03
1.465559999999999945e+03
1.465559999999999945e+03
2.990610000000000127e+03
2.990610000000000127e+03
2.809539999999999964e+03
2.809539999999999964e+03
1.184460000000000036e+04
1.184460000000000036e+04
3.009400000000000000e+04
3.009400000000000000e+04
3.009400000000000000e+04
1.223600000000000000e+04
1.223600000000000000e+04
1.223600000000000000e+04
2.505139999999999873e+03
6.832340000000000146e+03
6.832340000000000146e+03
6.832340000000000146e+03
3.289829999999999927e+03
3.289829999999999927e+03
1.590770000000000073e+04
1.590770000000000073e+04
1.756550000000000000e+04
1.756550000000000000e+04
3.696159999999999854e+03
7.550819999999999936e+02
1.933410000000000082e+03
1.933410000000000082e+03
1.003700000000000045e+03
3.799529999999999745e+02
1.491180000000000064e+03
4.972840000000000146e+03
5.024760000000000218e+03
4.972840000000000146e+03
4.972840000000000146e+03
1.328190000000000055e+03
2.961139999999999873e+03
7.259829999999999927e+03
7.259829999999999927e+03
3.322469999999999800e+03
1.248170000000000073e+04
5.977030000000000291e+04
5.977030000000000291e+04
5.958150000000000000e+04
5.958150000000000000e+04
5.958150000000000000e+04
1.222400000000000000e+04
3.288259999999999854e+04
3.288259999999999854e+04
7.140670000000000073e+03
7.140670000000000073e+03
3.129879999999999927e+04
3.129879999999999927e+04
3.129879999999999927e+04
3.129879999999999927e+04
3.129879999999999927e+04
3.129879999999999927e+04
3.129879999999999927e+04
3.129879999999999927e+04
3.129879999999999927e+04
3.129879999999999927e+04
3.129879999999999927e+04
1.279600000000000000e+04
1.279600000000000000e+04
1.279600000000000000e+04
7.337810000000000400e+03
1.279600000000000000e+04
1.279600000000000000e+04
1.279600000000000000e+04
3.129879999999999927e+04
3.129879999999999927e+04
3.129879999999999927e+04
3.129879999999999927e+04
3.129879999999999927e+04
1.184460000000000036e+04
2.495190000000000055e+03
2.495190000000000055e+03
2.495190000000000055e+03
2.622909999999999854e+03
9.181879999999999882e+02
2.139499999999999886e+02
2.139499999999999886e+02
2.066999999999999886e+02
2.549780000000000086e+02
9.072939999999999827e+01
4.540790000000000077e+02
4.605330000000000155e+02
1.142789999999999964e+03
1.022059999999999945e+03
1.022059999999999945e+03
2.715239999999999782e+03
1.135060000000000036e+04
3.091100000000000000e+04
3.091100000000000000e+04
1.330989999999999964e+04
2.860909999999999854e+03
1.350429999999999927e+04
1.350429999999999927e+04
1.578679999999999927e+04
1.578679999999999927e+04
1.578679999999999927e+04
1.578679999999999927e+04
1.391279999999999927e+04
1.391279999999999927e+04
1.391279999999999927e+04
1.391279999999999927e+04
1.473710000000000036e+04
1.473710000000000036e+04
1.473710000000000036e+04
1.473710000000000036e+04
4.207140000000000146e+04
4.207140000000000146e+04
4.207140000000000146e+04
8.470819999999999709e+03
8.470819999999999709e+03
4.207140000000000146e+04
4.207140000000000146e+04
1.578679999999999927e+04
1.578679999999999927e+04
1.578679999999999927e+04
3.256880000000000109e+03
4.362510000000000218e+03
1.777840000000000146e+04
1.777840000000000146e+04
1.777840000000000146e+04
3.568350000000000000e+04
3.568350000000000000e+04
7.529539999999999964e+03
2.628280000000000200e+03
1.217550000000000000e+04
1.217550000000000000e+04
1.217550000000000000e+04
1.217550000000000000e+04
1.217550000000000000e+04
1.217550000000000000e+04
1.217550000000000000e+04
1.183010000000000036e+04
1.183010000000000036e+04
2.455530000000000200e+03
1.253720000000000027e+03
1.200980000000000018e+03
1.200980000000000018e+03
5.425130000000000337e+02
7.781069999999999709e+02
9.262160000000000082e+02
2.299530000000000030e+02
2.572429999999999950e+02
1.818019999999999925e+02
1.992599999999999909e+02
1.013670000000000044e+02
1.509290000000000020e+02
1.509290000000000020e+02
1.508400000000000034e+02
1.447400000000000091e+02
4.817389999999999759e+02
5.903289999999999509e+02
4.312160000000000082e+02
1.069910000000000082e+03
1.069910000000000082e+03
9.965919999999999845e+02
1.227500000000000000e+03
4.883420000000000073e+03
4.883420000000000073e+03
1.083470000000000073e+04
1.300739999999999964e+04
2.771139999999999873e+03
6.362010000000000218e+02
2.079000000000000057e+02
1.940720000000000027e+02
9.562879999999999825e+01
4.146940000000000026e+01
4.473969999999999914e+01
4.559089999999999776e+01
4.198100000000000165e+01
3.592450000000000188e+01
4.473969999999999914e+01
4.473969999999999914e+01
1.048679999999999950e+02
2.595729999999999791e+02
1.940720000000000027e+02
5.783220000000000027e+02
2.532750000000000000e+03
1.172920000000000073e+04
2.497120000000000073e+04
2.497120000000000073e+04
2.497120000000000073e+04
6.101520000000000437e+03
2.312880000000000109e+03
9.639399999999999636e+03
9.639399999999999636e+03
4.530000000000000000e+03
4.429970000000000255e+03
4.429970000000000255e+03
4.429970000000000255e+03
4.381069999999999709e+03
4.429970000000000255e+03
1.318410000000000082e+03
1.318410000000000082e+03
3.631869999999999891e+03
2.616190000000000055e+03
1.413230000000000018e+03
1.413230000000000018e+03
6.592109999999999673e+03
1.279600000000000000e+04
1.254170000000000073e+04
2.622909999999999854e+03
2.622909999999999854e+03
1.218829999999999927e+03
2.780230000000000018e+03
2.780230000000000018e+03
2.780230000000000018e+03
3.271130000000000109e+03
1.572970000000000073e+04
1.572970000000000073e+04
1.572970000000000073e+04
1.433079999999999927e+04
1.433079999999999927e+04
1.433079999999999927e+04
1.433079999999999927e+04
1.480489999999999964e+04
3.836210000000000036e+03
3.836210000000000036e+03
9.460389999999999873e+02
1.841980000000000018e+03
1.841980000000000018e+03
8.470819999999999709e+03
3.070460000000000036e+03
1.366079999999999927e+03
1.366079999999999927e+03
1.366079999999999927e+03
1.251210000000000036e+03
1.487880000000000109e+03
1.487880000000000109e+03
1.487880000000000109e+03
3.639159999999999854e+03
3.631869999999999891e+03
3.631869999999999891e+03
3.631869999999999891e+03
1.256039999999999964e+04
1.183010000000000036e+04
5.588430000000000291e+04
1.171020000000000073e+04
1.171020000000000073e+04
3.016179999999999927e+04
3.016179999999999927e+04
3.016179999999999927e+04
3.016179999999999927e+04
3.016179999999999927e+04
3.016179999999999927e+04
1.166179999999999927e+04
2.547500000000000000e+03
2.547500000000000000e+03
2.547500000000000000e+03
2.520429999999999836e+03
1.299839999999999918e+03
4.295229999999999563e+03
4.295229999999999563e+03
1.132960000000000036e+04
1.132960000000000036e+04
1.132960000000000036e+04
1.132960000000000036e+04
1.132960000000000036e+04
9.639399999999999636e+03
9.639399999999999636e+03
9.639399999999999636e+03
4.467030000000000291e+04
1.039020000000000000e+05
1.039020000000000000e+05
1.039020000000000000e+05
1.039020000000000000e+05
4.467030000000000291e+04
4.467030000000000291e+04
9.701030000000000655e+03
9.701030000000000655e+03
1.123750000000000000e+04
1.123750000000000000e+04
1.123750000000000000e+04
1.123750000000000000e+04
1.019370000000000073e+04
1.019370000000000073e+04
4.443729999999999563e+03
4.443729999999999563e+03
4.566890000000000327e+03
4.566890000000000327e+03
5.106119999999999891e+03
5.106119999999999891e+03
1.461639999999999964e+04
1.461639999999999964e+04
4.197090000000000146e+04
4.197090000000000146e+04
4.197090000000000146e+04
4.197090000000000146e+04
4.197090000000000146e+04
4.197090000000000146e+04
4.197090000000000146e+04
4.197090000000000146e+04
2.079070000000000000e+05
2.079070000000000000e+05
1.024480000000000000e+06
1.024480000000000000e+06
2.079070000000000000e+05
2.079070000000000000e+05
2.079070000000000000e+05
2.079070000000000000e+05
2.079070000000000000e+05
4.345069999999999709e+04
4.345069999999999709e+04
4.345069999999999709e+04
4.345069999999999709e+04
1.578679999999999927e+04
1.578679999999999927e+04
1.578679999999999927e+04
1.578679999999999927e+04
1.391279999999999927e+04
1.391279999999999927e+04
1.391279999999999927e+04
1.391279999999999927e+04
3.051200000000000000e+04
3.051200000000000000e+04
3.051200000000000000e+04
1.503360000000000000e+05
6.916000000000000000e+05
6.916000000000000000e+05
6.916000000000000000e+05
6.916000000000000000e+05
6.916000000000000000e+05
1.452710000000000000e+05
4.033930000000000291e+04
8.615680000000000291e+03
1.933410000000000082e+03
1.933410000000000082e+03
1.038730000000000018e+03
4.416879999999999882e+02
4.416879999999999882e+02
4.416879999999999882e+02
5.297530000000000427e+02
4.313820000000000050e+02
4.313820000000000050e+02
4.313820000000000050e+02
9.112119999999999891e+02
1.750880000000000109e+03
1.750880000000000109e+03
8.204669999999999845e+02
3.838630000000000109e+03
1.777840000000000146e+04
1.777840000000000146e+04
3.568350000000000000e+04
3.568350000000000000e+04
3.568350000000000000e+04
1.503360000000000000e+05
1.503360000000000000e+05
1.503360000000000000e+05
1.503360000000000000e+05
1.503360000000000000e+05
6.480240000000000146e+04
6.480240000000000146e+04
1.330989999999999964e+04
4.079889999999999873e+03
4.249149999999999636e+03
4.249149999999999636e+03
4.249149999999999636e+03
4.249149999999999636e+03
3.883369999999999891e+03
3.883369999999999891e+03
3.883369999999999891e+03
3.883369999999999891e+03
4.025860000000000127e+03
8.688120000000000118e+02
8.688120000000000118e+02
8.688120000000000118e+02
2.444050000000000182e+03
2.444050000000000182e+03
9.618099999999999454e+02
6.454270000000000209e+02
6.454270000000000209e+02
6.454270000000000209e+02
9.801250000000000000e+02
2.419679999999999836e+03
2.419679999999999836e+03
8.688120000000000118e+02
2.875129999999999768e+02
2.875129999999999768e+02
1.342089999999999918e+03
1.570750000000000000e+03
1.563500000000000000e+03
6.407599999999999909e+02
1.888329999999999984e+02
1.521939999999999884e+02
3.135600000000000023e+02
3.937420000000000186e+02
2.207030000000000030e+02
2.261719999999999970e+02
9.952370000000000516e+01
1.454449999999999932e+02
1.173649999999999949e+02
2.801770000000000209e+02
5.464160000000000537e+02
3.886560000000000059e+02
9.791259999999999764e+02
9.791259999999999764e+02
3.933580000000000041e+02
7.899589999999999463e+02
3.765519999999999982e+03
3.765519999999999982e+03
3.801219999999999800e+03
3.801219999999999800e+03
3.801219999999999800e+03
1.509179999999999927e+04
3.418830000000000291e+04
3.418830000000000291e+04
3.418830000000000291e+04
3.418830000000000291e+04
3.418830000000000291e+04
1.503360000000000000e+05
1.503360000000000000e+05
1.503360000000000000e+05
6.916000000000000000e+05
6.916000000000000000e+05
6.916000000000000000e+05
6.916000000000000000e+05
1.503360000000000000e+05
1.503360000000000000e+05
3.140379999999999927e+04
8.546430000000000291e+03
3.883369999999999891e+03
8.160420000000000300e+02
8.160420000000000300e+02
8.160420000000000300e+02
8.871900000000000546e+02
3.366979999999999791e+02
1.504499999999999886e+02
1.504499999999999886e+02
3.865389999999999873e+02
3.373059999999999832e+02
3.362860000000000014e+02
3.362860000000000014e+02
1.563500000000000000e+03
2.939139999999999873e+03
7.140670000000000073e+03
3.418210000000000036e+03
3.418210000000000036e+03
1.590770000000000073e+04
5.638550000000000182e+03
1.590770000000000073e+04
1.590770000000000073e+04
1.590770000000000073e+04
3.288259999999999854e+04
1.314670000000000073e+04
1.314670000000000073e+04
2.733579999999999927e+03
2.733579999999999927e+03
2.999840000000000146e+03
2.999840000000000146e+03
1.214230000000000018e+03
1.214230000000000018e+03
3.424500000000000000e+03
3.424500000000000000e+03
3.458519999999999982e+03
1.683650000000000091e+03
1.155470000000000027e+03
1.155470000000000027e+03
3.085800000000000182e+03
4.023840000000000146e+03
9.438379999999999200e+03
9.438379999999999200e+03
4.080150000000000000e+04
4.080150000000000000e+04
1.462120000000000073e+04
1.462120000000000073e+04
1.462120000000000073e+04
1.462120000000000073e+04
1.350339999999999964e+04
3.451710000000000036e+03
3.451710000000000036e+03
3.451710000000000036e+03
6.998229999999999563e+03
2.760380000000000109e+03
2.760380000000000109e+03
1.132960000000000036e+04
6.617340000000000146e+03
8.768159999999999854e+03
8.768159999999999854e+03
8.768159999999999854e+03
1.404400000000000000e+04
2.614090000000000146e+04
2.614090000000000146e+04
2.614090000000000146e+04
1.172920000000000073e+04
4.467030000000000291e+04
9.873709999999999127e+03
9.873709999999999127e+03
1.060589999999999964e+04
1.060589999999999964e+04
1.060589999999999964e+04
1.060589999999999964e+04
3.068209999999999854e+04
7.459989999999999782e+03
2.832110000000000127e+03
2.832110000000000127e+03
1.421579999999999927e+03
1.421579999999999927e+03
1.608029999999999973e+03
1.608029999999999973e+03
4.025860000000000127e+03
4.025860000000000127e+03
1.158979999999999927e+04
1.158979999999999927e+04
3.836210000000000036e+03
3.836210000000000036e+03
1.447910000000000082e+03
1.447910000000000082e+03
1.171049999999999955e+03
1.171049999999999955e+03
3.064320000000000164e+03
3.064320000000000164e+03
6.922220000000000255e+03
3.068209999999999854e+04
1.060589999999999964e+04
2.980170000000000073e+03
2.980170000000000073e+03
2.980170000000000073e+03
2.770789999999999964e+03
1.402839999999999918e+03
6.708630000000000109e+03
1.433109999999999900e+03
3.193210000000000036e+03
3.715429999999999836e+03
3.715429999999999836e+03
3.715429999999999836e+03
3.715429999999999836e+03
9.527450000000000728e+03
9.527450000000000728e+03
3.688940000000000055e+03
1.337850000000000000e+04
6.480240000000000146e+04
6.480240000000000146e+04
7.173900000000000000e+04
7.173900000000000000e+04
1.480489999999999964e+04
1.480489999999999964e+04
4.261469999999999709e+04
8.895969999999999345e+03
8.895969999999999345e+03
8.895969999999999345e+03
8.895969999999999345e+03
8.895969999999999345e+03
8.895969999999999345e+03
8.895969999999999345e+03
4.345069999999999709e+04
4.345069999999999709e+04
1.473710000000000036e+04
3.765519999999999982e+03
3.765519999999999982e+03
3.765519999999999982e+03
3.646889999999999873e+03
2.216389999999999873e+03
2.216389999999999873e+03
9.679439999999999600e+02
1.143500000000000000e+03
8.051539999999999964e+02
2.400430000000000064e+02
4.681120000000000232e+02
4.681120000000000232e+02
7.767649999999999864e+02
7.767649999999999864e+02
7.767649999999999864e+02
6.162670000000000528e+02
2.660250000000000000e+03
2.660250000000000000e+03
2.660250000000000000e+03
2.520429999999999836e+03
2.520429999999999836e+03
2.520429999999999836e+03
2.520429999999999836e+03
6.414800000000000182e+03
6.414800000000000182e+03
3.651530000000000200e+03
1.248170000000000073e+04
1.248170000000000073e+04
2.961139999999999873e+03
7.259829999999999927e+03
7.259829999999999927e+03
3.322469999999999800e+03
3.322469999999999800e+03
3.322469999999999800e+03
9.279349999999999454e+02
1.446839999999999918e+03
1.446839999999999918e+03
1.446839999999999918e+03
1.446839999999999918e+03
1.446839999999999918e+03
6.967849999999999682e+02
2.971379999999999768e+02
2.971379999999999768e+02
2.971379999999999768e+02
3.326460000000000150e+02
8.998909999999999627e+02
8.998909999999999627e+02
3.394830000000000041e+02
4.481539999999999964e+02
4.481539999999999964e+02
2.030819999999999936e+02
2.626580000000000155e+02
2.803809999999999718e+02
1.472589999999999861e+02
3.255120000000000005e+02
3.255120000000000005e+02
8.492269999999999754e+02
8.160420000000000300e+02
8.160420000000000300e+02
2.536800000000000068e+02
1.320829999999999984e+02
1.530589999999999975e+02
1.530589999999999975e+02
1.688559999999999945e+02
2.528739999999999952e+02
2.369439999999999884e+02
2.369439999999999884e+02
1.958329999999999984e+02
2.369799999999999898e+02
6.068859999999999673e+02
2.555449999999999818e+03
2.555449999999999818e+03
1.605470000000000027e+03
1.605470000000000027e+03
1.605470000000000027e+03
1.238130000000000109e+03
3.736679999999999836e+03
1.529079999999999927e+03
4.110070000000000050e+02
4.110070000000000050e+02
1.800430000000000064e+02
4.001129999999999995e+02
2.474720000000000084e+02
1.772880000000000109e+02
2.175020000000000095e+02
2.175020000000000095e+02
1.961889999999999930e+02
1.668530000000000086e+02
1.966779999999999973e+02
8.265269999999999584e+01
1.317500000000000000e+02
4.079159999999999968e+02
4.079159999999999968e+02
4.951820000000000164e+02
1.820089999999999918e+03
5.962749999999999773e+02
8.396200000000000045e+02
7.434930000000000518e+02
7.434930000000000518e+02
1.155470000000000027e+03
7.821459999999999582e+02
7.035149999999999864e+02
1.913460000000000036e+02
1.498870000000000005e+02
4.061309999999999718e+02
9.112119999999999891e+02
9.112119999999999891e+02
6.540389999999999873e+02
6.540389999999999873e+02
6.540389999999999873e+02
6.540389999999999873e+02
1.398069999999999936e+03
8.396559999999999491e+02
8.396559999999999491e+02
8.396559999999999491e+02
2.966510000000000105e+02
6.377039999999999509e+02
2.532750000000000000e+03
2.532750000000000000e+03
3.428000000000000000e+03
3.428000000000000000e+03
7.744660000000000082e+02
3.715429999999999836e+03
3.193210000000000036e+03
3.193210000000000036e+03
1.679529999999999973e+03
4.299329999999999927e+02
3.342690000000000055e+02
1.304449999999999932e+02
1.304449999999999932e+02
1.304449999999999932e+02
2.834630000000000223e+02
6.320810000000000173e+02
6.604109999999999445e+02
6.604109999999999445e+02
6.604109999999999445e+02
6.604109999999999445e+02
1.951079999999999927e+03
1.951079999999999927e+03
7.266970000000000027e+02
3.319139999999999873e+02
1.180300000000000011e+02
1.180300000000000011e+02
2.875129999999999768e+02
3.303879999999999768e+02
4.989730000000000132e+02
1.878789999999999964e+03
1.878789999999999964e+03
1.820089999999999918e+03
2.209539999999999964e+03
2.209539999999999964e+03
2.209539999999999964e+03
1.506319999999999936e+03
1.195829999999999927e+03
1.195829999999999927e+03
1.195829999999999927e+03
2.813449999999999818e+03
7.408800000000000182e+03
2.220329999999999927e+03
7.408800000000000182e+03
7.408800000000000182e+03
3.120119999999999891e+03
3.120119999999999891e+03
3.120119999999999891e+03
3.120119999999999891e+03
4.825270000000000437e+03
4.825270000000000437e+03
4.825270000000000437e+03
1.756550000000000000e+04
1.590770000000000073e+04
7.531130000000000109e+03
7.531130000000000109e+03
7.531130000000000109e+03
5.951170000000000073e+03
6.708630000000000109e+03
6.708630000000000109e+03
6.708630000000000109e+03
1.313970000000000073e+04
1.598139999999999964e+04
3.428000000000000000e+03
3.428000000000000000e+03
1.156119999999999891e+03
1.053559999999999945e+03
4.936859999999999786e+02
1.034159999999999968e+02
1.166809999999999974e+02
3.146779999999999973e+02
3.360120000000000005e+02
1.259830000000000041e+02
1.259830000000000041e+02
5.746710000000000207e+01
1.185319999999999965e+02
1.185319999999999965e+02
3.043960000000000150e+02
3.878670000000000186e+02
1.504950000000000045e+03
1.204420000000000073e+03
4.540779999999999745e+03
4.972949999999999818e+03
4.972949999999999818e+03
1.179529999999999927e+04
1.179529999999999927e+04
9.873709999999999127e+03
2.655239999999999782e+03
2.655239999999999782e+03
2.655239999999999782e+03
6.294369999999999891e+03
3.568980000000000018e+03
3.568980000000000018e+03
3.568980000000000018e+03
3.568980000000000018e+03
3.428000000000000000e+03
1.598139999999999964e+04
1.598139999999999964e+04
1.210579999999999927e+04
1.756550000000000000e+04
3.696159999999999854e+03
3.696159999999999854e+03
6.618689999999999600e+03
3.025450000000000000e+04
1.238439999999999964e+04
1.238439999999999964e+04
4.784310000000000400e+03
1.246990000000000009e+03
1.508240000000000009e+03
4.818840000000000146e+02
4.285210000000000150e+02
2.195339999999999918e+02
4.377440000000000282e+02
4.377440000000000282e+02
9.765670000000000073e+02
9.801250000000000000e+02
4.522350000000000364e+03
4.522350000000000364e+03
3.000579999999999927e+03
4.391569999999999709e+03
4.391569999999999709e+03
1.856809999999999945e+03
3.093090000000000146e+03
1.473710000000000036e+04
1.473710000000000036e+04
1.391279999999999927e+04
1.391279999999999927e+04
1.391279999999999927e+04
3.872130000000000109e+03
4.509680000000000291e+03
4.509680000000000291e+03
4.509680000000000291e+03
1.732589999999999918e+03
1.309480000000000018e+03
5.765650000000000546e+02
1.705929999999999893e+02
1.920310000000000059e+02
4.588100000000000023e+02
9.283550000000000182e+02
3.484929999999999950e+02
9.838239999999999554e+02
9.838239999999999554e+02
4.090629999999999882e+02
4.064950000000000045e+02
1.940819999999999936e+03
9.254980000000000473e+02
5.982830000000000155e+02
1.635750000000000000e+03
1.635750000000000000e+03
3.710349999999999909e+03
8.547989999999999782e+03
4.207140000000000146e+04
4.207140000000000146e+04
1.473710000000000036e+04
1.473710000000000036e+04
1.473710000000000036e+04
1.473710000000000036e+04
1.621489999999999964e+04
6.480240000000000146e+04
6.480240000000000146e+04
6.480240000000000146e+04
1.503360000000000000e+05
1.503360000000000000e+05
1.503360000000000000e+05
3.568350000000000000e+04
3.568350000000000000e+04
3.568350000000000000e+04
3.568350000000000000e+04
3.568350000000000000e+04
1.452710000000000000e+05
1.452710000000000000e+05
1.452710000000000000e+05
1.452710000000000000e+05
1.452710000000000000e+05
3.050690000000000146e+04
3.050690000000000146e+04
3.050690000000000146e+04
3.050690000000000146e+04
3.050690000000000146e+04
3.050690000000000146e+04
3.050690000000000146e+04
3.050690000000000146e+04
1.168579999999999927e+04
1.168579999999999927e+04
5.603200000000000000e+04
5.603200000000000000e+04
5.588430000000000291e+04
5.588430000000000291e+04
1.166179999999999927e+04
1.166179999999999927e+04
3.016179999999999927e+04
3.016179999999999927e+04
1.238229999999999927e+04
1.238229999999999927e+04
5.041989999999999782e+03
5.041989999999999782e+03
5.059140000000000327e+03
1.895869999999999891e+03
3.736679999999999836e+03
3.736679999999999836e+03
6.691399999999999636e+03
3.428000000000000000e+03
3.428000000000000000e+03
3.428000000000000000e+03
1.132960000000000036e+04
9.997469999999999345e+03
9.997469999999999345e+03
2.468650000000000091e+03
2.468650000000000091e+03
5.520130000000000109e+03
2.760849999999999909e+03
1.057880000000000109e+03
1.057880000000000109e+03
5.020489999999999782e+03
9.997469999999999345e+03
1.081070000000000073e+04
1.081070000000000073e+04
2.719369999999999891e+03
1.175250000000000000e+03
2.516059999999999945e+03
2.516059999999999945e+03
2.516059999999999945e+03
3.021179999999999836e+03
1.184460000000000036e+04
1.184460000000000036e+04
1.184460000000000036e+04
3.129879999999999927e+04
3.129879999999999927e+04
3.129879999999999927e+04
3.129879999999999927e+04
1.279600000000000000e+04
1.279600000000000000e+04
1.279600000000000000e+04
7.337810000000000400e+03
1.279600000000000000e+04
1.279600000000000000e+04
1.279600000000000000e+04
3.129879999999999927e+04
3.129879999999999927e+04
7.418789999999999964e+03
7.418789999999999964e+03
7.418789999999999964e+03
3.021179999999999836e+03
3.021179999999999836e+03
3.021179999999999836e+03
3.021179999999999836e+03
3.677989999999999782e+03
1.118539999999999964e+03
3.346080000000000041e+02
1.783410000000000082e+02
1.423269999999999982e+02
1.512690000000000055e+02
1.512690000000000055e+02
3.345389999999999873e+02
2.929959999999999809e+02
6.540389999999999873e+02
3.019590000000000032e+02
1.211119999999999948e+02
2.907060000000000173e+02
1.793100000000000023e+02
1.793100000000000023e+02
2.055900000000000034e+02
2.055900000000000034e+02
3.466530000000000200e+02
3.360500000000000114e+02
8.114299999999999500e+02
8.114299999999999500e+02
8.114299999999999500e+02
8.207210000000000036e+02
8.207210000000000036e+02
3.451710000000000036e+03
3.451710000000000036e+03
3.669929999999999836e+03
1.462120000000000073e+04
1.462120000000000073e+04
6.016189999999999600e+03
8.241629999999999200e+03
8.241629999999999200e+03
1.694650000000000091e+03
3.260110000000000127e+03
3.246099999999999909e+03
3.246099999999999909e+03
1.508240000000000009e+03
1.508240000000000009e+03
1.424160000000000082e+03
1.424160000000000082e+03
1.555440000000000055e+03
6.407599999999999909e+02
5.425130000000000337e+02
5.425130000000000337e+02
1.200980000000000018e+03
1.187160000000000082e+03
1.519009999999999991e+03
1.519009999999999991e+03
5.885930000000000291e+03
5.478329999999999927e+03
5.894050000000000182e+03
5.894050000000000182e+03
5.894050000000000182e+03
4.374670000000000073e+03
4.711800000000000182e+03
4.711800000000000182e+03
4.711800000000000182e+03
1.300739999999999964e+04
1.083470000000000073e+04
2.878760000000000218e+03
2.878760000000000218e+03
1.227500000000000000e+03
1.227500000000000000e+03
1.227500000000000000e+03
1.227500000000000000e+03
1.349599999999999909e+03
3.715429999999999836e+03
1.618779999999999973e+03
3.381879999999999882e+02
3.492239999999999895e+02
3.492239999999999895e+02
3.424089999999999918e+02
1.891229999999999905e+02
1.891229999999999905e+02
7.739130000000000109e+02
2.271429999999999836e+03
2.725440000000000055e+03
2.185809999999999945e+03
2.185809999999999945e+03
8.361069999999999709e+02
1.383900000000000091e+03
1.237930000000000064e+03
1.237930000000000064e+03
3.273349999999999909e+03
1.169339999999999964e+04
3.018490000000000146e+04
3.018490000000000146e+04
1.166179999999999927e+04
1.166179999999999927e+04
1.166179999999999927e+04
3.374599999999999909e+03
3.343059999999999945e+03
3.343059999999999945e+03
3.343059999999999945e+03
3.343059999999999945e+03
8.033039999999999964e+03
8.033039999999999964e+03
3.418830000000000291e+04
1.621489999999999964e+04
1.621489999999999964e+04
1.621489999999999964e+04
1.621489999999999964e+04
1.810520000000000073e+04
7.173900000000000000e+04
7.173900000000000000e+04
7.173900000000000000e+04
2.079070000000000000e+05
2.079070000000000000e+05
2.079070000000000000e+05
2.079070000000000000e+05
2.079070000000000000e+05
2.079070000000000000e+05
2.079070000000000000e+05
2.079070000000000000e+05
1.024480000000000000e+06
1.024480000000000000e+06
1.024480000000000000e+06
2.079070000000000000e+05
2.079070000000000000e+05
4.231900000000000000e+04
4.231900000000000000e+04
1.536229999999999927e+04
5.451329999999999927e+03
2.148989999999999782e+03
5.704790000000000418e+02
5.564349999999999454e+02
4.074130000000000109e+02
4.074130000000000109e+02
4.074130000000000109e+02
7.648379999999999654e+02
6.960410000000000537e+02
4.245520000000000209e+02
1.739459999999999980e+02
6.340729999999999791e+02
1.541609999999999900e+03
3.064320000000000164e+03
3.735579999999999927e+03
3.735579999999999927e+03
1.810520000000000073e+04
1.810520000000000073e+04
5.589750000000000000e+04
5.589750000000000000e+04
5.589750000000000000e+04
5.589750000000000000e+04
5.589750000000000000e+04
5.589750000000000000e+04
5.589750000000000000e+04
2.079070000000000000e+05
1.024480000000000000e+06
1.024480000000000000e+06
1.024480000000000000e+06
2.079070000000000000e+05
2.079070000000000000e+05
4.197090000000000146e+04
1.414670000000000073e+04
5.451329999999999927e+03
5.451329999999999927e+03
2.043970000000000027e+03
1.917640000000000100e+03
1.571660000000000082e+03
3.747069999999999936e+02
3.169399999999999977e+02
4.468029999999999973e+02
7.575460000000000491e+02
7.575460000000000491e+02
1.063319999999999936e+03
2.651019999999999982e+03
9.527450000000000728e+03
9.527450000000000728e+03
3.068209999999999854e+04
1.503360000000000000e+05
1.503360000000000000e+05
1.503360000000000000e+05
1.503360000000000000e+05
1.503360000000000000e+05
1.503360000000000000e+05
6.842989999999999418e+04
6.842989999999999418e+04
1.433079999999999927e+04
1.433079999999999927e+04
3.140379999999999927e+04
7.400800000000000182e+03
7.400800000000000182e+03
7.400800000000000182e+03
7.400800000000000182e+03
3.488300000000000182e+03
1.576660000000000082e+03
1.576660000000000082e+03
7.685670000000000073e+02
5.889579999999999700e+02
6.228289999999999509e+02
6.228289999999999509e+02
9.590040000000000191e+02
1.323589999999999918e+03
3.418210000000000036e+03
3.418210000000000036e+03
2.729500000000000000e+03
1.255710000000000036e+04
1.255710000000000036e+04
1.255710000000000036e+04
1.169339999999999964e+04
1.169339999999999964e+04
5.588430000000000291e+04
5.588430000000000291e+04
1.441850000000000000e+05
3.451340000000000146e+04
3.451340000000000146e+04
3.451340000000000146e+04
1.428689999999999964e+04
5.478329999999999927e+03
1.614119999999999891e+03
1.614119999999999891e+03
1.895240000000000009e+03
1.422220000000000027e+03
9.186079999999999472e+02
2.525759999999999934e+02
2.075749999999999886e+02
3.878670000000000186e+02
3.676410000000000196e+02
3.676410000000000196e+02
3.410190000000000055e+02
1.063480000000000018e+03
2.780230000000000018e+03
2.780230000000000018e+03
6.199149999999999636e+03
6.199149999999999636e+03
3.051200000000000000e+04
1.212000000000000000e+04
1.212000000000000000e+04
1.212000000000000000e+04
1.212000000000000000e+04
1.279600000000000000e+04
1.279600000000000000e+04
1.279600000000000000e+04
3.647659999999999854e+03
4.617029999999999745e+03
1.756550000000000000e+04
1.756550000000000000e+04
1.756550000000000000e+04
1.428689999999999964e+04
1.428689999999999964e+04
2.978699999999999818e+03
1.423049999999999955e+03
3.415599999999999909e+03
3.415599999999999909e+03
3.415599999999999909e+03
3.682619999999999891e+03
3.682619999999999891e+03
3.682619999999999891e+03
1.384839999999999918e+03
4.261210000000000036e+03
1.618779999999999973e+03
1.618779999999999973e+03
1.868339999999999918e+03
1.210390000000000100e+03
1.882470000000000027e+03
1.882470000000000027e+03
4.391569999999999709e+03
1.143739999999999964e+04
1.143739999999999964e+04
1.143739999999999964e+04
1.143739999999999964e+04
1.143739999999999964e+04
1.143739999999999964e+04
3.109849999999999909e+03
1.143739999999999964e+04
3.679710000000000036e+03
1.507400000000000091e+03
7.400460000000000491e+02
1.970989999999999895e+02
2.838120000000000118e+02
5.505990000000000464e+02
4.509510000000000218e+02
4.509510000000000218e+02
5.505990000000000464e+02
5.505990000000000464e+02
1.063319999999999936e+03
1.063319999999999936e+03
7.189619999999999891e+02
7.189619999999999891e+02
2.877210000000000036e+03
2.877210000000000036e+03
5.726939999999999600e+03
2.914980000000000018e+03
2.914980000000000018e+03
1.399920000000000073e+03
1.399920000000000073e+03
3.006480000000000018e+03
3.006480000000000018e+03
6.179500000000000000e+03
6.179500000000000000e+03
6.179500000000000000e+03
6.179500000000000000e+03
6.179500000000000000e+03
2.249879999999999927e+04
2.249879999999999927e+04
2.249879999999999927e+04
9.684420000000000073e+03
9.684420000000000073e+03
9.684420000000000073e+03
9.684420000000000073e+03
1.135060000000000036e+04
1.135060000000000036e+04
5.273659999999999854e+04
5.273659999999999854e+04
4.786909999999999854e+04
4.786909999999999854e+04
4.786909999999999854e+04
4.786909999999999854e+04
4.915730000000000291e+04
1.092070000000000073e+04
1.092070000000000073e+04
2.847199999999999818e+03
6.414800000000000182e+03
6.414800000000000182e+03
6.414800000000000182e+03
2.600159999999999854e+03
2.600159999999999854e+03
9.750430000000000064e+02
9.750430000000000064e+02
9.987530000000000427e+02
4.603419999999999845e+02
5.523350000000000364e+02
5.523350000000000364e+02
1.537200000000000045e+03
3.345449999999999818e+03
8.231700000000000728e+03
8.231700000000000728e+03
3.568350000000000000e+04
1.621489999999999964e+04
1.621489999999999964e+04
1.621489999999999964e+04
1.621489999999999964e+04
1.621489999999999964e+04
6.480240000000000146e+04
1.319720000000000073e+04
1.319720000000000073e+04
1.480489999999999964e+04
1.480489999999999964e+04
1.480489999999999964e+04
1.480489999999999964e+04
1.337850000000000000e+04
1.337850000000000000e+04
4.575920000000000073e+03
4.575920000000000073e+03
5.104840000000000146e+03
1.304680000000000064e+03
1.173140000000000100e+03
2.870969999999999800e+02
3.034320000000000164e+02
1.677729999999999961e+02
3.224159999999999968e+02
3.224159999999999968e+02
4.048419999999999845e+02
4.245640000000000214e+02
3.067930000000000064e+02
3.067930000000000064e+02
2.608949999999999818e+02
4.216460000000000150e+02
6.654410000000000309e+02
3.311209999999999809e+02
3.467359999999999900e+02
1.343880000000000109e+03
1.343880000000000109e+03
1.646470000000000027e+03
1.979710000000000036e+03
1.979710000000000036e+03
1.979710000000000036e+03
1.537200000000000045e+03
1.680299999999999955e+03
1.680299999999999955e+03
1.680299999999999955e+03
1.408519999999999982e+03
1.533599999999999909e+03
3.255120000000000005e+02
1.233500000000000000e+03
3.710349999999999909e+03
3.134320000000000164e+03
3.134320000000000164e+03
3.134320000000000164e+03
3.134320000000000164e+03
3.831019999999999982e+03
1.342089999999999918e+03
1.342089999999999918e+03
1.342089999999999918e+03
1.182029999999999973e+03
1.195829999999999927e+03
1.195829999999999927e+03
4.711890000000000327e+03
5.534789999999999964e+03
1.212000000000000000e+04
1.212000000000000000e+04
1.212000000000000000e+04
1.184460000000000036e+04
1.184460000000000036e+04
1.184460000000000036e+04
1.184460000000000036e+04
1.460510000000000036e+04
5.603200000000000000e+04
5.603200000000000000e+04
5.603200000000000000e+04
5.588430000000000291e+04
5.588430000000000291e+04
5.588430000000000291e+04
1.428689999999999964e+04
1.162339999999999964e+04
1.162339999999999964e+04
1.162339999999999964e+04
1.162339999999999964e+04
1.183010000000000036e+04
2.509239999999999782e+03
2.509239999999999782e+03
2.509239999999999782e+03
2.628280000000000200e+03
1.296160000000000082e+03
3.303879999999999768e+02
1.355459999999999923e+02
1.611970000000000027e+02
1.306620000000000061e+02
1.306620000000000061e+02
1.509290000000000020e+02
1.090270000000000010e+02
2.997490000000000236e+02
1.690289999999999964e+02
1.667410000000000139e+02
1.673969999999999914e+02
5.481670000000000300e+02
4.216200000000000045e+02
4.413609999999999900e+02
4.621299999999999955e+02
4.621299999999999955e+02
1.045539999999999964e+03
2.556449999999999818e+03
2.614079999999999927e+03
2.614079999999999927e+03
2.614079999999999927e+03
2.614079999999999927e+03
2.547500000000000000e+03
2.547500000000000000e+03
1.183010000000000036e+04
5.478329999999999927e+03
4.295229999999999563e+03
1.153579999999999927e+03
3.720690000000000168e+02
7.183390000000000555e+02
7.234180000000000064e+02
7.234180000000000064e+02
3.337679999999999723e+02
1.690660000000000025e+02
1.441959999999999980e+02
1.441959999999999980e+02
1.487139999999999986e+02
1.515600000000000023e+02
1.739759999999999991e+02
1.739759999999999991e+02
3.561510000000000105e+02
1.014980000000000018e+03
1.014980000000000018e+03
4.094649999999999750e+02
1.457720000000000027e+03
6.754750000000000227e+02
1.176779999999999973e+03
3.271130000000000109e+03
9.204919999999999618e+02
1.789160000000000082e+03
1.789160000000000082e+03
1.789160000000000082e+03
1.789160000000000082e+03
7.899569999999999936e+02
3.150989999999999782e+03
3.150989999999999782e+03
3.150989999999999782e+03
2.780230000000000018e+03
7.199840000000000373e+02
7.199840000000000373e+02
7.199840000000000373e+02
1.513549999999999955e+03
1.513549999999999955e+03
7.259829999999999927e+03
2.990610000000000127e+03
2.990610000000000127e+03
1.218839999999999918e+03
4.112049999999999841e+02
1.016820000000000050e+03
3.839070000000000164e+03
3.834460000000000036e+03
3.834460000000000036e+03
1.380559999999999945e+03
1.380559999999999945e+03
3.246099999999999909e+03
1.631079999999999927e+03
1.631079999999999927e+03
4.014359999999999786e+02
2.407299999999999898e+02
1.824970000000000141e+02
1.929219999999999970e+02
1.206539999999999964e+02
1.596200000000000045e+02
4.861370000000000005e+02
4.231859999999999786e+02
3.991720000000000255e+02
1.844430000000000121e+02
1.844430000000000121e+02
1.930660000000000025e+02
2.842049999999999841e+02
3.491949999999999932e+02
1.380589999999999918e+03
1.169500000000000000e+03
4.521380000000000109e+03
1.168579999999999927e+04
1.168579999999999927e+04
1.166179999999999927e+04
1.166179999999999927e+04
4.772449999999999818e+03
9.900370000000000346e+02
1.017870000000000005e+03
1.017870000000000005e+03
2.460280000000000200e+03
1.239140000000000100e+03
1.352750000000000000e+03
1.352750000000000000e+03
1.352750000000000000e+03
1.283529999999999973e+03
1.132339999999999918e+03
2.316239999999999952e+02
1.290500000000000114e+02
2.807540000000000191e+02
3.025310000000000059e+02
1.408619999999999948e+02
2.121850000000000023e+02
7.938650000000000091e+02
9.624600000000000364e+02
1.113880000000000109e+03
8.951250000000000000e+02
1.850759999999999934e+02
1.692839999999999918e+02
2.769809999999999945e+02
2.507410000000000139e+02
1.295260000000000105e+02
1.568590000000000089e+02
5.487889999999999873e+02
1.352750000000000000e+03
1.283529999999999973e+03
1.132339999999999918e+03
1.132339999999999918e+03
1.132339999999999918e+03
3.093090000000000146e+03
3.376059999999999945e+03
3.376059999999999945e+03
1.618779999999999973e+03
4.807250000000000000e+03
5.438199999999999818e+03
5.438199999999999818e+03
1.461639999999999964e+04
1.461639999999999964e+04
1.461639999999999964e+04
1.461639999999999964e+04
1.461639999999999964e+04
2.997960000000000036e+03
8.470819999999999709e+03
8.470819999999999709e+03
2.997960000000000036e+03
1.355869999999999891e+03
1.355869999999999891e+03
1.355869999999999891e+03
1.263519999999999982e+03
1.487880000000000109e+03
7.337810000000000400e+03
7.337810000000000400e+03
1.070260000000000036e+04
1.745700000000000000e+04
1.745700000000000000e+04
1.745700000000000000e+04
1.239410000000000036e+04
5.588430000000000291e+04
5.588430000000000291e+04
1.183010000000000036e+04
3.451340000000000146e+04
3.451340000000000146e+04
7.408800000000000182e+03
7.408800000000000182e+03
7.408800000000000182e+03
7.408800000000000182e+03
7.408800000000000182e+03
3.120119999999999891e+03
1.192829999999999927e+03
3.657850000000000250e+02
3.657850000000000250e+02
3.657850000000000250e+02
7.765570000000000164e+02
7.765570000000000164e+02
7.765570000000000164e+02
7.711910000000000309e+02
7.711910000000000309e+02
7.711910000000000309e+02
7.711910000000000309e+02
7.532569999999999482e+02
2.975090000000000146e+02
1.381270000000000095e+02
5.757799999999999727e+02
5.611019999999999754e+02
6.158540000000000418e+02
1.093910000000000082e+03
1.093910000000000082e+03
1.210390000000000100e+03
8.707450000000000045e+02
1.073960000000000036e+03
1.073960000000000036e+03
1.140220000000000027e+03
6.072079999999999700e+02
5.702530000000000427e+02
5.702530000000000427e+02
5.527749999999999773e+02
1.346400000000000091e+03
4.087909999999999854e+03
4.087909999999999854e+03
3.688940000000000055e+03
1.408519999999999982e+03
5.702530000000000427e+02
5.702530000000000427e+02
6.292640000000000100e+02
6.830460000000000491e+02
1.073960000000000036e+03
1.073960000000000036e+03
1.092930000000000064e+03
1.092930000000000064e+03
9.235929999999999609e+02
9.235929999999999609e+02
1.097980000000000018e+03
1.488990000000000009e+03
1.380559999999999945e+03
1.380559999999999945e+03
1.169819999999999936e+03
4.525979999999999563e+03
1.170179999999999927e+04
1.170179999999999927e+04
1.171020000000000073e+04
1.171020000000000073e+04
1.171020000000000073e+04
1.171020000000000073e+04
1.173579999999999927e+04
1.173579999999999927e+04
1.173579999999999927e+04
1.173579999999999927e+04
1.173579999999999927e+04
3.273889999999999873e+03
1.162339999999999964e+04
1.162339999999999964e+04
2.967159999999999854e+04
2.967159999999999854e+04
2.967159999999999854e+04
2.967159999999999854e+04
2.967159999999999854e+04
1.042279999999999927e+04
1.042279999999999927e+04
1.042279999999999927e+04
4.915730000000000291e+04
4.467030000000000291e+04
4.467030000000000291e+04
9.684420000000000073e+03
9.684420000000000073e+03
2.335709999999999854e+04
2.335709999999999854e+04
2.335709999999999854e+04
2.335709999999999854e+04
2.335709999999999854e+04
2.335709999999999854e+04
9.684420000000000073e+03
2.011390000000000100e+03
9.639399999999999636e+03
9.639399999999999636e+03
1.042279999999999927e+04
4.269529999999999745e+03
4.269529999999999745e+03
8.937259999999999991e+02
2.589130000000000109e+03
2.527579999999999927e+03
5.815320000000000391e+02
5.815320000000000391e+02
2.066999999999999886e+02
5.653039999999999736e+02
5.653039999999999736e+02
5.653039999999999736e+02
1.550369999999999891e+03
6.857729999999999563e+03
2.978699999999999818e+03
2.978699999999999818e+03
2.978699999999999818e+03
7.144239999999999782e+02
8.403440000000000509e+02
3.222280000000000086e+02
1.591399999999999864e+02
1.591399999999999864e+02
3.222280000000000086e+02
7.046870000000000118e+02
8.373250000000000455e+02
8.373250000000000455e+02
8.373250000000000455e+02
3.646379999999999768e+02
3.581709999999999923e+02
3.581709999999999923e+02
1.576660000000000082e+03
1.269759999999999991e+03
1.079190000000000055e+03
1.079190000000000055e+03
1.079190000000000055e+03
2.728760000000000218e+03
6.171260000000000218e+03
2.967159999999999854e+04
6.922220000000000255e+03
2.512420000000000073e+03
2.512420000000000073e+03
2.512420000000000073e+03
9.920960000000000036e+02
2.799739999999999782e+03
1.006409999999999968e+03
3.525620000000000118e+02
3.438700000000000045e+02
1.433269999999999982e+02
3.721379999999999768e+02
1.956279999999999859e+02
4.002370000000000232e+02
3.448210000000000264e+02
1.165130000000000052e+02
1.494170000000000016e+02
6.072079999999999700e+02
1.577930000000000064e+03
1.329769999999999982e+03
3.247800000000000182e+03
3.247800000000000182e+03
3.247800000000000182e+03
6.144949999999999818e+03
2.967159999999999854e+04
2.967159999999999854e+04
1.421750000000000000e+05
1.421750000000000000e+05
1.421750000000000000e+05
3.091100000000000000e+04
3.091100000000000000e+04
1.503360000000000000e+05
1.503360000000000000e+05
6.842989999999999418e+04
1.391279999999999927e+04
2.924000000000000000e+03
2.924000000000000000e+03
3.256809999999999945e+03
1.632779999999999973e+03
1.632779999999999973e+03
1.632779999999999973e+03
4.391569999999999709e+03
3.872130000000000109e+03
3.872130000000000109e+03
3.872130000000000109e+03
1.894579999999999927e+04
3.568350000000000000e+04
1.212000000000000000e+04
3.139719999999999800e+03
8.216390000000000100e+02
3.839070000000000164e+03
4.202020000000000437e+03
4.202020000000000437e+03
1.757730000000000018e+03
1.757730000000000018e+03
1.888460000000000036e+03
6.254600000000000364e+02
7.909279999999999973e+02
7.909279999999999973e+02
6.924030000000000200e+02
5.582259999999999991e+02
1.489680000000000064e+03
3.308949999999999818e+02
8.258609999999999900e+02
1.939750000000000000e+03
9.173350000000000364e+03
9.173350000000000364e+03
9.173350000000000364e+03
9.173350000000000364e+03
9.173350000000000364e+03
9.173350000000000364e+03
9.173350000000000364e+03
4.345069999999999709e+04
4.345069999999999709e+04
1.530320000000000073e+04
7.173900000000000000e+04
1.465439999999999964e+04
1.465439999999999964e+04
1.381979999999999927e+04
3.658550000000000182e+03
3.658550000000000182e+03
3.658550000000000182e+03
3.279849999999999909e+03
3.279849999999999909e+03
3.279849999999999909e+03
3.279849999999999909e+03
2.832110000000000127e+03
2.832110000000000127e+03
2.832110000000000127e+03
5.953279999999999745e+02
1.532250000000000000e+03
6.162469999999999573e+02
2.964289999999999736e+02
2.964289999999999736e+02
1.279140000000000015e+02
2.112940000000000111e+02
3.436229999999999905e+02
1.314730000000000132e+02
1.252369999999999948e+02
1.509600000000000080e+02
1.509600000000000080e+02
1.290929999999999893e+02
1.394790000000000134e+02
1.175759999999999934e+02
1.175759999999999934e+02
3.377660000000000196e+02
2.433700000000000045e+02
5.957459999999999809e+02
5.957459999999999809e+02
2.505610000000000070e+02
7.053220000000000027e+02
2.600129999999999768e+02
1.233440000000000055e+03
2.373670000000000073e+03
9.594249999999999545e+02
1.153579999999999927e+03
1.153579999999999927e+03
4.750149999999999864e+02
4.518380000000000223e+02
4.498500000000000227e+02
4.498500000000000227e+02
4.498500000000000227e+02
3.736589999999999918e+02
4.119739999999999895e+02
1.114110000000000014e+02
1.201430000000000007e+02
9.025449999999999307e+01
2.477539999999999907e+02
2.477539999999999907e+02
2.184269999999999925e+02
5.519759999999999991e+02
5.519759999999999991e+02
2.233689999999999998e+02
1.825000000000000000e+02
8.601359999999999673e+01
8.601359999999999673e+01
7.728189999999999316e+01
8.553810000000000002e+01
9.312590000000000146e+01
4.317730000000000246e+02
1.131799999999999955e+03
1.175250000000000000e+03
9.760349999999999682e+02
2.941689999999999827e+02
2.941689999999999827e+02
3.525679999999999836e+02
2.452500000000000000e+02
2.452500000000000000e+02
1.075500000000000000e+03
1.075500000000000000e+03
2.547500000000000000e+03
9.648289999999999509e+02
9.648289999999999509e+02
2.408480000000000018e+03
2.408480000000000018e+03
2.460280000000000200e+03
5.277119999999999891e+02
2.997309999999999945e+02
2.997309999999999945e+02
8.734869999999999663e+02
6.068859999999999673e+02
8.845789999999999509e+02
3.292389999999999873e+03
1.362289999999999964e+03
1.399059999999999945e+03
6.714500000000000455e+02
1.428609999999999900e+02
3.510029999999999859e+02
5.783220000000000027e+02
6.362010000000000218e+02
6.362010000000000218e+02
6.362010000000000218e+02
2.175269999999999982e+03
6.483810000000000400e+03
6.483810000000000400e+03
6.483810000000000400e+03
6.483810000000000400e+03
2.358789999999999964e+03
2.358789999999999964e+03
2.358789999999999964e+03
2.358789999999999964e+03
6.199149999999999636e+03
6.199149999999999636e+03
2.967159999999999854e+04
2.967159999999999854e+04
1.300739999999999964e+04
4.915730000000000291e+04
4.915730000000000291e+04
4.915730000000000291e+04
4.467030000000000291e+04
4.467030000000000291e+04
4.467030000000000291e+04
4.467030000000000291e+04
1.039020000000000000e+05
1.039020000000000000e+05
2.289940000000000146e+04
2.289940000000000146e+04
1.019370000000000073e+04
1.019370000000000073e+04
1.019370000000000073e+04
1.019370000000000073e+04
2.249879999999999927e+04
5.726939999999999600e+03
5.726939999999999600e+03
1.498789999999999964e+03
1.498789999999999964e+03
1.498789999999999964e+03
7.245869999999999891e+02
3.489139999999999873e+02
3.489139999999999873e+02
3.489139999999999873e+02
5.168769999999999527e+02
4.878539999999999850e+02
4.878539999999999850e+02
4.878539999999999850e+02
4.136709999999999923e+02
8.142390000000000327e+02
3.563210000000000036e+03
3.563210000000000036e+03
2.939139999999999873e+03
1.239410000000000036e+04
2.527500000000000000e+03
1.169339999999999964e+04
3.018490000000000146e+04
3.018490000000000146e+04
3.018490000000000146e+04
6.857729999999999563e+03
6.857729999999999563e+03
6.857729999999999563e+03
2.733579999999999927e+03
2.733579999999999927e+03
2.733579999999999927e+03
2.733579999999999927e+03
2.983909999999999854e+03
2.983909999999999854e+03
1.436739999999999964e+04
1.436739999999999964e+04
4.033930000000000291e+04
1.300739999999999964e+04
1.300739999999999964e+04
1.300739999999999964e+04
5.885930000000000291e+03
8.768159999999999854e+03
8.768159999999999854e+03
8.768159999999999854e+03
1.404400000000000000e+04
1.598139999999999964e+04
3.292389999999999873e+03
3.292389999999999873e+03
3.292389999999999873e+03
2.878760000000000218e+03
2.878760000000000218e+03
7.274400000000000546e+02
7.274400000000000546e+02
1.669349999999999909e+03
7.528540000000000418e+02
3.636789999999999736e+02
1.602439999999999998e+02
5.159609999999999985e+01
5.599060000000000059e+01
4.389249999999999829e+01
1.016089999999999947e+02
1.070150000000000006e+02
2.789710000000000036e+02
5.900650000000000546e+02
5.900650000000000546e+02
5.872670000000000528e+02
5.872670000000000528e+02
2.631840000000000146e+03
2.631840000000000146e+03
2.516059999999999945e+03
1.162339999999999964e+04
1.162339999999999964e+04
1.162339999999999964e+04
2.967159999999999854e+04
2.967159999999999854e+04
8.421270000000000437e+03
3.050690000000000146e+04
1.168579999999999927e+04
3.021179999999999836e+03
3.021179999999999836e+03
3.021179999999999836e+03
2.771559999999999945e+03
1.327980000000000018e+03
1.327980000000000018e+03
1.327980000000000018e+03
1.572819999999999936e+03
2.147340000000000146e+03
7.655149999999999864e+02
7.655149999999999864e+02
5.775080000000000382e+02
1.391450000000000045e+03
1.387549999999999955e+03
1.387549999999999955e+03
3.006480000000000018e+03
1.019370000000000073e+04
1.135060000000000036e+04
2.715239999999999782e+03
2.715239999999999782e+03
2.715239999999999782e+03
2.318730000000000018e+03
1.187160000000000082e+03
1.187160000000000082e+03
1.187160000000000082e+03
2.760849999999999909e+03
2.440090000000000146e+03
1.132960000000000036e+04
1.132960000000000036e+04
5.894050000000000182e+03
1.217550000000000000e+04
1.217550000000000000e+04
1.217550000000000000e+04
1.714490000000000146e+04
5.958150000000000000e+04
5.958150000000000000e+04
1.279600000000000000e+04
1.631560000000000036e+04
3.488300000000000182e+03
