     0.0000000        0.75247212        0.09186738
     0.1000000        0.61310004        0.04861270
     0.2000000        0.41980129        0.07423045
     0.3000000        0.30974728        0.07318351
     0.4000000        0.27738051        0.04270590
     0.5000000        0.19581648        0.04860956
     0.6000000        0.19607883        0.03699655
     0.7000000        0.20403057        0.07847328
     0.8000000        0.16103489        0.11542057
     0.9000000        0.25409683        0.05490482
     1.0000000        0.19938724        0.03584834
     1.1000000        0.23796790        0.06064224
     1.2000000        0.24619460        0.09572542
     1.3000000        0.21180643        0.06771525
     1.4000000        0.08048145        0.14624819
     1.5000000        0.02922893        0.11702401
     1.6000000        0.21785912        0.22990767
     1.7000000        0.60907600        0.46153194
     1.8000000        0.21688757        0.10329842
     1.9000000        0.13078957        0.17670913
     2.0000000        0.07261381        0.12023782
     2.1000000       -0.04229749        0.17081700
     2.2000000        0.30307106        0.20497164
     2.3000000       -0.15205277        0.13142568
     2.4000000       -0.30226623        0.39777057
     2.5000000        0.11317626        0.15346182
     2.6000000        0.54146288        0.31678561
     2.7000000        1.51637133        1.04993941
     2.8000000        0.79028545        0.57410596
     2.9000000        0.35122874        0.43452685
     3.0000000        0.63886841        0.75282907
     3.1000000        0.74765169        0.95331760
     3.2000000        0.09238631        0.47588267
     3.3000000       -0.57389914        0.59563338
     3.4000000       -1.20622100        1.05684616
     3.5000000       -0.18870212        0.21308125
     3.6000000       -0.20858634        0.17278988
     3.7000000       -0.32466603        0.31430925
     3.8000000        0.08088908        0.50952573
     3.9000000       -0.41397076        0.83028152
     4.0000000       -0.10088695        0.25921143
     4.1000000        0.02075718        0.03877603
     4.2000000       -0.05142656        0.06773885
     4.3000000       -0.15470811        0.15872900
     4.4000000       -0.14014542        0.17305339
     4.5000000       -0.06701338        0.07752719
     4.6000000       -0.44280681        0.28330831
     4.7000000       -0.15001972        0.19320922
     4.8000000       -0.67799841        0.90564169
     4.9000000       -1.71347896        1.88179559
     5.0000000       -0.64895747        0.75887530
     5.1000000       -1.31078414        1.45971169
     5.2000000       -0.41627277        0.46948872
     5.3000000       -1.08240558        1.19581640
     5.4000000       -0.34820933        0.48384735
     5.5000000       -0.25260944        0.39865788
     5.6000000       -0.32009291        0.43220149
     5.7000000       -0.97980767        1.04430952
     5.8000000       -0.08547252        0.11583292
     5.9000000        0.12165795        0.11330466
     6.0000000        0.06471781        0.06069923
     6.1000000        0.13966684        0.14389625
     6.2000000        0.10311461        0.05415669
     6.3000000        0.12825186        0.05436521
     6.4000000        0.31180201        0.15689457
     6.5000000        0.48115473        0.41808119
     6.6000000       -0.11936519        0.17125374
     6.7000000        0.01477911        0.14470464
     6.8000000        0.24455091        0.20357851
     6.9000000        0.06765489        0.06945240
     7.0000000        0.06738461        0.08862081
     7.1000000       -0.00452508        0.29245887
     7.2000000       -0.16669352        0.20789865
     7.3000000       -0.26595361        0.28318214
     7.4000000       -0.20848680        0.33313151
     7.5000000       -0.63338630        0.67507159
     7.6000000       -0.13300142        0.18414870
     7.7000000        0.07915250        0.14038086
     7.8000000        0.10571026        0.11990193
     7.9000000        0.10440174        0.08755646
     8.0000000        0.07146136        0.09614446
     8.1000000        0.32985706        0.33872317
     8.2000000        0.20830274        0.15110981
     8.3000000        0.11845524        0.06699270
     8.4000000        0.15502839        0.04105975
     8.5000000        0.11659262        0.05820707
     8.6000000        0.23897683        0.14084948
     8.7000000        0.27103060        0.09263062
     8.8000000        0.19242264        0.05930542
     8.9000000        0.19882463        0.10033875
     9.0000000        0.16464212        0.16573307
     9.1000000        0.13366137        0.07411441
     9.2000000        0.13210333        0.02632691
     9.3000000        0.18104437        0.03372014
     9.4000000        0.29724351        0.06662197
     9.5000000        0.31539459        0.03400078
     9.6000000        0.26589280        0.05004449
     9.7000000        0.37101006        0.04610527
     9.8000000        0.47785323        0.03223722
     9.9000000        0.56617053        0.06015026
    10.0000000        0.75247212        0.09186738
