     0.0000000        0.82286285        0.01627146
     0.1000000        0.55730343        0.01348750
     0.2000000        0.39894626        0.01136213
     0.3000000        0.29777195        0.00766938
     0.4000000        0.22745546        0.00750024
     0.5000000        0.17452568        0.00647721
     0.6000000        0.13421416        0.00391776
     0.7000000        0.10500015        0.00177241
     0.8000000        0.08125923        0.00151400
     0.9000000        0.06526252        0.00118458
     1.0000000        0.05300154        0.00107587
     1.1000000        0.04237995        0.00093047
     1.2000000        0.03315819        0.00100168
     1.3000000        0.02696358        0.00089751
     1.4000000        0.02123010        0.00207656
     1.5000000        0.01669526        0.00189412
     1.6000000        0.01286019        0.00204820
     1.7000000        0.01027243        0.00356349
     1.8000000        0.00895888        0.00292824
     1.9000000        0.00777642        0.00263107
     2.0000000        0.00720090        0.00208218
     2.1000000        0.00592036        0.00245413
     2.2000000        0.00480694        0.00115018
     2.3000000        0.00302892        0.00063524
     2.4000000        0.00143963        0.00103618
     2.5000000        0.00084669        0.00234940
     2.6000000        0.00214735        0.00332345
     2.7000000        0.00120125        0.00173963
     2.8000000        0.00238719        0.00128564
     2.9000000        0.00333577        0.00176859
     3.0000000        0.00338119        0.00238554
     3.1000000        0.00204170        0.00232562
     3.2000000        0.00097372        0.00196161
     3.3000000        0.00050174        0.00161978
     3.4000000        0.00059294        0.00102776
     3.5000000        0.00008241        0.00145174
     3.6000000       -0.00038814        0.00147528
     3.7000000       -0.00102043        0.00164090
     3.8000000       -0.00183201        0.00098857
     3.9000000       -0.00160570        0.00072230
     4.0000000       -0.00248916        0.00044774
     4.1000000       -0.00251942        0.00093136
     4.2000000       -0.00170251        0.00111641
     4.3000000       -0.00058180        0.00106692
     4.4000000        0.00009585        0.00084540
     4.5000000       -0.00016050        0.00083557
     4.6000000        0.00054358        0.00124451
     4.7000000        0.00071795        0.00150732
     4.8000000        0.00050384        0.00199199
     4.9000000        0.00103663        0.00264613
     5.0000000        0.00075898        0.00230493
     5.1000000        0.00012383        0.00207385
     5.2000000        0.00122681        0.00180380
     5.3000000        0.00180737        0.00230669
     5.4000000        0.00158692        0.00243571
     5.5000000        0.00101215        0.00207161
     5.6000000       -0.00010657        0.00165703
     5.7000000       -0.00028141        0.00200111
     5.8000000       -0.00103606        0.00203751
     5.9000000       -0.00072060        0.00162902
     6.0000000       -0.00097206        0.00145745
     6.1000000        0.00003349        0.00158794
     6.2000000        0.00083820        0.00210401
     6.3000000        0.00129504        0.00232814
     6.4000000        0.00144034        0.00181888
     6.5000000        0.00156579        0.00225036
     6.6000000        0.00201908        0.00240333
     6.7000000        0.00217156        0.00204825
     6.8000000        0.00353357        0.00339146
     6.9000000        0.00397668        0.00449432
     7.0000000        0.00342021        0.00475400
     7.1000000        0.00278488        0.00318480
     7.2000000        0.00364731        0.00335919
     7.3000000        0.00191071        0.00283977
     7.4000000       -0.00015725        0.00283157
     7.5000000       -0.00192554        0.00192336
     7.6000000       -0.00321156        0.00114958
     7.7000000       -0.00419883        0.00123433
     7.8000000       -0.00333679        0.00349729
     7.9000000       -0.00220035        0.00572361
     8.0000000       -0.00091519        0.00540185
     8.1000000       -0.00002166        0.00557050
     8.2000000        0.00105910        0.00296395
     8.3000000        0.00476129        0.00226977
     8.4000000        0.00598154        0.00322304
     8.5000000        0.00902447        0.00557652
     8.6000000        0.01359334        0.00677431
     8.7000000        0.01730130        0.01021295
     8.8000000        0.02638132        0.00690057
     8.9000000        0.03657547        0.00597947
     9.0000000        0.04820783        0.00783225
     9.1000000        0.06192256        0.00764522
     9.2000000        0.07963910        0.00547574
     9.3000000        0.10086489        0.00378325
     9.4000000        0.13522720        0.00459754
     9.5000000        0.17675172        0.00654538
     9.6000000        0.22807762        0.00631103
     9.7000000        0.30018126        0.00815273
     9.8000000        0.40129590        0.01302393
     9.9000000        0.55431859        0.01413599
    10.0000000        0.82286285        0.01627146
