     0.0000000        0.48367798        0.03255515
     0.1000000        0.29829718        0.02721601
     0.2000000        0.18740416        0.02432886
     0.3000000        0.11758702        0.02343729
     0.4000000        0.07152576        0.02275451
     0.5000000        0.04554555        0.02153214
     0.6000000        0.02839206        0.02140337
     0.7000000        0.01796291        0.02096733
     0.8000000        0.00985112        0.02034919
     0.9000000        0.00397810        0.02072987
     1.0000000        0.00033437        0.02134867
     1.1000000       -0.00295642        0.02247134
     1.2000000       -0.00146647        0.02138297
     1.3000000       -0.00120052        0.02127954
     1.4000000       -0.00232477        0.02054641
     1.5000000       -0.00476637        0.01942020
     1.6000000       -0.00407570        0.01709647
     1.7000000       -0.00247586        0.01440874
     1.8000000       -0.00099287        0.01274660
     1.9000000        0.00116478        0.01172838
     2.0000000        0.00142251        0.01056676
     2.1000000        0.00123443        0.00943055
     2.2000000        0.00033357        0.01032297
     2.3000000       -0.00147211        0.00973835
     2.4000000       -0.00100460        0.00996869
     2.5000000       -0.00038570        0.00975386
     2.6000000       -0.00007199        0.01045627
     2.7000000        0.00098221        0.01066201
     2.8000000        0.00154454        0.01102669
     2.9000000        0.00233153        0.01116504
     3.0000000        0.00165468        0.01193585
     3.1000000        0.00156139        0.01300311
     3.2000000        0.00189274        0.01480410
     3.3000000        0.00198813        0.01450268
     3.4000000        0.00451525        0.01164954
     3.5000000        0.00703441        0.01004185
     3.6000000        0.00824352        0.00959229
     3.7000000        0.00795252        0.01042227
     3.8000000        0.00642295        0.01183297
     3.9000000        0.00399247        0.01468586
     4.0000000        0.00190025        0.01645972
     4.1000000       -0.00184075        0.01855627
     4.2000000       -0.00450334        0.02242843
     4.3000000       -0.00829248        0.02519164
     4.4000000       -0.01064214        0.02567711
     4.5000000       -0.00954100        0.02320860
     4.6000000       -0.01286278        0.02444383
     4.7000000       -0.01391104        0.02406831
     4.8000000       -0.01591468        0.02610368
     4.9000000       -0.02087342        0.03069279
     5.0000000       -0.02430687        0.03488328
     5.1000000       -0.02814202        0.03713186
     5.2000000       -0.02891040        0.03740746
     5.3000000       -0.03089947        0.03926702
     5.4000000       -0.02969403        0.03824655
     5.5000000       -0.02756898        0.03601255
     5.6000000       -0.03143418        0.03828313
     5.7000000       -0.03243861        0.03810577
     5.8000000       -0.03507744        0.04166431
     5.9000000       -0.03386630        0.04058343
     6.0000000       -0.03034961        0.03697735
     6.1000000       -0.03273334        0.03843672
     6.2000000       -0.03372786        0.03885007
     6.3000000       -0.03657161        0.04270684
     6.4000000       -0.03630294        0.04234903
     6.5000000       -0.03674754        0.04300561
     6.6000000       -0.03927052        0.04513939
     6.7000000       -0.04144275        0.04589896
     6.8000000       -0.03661154        0.04021191
     6.9000000       -0.03042987        0.03460500
     7.0000000       -0.02665755        0.03310510
     7.1000000       -0.02713083        0.03521080
     7.2000000       -0.02719730        0.03648948
     7.3000000       -0.03034224        0.03985041
     7.4000000       -0.03550875        0.04428458
     7.5000000       -0.03444140        0.04314006
     7.6000000       -0.03314848        0.04189363
     7.7000000       -0.03161490        0.04066507
     7.8000000       -0.03171895        0.04205658
     7.9000000       -0.02487616        0.03628851
     8.0000000       -0.01955166        0.03198990
     8.1000000       -0.01616498        0.02805105
     8.2000000       -0.01604962        0.02593044
     8.3000000       -0.01626693        0.02556026
     8.4000000       -0.01720367        0.02579848
     8.5000000       -0.01703634        0.02542194
     8.6000000       -0.01882843        0.02715399
     8.7000000       -0.01960158        0.02690230
     8.8000000       -0.01947680        0.02856633
     8.9000000       -0.02117860        0.03112595
     9.0000000       -0.02045106        0.03378620
     9.1000000       -0.02464661        0.04219084
     9.2000000       -0.02870826        0.05270600
     9.3000000       -0.01590277        0.04974845
     9.4000000        0.00252601        0.04448114
     9.5000000        0.02394736        0.04390022
     9.6000000        0.05224068        0.04449202
     9.7000000        0.09348870        0.04729206
     9.8000000        0.16218514        0.04930096
     9.9000000        0.28504222        0.03945731
    10.0000000        0.48367798        0.03255515
