7.711710000000000491e+02
9.015310000000000000e+05
9.384400000000000000e+09
1.120960000000000000e+06
3.124780000000000000e+08
2.793320000000000000e+09
1.688280000000000000e+09
6.152220000000000000e+11
1.382970000000000000e+15
1.808190000000000000e+20
1.317710000000000059e+24
1.115540000000000009e+27
2.527659999999999837e+31
-4.810730000000000046e+30
-1.910110000000000048e+30
-1.352149999999999985e+32
1.699669999999999888e+35
1.192770000000000070e+36
2.607280000000000005e+39
1.402410000000000071e+40
1.657960000000000034e+42
1.221960000000000089e+44
1.319709999999999886e+46
1.246380000000000071e+45
1.062589999999999931e+47
7.296429999999999369e+51
4.520149999999999729e+55
2.468420000000000061e+57
7.264650000000000341e+58
1.070290000000000035e+64
8.706649999999999917e+65
8.179370000000000336e+68
1.149870000000000072e+67
4.153500000000000039e+68
5.062660000000000279e+70
4.958160000000000262e+75
2.561629999999999931e+76
3.891129999999999947e+77
2.328560000000000150e+82
1.098719999999999954e+86
7.475869999999999538e+85
1.492890000000000063e+88
1.701029999999999896e+89
9.970079999999999439e+89
3.177259999999999985e+90
9.858209999999999427e+93
1.093080000000000045e+98
3.987449999999999862e+101
1.688829999999999967e+104
2.560429999999999919e+107
3.865999999999999826e+105
1.358110000000000003e+109
1.027400000000000051e+113
1.298370000000000115e+114
7.310179999999999887e+116
2.341229999999999929e+118
3.946439999999999835e+121
-1.342239999999999985e+126
-6.996600000000000722e+125
-3.332329999999999806e+127
-2.928310000000000112e+129
-8.109769999999999448e+132
-2.636330000000000131e+135
-5.707339999999999832e+135
-5.189129999999999683e+140
-8.938289999999999537e+142
-1.752990000000000069e+144
-7.572650000000000340e+144
2.037289999999999998e+148
-6.808599999999999552e+148
-2.058550000000000104e+152
-2.423959999999999838e+156
-1.245410000000000099e+164
-2.052929999999999856e+166
-3.786809999999999998e+166
-1.691110000000000117e+169
-6.171510000000000297e+178
1.344189999999999972e+180
6.044610000000000297e+182
1.261610000000000096e+183
-5.454860000000000023e+187
-3.891429999999999944e+190
-1.167830000000000015e+192
-6.385719999999999886e+190
-5.634370000000000130e+195
-3.597720000000000229e+197
-1.019300000000000058e+198
-1.476419999999999930e+195
-6.644590000000000312e+202
-1.602809999999999931e+202
-7.321619999999999519e+201
-1.003190000000000026e+202
6.319949999999999785e+210
4.368939999999999638e+211
1.065620000000000024e+208
5.168170000000000028e+209
-1.506590000000000068e+214
1.284860000000000045e+216
1.504609999999999906e+218
1.258740000000000107e+217
-6.502749999999999509e+223
-2.700950000000000097e+223
-1.026329999999999931e+225
-7.804490000000000115e+222
5.336649999999999646e+226
-7.282719999999999816e+226
-4.850259999999999850e+227
-1.171379999999999966e+226
-6.414510000000000381e+233
1.643730000000000097e+235
5.707919999999999778e+233
1.136800000000000087e+234
2.746280000000000020e+241
-1.253139999999999957e+242
-1.215920000000000015e+240
-1.776889999999999932e+242
-3.249319999999999938e+248
7.384800000000000302e+247
7.089719999999999634e+248
8.762679999999999985e+248
-6.069090000000000219e+257
-1.994759999999999998e+257
-5.378939999999999755e+257
-9.891309999999999387e+255
1.741169999999999954e+258
5.814180000000000277e+255
1.356310000000000093e+258
2.281269999999999906e+259
-9.980980000000000556e+263
-5.020969999999999920e+262
-2.402580000000000059e+264
-2.471389999999999820e+267
-2.368189999999999904e+271
-1.434950000000000013e+272
-3.962570000000000180e+267
-4.946949999999999882e+267
1.096499999999999982e+271
3.318440000000000069e+272
3.951519999999999985e+273
1.984570000000000187e+274
1.340940000000000067e+281
3.176319999999999817e+282
6.340810000000000184e+282
1.338330000000000001e+287
1.482040000000000050e+295
1.247829999999999925e+299
1.845739999999999943e+295
6.731810000000000017e+295
2.961619999999999773e+294
1.512909999999999913e+296
-1.269819999999999964e+300
-4.775550000000000058e+301
-2.478170000000000090e+306
-inf
-inf
inf
inf
inf
inf
inf
-inf
-inf
-inf
inf
inf
inf
inf
inf
-inf
-inf
-inf
-inf
-inf
-inf
-inf
-inf
inf
inf
inf
-inf
inf
inf
inf
inf
inf
inf
inf
inf
inf
inf
inf
inf
-inf
-inf
-inf
-inf
inf
inf
inf
inf
-inf
-inf
-inf
-inf
inf
inf
inf
inf
inf
-inf
-inf
-inf
inf
inf
inf
inf
-inf
-inf
-inf
-inf
inf
inf
inf
inf
-inf
-inf
-inf
-inf
-inf
-inf
-inf
-inf
-inf
-inf
-inf
-inf
inf
inf
inf
inf
inf
inf
inf
inf
inf
inf
inf
inf
inf
inf
inf
inf
-inf
-inf
-inf
-inf
inf
inf
inf
inf
inf
inf
inf
inf
inf
inf
inf
inf
inf
-inf
inf
inf
-inf
inf
inf
inf
-inf
-inf
-inf
-inf
-inf
-inf
-inf
-inf
-inf
inf
inf
inf
-inf
-inf
-inf
-inf
inf
inf
inf
inf
inf
inf
inf
inf
inf
inf
inf
inf
-inf
-inf
-inf
-inf
inf
inf
inf
inf
-inf
-inf
-inf
-inf
-inf
-inf
-inf
inf
-inf
-inf
inf
inf
inf
inf
inf
-inf
inf
inf
inf
inf
-inf
-inf
-inf
-inf
inf
inf
inf
inf
-inf
-inf
-inf
-inf
-inf
-inf
-inf
-inf
-inf
-inf
-inf
-inf
-inf
-inf
-inf
inf
inf
inf
inf
-inf
inf
inf
inf
inf
-inf
-inf
-inf
-inf
-inf
-inf
-inf
-inf
-inf
inf
inf
inf
-inf
-inf
-inf
-inf
-inf
-inf
-inf
-inf
inf
inf
-inf
-inf
inf
inf
inf
inf
-inf
-inf
-inf
-inf
-inf
-inf
-inf
-inf
inf
-inf
-inf
inf
inf
inf
inf
inf
inf
inf
inf
inf
inf
inf
inf
inf
-inf
-inf
-inf
-inf
inf
-inf
-inf
-inf
-inf
-inf
-inf
-inf
inf
-inf
-inf
inf
-inf
-inf
-inf
-inf
inf
inf
inf
inf
inf
inf
-inf
-inf
-inf
-inf
-inf
-inf
inf
inf
-inf
-inf
-inf
inf
inf
inf
-inf
-inf
-inf
-inf
inf
inf
inf
inf
-inf
-inf
-inf
-inf
inf
inf
inf
inf
-inf
-inf
-inf
-inf
inf
inf
inf
inf
inf
-inf
-inf
inf
-inf
-inf
-inf
-inf
-inf
-inf
-inf
-inf
inf
-inf
-inf
-inf
-inf
-inf
-inf
-inf
-inf
inf
inf
-inf
inf
inf
inf
inf
inf
inf
-inf
-inf
inf
inf
inf
inf
-inf
-inf
-inf
-inf
inf
inf
inf
inf
inf
inf
inf
inf
-inf
-inf
-inf
-inf
-inf
-inf
-inf
-inf
-inf
-inf
-inf
-inf
inf
inf
inf
inf
inf
inf
inf
inf
-inf
-inf
-inf
-inf
inf
inf
inf
inf
inf
inf
inf
inf
inf
inf
-inf
-inf
inf
inf
inf
inf
-inf
-inf
-inf
inf
-inf
-inf
-inf
-inf
-inf
-inf
-inf
-inf
inf
inf
inf
inf
-inf
inf
inf
inf
inf
inf
inf
inf
inf
-inf
-inf
-inf
inf
inf
inf
-inf
inf
inf
-inf
-inf
-inf
inf
inf
inf
-inf
-inf
-inf
-inf
-inf
-inf
-inf
-inf
-inf
-inf
-inf
-inf
-inf
-inf
-inf
-inf
-inf
-inf
-inf
-inf
-inf
-inf
-inf
-inf
-inf
inf
-inf
-inf
inf
inf
inf
inf
-inf
-inf
-inf
-inf
inf
inf
inf
inf
-inf
-inf
-inf
-inf
-inf
-inf
-inf
-inf
-inf
-inf
-inf
-inf
inf
inf
inf
inf
inf
inf
inf
inf
inf
inf
inf
inf
inf
-inf
-inf
-inf
inf
inf
inf
inf
inf
inf
inf
inf
inf
inf
inf
inf
inf
inf
inf
inf
-inf
-inf
-inf
-inf
-inf
inf
inf
inf
-inf
inf
inf
inf
inf
inf
inf
inf
inf
-inf
inf
inf
-inf
-inf
-inf
-inf
inf
inf
inf
inf
inf
-inf
inf
inf
-inf
-inf
-inf
-inf
inf
-inf
-inf
-inf
-inf
-inf
-inf
-inf
inf
inf
-inf
-inf
inf
inf
inf
inf
inf
inf
inf
-inf
-inf
-inf
-inf
-inf
-inf
-inf
-inf
-inf
inf
-inf
-inf
-inf
-inf
-inf
-inf
-inf
-inf
-inf
-inf
-inf
inf
inf
inf
inf
-inf
-inf
-inf
-inf
-inf
-inf
-inf
-inf
inf
inf
inf
inf
-inf
-inf
-inf
-inf
inf
-inf
-inf
-inf
-inf
-inf
-inf
-inf
-inf
inf
inf
inf
