     0.0000000        0.22777898        0.00158079
     0.1000000        0.13016193        0.00156189
     0.2000000        0.07434163        0.00171243
     0.3000000        0.04284702        0.00175259
     0.4000000        0.02438013        0.00162845
     0.5000000        0.01376016        0.00155406
     0.6000000        0.00784125        0.00142917
     0.7000000        0.00397731        0.00141348
     0.8000000        0.00163463        0.00166861
     0.9000000        0.00044169        0.00165409
     1.0000000        0.00023936        0.00094187
     1.1000000       -0.00018753        0.00093183
     1.2000000       -0.00034004        0.00070412
     1.3000000       -0.00047071        0.00060495
     1.4000000       -0.00023082        0.00036472
     1.5000000       -0.00017925        0.00027366
     1.6000000       -0.00020841        0.00023217
     1.7000000       -0.00021143        0.00019504
     1.8000000       -0.00018204        0.00016698
     1.9000000       -0.00021377        0.00020056
     2.0000000       -0.00027670        0.00024553
     2.1000000       -0.00039258        0.00030201
     2.2000000       -0.00051967        0.00031399
     2.3000000       -0.00053289        0.00024903
     2.4000000       -0.00046701        0.00019384
     2.5000000       -0.00037345        0.00014934
     2.6000000       -0.00026421        0.00012109
     2.7000000       -0.00012699        0.00011051
     2.8000000       -0.00002860        0.00010858
     2.9000000       -0.00001838        0.00008120
     3.0000000       -0.00001991        0.00006537
     3.1000000       -0.00004053        0.00005478
     3.2000000       -0.00000632        0.00005849
     3.3000000        0.00002858        0.00007678
     3.4000000        0.00001449        0.00008268
     3.5000000        0.00002787        0.00007462
     3.6000000        0.00002454        0.00007839
     3.7000000        0.00003542        0.00007671
     3.8000000        0.00001488        0.00006679
     3.9000000        0.00001969        0.00006312
     4.0000000        0.00004073        0.00005730
     4.1000000        0.00002325        0.00005501
     4.2000000        0.00001666        0.00005596
     4.3000000        0.00001565        0.00004881
     4.4000000        0.00001776        0.00004549
     4.5000000        0.00001529        0.00004005
     4.6000000        0.00001870        0.00004821
     4.7000000        0.00000144        0.00004814
     4.8000000        0.00000742        0.00004623
     4.9000000        0.00003575        0.00004876
     5.0000000        0.00005087        0.00004628
     5.1000000        0.00007089        0.00005840
     5.2000000        0.00004741        0.00004937
     5.3000000        0.00003525        0.00003461
     5.4000000        0.00003991        0.00004199
     5.5000000        0.00006407        0.00004869
     5.6000000        0.00006705        0.00004985
     5.7000000        0.00008421        0.00006415
     5.8000000        0.00008742        0.00006876
     5.9000000        0.00009857        0.00007918
     6.0000000        0.00012951        0.00009124
     6.1000000        0.00012196        0.00008326
     6.2000000        0.00012627        0.00008209
     6.3000000        0.00011688        0.00008910
     6.4000000        0.00011078        0.00007369
     6.5000000        0.00009851        0.00007417
     6.6000000        0.00009310        0.00006629
     6.7000000        0.00006226        0.00007334
     6.8000000        0.00004742        0.00007349
     6.9000000        0.00003561        0.00006758
     7.0000000        0.00001395        0.00006218
     7.1000000        0.00004169        0.00006640
     7.2000000        0.00003110        0.00007956
     7.3000000       -0.00004818        0.00009754
     7.4000000       -0.00001674        0.00008248
     7.5000000        0.00002868        0.00007733
     7.6000000        0.00004430        0.00009139
     7.7000000        0.00005156        0.00010661
     7.8000000        0.00000980        0.00014088
     7.9000000       -0.00007409        0.00013554
     8.0000000       -0.00015517        0.00015179
     8.1000000       -0.00018546        0.00018260
     8.2000000       -0.00007856        0.00022946
     8.3000000       -0.00013940        0.00022725
     8.4000000       -0.00017090        0.00024251
     8.5000000       -0.00007176        0.00023640
     8.6000000        0.00008948        0.00020105
     8.7000000        0.00039175        0.00014705
     8.8000000        0.00066040        0.00018031
     8.9000000        0.00099103        0.00017860
     9.0000000        0.00117742        0.00042534
     9.1000000        0.00161785        0.00059033
     9.2000000        0.00285455        0.00057028
     9.3000000        0.00478399        0.00057057
     9.4000000        0.00834099        0.00065761
     9.5000000        0.01419824        0.00081718
     9.6000000        0.02489919        0.00092394
     9.7000000        0.04306115        0.00111987
     9.8000000        0.07445713        0.00126948
     9.9000000        0.13019801        0.00123086
    10.0000000        0.22777898        0.00158079
