     0.0000000        0.80691032        0.07071869
     0.1000000        0.62954699        0.05441826
     0.2000000        0.50263354        0.04597233
     0.3000000        0.39306265        0.03408242
     0.4000000        0.32346690        0.02502824
     0.5000000        0.28292589        0.02895172
     0.6000000        0.20297989        0.02821768
     0.7000000        0.16294916        0.03941839
     0.8000000        0.13421077        0.04692630
     0.9000000        0.12845825        0.08122872
     1.0000000        0.12785514        0.02844506
     1.1000000        0.04752296        0.05414333
     1.2000000        0.11738995        0.03908680
     1.3000000        0.10704289        0.03012902
     1.4000000        0.12111643        0.04903829
     1.5000000        0.16991174        0.09425225
     1.6000000        0.16856715        0.19769557
     1.7000000        0.61824901        0.44730110
     1.8000000        0.24576319        0.24666161
     1.9000000        0.16979683        0.16244233
     2.0000000        0.12413101        0.07591094
     2.1000000        0.21750817        0.11440093
     2.2000000        0.09486773        0.16623247
     2.3000000        0.06043522        0.07433611
     2.4000000       -0.00987869        0.10096451
     2.5000000        0.13670934        0.09915551
     2.6000000        0.20474786        0.24112751
     2.7000000        0.55175819        0.60859003
     2.8000000        0.39902716        0.44335688
     2.9000000        0.19770970        0.19817066
     3.0000000        0.08285833        0.09476329
     3.1000000        0.05169912        0.09748370
     3.2000000        0.07742016        0.11495769
     3.3000000        0.10712686        0.14610857
     3.4000000        0.10781655        0.09264027
     3.5000000       -0.15915844        0.14260502
     3.6000000       -0.13052259        0.07069989
     3.7000000       -0.15576976        0.14580035
     3.8000000       -0.27482121        0.30347387
     3.9000000       -0.25830468        0.30465504
     4.0000000       -0.23530582        0.15954181
     4.1000000       -0.00831509        0.03507922
     4.2000000        0.00909798        0.02257824
     4.3000000        0.03811220        0.08232915
     4.4000000       -0.06166169        0.09772632
     4.5000000        0.07669081        0.07945778
     4.6000000        0.00335055        0.02490939
     4.7000000       -0.02187236        0.06366294
     4.8000000       -0.13281641        0.28310131
     4.9000000       -0.22030624        0.30776944
     5.0000000       -0.07075172        0.07080307
     5.1000000       -0.13719116        0.13464650
     5.2000000        0.08360779        0.07299605
     5.3000000       -0.03185693        0.06193293
     5.4000000       -0.02961554        0.04901544
     5.5000000       -0.00860705        0.05200359
     5.6000000       -0.00080401        0.01376180
     5.7000000        0.04256449        0.04262887
     5.8000000        0.03552048        0.05520244
     5.9000000        0.03080767        0.06259879
     6.0000000        0.01319551        0.01795058
     6.1000000       -0.00826952        0.02610201
     6.2000000       -0.08747344        0.07705859
     6.3000000        0.01516084        0.05971069
     6.4000000        0.16609885        0.09910951
     6.5000000        0.23372470        0.19948595
     6.6000000        0.01490670        0.05706057
     6.7000000        0.06777142        0.06576990
     6.8000000        0.13303923        0.09174357
     6.9000000        0.05074082        0.07545025
     7.0000000       -0.02306370        0.06599851
     7.1000000       -0.01863049        0.09559132
     7.2000000        0.01779354        0.03926676
     7.3000000        0.07400661        0.05964003
     7.4000000        0.07745368        0.07552060
     7.5000000       -0.01491367        0.12484759
     7.6000000       -0.20396045        0.14830917
     7.7000000       -0.36867960        0.27879086
     7.8000000       -0.19041165        0.12987869
     7.9000000       -0.00361086        0.07111083
     8.0000000        0.03263079        0.04397677
     8.1000000        0.07093656        0.09095973
     8.2000000        0.06475474        0.07521336
     8.3000000        0.09949496        0.04833003
     8.4000000        0.12109527        0.05654701
     8.5000000        0.10243207        0.07272968
     8.6000000        0.13581425        0.07063044
     8.7000000        0.06801626        0.04752258
     8.8000000        0.15000840        0.05055429
     8.9000000        0.21350633        0.07181723
     9.0000000        0.29430454        0.13733861
     9.1000000        0.18339037        0.06299320
     9.2000000        0.19055135        0.02782168
     9.3000000        0.26825715        0.03136416
     9.4000000        0.28448377        0.05344069
     9.5000000        0.33154853        0.03521691
     9.6000000        0.41669892        0.04744082
     9.7000000        0.44619203        0.03950990
     9.8000000        0.55789836        0.02839846
     9.9000000        0.64389769        0.04087080
    10.0000000        0.80691032        0.07071869
