     0.0000000        0.99411678        0.00543909
     0.1000000        0.86655859        0.00597857
     0.2000000        0.76465612        0.00554495
     0.3000000        0.68218683        0.00550689
     0.4000000        0.61114176        0.00596204
     0.5000000        0.55079031        0.00513467
     0.6000000        0.49621517        0.00501560
     0.7000000        0.45068770        0.00501680
     0.8000000        0.41125327        0.00562911
     0.9000000        0.37414597        0.00546566
     1.0000000        0.33694342        0.00526508
     1.1000000        0.30449966        0.00499031
     1.2000000        0.27787450        0.00528960
     1.3000000        0.24894746        0.00586771
     1.4000000        0.22829080        0.00621194
     1.5000000        0.20800340        0.00585658
     1.6000000        0.18711652        0.00555677
     1.7000000        0.17289456        0.00574133
     1.8000000        0.15780796        0.00652608
     1.9000000        0.14115356        0.00570035
     2.0000000        0.12920729        0.00509574
     2.1000000        0.12171317        0.00518045
     2.2000000        0.10780679        0.00613427
     2.3000000        0.10185874        0.00516558
     2.4000000        0.08978115        0.00431247
     2.5000000        0.08491383        0.00443517
     2.6000000        0.07615597        0.00390481
     2.7000000        0.06795288        0.00327666
     2.8000000        0.06312760        0.00359285
     2.9000000        0.06040044        0.00374700
     3.0000000        0.05135718        0.00466202
     3.1000000        0.05262866        0.00467127
     3.2000000        0.05035458        0.00430823
     3.3000000        0.04873658        0.00445416
     3.4000000        0.04258432        0.00437345
     3.5000000        0.03795123        0.00419504
     3.6000000        0.03659610        0.00402365
     3.7000000        0.03392277        0.00443787
     3.8000000        0.03600404        0.00384980
     3.9000000        0.03740580        0.00437261
     4.0000000        0.03564041        0.00427645
     4.1000000        0.03162976        0.00504728
     4.2000000        0.02601863        0.00509300
     4.3000000        0.02625915        0.00483344
     4.4000000        0.02581925        0.00462085
     4.5000000        0.02739352        0.00533174
     4.6000000        0.02533712        0.00512303
     4.7000000        0.02525270        0.00534964
     4.8000000        0.02336094        0.00537705
     4.9000000        0.02456685        0.00564808
     5.0000000        0.02369470        0.00573295
     5.1000000        0.02212434        0.00569136
     5.2000000        0.02103815        0.00510999
     5.3000000        0.01804412        0.00515241
     5.4000000        0.02105054        0.00518317
     5.5000000        0.02121007        0.00486686
     5.6000000        0.02114235        0.00503305
     5.7000000        0.02336043        0.00464572
     5.8000000        0.02817970        0.00449238
     5.9000000        0.03100155        0.00421711
     6.0000000        0.03367834        0.00401981
     6.1000000        0.03573701        0.00410008
     6.2000000        0.03863259        0.00521476
     6.3000000        0.04013669        0.00531010
     6.4000000        0.04063578        0.00537291
     6.5000000        0.04170215        0.00469303
     6.6000000        0.04601368        0.00486458
     6.7000000        0.04834198        0.00504959
     6.8000000        0.05154076        0.00470466
     6.9000000        0.05409680        0.00491020
     7.0000000        0.06146515        0.00573284
     7.1000000        0.06224443        0.00522565
     7.2000000        0.06813233        0.00540403
     7.3000000        0.07488536        0.00456918
     7.4000000        0.08102561        0.00441949
     7.5000000        0.09474512        0.00503495
     7.6000000        0.10214328        0.00431582
     7.7000000        0.10942694        0.00478468
     7.8000000        0.12011610        0.00488145
     7.9000000        0.13373454        0.00484497
     8.0000000        0.14082004        0.00519271
     8.1000000        0.15453065        0.00569362
     8.2000000        0.16651618        0.00526994
     8.3000000        0.18379783        0.00579216
     8.4000000        0.20209667        0.00605232
     8.5000000        0.22065829        0.00611108
     8.6000000        0.24188624        0.00619559
     8.7000000        0.26492742        0.00628335
     8.8000000        0.29344941        0.00721711
     8.9000000        0.32044429        0.00737077
     9.0000000        0.35045528        0.00671141
     9.1000000        0.38077870        0.00665068
     9.2000000        0.42331474        0.00602921
     9.3000000        0.47103991        0.00603402
     9.4000000        0.51940502        0.00610958
     9.5000000        0.56682638        0.00592614
     9.6000000        0.62480201        0.00580667
     9.7000000        0.69698937        0.00572714
     9.8000000        0.77702476        0.00610019
     9.9000000        0.87790731        0.00576532
    10.0000000        1.00588322        0.00543909
