     0.0000000        0.38356822        0.11402404
     0.1000000        0.19666478        0.11023853
     0.2000000        0.09112387        0.10348857
     0.3000000        0.03039412        0.09797316
     0.4000000        0.00172364        0.09386135
     0.5000000       -0.00533061        0.09211309
     0.6000000       -0.01118427        0.09244678
     0.7000000       -0.01295725        0.09234613
     0.8000000       -0.02399073        0.09561590
     0.9000000       -0.03801208        0.09979729
     1.0000000       -0.04748152        0.09833767
     1.1000000       -0.05257535        0.09649148
     1.2000000       -0.04979617        0.09297476
     1.3000000       -0.04028743        0.09093994
     1.4000000       -0.03933023        0.09231176
     1.5000000       -0.03850451        0.09516538
     1.6000000       -0.03826676        0.09375865
     1.7000000       -0.04019905        0.08332979
     1.8000000       -0.03368162        0.07592254
     1.9000000       -0.02355373        0.07039237
     2.0000000       -0.00870212        0.06995550
     2.1000000        0.00434924        0.06565532
     2.2000000        0.00663223        0.06536836
     2.3000000        0.00864615        0.06451881
     2.4000000        0.00382341        0.06276710
     2.5000000        0.00129251        0.06449178
     2.6000000       -0.00299017        0.06510485
     2.7000000       -0.00093130        0.06327360
     2.8000000        0.00226116        0.06970158
     2.9000000        0.00378050        0.07287508
     3.0000000        0.00489285        0.07039313
     3.1000000        0.01629172        0.06702168
     3.2000000        0.02306111        0.06507201
     3.3000000        0.02226272        0.06331856
     3.4000000        0.02731962        0.05837262
     3.5000000        0.03242783        0.05486959
     3.6000000        0.03379576        0.04938136
     3.7000000        0.03226138        0.04928804
     3.8000000        0.02864996        0.05026315
     3.9000000        0.02525378        0.05166118
     4.0000000        0.02772092        0.05164997
     4.1000000        0.02086395        0.04856436
     4.2000000        0.01398048        0.04910251
     4.3000000        0.00802372        0.04467708
     4.4000000        0.00625131        0.03943529
     4.5000000        0.00838276        0.03518168
     4.6000000        0.01159253        0.03646017
     4.7000000        0.00906617        0.04016924
     4.8000000        0.00626603        0.04727731
     4.9000000        0.00786423        0.05126563
     5.0000000        0.00621793        0.05232253
     5.1000000        0.00307173        0.05339851
     5.2000000        0.00801371        0.05350273
     5.3000000        0.00393009        0.05610222
     5.4000000       -0.00288190        0.06298480
     5.5000000       -0.00573717        0.06987737
     5.6000000       -0.00487709        0.07313629
     5.7000000       -0.00443911        0.07458858
     5.8000000       -0.00231014        0.07549494
     5.9000000       -0.00348787        0.07138051
     6.0000000        0.00402528        0.06945175
     6.1000000        0.01098889        0.06938957
     6.2000000        0.01129841        0.07097850
     6.3000000        0.01276188        0.07119128
     6.4000000        0.00952767        0.07266299
     6.5000000        0.00004157        0.07534432
     6.6000000       -0.00791284        0.08009757
     6.7000000       -0.00939348        0.08197687
     6.8000000       -0.00906803        0.07973484
     6.9000000       -0.00886407        0.08282352
     7.0000000       -0.00631070        0.08414171
     7.1000000       -0.00147639        0.07883865
     7.2000000        0.00291118        0.07374694
     7.3000000        0.00731102        0.07496733
     7.4000000        0.00575184        0.07841537
     7.5000000       -0.00452130        0.08993477
     7.6000000       -0.00328859        0.09288425
     7.7000000       -0.00438059        0.09099089
     7.8000000       -0.00553439        0.08334438
     7.9000000       -0.01448557        0.07996089
     8.0000000       -0.02092264        0.08223361
     8.1000000       -0.02402031        0.09021923
     8.2000000       -0.03270537        0.09969120
     8.3000000       -0.03588698        0.10947032
     8.4000000       -0.03567364        0.11420151
     8.5000000       -0.03510644        0.11220070
     8.6000000       -0.02488278        0.10474935
     8.7000000       -0.02055712        0.10490506
     8.8000000       -0.02056586        0.10123373
     8.9000000       -0.01818182        0.09422442
     9.0000000       -0.01828965        0.08744789
     9.1000000       -0.01942334        0.08427147
     9.2000000       -0.01906314        0.08782741
     9.3000000       -0.01873027        0.09386095
     9.4000000       -0.01618844        0.10093951
     9.5000000       -0.01337275        0.10928955
     9.6000000       -0.00079527        0.10977447
     9.7000000        0.03423272        0.11068021
     9.8000000        0.09500442        0.11260321
     9.9000000        0.19923860        0.11613529
    10.0000000        0.38356822        0.11402404
