5.935475633353549663e-01
1.531589099005937205e-01
2.598556968532796940e-01
5.136231962150132890e-01
2.553317704755405648e-01
2.444719088667794971e-01
5.097514177786734990e-01
2.464048971528987053e-01
2.461396821893964970e-01
5.084542330997433579e-01
2.458120548285568363e-01
2.458913672203970613e-01
5.080710970056143694e-01
2.458663329029820988e-01
2.455579933260421954e-01
5.082695048536750582e-01
2.458358735697540598e-01
2.455312237839329670e-01
5.150927105736108347e-01
2.458740684718749014e-01
2.543343544725398808e-01
4.460438450106311015e-01
2.338224958966607370e-01
1.588355788705709259e-01
