     0.0000000        0.72052666        0.01908686
     0.1000000        0.54075805        0.01757002
     0.2000000        0.42817344        0.01535744
     0.3000000        0.35373807        0.01302012
     0.4000000        0.30077521        0.01158219
     0.5000000        0.26068849        0.01073170
     0.6000000        0.22802449        0.00977762
     0.7000000        0.20273864        0.00819161
     0.8000000        0.18134354        0.00667240
     0.9000000        0.16421584        0.00566946
     1.0000000        0.15034945        0.00547882
     1.1000000        0.13851454        0.00526827
     1.2000000        0.12920903        0.00501194
     1.3000000        0.12175171        0.00524893
     1.4000000        0.11455361        0.00527194
     1.5000000        0.10708552        0.00467537
     1.6000000        0.10132168        0.00441695
     1.7000000        0.09569488        0.00380217
     1.8000000        0.09111145        0.00401203
     1.9000000        0.08666951        0.00387328
     2.0000000        0.08354803        0.00430054
     2.1000000        0.07925967        0.00393222
     2.2000000        0.07670787        0.00360206
     2.3000000        0.07431489        0.00387946
     2.4000000        0.07133848        0.00351046
     2.5000000        0.06889552        0.00290890
     2.6000000        0.06703382        0.00231729
     2.7000000        0.06502098        0.00164895
     2.8000000        0.06394573        0.00167172
     2.9000000        0.06268577        0.00235412
     3.0000000        0.06074488        0.00251957
     3.1000000        0.05795110        0.00239289
     3.2000000        0.05629134        0.00227566
     3.3000000        0.05478708        0.00247994
     3.4000000        0.05339282        0.00285883
     3.5000000        0.05234286        0.00349661
     3.6000000        0.05074714        0.00348986
     3.7000000        0.04933120        0.00353772
     3.8000000        0.04793409        0.00348171
     3.9000000        0.04719314        0.00343711
     4.0000000        0.04696326        0.00342832
     4.1000000        0.04620213        0.00318785
     4.2000000        0.04519016        0.00311732
     4.3000000        0.04398519        0.00291108
     4.4000000        0.04287194        0.00273293
     4.5000000        0.04190600        0.00237082
     4.6000000        0.04129938        0.00217242
     4.7000000        0.04118781        0.00206314
     4.8000000        0.04133731        0.00197246
     4.9000000        0.04135978        0.00194097
     5.0000000        0.04125218        0.00212811
     5.1000000        0.04194170        0.00223544
     5.2000000        0.04170545        0.00258582
     5.3000000        0.04180232        0.00288490
     5.4000000        0.04170993        0.00266109
     5.5000000        0.04175671        0.00247133
     5.6000000        0.04190703        0.00280654
     5.7000000        0.04213171        0.00294235
     5.8000000        0.04237467        0.00289031
     5.9000000        0.04303897        0.00259229
     6.0000000        0.04378502        0.00247003
     6.1000000        0.04493796        0.00269229
     6.2000000        0.04569684        0.00278466
     6.3000000        0.04661544        0.00311563
     6.4000000        0.04723677        0.00299344
     6.5000000        0.04811994        0.00327133
     6.6000000        0.04908817        0.00310991
     6.7000000        0.04979975        0.00304153
     6.8000000        0.05099669        0.00335158
     6.9000000        0.05314045        0.00370251
     7.0000000        0.05504073        0.00442220
     7.1000000        0.05739613        0.00455661
     7.2000000        0.06124667        0.00545923
     7.3000000        0.06343120        0.00547599
     7.4000000        0.06456590        0.00512370
     7.5000000        0.06612741        0.00456716
     7.6000000        0.06869270        0.00455958
     7.7000000        0.07110859        0.00454108
     7.8000000        0.07475331        0.00438202
     7.9000000        0.07860682        0.00430698
     8.0000000        0.08239991        0.00430020
     8.1000000        0.08595395        0.00492239
     8.2000000        0.08954561        0.00545881
     8.3000000        0.09445641        0.00584147
     8.4000000        0.09969162        0.00584495
     8.5000000        0.10638021        0.00584112
     8.6000000        0.11403813        0.00572229
     8.7000000        0.12156745        0.00418457
     8.8000000        0.12912606        0.00466191
     8.9000000        0.13859104        0.00488422
     9.0000000        0.15010958        0.00461423
     9.1000000        0.16365336        0.00516807
     9.2000000        0.17924198        0.00596261
     9.3000000        0.19942839        0.00685785
     9.4000000        0.22568876        0.00958058
     9.5000000        0.25829604        0.01123544
     9.6000000        0.29948756        0.01213371
     9.7000000        0.35481992        0.01434826
     9.8000000        0.42866650        0.01621604
     9.9000000        0.53816076        0.01710455
    10.0000000        0.72052666        0.01908686
