     0.0000000        0.15335566        0.00514089
     0.1000000        0.10085918        0.00532574
     0.2000000        0.06577825        0.00568547
     0.3000000        0.04298487        0.00581482
     0.4000000        0.02777824        0.00576025
     0.5000000        0.01723466        0.00565779
     0.6000000        0.00993885        0.00531634
     0.7000000        0.00535258        0.00488723
     0.8000000        0.00233234        0.00443680
     0.9000000        0.00021160        0.00393858
     1.0000000       -0.00138037        0.00357384
     1.1000000       -0.00174105        0.00304260
     1.2000000       -0.00173299        0.00267827
     1.3000000       -0.00192343        0.00263741
     1.4000000       -0.00200498        0.00258992
     1.5000000       -0.00159010        0.00219306
     1.6000000       -0.00116893        0.00209802
     1.7000000       -0.00111722        0.00204375
     1.8000000       -0.00064543        0.00193747
     1.9000000       -0.00019490        0.00179484
     2.0000000       -0.00029604        0.00175036
     2.1000000       -0.00073817        0.00172975
     2.2000000       -0.00074074        0.00173548
     2.3000000       -0.00085707        0.00188534
     2.4000000       -0.00131466        0.00182915
     2.5000000       -0.00186546        0.00194748
     2.6000000       -0.00271302        0.00228797
     2.7000000       -0.00265626        0.00226306
     2.8000000       -0.00203787        0.00237034
     2.9000000       -0.00135656        0.00237740
     3.0000000       -0.00181115        0.00224705
     3.1000000       -0.00238062        0.00235457
     3.2000000       -0.00296148        0.00243097
     3.3000000       -0.00305636        0.00254239
     3.4000000       -0.00223239        0.00238128
     3.5000000       -0.00092316        0.00224955
     3.6000000       -0.00037468        0.00219219
     3.7000000        0.00005169        0.00209715
     3.8000000        0.00025996        0.00196110
     3.9000000        0.00041205        0.00194538
     4.0000000        0.00044330        0.00184183
     4.1000000        0.00009750        0.00178446
     4.2000000       -0.00002133        0.00171767
     4.3000000        0.00002330        0.00154169
     4.4000000        0.00018024        0.00154877
     4.5000000       -0.00014530        0.00171239
     4.6000000       -0.00006647        0.00193296
     4.7000000       -0.00005255        0.00198422
     4.8000000        0.00017955        0.00197573
     4.9000000        0.00055441        0.00200608
     5.0000000        0.00040310        0.00198385
     5.1000000        0.00037736        0.00214181
     5.2000000        0.00016074        0.00226433
     5.3000000       -0.00019089        0.00234024
     5.4000000       -0.00059496        0.00232243
     5.5000000       -0.00097174        0.00231741
     5.6000000       -0.00099868        0.00230966
     5.7000000       -0.00110258        0.00225762
     5.8000000       -0.00091350        0.00220625
     5.9000000       -0.00122470        0.00214784
     6.0000000       -0.00080608        0.00211998
     6.1000000       -0.00020264        0.00203989
     6.2000000       -0.00023901        0.00197400
     6.3000000       -0.00021851        0.00194883
     6.4000000       -0.00028952        0.00194286
     6.5000000       -0.00073972        0.00195071
     6.6000000       -0.00073446        0.00191767
     6.7000000       -0.00097596        0.00185970
     6.8000000       -0.00115563        0.00194415
     6.9000000       -0.00128680        0.00212566
     7.0000000       -0.00085049        0.00229677
     7.1000000       -0.00040350        0.00243884
     7.2000000        0.00001651        0.00257192
     7.3000000        0.00045258        0.00274257
     7.4000000        0.00089462        0.00308526
     7.5000000        0.00093860        0.00287040
     7.6000000        0.00167753        0.00294651
     7.7000000        0.00235228        0.00285233
     7.8000000        0.00229063        0.00263311
     7.9000000        0.00168768        0.00237508
     8.0000000        0.00227723        0.00217023
     8.1000000        0.00288065        0.00199561
     8.2000000        0.00353072        0.00189115
     8.3000000        0.00388588        0.00200775
     8.4000000        0.00408940        0.00206452
     8.5000000        0.00357800        0.00206609
     8.6000000        0.00357565        0.00202990
     8.7000000        0.00388859        0.00190856
     8.8000000        0.00462619        0.00207652
     8.9000000        0.00538351        0.00222750
     9.0000000        0.00585860        0.00236048
     9.1000000        0.00688901        0.00245605
     9.2000000        0.00893239        0.00273474
     9.3000000        0.01215834        0.00311095
     9.4000000        0.01715857        0.00328014
     9.5000000        0.02351023        0.00359727
     9.6000000        0.03256787        0.00394581
     9.7000000        0.04654727        0.00423080
     9.8000000        0.06865000        0.00460365
     9.9000000        0.10224947        0.00491020
    10.0000000        0.15335566        0.00514089
