     0.0000000        0.42546589        0.00335223
     0.1000000        0.36471128        0.00336625
     0.2000000        0.31376194        0.00317663
     0.3000000        0.27093632        0.00297523
     0.4000000        0.23443708        0.00281679
     0.5000000        0.20310192        0.00255493
     0.6000000        0.17603042        0.00224272
     0.7000000        0.15309012        0.00210427
     0.8000000        0.13274263        0.00187836
     0.9000000        0.11460732        0.00153501
     1.0000000        0.09906179        0.00144422
     1.1000000        0.08521059        0.00134257
     1.2000000        0.07400134        0.00132189
     1.3000000        0.06387887        0.00153407
     1.4000000        0.05523020        0.00167028
     1.5000000        0.04844816        0.00173388
     1.6000000        0.04236686        0.00168499
     1.7000000        0.03700039        0.00154850
     1.8000000        0.03173223        0.00148392
     1.9000000        0.02732612        0.00134104
     2.0000000        0.02368190        0.00120077
     2.1000000        0.02047047        0.00110635
     2.2000000        0.01773416        0.00101866
     2.3000000        0.01537089        0.00098624
     2.4000000        0.01329092        0.00101033
     2.5000000        0.01171840        0.00108994
     2.6000000        0.00989815        0.00108892
     2.7000000        0.00851700        0.00107166
     2.8000000        0.00729622        0.00115420
     2.9000000        0.00619991        0.00128329
     3.0000000        0.00514904        0.00131186
     3.1000000        0.00457171        0.00129184
     3.2000000        0.00412161        0.00130775
     3.3000000        0.00363570        0.00130603
     3.4000000        0.00323390        0.00125706
     3.5000000        0.00270406        0.00113478
     3.6000000        0.00204035        0.00107901
     3.7000000        0.00145253        0.00104894
     3.8000000        0.00114230        0.00103213
     3.9000000        0.00098110        0.00108531
     4.0000000        0.00091896        0.00105258
     4.1000000        0.00099879        0.00103898
     4.2000000        0.00116353        0.00109443
     4.3000000        0.00128734        0.00109442
     4.4000000        0.00085450        0.00108684
     4.5000000        0.00054116        0.00106854
     4.6000000        0.00056070        0.00108712
     4.7000000        0.00087744        0.00101869
     4.8000000        0.00096618        0.00091181
     4.9000000        0.00091460        0.00078507
     5.0000000        0.00074614        0.00078322
     5.1000000        0.00077359        0.00076989
     5.2000000        0.00048384        0.00080082
     5.3000000        0.00062962        0.00089662
     5.4000000        0.00083729        0.00096350
     5.5000000        0.00107510        0.00103366
     5.6000000        0.00122814        0.00111153
     5.7000000        0.00163354        0.00125174
     5.8000000        0.00207835        0.00124225
     5.9000000        0.00241843        0.00115410
     6.0000000        0.00273801        0.00107291
     6.1000000        0.00289656        0.00098951
     6.2000000        0.00321294        0.00085530
     6.3000000        0.00334968        0.00073189
     6.4000000        0.00365079        0.00067540
     6.5000000        0.00421019        0.00070967
     6.6000000        0.00449288        0.00072470
     6.7000000        0.00491896        0.00073225
     6.8000000        0.00555993        0.00078687
     6.9000000        0.00613323        0.00086935
     7.0000000        0.00701458        0.00086930
     7.1000000        0.00802372        0.00096285
     7.2000000        0.00937857        0.00102589
     7.3000000        0.01086035        0.00110891
     7.4000000        0.01242777        0.00123601
     7.5000000        0.01446685        0.00130726
     7.6000000        0.01640228        0.00138580
     7.7000000        0.01844470        0.00141132
     7.8000000        0.02085070        0.00138399
     7.9000000        0.02365586        0.00143811
     8.0000000        0.02662729        0.00144069
     8.1000000        0.03030864        0.00150048
     8.2000000        0.03463684        0.00156944
     8.3000000        0.03939389        0.00158882
     8.4000000        0.04510618        0.00167209
     8.5000000        0.05164919        0.00166441
     8.6000000        0.05914995        0.00171211
     8.7000000        0.06748989        0.00181181
     8.8000000        0.07688393        0.00194315
     8.9000000        0.08803089        0.00209499
     9.0000000        0.10119128        0.00234097
     9.1000000        0.11608615        0.00252647
     9.2000000        0.13373805        0.00269220
     9.3000000        0.15457665        0.00284785
     9.4000000        0.17830627        0.00279400
     9.5000000        0.20538513        0.00283766
     9.6000000        0.23705574        0.00311137
     9.7000000        0.27319209        0.00312569
     9.8000000        0.31547477        0.00316088
     9.9000000        0.36545981        0.00316230
    10.0000000        0.42546589        0.00335223
