     0.0000000        1.84677586        0.00220409
     0.1000000        1.44852124        0.00207419
     0.2000000        1.14151013        0.00327541
     0.3000000        0.90620106        0.00394700
     0.4000000        0.71892488        0.00394986
     0.5000000        0.57669740        0.00375051
     0.6000000        0.46243759        0.00399444
     0.7000000        0.37389808        0.00391844
     0.8000000        0.30567701        0.00358507
     0.9000000        0.24556825        0.00317852
     1.0000000        0.19787848        0.00257691
     1.1000000        0.15832052        0.00219609
     1.2000000        0.12980652        0.00180115
     1.3000000        0.10582497        0.00224493
     1.4000000        0.08494484        0.00218602
     1.5000000        0.06906910        0.00236806
     1.6000000        0.05990741        0.00271826
     1.7000000        0.04885096        0.00287683
     1.8000000        0.03970660        0.00297556
     1.9000000        0.03474764        0.00235679
     2.0000000        0.02912634        0.00264772
     2.1000000        0.02523964        0.00249505
     2.2000000        0.02401916        0.00284297
     2.3000000        0.01645879        0.00156327
     2.4000000        0.01100966        0.00370404
     2.5000000        0.00706011        0.00357332
     2.6000000        0.00574901        0.00400280
     2.7000000        0.00323973        0.00553304
     2.8000000        0.00330598        0.00276186
     2.9000000        0.00129920        0.00266178
     3.0000000       -0.00054150        0.00221118
     3.1000000        0.00143171        0.00198242
     3.2000000        0.00123924        0.00198881
     3.3000000        0.00096840        0.00173462
     3.4000000       -0.00180370        0.00273949
     3.5000000       -0.00062332        0.00126991
     3.6000000       -0.00136916        0.00175416
     3.7000000        0.00089674        0.00220332
     3.8000000        0.00492863        0.00338052
     3.9000000        0.00407635        0.00385610
     4.0000000       -0.00047235        0.00265165
     4.1000000       -0.00157515        0.00192820
     4.2000000       -0.00119043        0.00112250
     4.3000000        0.00014358        0.00150356
     4.4000000       -0.00129885        0.00125255
     4.5000000        0.00023363        0.00142260
     4.6000000        0.00145525        0.00321556
     4.7000000        0.00144043        0.00201429
     4.8000000        0.00314165        0.00270745
     4.9000000        0.00203726        0.00269665
     5.0000000        0.00239612        0.00239277
     5.1000000        0.00156241        0.00230418
     5.2000000       -0.00003003        0.00258496
     5.3000000        0.00025962        0.00181121
     5.4000000       -0.00161402        0.00145422
     5.5000000       -0.00275938        0.00246446
     5.6000000       -0.00276539        0.00133278
     5.7000000       -0.00366516        0.00130653
     5.8000000       -0.00266722        0.00190073
     5.9000000       -0.00173867        0.00139929
     6.0000000        0.00041040        0.00156007
     6.1000000        0.00101359        0.00135780
     6.2000000        0.00023761        0.00186122
     6.3000000        0.00067224        0.00117926
     6.4000000        0.00092783        0.00198012
     6.5000000        0.00129122        0.00258284
     6.6000000       -0.00058174        0.00123605
     6.7000000       -0.00010328        0.00172457
     6.8000000       -0.00079293        0.00203347
     6.9000000       -0.00021566        0.00202633
     7.0000000        0.00094321        0.00237101
     7.1000000        0.00182461        0.00228969
     7.2000000        0.00080438        0.00210140
     7.3000000       -0.00073589        0.00231324
     7.4000000        0.00184153        0.00277998
     7.5000000        0.00196493        0.00176540
     7.6000000       -0.00107247        0.00198885
     7.7000000       -0.00343148        0.00224195
     7.8000000       -0.00022956        0.00150024
     7.9000000        0.00030578        0.00174021
     8.0000000       -0.00060120        0.00125974
     8.1000000        0.00150459        0.00152921
     8.2000000        0.00162682        0.00199778
     8.3000000        0.00194250        0.00165667
     8.4000000        0.00329003        0.00176723
     8.5000000        0.00433408        0.00228397
     8.6000000        0.00301878        0.00214320
     8.7000000        0.00475487        0.00233162
     8.8000000        0.00493188        0.00236849
     8.9000000        0.00503316        0.00230459
     9.0000000        0.00701600        0.00309443
     9.1000000        0.01012290        0.00299606
     9.2000000        0.01776742        0.00214755
     9.3000000        0.02025570        0.00224728
     9.4000000        0.02515878        0.00161406
     9.5000000        0.02959709        0.00164902
     9.6000000        0.03715110        0.00200176
     9.7000000        0.05498682        0.00244874
     9.8000000        0.07823763        0.00232227
     9.9000000        0.10601397        0.00214119
    10.0000000        0.15322414        0.00220409
