5.180186999999891739e-03
4.499999994855841123e-08
6.999999913048782219e-09
1.381000000000298655e-05
4.890000000035144012e-06
5.200000008365179838e-08
4.407999999900269472e-06
3.259400000010792553e-05
3.109999999750812094e-07
0.000000000000000000e+00
1.000000082740370999e-09
1.229089999998933536e-04
1.999999943436137073e-09
0.000000000000000000e+00
1.466999999921725362e-06
1.603000000072185571e-06
2.191300000009555049e-05
3.318171979999999799e-01
4.999999989999999173e-01
4.999999790000000388e-01
4.999999610000001038e-01
4.999999939999999476e-01
5.000000000000000000e-01
5.000000000000000000e-01
5.000000000000000000e-01
4.999999989999999173e-01
4.999998949999999720e-01
5.000000000000000000e-01
4.999999950000000304e-01
4.999999980000000566e-01
5.000000000000000000e-01
4.999999989999999173e-01
5.000000000000000000e-01
5.000000000000000000e-01
5.000000000000000000e-01
4.999999639999999079e-01
5.000000000000000000e-01
4.999999740000000692e-01
4.998650710000001052e-01
4.999973740000001055e-01
5.000000000000000000e-01
4.942194470000000894e-01
4.999999799999998995e-01
4.999999589999999383e-01
4.999969749999999546e-01
4.999991610000000808e-01
4.999999950000000304e-01
4.999999980000000566e-01
4.999991349999999279e-01
4.999999989999999173e-01
4.999999559999999121e-01
4.999990739999999878e-01
4.999971530000000275e-01
4.999999799999998995e-01
4.999880000000000990e-01
5.000000000000000000e-01
4.999741719999999390e-01
5.000000000000000000e-01
4.989996480000000734e-01
5.000000000000000000e-01
4.999998089999999618e-01
5.000000000000000000e-01
5.000000000000000000e-01
4.999995010000000129e-01
4.999999289999998986e-01
5.000000000000000000e-01
4.999977650000000384e-01
4.999477439999999717e-01
5.000000000000000000e-01
4.999999090000000201e-01
4.999999989999999173e-01
4.999610960000000492e-01
5.000000000000000000e-01
4.999999509999999425e-01
4.999998560000000758e-01
4.999997510000000478e-01
4.999999969999999738e-01
4.999999980000000566e-01
4.999999939999999476e-01
4.999999969999999738e-01
4.999706770000000855e-01
4.999999870000000346e-01
4.999997110000000689e-01
4.999999989999999173e-01
4.999999850000000912e-01
4.999999980000000566e-01
4.999996900000001077e-01
4.999999989999999173e-01
4.999999920000000042e-01
4.999994979999999867e-01
4.999999900000000608e-01
4.999999699999999603e-01
4.999630569999999885e-01
4.999997190000000646e-01
4.999999989999999173e-01
4.999999909999999215e-01
4.999724340000000211e-01
4.999999559999999121e-01
4.999999870000000346e-01
5.000000000000000000e-01
4.997175510000000376e-01
4.999852069999999316e-01
5.000000000000000000e-01
4.999999969999999738e-01
4.999999680000000168e-01
4.999933539999998899e-01
4.999999699999999603e-01
4.999998139999999314e-01
5.000000000000000000e-01
4.999887990000000393e-01
4.999999719999999037e-01
5.000000000000000000e-01
4.999999989999999173e-01
5.000000000000000000e-01
4.999999939999999476e-01
4.999999859999999519e-01
4.999985380000000479e-01
4.999998469999999973e-01
4.999971500000000013e-01
4.999897179999999164e-01
4.999999870000000346e-01
4.999997609999999870e-01
4.999999989999999173e-01
5.000000000000000000e-01
4.999972559999998900e-01
4.999999959999998911e-01
4.999987260000000600e-01
5.000000000000000000e-01
4.999996339999999151e-01
4.999999859999999519e-01
4.999998050000000749e-01
5.000000000000000000e-01
4.999982569999998905e-01
4.999999939999999476e-01
4.999999950000000304e-01
4.999988669999999580e-01
4.999960240000000944e-01
4.999999980000000566e-01
5.000000000000000000e-01
4.999851490000000176e-01
4.999997199999999253e-01
4.999802049999999554e-01
4.999642740000000973e-01
4.999999980000000566e-01
4.999987409999999688e-01
5.000000000000000000e-01
4.999995319999999133e-01
4.999999109999999636e-01
4.999993030000000616e-01
4.999998500000000234e-01
4.999829710000001093e-01
4.856348370000000969e-01
5.000000000000000000e-01
5.000000000000000000e-01
5.000000000000000000e-01
4.999999440000000295e-01
4.999998469999999973e-01
5.000000000000000000e-01
4.999998869999999762e-01
4.999955650000000862e-01
4.998575670000000581e-01
4.946631749999998995e-01
4.999999699999999603e-01
4.999998660000000150e-01
4.999999879999998953e-01
4.999926079999998940e-01
4.999964820000000199e-01
4.998079660000001034e-01
4.999999559999999121e-01
4.999999820000000650e-01
5.000000000000000000e-01
5.000000000000000000e-01
5.000000000000000000e-01
4.999999980000000566e-01
4.999999980000000566e-01
5.000000000000000000e-01
5.000000000000000000e-01
5.000000000000000000e-01
5.000000000000000000e-01
5.000000000000000000e-01
4.999997609999999870e-01
4.999995040000000390e-01
4.999996980000001034e-01
4.994437229999999506e-01
4.999999530000001080e-01
3.989832140000000305e-01
7.746000000086183945e-06
0.000000000000000000e+00
0.000000000000000000e+00
2.800000009628433872e-08
3.589999999498161287e-07
4.999999969612645145e-09
1.799999993501444351e-08
7.800000001445539510e-08
1.999999943436137073e-09
4.000000108916879071e-09
2.299999999344493062e-07
7.684420000000358186e-04
1.493999999935269329e-06
1.700000007431867743e-08
4.999999969612645145e-09
1.416800000000328907e-04
9.930999999907541564e-06
9.999999999177333621e-07
2.429000000025993700e-06
0.000000000000000000e+00
4.999999969612645145e-09
0.000000000000000000e+00
0.000000000000000000e+00
0.000000000000000000e+00
2.899999995698010480e-08
1.999999943436137073e-09
1.000000082740370999e-09
0.000000000000000000e+00
7.980999999990245897e-06
0.000000000000000000e+00
3.803699999993526149e-05
1.000000082740370999e-09
1.299999996540179836e-08
1.060000001107397338e-07
1.599999999157830644e-08
4.000000108916879071e-09
6.999999913048782219e-09
1.999999943436137073e-09
1.999999943436137073e-09
1.000000082740370999e-09
2.000000010049518551e-08
1.999999943436137073e-09
0.000000000000000000e+00
6.000000052353016144e-09
1.000000082740370999e-09
0.000000000000000000e+00
0.000000000000000000e+00
1.000000082740370999e-09
6.999999913048782219e-09
0.000000000000000000e+00
0.000000000000000000e+00
1.900000001775481451e-08
4.900000005747529030e-08
3.052000000058896489e-06
1.900000001775481451e-08
3.199999998315661287e-08
0.000000000000000000e+00
0.000000000000000000e+00
4.000000108916879071e-09
1.000000082740370999e-09
1.000000082740370999e-09
2.200000004393132258e-08
0.000000000000000000e+00
2.969999999269390401e-07
5.000000000698889835e-07
4.499999994855841123e-08
0.000000000000000000e+00
0.000000000000000000e+00
3.538999999941339070e-06
1.000000082740370999e-09
4.000000108916879071e-09
3.999999997894576609e-08
1.599999999157830644e-08
1.849999999858908950e-07
3.238999999988223522e-06
1.799999993501444351e-08
5.530000000142365479e-07
1.149999999672246531e-07
0.000000000000000000e+00
4.000000108916879071e-09
0.000000000000000000e+00
0.000000000000000000e+00
0.000000000000000000e+00
0.000000000000000000e+00
0.000000000000000000e+00
9.899999997564634668e-08
3.000000026176508072e-09
0.000000000000000000e+00
5.899999999670058060e-08
7.999999995789153218e-09
1.000000082740370999e-09
3.470000000671547014e-07
1.999999943436137073e-09
1.400000004814216936e-08
0.000000000000000000e+00
6.000000052353016144e-09
4.999999969612645145e-09
9.000000078529524217e-09
1.100000002196566129e-08
4.000000108916879071e-09
6.300000010561745967e-08
0.000000000000000000e+00
4.000000108916879071e-09
1.299999996540179836e-08
0.000000000000000000e+00
0.000000000000000000e+00
0.000000000000000000e+00
0.000000000000000000e+00
0.000000000000000000e+00
1.599999999157830644e-08
1.400000004814216936e-08
2.341999999933008780e-06
1.646700000001999342e-05
2.099999996119095158e-08
0.000000000000000000e+00
1.999999943436137073e-09
9.999999939225290291e-09
5.899999999670058060e-08
3.638099999991872835e-05
1.999999943436137073e-09
0.000000000000000000e+00
1.900000001775481451e-08
1.999999943436137073e-09
1.000000082740370999e-09
6.000000052353016144e-09
0.000000000000000000e+00
0.000000000000000000e+00
0.000000000000000000e+00
4.999999969612645145e-09
9.000000078529524217e-09
0.000000000000000000e+00
0.000000000000000000e+00
4.999999969612645145e-09
1.000000082740370999e-09
1.200000010470603229e-08
0.000000000000000000e+00
6.000000052353016144e-09
2.669000000010690599e-05
1.100000002196566129e-08
0.000000000000000000e+00
1.499999990883793544e-08
1.789999999335378789e-07
1.900000001775481451e-08
3.000000026176508072e-09
7.900000009719576610e-08
3.800000003550962901e-08
1.999999943436137073e-09
4.999999969612645145e-09
7.999999995789153218e-09
3.000000003972047580e-08
0.000000000000000000e+00
1.000000082740370999e-09
7.300000004484274996e-08
4.220000000554335884e-07
6.000000052353016144e-09
1.174000000103703201e-06
3.899999989620539509e-08
1.999999943436137073e-09
0.000000000000000000e+00
1.497600000011090060e-05
0.000000000000000000e+00
3.399999992659274994e-08
0.000000000000000000e+00
0.000000000000000000e+00
0.000000000000000000e+00
0.000000000000000000e+00
4.000000108916879071e-09
1.573000000032465096e-06
7.198199999991494735e-05
5.497999999937164262e-06
1.496999999961445837e-06
0.000000000000000000e+00
0.000000000000000000e+00
6.000000052353016144e-09
3.799999999110070803e-07
8.723000000099290219e-06
9.694999999920739242e-06
9.270000000949352170e-07
6.029999999990209858e-06
1.100000002196566129e-08
8.499999992750417732e-08
1.999999943436137073e-09
0.000000000000000000e+00
1.000000082740370999e-09
1.100000002196566129e-08
1.999999943436137073e-09
1.380000000938963467e-07
1.999999943436137073e-09
1.100000002196566129e-08
4.415999999896058625e-06
1.179999999934011612e-07
7.999999995789153218e-09
6.999999913048782219e-09
7.999999995789153218e-09
4.870000001044871851e-07
9.999999939225290291e-09
3.000000026176508072e-09
4.799999997473491931e-08
2.599999993080359673e-08
7.919500000008738994e-05
3.500000000933312094e-08
1.800000000162782499e-07
0.000000000000000000e+00
0.000000000000000000e+00
0.000000000000000000e+00
0.000000000000000000e+00
1.700000007431867743e-08
1.768100000010264239e-05
1.700000007431867743e-08
1.000000082740370999e-09
1.999999943436137073e-09
5.549999999576726850e-07
6.699999999248973381e-08
0.000000000000000000e+00
9.799999989290597568e-08
1.000000082740370999e-09
1.999999943436137073e-09
4.147999999926099690e-06
0.000000000000000000e+00
7.754999999942668865e-06
3.879999999067962335e-07
1.999999943436137073e-09
7.999999995789153218e-09
2.299999990462708865e-08
1.638200000009248924e-05
4.849999999390064431e-07
8.989999999986508783e-07
2.733608679999999236e-01
4.999999980000000566e-01
4.999698400000001097e-01
4.999999879999998953e-01
4.999999980000000566e-01
5.000000000000000000e-01
4.999999989999999173e-01
5.000000000000000000e-01
4.999999680000000168e-01
5.000000000000000000e-01
4.999999870000000346e-01
5.000000000000000000e-01
4.999997959999999964e-01
4.998891059999999165e-01
5.000000000000000000e-01
4.999999989999999173e-01
4.999993220000000793e-01
4.999999980000000566e-01
4.998526089999999478e-01
4.999996179999999235e-01
4.999999950000000304e-01
5.000000000000000000e-01
5.000000000000000000e-01
4.999999900000000608e-01
4.999987779999999216e-01
4.999999969999999738e-01
5.000000000000000000e-01
5.000000000000000000e-01
4.999999820000000650e-01
4.999998000000001053e-01
5.000000000000000000e-01
5.000000000000000000e-01
4.999999840000000084e-01
4.999999980000000566e-01
4.999999989999999173e-01
4.999999859999999519e-01
4.999997659999999566e-01
4.999999550000000514e-01
5.000000000000000000e-01
4.999999989999999173e-01
4.999999969999999738e-01
4.999999980000000566e-01
5.000000000000000000e-01
4.999151070000000807e-01
4.999999639999999079e-01
5.000000000000000000e-01
5.000000000000000000e-01
4.999994549999999816e-01
4.999998119999999879e-01
4.999999989999999173e-01
5.000000000000000000e-01
5.000000000000000000e-01
4.999999530000001080e-01
4.999999959999998911e-01
4.999943579999999166e-01
4.999997380000000824e-01
4.999985460000000437e-01
4.999999989999999173e-01
5.000000000000000000e-01
5.000000000000000000e-01
4.999995520000000138e-01
5.000000000000000000e-01
4.999978290000000047e-01
5.000000000000000000e-01
4.999999969999999738e-01
5.000000000000000000e-01
4.999995269999999437e-01
5.000000000000000000e-01
4.999999950000000304e-01
4.999999959999998911e-01
5.000000000000000000e-01
4.999999989999999173e-01
4.999995749999999184e-01
4.995656520000000267e-01
4.999999909999999215e-01
4.999985369999999651e-01
4.999999969999999738e-01
5.000000000000000000e-01
4.999998969999999154e-01
4.999971050000000528e-01
4.999999989999999173e-01
5.000000000000000000e-01
4.999994450000000423e-01
5.000000000000000000e-01
5.000000000000000000e-01
4.999999980000000566e-01
4.999999870000000346e-01
5.000000000000000000e-01
4.999999870000000346e-01
4.999997439999999127e-01
4.999999989999999173e-01
4.999299919999999897e-01
4.999999969999999738e-01
4.952691039999999045e-01
4.999985250000000825e-01
4.999839600000000051e-01
4.999999950000000304e-01
4.999999710000000430e-01
4.999999959999998911e-01
4.999995230000000568e-01
4.999941290000000649e-01
4.999999989999999173e-01
4.999990889999998966e-01
5.000000000000000000e-01
4.999999939999999476e-01
4.999998750000000936e-01
4.999999900000000608e-01
5.000000000000000000e-01
4.999999580000000776e-01
4.999998629999999888e-01
4.999999989999999173e-01
4.999802129999999512e-01
4.999999829999999257e-01
4.999813889999999983e-01
4.999999920000000042e-01
4.999996829999999726e-01
4.999999980000000566e-01
4.999970970000000570e-01
5.000000000000000000e-01
4.999994969999999039e-01
4.999983130000000831e-01
4.999999840000000084e-01
4.999997709999999262e-01
5.000000000000000000e-01
4.999999989999999173e-01
5.000000000000000000e-01
5.000000000000000000e-01
4.999999619999999645e-01
5.000000000000000000e-01
4.999055619999999145e-01
4.999910530000000186e-01
4.983503300000000635e-01
4.987431929999999181e-01
5.000000000000000000e-01
5.000000000000000000e-01
4.999916239999999679e-01
4.999999209999999028e-01
5.000000000000000000e-01
5.000000000000000000e-01
4.999999989999999173e-01
5.000000000000000000e-01
5.000000000000000000e-01
5.000000000000000000e-01
4.999999930000000870e-01
4.999950259999998980e-01
4.999999989999999173e-01
5.000000000000000000e-01
4.999999980000000566e-01
4.999999989999999173e-01
4.999999959999998911e-01
5.000000000000000000e-01
5.000000000000000000e-01
5.000000000000000000e-01
4.998078699999999319e-01
4.996702749999999416e-01
4.999990039999999691e-01
4.999988509999999664e-01
5.000000000000000000e-01
5.000000000000000000e-01
4.999999619999999645e-01
4.999950849999998947e-01
4.999999989999999173e-01
4.970801410000000864e-01
4.999999989999999173e-01
5.000000000000000000e-01
4.999960519999999686e-01
4.999999950000000304e-01
4.999999989999999173e-01
4.999997329999998907e-01
4.999981120000001056e-01
4.999947010000000969e-01
4.999999969999999738e-01
5.000000000000000000e-01
4.999936899999999351e-01
5.000000000000000000e-01
4.999999269999999552e-01
4.999999809999999822e-01
5.000000000000000000e-01
5.000000000000000000e-01
5.000000000000000000e-01
4.999997860000000571e-01
5.000000000000000000e-01
4.999999989999999173e-01
5.000000000000000000e-01
4.999999980000000566e-01
4.999999989999999173e-01
4.999999989999999173e-01
4.999999010000000244e-01
4.999999360000000337e-01
5.000000000000000000e-01
4.999999980000000566e-01
4.999999900000000608e-01
5.000000000000000000e-01
4.999999859999999519e-01
4.999999900000000608e-01
5.000000000000000000e-01
4.999998109999999052e-01
5.000000000000000000e-01
4.990675579999999112e-01
4.999999879999998953e-01
4.999999939999999476e-01
5.000000000000000000e-01
4.999371909999998920e-01
4.999999989999999173e-01
4.999998279999999795e-01
4.999999989999999173e-01
4.999998530000000496e-01
5.000000000000000000e-01
4.999999500000000818e-01
5.000000000000000000e-01
4.999990100000000215e-01
4.999999459999999729e-01
4.999981739999999064e-01
5.000000000000000000e-01
4.999999729999999865e-01
4.999903130000000750e-01
4.999999969999999738e-01
5.000000000000000000e-01
4.999999829999999257e-01
4.999886799999999631e-01
5.000000000000000000e-01
4.999996540000000156e-01
4.999999289999998986e-01
5.000000000000000000e-01
5.000000000000000000e-01
4.999999989999999173e-01
4.999999939999999476e-01
4.999995459999999614e-01
4.999984230000000807e-01
4.999999939999999476e-01
4.999998930000000286e-01
4.999713070000000315e-01
4.999937809999999150e-01
4.999998649999999323e-01
5.000000000000000000e-01
5.000000000000000000e-01
5.000000000000000000e-01
5.000000000000000000e-01
4.999999829999999257e-01
4.999951000000000256e-01
4.999996289999999455e-01
5.000000000000000000e-01
5.000000000000000000e-01
4.999999950000000304e-01
5.000000000000000000e-01
4.999998779999998977e-01
5.000000000000000000e-01
4.999999530000001080e-01
4.999999959999998911e-01
3.250335129999999406e-01
3.600000009207349194e-08
0.000000000000000000e+00
0.000000000000000000e+00
3.000000026176508072e-09
6.000000052353016144e-09
0.000000000000000000e+00
0.000000000000000000e+00
0.000000000000000000e+00
0.000000000000000000e+00
0.000000000000000000e+00
0.000000000000000000e+00
0.000000000000000000e+00
0.000000000000000000e+00
0.000000000000000000e+00
8.100000004063190318e-08
1.100000002196566129e-08
2.399999998736745965e-08
1.200000010470603229e-08
6.999999913048782219e-09
0.000000000000000000e+00
4.000000108916879071e-09
1.000000082740370999e-09
3.800000003550962901e-08
1.000000082740370999e-09
0.000000000000000000e+00
1.999999943436137073e-09
3.000000026176508072e-09
1.000000082740370999e-09
0.000000000000000000e+00
0.000000000000000000e+00
0.000000000000000000e+00
0.000000000000000000e+00
1.000000082740370999e-09
3.120000000578215804e-07
3.943999999922453981e-06
2.202699999998003477e-05
5.382780000000586540e-04
0.000000000000000000e+00
0.000000000000000000e+00
2.399999998736745965e-08
1.629999999419595724e-07
1.249999999064499434e-07
3.230000000797872417e-07
3.319999999362721610e-07
1.560000000289107902e-07
0.000000000000000000e+00
0.000000000000000000e+00
1.000000082740370999e-09
0.000000000000000000e+00
9.000000078529524217e-09
2.379999999302384595e-07
6.630000000118485559e-07
1.200000010470603229e-08
0.000000000000000000e+00
1.785000000031899958e-06
6.000000052353016144e-09
4.110330000000050887e-04
6.256100000001652006e-05
1.056999999970997806e-06
0.000000000000000000e+00
4.999999969612645145e-09
3.099999998923408384e-07
1.599999999157830644e-08
3.000000026176508072e-09
0.000000000000000000e+00
5.400000002708793545e-08
1.700000007431867743e-08
6.999999913048782219e-09
3.000000026176508072e-09
9.375300000002972922e-05
3.170000000274342256e-07
7.999999995789153218e-09
0.000000000000000000e+00
0.000000000000000000e+00
2.839999999615372417e-07
2.437000000021782853e-06
3.103900000001047488e-05
4.250000000816100965e-07
2.200000004393132258e-08
2.500000007010783065e-08
0.000000000000000000e+00
5.293999999933518552e-06
1.377999999996326608e-05
9.999999939225290291e-09
9.949999999481207169e-07
8.700000009298491932e-08
1.000000082740370999e-09
1.000000082740370999e-09
1.999999943436137073e-09
3.000000026176508072e-09
1.000000082740370999e-09
0.000000000000000000e+00
7.999999995789153218e-09
7.170000000389364914e-07
3.000000026176508072e-09
1.000000082740370999e-09
8.920000000856020961e-07
5.400000002708793545e-08
2.889999999311498868e-07
4.642899999995897531e-05
3.000000026176508072e-09
2.099999996119095158e-08
1.923999999986492071e-06
2.099999996119095158e-08
0.000000000000000000e+00
1.530000000027342821e-07
1.700000007431867743e-08
1.279999999326264515e-07
1.869000000098708369e-06
1.239319999999377586e-04
1.900000001775481451e-08
4.000000108916879071e-09
0.000000000000000000e+00
1.000000082740370999e-09
0.000000000000000000e+00
4.600000003129878223e-08
2.200000004393132258e-08
1.000000082740370999e-09
0.000000000000000000e+00
1.299999996540179836e-08
0.000000000000000000e+00
0.000000000000000000e+00
6.200000002287708867e-08
1.220000001023180403e-07
1.799999993501444351e-08
0.000000000000000000e+00
1.999999943436137073e-09
1.900000001775481451e-08
0.000000000000000000e+00
1.000000082740370999e-09
1.136999999928889338e-06
5.602000000104467858e-06
4.319999999946588787e-07
1.189109999999438116e-04
2.008000000053300482e-06
2.280999999992872063e-06
7.999999995789153218e-09
4.600000003129878223e-08
5.644000000026849762e-06
1.000000082740370999e-09
0.000000000000000000e+00
9.899999997564634668e-08
1.700000007431867743e-08
0.000000000000000000e+00
0.000000000000000000e+00
5.899999999670058060e-08
2.459999999260276127e-07
3.300000006589698387e-08
2.369099999999235706e-05
3.000000026176508072e-09
1.000000082740370999e-09
2.560000000872975079e-07
1.999999943436137073e-09
0.000000000000000000e+00
4.999999969612645145e-09
6.445999999993290430e-05
1.400000000373324838e-07
4.999999969612645145e-09
3.600000009207349194e-08
0.000000000000000000e+00
6.000000052353016144e-09
5.799999991396020960e-08
1.860000000020178845e-06
0.000000000000000000e+00
0.000000000000000000e+00
6.599999990974936281e-08
1.000000082740370999e-09
0.000000000000000000e+00
3.800000003550962901e-08
1.100000002196566129e-08
0.000000000000000000e+00
0.000000000000000000e+00
1.000000082740370999e-09
5.100000000091142738e-08
3.000000026176508072e-09
1.000000082740370999e-09
0.000000000000000000e+00
3.000000026176508072e-09
1.464540000000180697e-04
2.580000000307336450e-07
0.000000000000000000e+00
3.339000000046610239e-06
1.485000000078784410e-06
1.999999943436137073e-09
6.379999999417407253e-07
2.359999999868023224e-07
0.000000000000000000e+00
1.929999999816800482e-07
0.000000000000000000e+00
1.000000082740370999e-09
7.900000009719576610e-08
1.999999943436137073e-09
0.000000000000000000e+00
7.800000001445539510e-08
0.000000000000000000e+00
0.000000000000000000e+00
0.000000000000000000e+00
0.000000000000000000e+00
0.000000000000000000e+00
1.999999943436137073e-09
0.000000000000000000e+00
1.000000082740370999e-09
2.000000010049518551e-08
1.000000082740370999e-09
5.200000008365179838e-08
2.379999999302384595e-07
1.000000082740370999e-09
1.100000002196566129e-08
0.000000000000000000e+00
1.670000000508764515e-07
4.900000005747529030e-08
1.000000082740370999e-09
8.999999989711682247e-08
1.000000082740370999e-09
3.099999998923408384e-07
4.000000108916879071e-09
6.999999913048782219e-09
7.999999995789153218e-09
1.431999999912392241e-06
0.000000000000000000e+00
0.000000000000000000e+00
4.300000000512227416e-08
0.000000000000000000e+00
1.210000000195776693e-07
1.599999999157830644e-08
7.999999995789153218e-09
8.400000006680841125e-08
1.000000082740370999e-09
0.000000000000000000e+00
0.000000000000000000e+00
2.980000000096794111e-07
1.200000010470603229e-08
0.000000000000000000e+00
0.000000000000000000e+00
0.000000000000000000e+00
0.000000000000000000e+00
0.000000000000000000e+00
2.703999999909001417e-06
7.300000004484274996e-08
0.000000000000000000e+00
1.944000000086987257e-06
7.000000001866624189e-08
6.750999999916018623e-06
1.480000000331216370e-07
1.499999990883793544e-08
0.000000000000000000e+00
3.000000026176508072e-09
0.000000000000000000e+00
1.890000000948077741e-07
1.000000082740370999e-09
0.000000000000000000e+00
2.153000000060245611e-06
2.376000000081646135e-06
4.436600000001789113e-05
7.719999999267201929e-07
3.000000026176508072e-09
0.000000000000000000e+00
9.000000078529524217e-09
4.000000108916879071e-09
1.262999999918079652e-06
1.006200000008838913e-05
9.999999999177333621e-07
9.099999997985719347e-08
0.000000000000000000e+00
2.599999993080359673e-08
2.489999999522041207e-07
2.936000000008931465e-06
1.000000082740370999e-09
6.999999913048782219e-09
0.000000000000000000e+00
0.000000000000000000e+00
6.999999913048782219e-09
1.000000082740370999e-09
1.000000082740370999e-09
1.999999998947288304e-07
1.999999943436137073e-09
1.000000082740370999e-09
2.299999990462708865e-08
1.187269730000000134e-01
4.999811899999999643e-01
4.999999989999999173e-01
5.000000000000000000e-01
5.000000000000000000e-01
4.999973460000000092e-01
4.999988339999998921e-01
5.000000000000000000e-01
4.999995630000000357e-01
5.000000000000000000e-01
5.000000000000000000e-01
5.000000000000000000e-01
5.000000000000000000e-01
5.000000000000000000e-01
5.000000000000000000e-01
5.000000000000000000e-01
5.000000000000000000e-01
5.000000000000000000e-01
4.999999429999999467e-01
5.000000000000000000e-01
4.999999950000000304e-01
5.000000000000000000e-01
5.000000000000000000e-01
5.000000000000000000e-01
5.000000000000000000e-01
4.999755390000000244e-01
4.999792780000000825e-01
4.999999980000000566e-01
4.999999959999998911e-01
4.999999950000000304e-01
4.999999760000000126e-01
4.999538310000000152e-01
4.999995489999999876e-01
5.000000000000000000e-01
5.000000000000000000e-01
4.999999900000000608e-01
4.999999989999999173e-01
4.999999989999999173e-01
4.999999779999999561e-01
4.999869459999999322e-01
5.000000000000000000e-01
4.999999989999999173e-01
4.999999930000000870e-01
5.000000000000000000e-01
4.999999799999998995e-01
4.999999809999999822e-01
4.999996689999999244e-01
4.999999930000000870e-01
4.999935900000000988e-01
4.999999150000000725e-01
4.999831869999999956e-01
4.999999950000000304e-01
4.999998949999999720e-01
4.999999980000000566e-01
4.999998740000000108e-01
4.999994850000000213e-01
4.999605460000000612e-01
4.994794240000000052e-01
4.999995040000000390e-01
4.999999569999999949e-01
4.999683520000000048e-01
4.981807789999999070e-01
5.000000000000000000e-01
4.999999109999999636e-01
4.999999680000000168e-01
4.999999340000000903e-01
4.999999989999999173e-01
4.999999980000000566e-01
4.999999360000000337e-01
4.998635600000000956e-01
4.999999989999999173e-01
4.999996980000001034e-01
4.999913670000000199e-01
4.999997609999999870e-01
4.997899999999999565e-01
4.999975830000000787e-01
4.999998619999999061e-01
5.000000000000000000e-01
4.999999920000000042e-01
5.000000000000000000e-01
4.999954680000000540e-01
4.999994389999999900e-01
4.999857050000000580e-01
4.999999959999998911e-01
5.000000000000000000e-01
4.999999989999999173e-01
5.000000000000000000e-01
4.999999829999999257e-01
5.000000000000000000e-01
4.999996669999999810e-01
5.000000000000000000e-01
4.998304559999999785e-01
4.999999649999999907e-01
4.999984010000000367e-01
5.000000000000000000e-01
4.999990720000000444e-01
5.000000000000000000e-01
5.000000000000000000e-01
5.000000000000000000e-01
5.000000000000000000e-01
4.999999959999998911e-01
4.999999980000000566e-01
4.999999930000000870e-01
4.999405100000000601e-01
5.000000000000000000e-01
4.999714299999999945e-01
4.975919129999999413e-01
4.999999969999999738e-01
4.999998629999999888e-01
5.000000000000000000e-01
5.000000000000000000e-01
4.999999989999999173e-01
4.999999719999999037e-01
4.999996870000000815e-01
4.999961879999998970e-01
4.584318709999999353e-01
1.284489000000110792e-03
5.397600000001112619e-05
7.499999998827888703e-08
6.800000007523010481e-08
1.000000082740370999e-09
7.999999995789153218e-09
0.000000000000000000e+00
0.000000000000000000e+00
1.938029999999368869e-04
2.199999999952240159e-07
0.000000000000000000e+00
0.000000000000000000e+00
1.000000082740370999e-09
1.999999943436137073e-09
0.000000000000000000e+00
7.399999990553851603e-08
1.000000000583867177e-07
1.460000000896854999e-07
6.500000004905359674e-08
4.000000108916879071e-09
0.000000000000000000e+00
2.599999993080359673e-08
1.100000002196566129e-08
2.500000007010783065e-08
3.099999990041624187e-08
6.999999913048782219e-09
4.999999969612645145e-09
1.000000082740370999e-09
5.307080000001018760e-04
4.100000006168613709e-08
7.189999999823726284e-07
4.199999992238190316e-08
1.000000082740370999e-09
0.000000000000000000e+00
3.000000026176508072e-09
4.000000108916879071e-09
9.000000078529524217e-09
2.119999999994348627e-06
0.000000000000000000e+00
0.000000000000000000e+00
0.000000000000000000e+00
4.010000000942426368e-07
3.000000026176508072e-09
0.000000000000000000e+00
3.000000026176508072e-09
8.100000004063190318e-08
3.275000000080297013e-06
7.362669999999571502e-04
0.000000000000000000e+00
0.000000000000000000e+00
1.000000082740370999e-09
2.750000001050523224e-07
0.000000000000000000e+00
3.000000026176508072e-09
0.000000000000000000e+00
0.000000000000000000e+00
1.999999943436137073e-09
6.999999913048782219e-09
1.100000002196566129e-08
3.399999992659274994e-08
3.000000026176508072e-09
1.599999999157830644e-08
2.200000004393132258e-08
0.000000000000000000e+00
3.199999998315661287e-08
0.000000000000000000e+00
2.599999993080359673e-08
1.999999943436137073e-09
4.999999969612645145e-09
3.230000000797872417e-07
1.000000082740370999e-09
0.000000000000000000e+00
0.000000000000000000e+00
0.000000000000000000e+00
1.000000082740370999e-09
1.640000000246999434e-07
3.000000026176508072e-09
1.098999999893379709e-06
1.736540000000008632e-03
4.485169999999261137e-04
3.500000000933312094e-08
1.000000082740370999e-09
2.000000010049518551e-08
1.999999943436137073e-09
1.999999943436137073e-09
1.400000004814216936e-08
0.000000000000000000e+00
0.000000000000000000e+00
0.000000000000000000e+00
3.000000026176508072e-09
0.000000000000000000e+00
8.725000000042726356e-06
8.492000000082100541e-06
2.599999999741697820e-07
1.448999999986710918e-06
2.899999995698010480e-08
1.000000082740370999e-09
1.082199999991040329e-05
1.127899999997517000e-05
5.620000000927660722e-07
1.000000082740370999e-09
0.000000000000000000e+00
3.000000026176508072e-09
3.099999990041624187e-08
1.999999943436137073e-09
2.000000010049518551e-08
0.000000000000000000e+00
6.399999996631322574e-08
2.008999999913996248e-06
0.000000000000000000e+00
4.949599999992670973e-05
2.687999999917423111e-06
1.000000082740370999e-09
8.400000006680841125e-08
9.224000000029874968e-06
0.000000000000000000e+00
0.000000000000000000e+00
3.800000003550962901e-08
0.000000000000000000e+00
1.000000082740370999e-09
0.000000000000000000e+00
0.000000000000000000e+00
1.999999943436137073e-09
7.999999995789153218e-09
4.999999969612645145e-09
2.399999998736745965e-08
1.549999999461704192e-07
5.940000000759226850e-07
9.918200000003096761e-05
5.937000000066916527e-06
0.000000000000000000e+00
2.700000001354396773e-08
2.899999999916857973e-06
0.000000000000000000e+00
0.000000000000000000e+00
1.045999999949032144e-06
6.640599999996332770e-05
1.325119999999735398e-04
1.999999943436137073e-09
2.200000004393132258e-08
1.700000007431867743e-08
4.000000108916879071e-09
4.799999997473491931e-08
3.000000026176508072e-09
1.000000082740370999e-09
0.000000000000000000e+00
0.000000000000000000e+00
0.000000000000000000e+00
7.999999995789153218e-09
3.219999999970468707e-07
1.000000082740370999e-09
0.000000000000000000e+00
0.000000000000000000e+00
0.000000000000000000e+00
9.999999939225290291e-09
0.000000000000000000e+00
1.000000082740370999e-09
8.199999990132766925e-08
4.694000000027287456e-06
1.759999999073613708e-07
1.000000082740370999e-09
1.000000082740370999e-09
2.560000000872975079e-07
1.968509999999978888e-03
4.510743619999999510e-01
4.999997789999999220e-01
4.999970949999998915e-01
4.999996499999999067e-01
4.999999980000000566e-01
4.999999740000000692e-01
5.000000000000000000e-01
4.999999950000000304e-01
4.999998939999998893e-01
4.999946660000000875e-01
4.999697210000000336e-01
4.998692369999999663e-01
2.170087800000009004e-02
1.300000000981071935e-07
3.820000000098744408e-06
1.699000000021655410e-06
5.486700000001398791e-05
3.800000003550962901e-08
1.114732000000007162e-03
1.030654799999997095e-02
3.301000000011100610e-06
0.000000000000000000e+00
1.000000082740370999e-09
1.000000082740370999e-09
0.000000000000000000e+00
0.000000000000000000e+00
4.999999969612645145e-09
2.800000009628433872e-08
3.000000026176508072e-09
8.629999999065773864e-07
7.499999998827888703e-08
1.999999943436137073e-09
6.999999913048782219e-09
0.000000000000000000e+00
5.500000010982830645e-08
0.000000000000000000e+00
9.999999939225290291e-09
1.000000082740370999e-09
0.000000000000000000e+00
1.000000082740370999e-09
1.000000082740370999e-09
7.999999995789153218e-09
0.000000000000000000e+00
2.050000000863860805e-07
1.000000082740370999e-09
2.099999996119095158e-08
6.999999913048782219e-09
0.000000000000000000e+00
1.229999999630138063e-07
9.099999997985719347e-08
1.000000082740370999e-09
3.000000026176508072e-09
4.199999992238190316e-08
1.900000001775481451e-08
0.000000000000000000e+00
0.000000000000000000e+00
6.999999913048782219e-09
5.100000000091142738e-08
1.000000082740370999e-09
0.000000000000000000e+00
2.530000000611209998e-07
5.799999991396020960e-08
4.289999999684823706e-07
0.000000000000000000e+00
0.000000000000000000e+00
0.000000000000000000e+00
4.999999969612645145e-09
3.300000006589698387e-08
0.000000000000000000e+00
1.999999943436137073e-09
8.499999992750417732e-08
4.999999969612645145e-09
1.060000001107397338e-07
0.000000000000000000e+00
1.000000082740370999e-09
4.799999997473491931e-08
6.999999913048782219e-09
0.000000000000000000e+00
0.000000000000000000e+00
1.000000082740370999e-09
1.999999943436137073e-09
1.000000082740370999e-09
9.847999999923473524e-06
1.999999943436137073e-09
1.000000082740370999e-09
0.000000000000000000e+00
0.000000000000000000e+00
0.000000000000000000e+00
3.399999992659274994e-08
1.000000082740370999e-09
6.999999913048782219e-09
0.000000000000000000e+00
5.130000000352907819e-07
1.299999996540179836e-08
1.100000002196566129e-08
7.999999995789153218e-09
6.557500000003990692e-05
5.870399999996500640e-05
0.000000000000000000e+00
1.999999943436137073e-09
4.034999999902311174e-06
1.391999999933446475e-06
2.000000010049518551e-08
6.399999996631322574e-08
3.000000026176508072e-09
0.000000000000000000e+00
0.000000000000000000e+00
0.000000000000000000e+00
5.599999997052407252e-08
1.000000000583867177e-07
0.000000000000000000e+00
6.000000052353016144e-09
1.000000082740370999e-09
6.999999999646178139e-07
0.000000000000000000e+00
0.000000000000000000e+00
3.000000026176508072e-09
3.096629999999045424e-04
3.809999999937474513e-07
1.700000007431867743e-08
1.700000007431867743e-08
3.000000003972047580e-08
0.000000000000000000e+00
1.200000010470603229e-08
6.718999999932862011e-06
0.000000000000000000e+00
3.000000003972047580e-08
1.999999943436137073e-09
4.010000000942426368e-07
1.100000002196566129e-08
7.399999990553851603e-08
6.251999999928870011e-06
1.101000000058860451e-06
0.000000000000000000e+00
7.199999996210237896e-08
4.000000108916879071e-09
0.000000000000000000e+00
0.000000000000000000e+00
0.000000000000000000e+00
4.999999969612645145e-09
0.000000000000000000e+00
0.000000000000000000e+00
0.000000000000000000e+00
1.499999990883793544e-08
5.880000000235696689e-07
6.999999913048782219e-09
0.000000000000000000e+00
0.000000000000000000e+00
3.199999998315661287e-08
0.000000000000000000e+00
0.000000000000000000e+00
0.000000000000000000e+00
2.099999996119095158e-08
8.949999998897339992e-07
4.999999991817105638e-08
3.198432999999889503e-03
1.447999999903970547e-06
4.970000000437124754e-07
8.600000001024454832e-08
6.281999999968590487e-06
0.000000000000000000e+00
0.000000000000000000e+00
2.130000000821752337e-07
0.000000000000000000e+00
0.000000000000000000e+00
2.574999999893634595e-06
1.434999999938568749e-06
0.000000000000000000e+00
1.999999943436137073e-09
1.087000000010718281e-06
1.240000000457541773e-07
4.400000008786264516e-08
3.000000003972047580e-08
8.499999992750417732e-08
1.000000082740370999e-09
1.000000082740370999e-09
1.999999943436137073e-09
3.600000009207349194e-08
2.000000010049518551e-08
6.000000052353016144e-09
1.080000000097669499e-06
4.199999992238190316e-08
2.299999990462708865e-08
1.000000082740370999e-09
4.000000108916879071e-09
1.999999943436137073e-09
2.099999996119095158e-08
1.200000000034506797e-06
3.500000000933312094e-08
3.000000003972047580e-08
3.399999992659274994e-08
1.900000001775481451e-08
4.900000005747529030e-08
3.000000003972047580e-08
3.600000009207349194e-08
1.370100000008811492e-05
6.489999999637063866e-07
0.000000000000000000e+00
5.139999998959865479e-07
3.000000026176508072e-09
7.607100000006639107e-05
0.000000000000000000e+00
0.000000000000000000e+00
2.360999999950763595e-06
3.299999999928360239e-07
4.499999999962867037e-06
1.009999999190824838e-07
1.000000082740370999e-09
6.000000052353016144e-09
1.000000082740370999e-09
4.680000000867323706e-07
9.999999939225290291e-09
0.000000000000000000e+00
0.000000000000000000e+00
1.999999943436137073e-09
1.999999943436137073e-09
6.000000052353016144e-09
3.500000000933312094e-08
0.000000000000000000e+00
0.000000000000000000e+00
8.419999999453864348e-07
1.016999999992052039e-06
4.999999969612645145e-09
1.233000000100403781e-06
5.706999999910422616e-06
4.289999999684823706e-07
0.000000000000000000e+00
0.000000000000000000e+00
0.000000000000000000e+00
1.000000082740370999e-09
6.000000052353016144e-09
3.000000026176508072e-09
0.000000000000000000e+00
0.000000000000000000e+00
0.000000000000000000e+00
0.000000000000000000e+00
1.489999998938174031e-07
1.100000002196566129e-08
3.000000026176508072e-09
4.799999997473491931e-08
3.850999999999160650e-06
7.589999999613183945e-07
4.100000006168613709e-08
1.999999943436137073e-09
3.000000026176508072e-09
0.000000000000000000e+00
1.499999990883793544e-08
4.029999999932698529e-06
4.199999992238190316e-08
0.000000000000000000e+00
1.183380000000511245e-04
5.646720000000993167e-04
1.769999999901017418e-06
2.040100000000322211e-05
1.900000001775481451e-08
0.000000000000000000e+00
4.128999999908344876e-06
1.209229000000089371e-03
2.980999999957489877e-06
7.999999995789153218e-09
1.000000082740370999e-09
0.000000000000000000e+00
0.000000000000000000e+00
3.199999998315661287e-08
0.000000000000000000e+00
0.000000000000000000e+00
9.899999997564634668e-08
4.199999992238190316e-08
0.000000000000000000e+00
0.000000000000000000e+00
0.000000000000000000e+00
0.000000000000000000e+00
0.000000000000000000e+00
7.999999995789153218e-09
4.100000006168613709e-08
7.239400000003115565e-05
1.290069999999587935e-04
1.327000000106437483e-06
1.778800000007407789e-05
1.089999999148716370e-07
0.000000000000000000e+00
0.000000000000000000e+00
1.000000082740370999e-09
0.000000000000000000e+00
0.000000000000000000e+00
0.000000000000000000e+00
1.000000082740370999e-09
3.600000009207349194e-08
1.000000082740370999e-09
8.900000003642105639e-08
2.599999993080359673e-08
1.000000082740370999e-09
1.000000082740370999e-09
9.139000000102370791e-06
4.000000108916879071e-09
4.799999997473491931e-08
1.489999998938174031e-07
1.000000082740370999e-09
3.859999999633600964e-07
8.460000000543033138e-07
1.643699999998027295e-05
7.999999995789153218e-09
1.000000082740370999e-09
5.970000001020991931e-07
2.770999999901491151e-06
2.944000000004720619e-06
1.900000001775481451e-08
1.198199999996596432e-05
1.599999999157830644e-07
1.279999999326264515e-07
0.000000000000000000e+00
0.000000000000000000e+00
0.000000000000000000e+00
1.999999943436137073e-09
1.000000082740370999e-09
6.000000052353016144e-09
7.300000004484274996e-08
6.790000000034268623e-07
6.332900000005636798e-05
8.267899999991890070e-05
1.200000010470603229e-08
1.469000000087206104e-06
1.376099999994551126e-05
1.000000082740370999e-09
5.599999999272853302e-07
3.026600000000101431e-05
3.524999999893196900e-06
1.075999999988752620e-06
1.345900000004895958e-05
1.228700000011073712e-05
0.000000000000000000e+00
0.000000000000000000e+00
0.000000000000000000e+00
1.999999943436137073e-09
5.629999999534618382e-07
3.000000003972047580e-08
1.999999943436137073e-09
0.000000000000000000e+00
0.000000000000000000e+00
4.999999969612645145e-09
2.104000000002770321e-06
3.500000000933312094e-07
1.000000082740370999e-09
0.000000000000000000e+00
1.149999999672246531e-07
3.129999999185173465e-07
0.000000000000000000e+00
1.130000000237885160e-07
2.000000010049518551e-08
4.999999969612645145e-09
6.889999999426521526e-07
0.000000000000000000e+00
0.000000000000000000e+00
2.100000000559987257e-07
6.999999913048782219e-09
1.999999943436137073e-09
1.000000082740370999e-09
1.000000082740370999e-09
0.000000000000000000e+00
6.999999913048782219e-09
6.000000052353016144e-09
3.030000000014965167e-06
4.558000000098871851e-06
2.193660000000541288e-04
7.446999999993764163e-06
4.000000108916879071e-09
0.000000000000000000e+00
0.000000000000000000e+00
1.460000000896854999e-07
1.700000007431867743e-08
0.000000000000000000e+00
0.000000000000000000e+00
4.000000108916879071e-09
1.000000082740370999e-09
2.700000001354396773e-08
9.999999939225290291e-09
0.000000000000000000e+00
4.000000108916879071e-09
1.700000007431867743e-08
0.000000000000000000e+00
1.999999943436137073e-09
1.000000082740370999e-09
1.000000082740370999e-09
2.357959999998993084e-04
4.999999969612645145e-09
0.000000000000000000e+00
4.000000108916879071e-09
0.000000000000000000e+00
0.000000000000000000e+00
4.000000108916879071e-09
1.000000000583867177e-07
8.197999999959293405e-06
1.999999943436137073e-09
3.000000026176508072e-09
9.738499999989436162e-05
1.215599999992988955e-05
4.300000000512227416e-08
0.000000000000000000e+00
0.000000000000000000e+00
2.500000007010783065e-08
0.000000000000000000e+00
1.190000000761415322e-07
1.299999996540179836e-08
0.000000000000000000e+00
7.999999995789153218e-09
0.000000000000000000e+00
0.000000000000000000e+00
0.000000000000000000e+00
1.000000082740370999e-09
1.000000082740370999e-09
0.000000000000000000e+00
4.000000108916879071e-09
1.000000082740370999e-09
1.499999999765577741e-07
2.359999999868023224e-07
7.399999990553851603e-08
0.000000000000000000e+00
0.000000000000000000e+00
7.199999996210237896e-08
5.283600000005606034e-05
1.156200000007601147e-05
9.999999939225290291e-09
9.000000078529524217e-09
3.000000026176508072e-09
2.299999990462708865e-08
4.039999998983745400e-07
3.500000000933312094e-08
3.000000026176508072e-09
1.000000082740370999e-09
0.000000000000000000e+00
2.099999996119095158e-08
7.900000009719576610e-08
2.500000007010783065e-08
3.289999999100956529e-07
3.219000000109772941e-06
4.499999999296733222e-07
0.000000000000000000e+00
1.499999990883793544e-08
2.299999990462708865e-08
0.000000000000000000e+00
0.000000000000000000e+00
1.200000010470603229e-08
1.000000082740370999e-09
0.000000000000000000e+00
0.000000000000000000e+00
4.000000108916879071e-09
0.000000000000000000e+00
0.000000000000000000e+00
1.100000002196566129e-08
2.850000000442776127e-07
0.000000000000000000e+00
6.000000052353016144e-09
1.270000000719306854e-07
1.000000082740370999e-09
3.016760000000839881e-04
1.162699999990302047e-05
1.999999943436137073e-09
4.819999999128299351e-07
2.500000000349444917e-07
3.199999998315661287e-08
2.000000010049518551e-08
2.470000000087679837e-07
1.999999943436137073e-09
3.000000003972047580e-08
3.399999992659274994e-08
0.000000000000000000e+00
1.999999943436137073e-09
1.640000000246999434e-07
9.000000078529524217e-09
6.292999999990556148e-05
1.999999943436137073e-09
0.000000000000000000e+00
1.009999999190824838e-07
0.000000000000000000e+00
3.000000026176508072e-09
3.800000003550962901e-08
1.499999990883793544e-08
1.179999999934011612e-07
0.000000000000000000e+00
4.400000008786264516e-08
3.000000026176508072e-09
6.990000001039220479e-07
7.000000001866624189e-08
1.000000082740370999e-09
1.999999943436137073e-09
0.000000000000000000e+00
3.000000026176508072e-09
1.000000082740370999e-09
3.380603000000093061e-03
2.567999999980585812e-06
3.899999989620539509e-08
2.399999998736745965e-08
1.009999999190824838e-07
1.409999998980282498e-07
1.000000082740370999e-09
0.000000000000000000e+00
4.400000008786264516e-08
0.000000000000000000e+00
0.000000000000000000e+00
0.000000000000000000e+00
3.505000000014746320e-06
9.000000078529524217e-09
6.699999999248973381e-08
1.599999999157830644e-08
3.989999999287618948e-07
0.000000000000000000e+00
9.000000078529524217e-09
0.000000000000000000e+00
0.000000000000000000e+00
0.000000000000000000e+00
0.000000000000000000e+00
0.000000000000000000e+00
3.500000000933312094e-08
1.000000082740370999e-09
2.930000000400667659e-07
0.000000000000000000e+00
0.000000000000000000e+00
0.000000000000000000e+00
3.462000000009624046e-06
2.655999999934266498e-06
4.510000000124136932e-07
1.061999999940610451e-06
4.849999999390064431e-07
1.000000082740370999e-09
0.000000000000000000e+00
0.000000000000000000e+00
9.999999939225290291e-09
0.000000000000000000e+00
0.000000000000000000e+00
0.000000000000000000e+00
0.000000000000000000e+00
8.600000001024454832e-08
3.199999998315661287e-08
7.999999995789153218e-08
2.180000000517878789e-07
2.000000010049518551e-08
0.000000000000000000e+00
0.000000000000000000e+00
7.999999995789153218e-09
6.999999913048782219e-09
1.429299999999855686e-05
0.000000000000000000e+00
0.000000000000000000e+00
4.999999969612645145e-09
1.400000004814216936e-08
0.000000000000000000e+00
1.929999999816800482e-07
1.992199999989452408e-05
1.782000000005723450e-06
3.356510000001033944e-04
0.000000000000000000e+00
1.999999943436137073e-09
1.100000002196566129e-08
6.300000010561745967e-08
0.000000000000000000e+00
4.999999969612645145e-09
0.000000000000000000e+00
0.000000000000000000e+00
0.000000000000000000e+00
4.000000108916879071e-09
1.000000082740370999e-09
1.995990000001057751e-04
1.904999999968737256e-06
4.000000108916879071e-09
0.000000000000000000e+00
0.000000000000000000e+00
0.000000000000000000e+00
0.000000000000000000e+00
6.000000052353016144e-09
0.000000000000000000e+00
0.000000000000000000e+00
1.000000082740370999e-09
1.979999999512926934e-07
8.739999999285430476e-07
2.459999999260276127e-07
0.000000000000000000e+00
0.000000000000000000e+00
8.999999989711682247e-08
7.699999993171502410e-08
6.999999913048782219e-09
0.000000000000000000e+00
0.000000000000000000e+00
0.000000000000000000e+00
0.000000000000000000e+00
4.100000006168613709e-08
5.169999999221630560e-07
1.299999996540179836e-08
1.228600000002799675e-05
1.999999943436137073e-09
1.200000010470603229e-08
1.000000082740370999e-09
2.399999998736745965e-08
1.900000001775481451e-08
1.999999943436137073e-09
5.300000001096094593e-07
1.730000001032294676e-07
0.000000000000000000e+00
0.000000000000000000e+00
1.000000082740370999e-09
0.000000000000000000e+00
0.000000000000000000e+00
5.329999999137413624e-07
0.000000000000000000e+00
0.000000000000000000e+00
1.279999999326264515e-07
1.000000082740370999e-09
1.419999999807686208e-07
1.999999943436137073e-09
1.620000000812638064e-07
8.216850000000164300e-04
3.511999999927795102e-06
4.000000108916879071e-09
1.999999943436137073e-09
1.999999943436137073e-09
1.890000000948077741e-07
1.000000082740370999e-09
1.999999943436137073e-09
0.000000000000000000e+00
1.794300000002024831e-05
0.000000000000000000e+00
1.000000082740370999e-09
0.000000000000000000e+00
0.000000000000000000e+00
1.499999990883793544e-08
0.000000000000000000e+00
1.000000082740370999e-09
1.000000082740370999e-09
0.000000000000000000e+00
3.239999999404830078e-07
4.999999969612645145e-09
1.999999943436137073e-09
7.999999995789153218e-09
1.220000001023180403e-07
9.000000078529524217e-09
3.000000026176508072e-09
5.200000008365179838e-08
1.000000082740370999e-09
1.200000010470603229e-08
1.499999990883793544e-08
1.599999999157830644e-08
1.700000007431867743e-08
9.099999997985719347e-08
1.499999999765577741e-07
1.000000082740370999e-09
9.000000078529524217e-09
0.000000000000000000e+00
5.739999999754274995e-07
6.569999999594955398e-07
5.240000000572564431e-07
7.800000001445539510e-08
0.000000000000000000e+00
0.000000000000000000e+00
1.999999943436137073e-09
2.818000000015530304e-06
2.899999995698010480e-08
1.409999998980282498e-07
0.000000000000000000e+00
0.000000000000000000e+00
0.000000000000000000e+00
0.000000000000000000e+00
0.000000000000000000e+00
0.000000000000000000e+00
0.000000000000000000e+00
1.999999943436137073e-09
0.000000000000000000e+00
0.000000000000000000e+00
0.000000000000000000e+00
1.000000082740370999e-09
4.999999969612645145e-09
0.000000000000000000e+00
1.999999943436137073e-09
0.000000000000000000e+00
0.000000000000000000e+00
1.000000082740370999e-09
0.000000000000000000e+00
1.163000000081737539e-06
1.999999943436137073e-09
2.599999993080359673e-08
9.000000078529524217e-09
2.413599999995241774e-05
9.456112999999932711e-03
4.991859629999999548e-01
4.999950909999999471e-01
4.999992209999999382e-01
5.000000000000000000e-01
4.999999230000000683e-01
4.999999989999999173e-01
4.999984189999999717e-01
4.999999989999999173e-01
4.999952610000000242e-01
4.999999939999999476e-01
5.000000000000000000e-01
4.999999550000000514e-01
4.999998599999999627e-01
4.999999250000000117e-01
4.999999930000000870e-01
5.000000000000000000e-01
4.999998009999999660e-01
5.000000000000000000e-01
4.999999280000000379e-01
4.999999280000000379e-01
4.999906659999999725e-01
4.999997949999999136e-01
4.999215990000001053e-01
4.999965500000000951e-01
4.999981339999999275e-01
5.000000000000000000e-01
5.000000000000000000e-01
5.000000000000000000e-01
4.999999729999999865e-01
4.999995710000000315e-01
4.999999859999999519e-01
4.999999779999999561e-01
4.999995760000000011e-01
5.000000000000000000e-01
4.999993490000000929e-01
4.999988099999999047e-01
4.999999989999999173e-01
4.999691719999999062e-01
4.999979580000000201e-01
5.000000000000000000e-01
5.000000000000000000e-01
5.000000000000000000e-01
4.999999319999999248e-01
4.999999639999999079e-01
5.000000000000000000e-01
5.000000000000000000e-01
4.999999989999999173e-01
4.999999920000000042e-01
4.999996669999999810e-01
5.000000000000000000e-01
4.999999989999999173e-01
5.000000000000000000e-01
4.999998990000000809e-01
4.999999989999999173e-01
4.999999900000000608e-01
4.999978089999999042e-01
4.999999889999999780e-01
4.999770500000000339e-01
4.999993929999999587e-01
4.999266099999999380e-01
4.999997620000000698e-01
5.000000000000000000e-01
4.999620959999999670e-01
4.999988909999999454e-01
4.999999660000000734e-01
4.999999429999999467e-01
4.999996509999999894e-01
5.000000000000000000e-01
4.999998649999999323e-01
5.000000000000000000e-01
4.999957880000001076e-01
4.999998619999999061e-01
4.999999989999999173e-01
5.000000000000000000e-01
4.999873310000000348e-01
4.999998960000000547e-01
4.999896280000000193e-01
4.999999289999998986e-01
4.999994800000000517e-01
4.999999530000001080e-01
4.999999639999999079e-01
5.000000000000000000e-01
4.999999889999999780e-01
4.999329109999999243e-01
5.000000000000000000e-01
5.000000000000000000e-01
4.999999950000000304e-01
4.999999989999999173e-01
4.999999699999999603e-01
4.999942239999999316e-01
4.999999969999999738e-01
4.999999989999999173e-01
5.000000000000000000e-01
4.999999939999999476e-01
4.985007359999999998e-01
4.998152380000000505e-01
4.999999980000000566e-01
4.999999950000000304e-01
4.999999980000000566e-01
5.000000000000000000e-01
5.000000000000000000e-01
5.000000000000000000e-01
4.999999770000000954e-01
5.000000000000000000e-01
4.999915200000000226e-01
4.999999959999998911e-01
4.999999969999999738e-01
4.999999989999999173e-01
4.989833509999999084e-01
4.999963739999999657e-01
5.000000000000000000e-01
5.000000000000000000e-01
5.000000000000000000e-01
4.999998869999999762e-01
4.999808359999999841e-01
5.000000000000000000e-01
4.999999950000000304e-01
4.999999649999999907e-01
4.999998939999998893e-01
5.000000000000000000e-01
4.999999980000000566e-01
5.000000000000000000e-01
4.999999930000000870e-01
5.000000000000000000e-01
4.999189989999999195e-01
5.000000000000000000e-01
5.000000000000000000e-01
4.999999939999999476e-01
4.999997979999999398e-01
4.999965060000000072e-01
4.999999950000000304e-01
4.999860000000000415e-01
4.999999989999999173e-01
4.999871950000001064e-01
5.000000000000000000e-01
4.980916600000000471e-01
4.999999719999999037e-01
4.999999530000001080e-01
4.999950349999999766e-01
5.000000000000000000e-01
4.999999569999999949e-01
4.999998169999999575e-01
4.999997720000000090e-01
5.000000000000000000e-01
4.999992209999999382e-01
4.999984159999999456e-01
