   -1.570796     -1.570796
  1    1        0.27291540        0.00128149       -0.00000000        0.00000000
   -1.570796      0.000000
  1    1        0.17991422        0.00168043        0.00000000        0.00000000
   -1.570796      1.570796
  1    1        0.27288665        0.00112909       -0.00000000        0.00000000
   -1.570796      3.141593
  1    1        0.37327334        0.00066352       -0.00000000        0.00000000
    0.000000     -1.570796
  1    1        0.18155241        0.00106006        0.00000000        0.00000000
    0.000000      0.000000
  1    1       -0.00000323        0.00012647        0.00000000        0.00000000
    0.000000      1.570796
  1    1        0.18155241        0.00106006       -0.00000000        0.00000000
    0.000000      3.141593
  1    1        0.27539554        0.00193455        0.00000000        0.00000000
    1.570796     -1.570796
  1    1        0.27288665        0.00112909        0.00000000        0.00000000
    1.570796      0.000000
  1    1        0.17991422        0.00168043       -0.00000000        0.00000000
    1.570796      1.570796
  1    1        0.27291540        0.00128149        0.00000000        0.00000000
    1.570796      3.141593
  1    1        0.37327334        0.00066352       -0.00000000        0.00000000
    3.141593     -1.570796
  1    1        0.37621403        0.00198818       -0.00000000        0.00000000
    3.141593      0.000000
  1    1        0.27292081        0.00296278        0.00000000        0.00000000
    3.141593      1.570796
  1    1        0.37621403        0.00198818       -0.00000000        0.00000000
    3.141593      3.141593
  1    1        0.47914018        0.02201438        0.00000000        0.00000000
