   1.0000000000000000                1          16
        (1.0000000000000002,-5.61882625776010639E-004)
  -1.5707963267948966       -1.5707963267948966     
        (0.27774536109873282,1.55322803230273365E-015)
  -1.5707963267948966        0.0000000000000000     
        (0.18626507787611990,2.02594017950641359E-015)
  -1.5707963267948966        1.5707963267948966     
        (0.28085238421630987,1.35308431126190953E-015)
  -1.5707963267948966        3.1415926535897931     
        (0.37459084145144406,5.42101086242752217E-016)
   0.0000000000000000       -1.5707963267948966     
        (0.18259014451002020,4.34331390297693076E-016)
   0.0000000000000000        0.0000000000000000     
        (15.999504669894188,-1.79802440248414096E-002)
   0.0000000000000000        1.5707963267948966     
       (0.18259014451002020,-2.53920148796105138E-016)
   0.0000000000000000        3.1415926535897931     
        (0.27726773742705768,8.60639684518993420E-016)
   1.5707963267948966       -1.5707963267948966     
        (0.28085238421630998,1.57512891618694084E-015)
   1.5707963267948966        0.0000000000000000     
       (0.18626507787612079,-2.05716520207399611E-015)
   1.5707963267948966        1.5707963267948966     
        (0.27774536109873271,1.37498519514611672E-015)
   1.5707963267948966        3.1415926535897931     
        (0.37459084145144428,5.39282160594289905E-016)
   3.1415926535897931       -1.5707963267948966     
        (0.38290549445411903,4.12213665978988786E-016)
   3.1415926535897931        0.0000000000000000     
        (0.27738577729944924,2.42275817463610821E-015)
   3.1415926535897931        1.5707963267948966     
        (0.38290549445411903,6.12357387019812904E-016)
   3.1415926535897931        3.1415926535897931     
       (0.51827673100926974,-1.39406715338186160E-015)
   1.0000000000000000                1          16
         (1.0000000000000000,2.46899506545314668E-004)
  -1.5707963267948966       -1.5707963267948966     
       (0.27592493978452115,-5.72133486420600690E-016)
  -1.5707963267948966        0.0000000000000000     
       (0.18295177507586147,-1.50378841323739465E-016)
  -1.5707963267948966        1.5707963267948966     
       (0.27671274177396488,-1.32738871977400308E-015)
  -1.5707963267948966        3.1415926535897931     
       (0.37999540298588041,-1.54119338818814455E-015)
   0.0000000000000000       -1.5707963267948966     
       (0.18279504420361359,-1.04950770296596829E-016)
   0.0000000000000000        0.0000000000000000     
         (16.000273623983048,7.90078420948100990E-003)
   0.0000000000000000        1.5707963267948966     
       (0.18279504420361359,-1.34809698126847621E-015)
   0.0000000000000000        3.1415926535897931     
       (0.27410779095817805,-8.35269353682832616E-016)
   1.5707963267948966       -1.5707963267948966     
       (0.27671274177396499,-7.72277207461424808E-016)
   1.5707963267948966        0.0000000000000000     
       (0.18295177507586236,-2.01238765235034478E-015)
   1.5707963267948966        1.5707963267948966     
        (0.27592493978452082,2.67797936603919595E-017)
   1.5707963267948966        3.1415926535897931     
       (0.37999540298588064,-1.54368705318486121E-015)
   3.1415926535897931       -1.5707963267948966     
       (0.37386297018716730,-1.23707467880596056E-015)
   3.1415926535897931        0.0000000000000000     
        (0.27249345355435628,1.07704643814710010E-015)
   3.1415926535897931        1.5707963267948966     
       (0.37386297018716730,-1.14806168044490065E-015)
   3.1415926535897931        3.1415926535897931     
       (0.52551103128585042,-4.55093861900790486E-015)
   1.0000000000000000                1          16
        (1.0000000000000000,-6.58266788096199400E-005)
  -1.5707963267948966       -1.5707963267948966     
        (0.26885809245079140,6.44693716814193074E-016)
  -1.5707963267948966        0.0000000000000000     
        (0.18350183424509325,2.71701064424867411E-016)
  -1.5707963267948966        1.5707963267948966     
       (0.26866441641478578,-3.33798743853974678E-016)
  -1.5707963267948966        3.1415926535897931     
       (0.36280545107959628,-1.13095839117394181E-015)
   0.0000000000000000       -1.5707963267948966     
        (0.17928226212738674,1.22108269676179937E-016)
   0.0000000000000000        0.0000000000000000     
        (16.000074186104559,-2.10645372192413364E-003)
   0.0000000000000000        1.5707963267948966     
       (0.17928226212738696,-1.20644596743324506E-016)
   0.0000000000000000        3.1415926535897931     
        (0.26854767675934610,8.00710409434857162E-016)
   1.5707963267948966       -1.5707963267948966     
        (0.26866441641478600,7.76424280771181863E-016)
   1.5707963267948966        0.0000000000000000     
       (0.18350183424509325,-9.24444982369765356E-016)
   1.5707963267948966        1.5707963267948966     
        (0.26885809245079106,3.53043332415592381E-016)
   1.5707963267948966        3.1415926535897931     
       (0.36280545107959628,-9.07504323424679349E-016)
   3.1415926535897931       -1.5707963267948966     
        (0.37280327906883148,1.43366763773189465E-015)
   3.1415926535897931        0.0000000000000000     
        (0.27614081428450232,1.01109984100566930E-015)
   3.1415926535897931        1.5707963267948966     
        (0.37280327906883126,2.19011549347503109E-015)
   3.1415926535897931        3.1415926535897931     
       (0.43426176025467023,-9.78058779799173550E-015)
   1.0000000000000000                1          16
        (0.99999999999999989,1.45224634784817623E-004)
  -1.5707963267948966       -1.5707963267948966     
        (0.27421489166379909,5.60640943392254343E-016)
  -1.5707963267948966        0.0000000000000000     
        (0.18460413446130186,8.85088443508541545E-016)
  -1.5707963267948966        1.5707963267948966     
        (0.27602673160168900,2.49149659237168919E-016)
  -1.5707963267948966        3.1415926535897931     
        (0.37758519598341911,9.08507210434228440E-016)
   0.0000000000000000       -1.5707963267948966     
        (0.17984292442115413,3.16749664691640120E-016)
   0.0000000000000000        0.0000000000000000     
         (16.000173494068868,4.64718831310102169E-003)
   0.0000000000000000        1.5707963267948966     
       (0.17984292442115390,-8.15048983165977958E-016)
   0.0000000000000000        3.1415926535897931     
        (0.27575761631393647,1.75966012594397370E-016)
   1.5707963267948966       -1.5707963267948966     
        (0.27602673160168900,1.38127356774653265E-016)
   1.5707963267948966        0.0000000000000000     
        (0.18460413446130186,3.55347262032124078E-016)
   1.5707963267948966        1.5707963267948966     
        (0.27421489166379920,3.81747584932146111E-016)
   1.5707963267948966        3.1415926535897931     
       (0.37758519598341889,-8.69692772659247382E-016)
   3.1415926535897931       -1.5707963267948966     
       (0.38162848209501132,-3.70959773315915342E-016)
   3.1415926535897931        0.0000000000000000     
        (0.27423114126742554,2.02691596146165054E-015)
   3.1415926535897931        1.5707963267948966     
       (0.38162848209501110,-1.70490791623345572E-016)
   3.1415926535897931        3.1415926535897931     
       (0.51026723524386441,-3.22512199238400576E-015)
   1.0000000000000000                1          16
        (1.0000000000000002,-4.39813131004163299E-004)
  -1.5707963267948966       -1.5707963267948966     
       (0.27345512115699711,-1.04289406971380672E-015)
  -1.5707963267948966        0.0000000000000000     
       (0.18065140209511110,-2.96420873957536912E-016)
  -1.5707963267948966        1.5707963267948966     
       (0.27569395494057181,-6.88468379528295316E-016)
  -1.5707963267948966        3.1415926535897931     
       (0.38345749607358304,-2.73977888987086970E-016)
   0.0000000000000000       -1.5707963267948966     
        (0.18258205968395402,4.77048955893621951E-016)
   0.0000000000000000        0.0000000000000000     
        (16.000276205061283,-1.40740201920798516E-002)
   0.0000000000000000        1.5707963267948966     
       (0.18258205968395402,-1.76464745593740702E-015)
   0.0000000000000000        3.1415926535897931     
       (0.27509824256223248,-3.23417508052425973E-016)
   1.5707963267948966       -1.5707963267948966     
       (0.27569395494057169,-1.79869140415345186E-015)
   1.5707963267948966        0.0000000000000000     
       (0.18065140209511199,-1.04864034122797989E-015)
   1.5707963267948966        1.5707963267948966     
       (0.27345512115699722,-3.34042689342783916E-016)
   1.5707963267948966        3.1415926535897931     
       (0.38345749607358304,-9.40436964413926546E-016)
   3.1415926535897931       -1.5707963267948966     
       (0.37872673986452776,-1.43158054854986005E-015)
   3.1415926535897931        0.0000000000000000     
       (0.27826214734595955,-2.13587827979644373E-017)
   3.1415926535897931        1.5707963267948966     
       (0.37872673986452798,-2.00805084366040276E-015)
   3.1415926535897931        3.1415926535897931     
        (0.49684669994701425,5.13348044628436639E-015)
   1.0000000000000000                1          16
         (1.0000000000000002,3.49844498834314655E-004)
  -1.5707963267948966       -1.5707963267948966     
        (0.27949918712614030,1.36262529037978197E-015)
  -1.5707963267948966        0.0000000000000000     
        (0.18244770412470268,1.50498103562712870E-015)
  -1.5707963267948966        1.5707963267948966     
        (0.27253848590312824,1.27307019093247931E-015)
  -1.5707963267948966        3.1415926535897931     
       (0.37297378737375941,-1.04983296361771394E-015)
   0.0000000000000000       -1.5707963267948966     
        (0.18076935436814467,1.29117636721298723E-015)
   0.0000000000000000        0.0000000000000000     
         (16.000285851646158,1.11950239626659714E-002)
   0.0000000000000000        1.5707963267948966     
       (0.18076935436814490,-6.25584653524136058E-017)
   0.0000000000000000        3.1415926535897931     
        (0.27628144879371841,1.03725621841688209E-015)
   1.5707963267948966       -1.5707963267948966     
        (0.27253848590312824,1.82818170324505758E-015)
   1.5707963267948966        0.0000000000000000     
        (0.18244770412470357,5.30500122997157320E-016)
   1.5707963267948966        1.5707963267948966     
        (0.27949918712614008,1.96067120872278622E-015)
   1.5707963267948966        3.1415926535897931     
       (0.37297378737375941,-1.71683414013079627E-015)
   3.1415926535897931       -1.5707963267948966     
        (0.38039413504267683,1.26970916419777424E-015)
   3.1415926535897931        0.0000000000000000     
        (0.27911706214079723,1.81972492629967064E-015)
   3.1415926535897931        1.5707963267948966     
        (0.38039413504267683,8.04152751332498639E-016)
   3.1415926535897931        3.1415926535897931     
        (0.48100996333359447,2.23497435836161884E-015)
   1.0000000000000000                1          16
         (1.0000000000000000,3.57507504284466904E-004)
  -1.5707963267948966       -1.5707963267948966     
       (0.27032474353896896,-1.15814476064901584E-015)
  -1.5707963267948966        0.0000000000000000     
        (0.17949183430045645,5.15971813885851560E-016)
  -1.5707963267948966        1.5707963267948966     
       (0.27558414455879920,-1.24813354096531270E-015)
  -1.5707963267948966        3.1415926535897931     
       (0.37334364761655692,-1.93844506418683338E-015)
   0.0000000000000000       -1.5707963267948966     
       (0.18082943736336754,-1.40588495706195360E-015)
   0.0000000000000000        0.0000000000000000     
         (16.000000923534394,1.14402401371597878E-002)
   0.0000000000000000        1.5707963267948966     
       (0.18082943736336732,-1.64896308413320369E-015)
   0.0000000000000000        3.1415926535897931     
        (0.26890035740461871,1.63595265806337764E-015)
   1.5707963267948966       -1.5707963267948966     
       (0.27558414455879932,-1.91426735574040663E-015)
   1.5707963267948966        0.0000000000000000     
       (0.17949183430045734,-1.34668751844424506E-015)
   1.5707963267948966        1.5707963267948966     
       (0.27032474353896885,-1.33812232128160957E-015)
   1.5707963267948966        3.1415926535897931     
       (0.37334364761655714,-2.82629822323521296E-015)
   3.1415926535897931       -1.5707963267948966     
       (0.37809683800660332,-1.87100768905823500E-015)
   3.1415926535897931        0.0000000000000000     
       (0.27311672095676764,-1.73082034815585928E-015)
   3.1415926535897931        1.5707963267948966     
       (0.37809683800660354,-2.11419423634673365E-015)
   3.1415926535897931        3.1415926535897931     
        (0.47229370740967536,6.75013430567750206E-015)
   1.0000000000000000                1          16
       (0.99999999999999989,-8.61139986769076304E-005)
  -1.5707963267948966       -1.5707963267948966     
       (0.27035832197101262,-1.24444725357886199E-015)
  -1.5707963267948966        0.0000000000000000     
        (0.18194321815654146,7.99599102208059520E-016)
  -1.5707963267948966        1.5707963267948966     
        (0.27330123073159263,9.97276263306479116E-016)
  -1.5707963267948966        3.1415926535897931     
       (0.37181202214809539,-1.60136660876109005E-016)
   0.0000000000000000       -1.5707963267948966     
        (0.18145211025979457,1.23599047663347505E-016)
   0.0000000000000000        0.0000000000000000     
        (15.999702199298319,-2.75564795768363244E-003)
   0.0000000000000000        1.5707963267948966     
       (0.18145211025979480,-1.19750129951023965E-016)
   0.0000000000000000        3.1415926535897931     
        (0.27178388494045325,2.62802475094192634E-015)
   1.5707963267948966       -1.5707963267948966     
        (0.27330123073159251,1.33034317069402608E-015)
   1.5707963267948966        0.0000000000000000     
        (0.18194321815654324,4.91631475113551986E-016)
   1.5707963267948966        1.5707963267948966     
       (0.27035832197101228,-5.35758503533712016E-016)
   1.5707963267948966        3.1415926535897931     
        (0.37181202214809517,9.49083476739498444E-016)
   3.1415926535897931       -1.5707963267948966     
       (0.37702453990814755,-3.41794734876055273E-016)
   3.1415926535897931        0.0000000000000000     
        (0.27262054869324648,1.33218631438725144E-015)
   3.1415926535897931        1.5707963267948966     
        (0.37702453990814755,3.03061612264010627E-016)
   3.1415926535897931        3.1415926535897931     
       (0.48832829273409195,-6.56703966379901249E-015)
   1.0000000000000000                1          16
         (1.0000000000000000,3.04715513214868226E-004)
  -1.5707963267948966       -1.5707963267948966     
        (0.27456172316402006,7.27716498172270576E-016)
  -1.5707963267948966        0.0000000000000000     
       (0.18121697268276848,-5.46329474715445684E-016)
  -1.5707963267948966        1.5707963267948966     
       (0.27375898194284198,-2.02572333907191648E-015)
  -1.5707963267948966        3.1415926535897931     
       (0.37671547299608632,-1.19912760276896790E-015)
   0.0000000000000000       -1.5707963267948966     
        (0.18510549166223778,1.03758147906862774E-015)
   0.0000000000000000        0.0000000000000000     
         (16.000389478554752,9.75089642287873572E-003)
   0.0000000000000000        1.5707963267948966     
       (0.18510549166223755,-3.16803874800264396E-016)
   0.0000000000000000        3.1415926535897931     
        (0.27929352066940494,1.91795364312685734E-016)
   1.5707963267948966       -1.5707963267948966     
       (0.27375898194284198,-1.02652261690927560E-015)
   1.5707963267948966        0.0000000000000000     
       (0.18121697268276848,-1.52059354691091997E-015)
   1.5707963267948966        1.5707963267948966     
        (0.27456172316401994,3.27862736959616541E-016)
   1.5707963267948966        3.1415926535897931     
       (0.37671547299608632,-7.58833100522604553E-016)
   3.1415926535897931       -1.5707963267948966     
       (0.37438545894814379,-7.60893084650327012E-016)
   3.1415926535897931        0.0000000000000000     
       (0.27631620640257981,-8.58904961043016613E-016)
   3.1415926535897931        1.5707963267948966     
       (0.37438545894814379,-1.00516383411131116E-015)
   3.1415926535897931        3.1415926535897931     
       (0.53455714121113107,-3.01028733190600306E-015)
   1.0000000000000000                1          16
         (1.0000000000000000,5.66132873941379964E-005)
  -1.5707963267948966       -1.5707963267948966     
       (0.27250320464561029,-1.20011693725136093E-015)
  -1.5707963267948966        0.0000000000000000     
        (0.17944541075934939,1.12765157454786102E-015)
  -1.5707963267948966        1.5707963267948966     
       (0.27210607351994542,-4.01778220068815806E-016)
  -1.5707963267948966        3.1415926535897931     
        (0.37260942590286572,1.45346787990691118E-015)
   0.0000000000000000       -1.5707963267948966     
       (0.18048307853384971,-3.17264660723570735E-017)
   0.0000000000000000        0.0000000000000000     
         (16.000018365028684,1.81162519666593145E-003)
   0.0000000000000000        1.5707963267948966     
       (0.18048307853384971,-7.19029328265230472E-016)
   0.0000000000000000        3.1415926535897931     
        (0.28154769983312711,7.68997495889656157E-016)
   1.5707963267948966       -1.5707963267948966     
        (0.27210607351994553,2.64355594706278119E-016)
   1.5707963267948966        0.0000000000000000     
       (0.17944541075934672,-5.13071573074452836E-016)
   1.5707963267948966        1.5707963267948966     
        (0.27250320464561040,2.85538194651213662E-016)
   1.5707963267948966        3.1415926535897931     
        (0.37260942590286572,5.65303012733942012E-016)
   3.1415926535897931       -1.5707963267948966     
       (0.37714030383008124,-2.74940118415167856E-016)
   3.1415926535897931        0.0000000000000000     
        (0.27393480495066125,2.23334805510289058E-015)
   3.1415926535897931        1.5707963267948966     
       (0.37714030383008146,-5.18167323285134707E-016)
   3.1415926535897931        3.1415926535897931     
        (0.46317105906939482,2.16087185037766583E-014)
   1.0000000000000000                1          16
         (1.0000000000000002,1.87280478806365090E-004)
  -1.5707963267948966       -1.5707963267948966     
        (0.27024524311019216,4.27175655959288747E-016)
  -1.5707963267948966        0.0000000000000000     
        (0.17494019148916651,7.11616095910860835E-016)
  -1.5707963267948966        1.5707963267948966     
        (0.27003100730258589,3.79470760369926552E-018)
  -1.5707963267948966        3.1415926535897931     
        (0.37218566982338863,2.56608970183869189E-015)
   0.0000000000000000       -1.5707963267948966     
        (0.18067496648503234,1.44984935515624080E-015)
   0.0000000000000000        0.0000000000000000     
         (15.999577565647888,5.99297532177244224E-003)
   0.0000000000000000        1.5707963267948966     
        (0.18067496648503212,9.68734641115798212E-017)
   0.0000000000000000        3.1415926535897931     
        (0.27456631853131663,5.28873819738429063E-016)
   1.5707963267948966       -1.5707963267948966     
       (0.27003100730258622,-4.40294502246363351E-016)
   1.5707963267948966        0.0000000000000000     
       (0.17494019148916651,-2.62756396501862000E-016)
   1.5707963267948966        1.5707963267948966     
        (0.27024524311019194,9.12681388798297633E-016)
   1.5707963267948966        3.1415926535897931     
        (0.37218566982338863,3.01229310592510124E-015)
   3.1415926535897931       -1.5707963267948966     
       (0.37024291351588523,-9.02327258051061065E-016)
   3.1415926535897931        0.0000000000000000     
        (0.26241949340919879,2.62198032383031965E-015)
   3.1415926535897931        1.5707963267948966     
       (0.37024291351588523,-1.47809282174948819E-015)
   3.1415926535897931        3.1415926535897931     
        (0.43548093668201626,2.98770882166399243E-014)
   1.0000000000000000                1          16
        (1.0000000000000000,-2.45129245221259277E-004)
  -1.5707963267948966       -1.5707963267948966     
        (0.27540341365012466,2.34198511278593813E-015)
  -1.5707963267948966        0.0000000000000000     
        (0.18100577637722082,2.77870174786309931E-015)
  -1.5707963267948966        1.5707963267948966     
       (0.27689893688181100,-7.89299181569447228E-017)
  -1.5707963267948966        3.1415926535897931     
        (0.37809393170635253,1.36674525863522689E-015)
   0.0000000000000000       -1.5707963267948966     
        (0.18329191235417719,7.55905754656893691E-016)
   0.0000000000000000        0.0000000000000000     
        (16.000034465261056,-7.84413584711680240E-003)
   0.0000000000000000        1.5707963267948966     
        (0.18329191235417719,1.73342243336982449E-015)
   0.0000000000000000        3.1415926535897931     
        (0.27502510365211641,1.92987986702419789E-016)
   1.5707963267948966       -1.5707963267948966     
        (0.27689893688181111,3.65159291693117893E-016)
   1.5707963267948966        0.0000000000000000     
        (0.18100577637722171,6.93347289304480086E-016)
   1.5707963267948966        1.5707963267948966     
        (0.27540341365012477,1.64690310000548124E-016)
   1.5707963267948966        3.1415926535897931     
        (0.37809393170635253,1.36576947667998994E-015)
   3.1415926535897931       -1.5707963267948966     
        (0.37647442090524774,1.06728861859473056E-015)
   3.1415926535897931        0.0000000000000000     
        (0.27932122341389432,1.98517417782095862E-015)
   3.1415926535897931        1.5707963267948966     
        (0.37647442090524752,7.12646087974722064E-016)
   3.1415926535897931        3.1415926535897931     
        (0.49537391658555385,8.53050269311594889E-015)
