   -1.000000     -1.000000
  1    1       -0.00432731        0.00136582        0.00000000        0.00000000
   -1.000000      0.000000
  1    1       -0.05412450        0.00158758       -0.00000000        0.00000000
   -1.000000      1.000000
  1    1       -0.00432012        0.00123462        0.00000000        0.00000000
   -1.000000      2.000000
  1    1       -0.00545909        0.00160022       -0.00000000        0.00000000
    0.000000     -1.000000
  1    1       -0.05427102        0.00114119       -0.00000000        0.00000000
    0.000000      0.000000
  1    1        0.27131034        0.00214338        0.00000000        0.00000000
    0.000000      1.000000
  1    1       -0.05427102        0.00114119       -0.00000000        0.00000000
    0.000000      2.000000
  1    1       -0.00458179        0.00143548        0.00000000        0.00000000
    1.000000     -1.000000
  1    1       -0.00432012        0.00123462        0.00000000        0.00000000
    1.000000      0.000000
  1    1       -0.05412450        0.00158758       -0.00000000        0.00000000
    1.000000      1.000000
  1    1       -0.00432731        0.00136582        0.00000000        0.00000000
    1.000000      2.000000
  1    1       -0.00545909        0.00160022       -0.00000000        0.00000000
    2.000000     -1.000000
  1    1       -0.00593124        0.00130629       -0.00000000        0.00000000
    2.000000      0.000000
  1    1       -0.00343707        0.00125515        0.00000000        0.00000000
    2.000000      1.000000
  1    1       -0.00593124        0.00130629       -0.00000000        0.00000000
    2.000000      2.000000
  1    1       -0.00642816        0.00113627        0.00000000        0.00000000
