   1.0000000000000000                1          16
               (0.0000000000000000,0.0000000000000000)
  -1.5707963267948966       -1.5707963267948966     
        (1.0109145832671380,-1.76490395385280573E-005)
  -1.5707963267948966        0.0000000000000000     
        (1.8480762136030486,-1.51038662085383000E-003)
  -1.5707963267948966        1.5707963267948966     
       (0.99309011883885900,-2.57781226200793625E-003)
  -1.5707963267948966        3.1415926535897931     
       (0.15357597176608923,-2.25238934352122149E-004)
   0.0000000000000000       -1.5707963267948966     
         (1.8497864579456089,1.18446179938477272E-003)
   0.0000000000000000        0.0000000000000000     
        (1.9377397058494783,-2.39374922993224049E-004)
   0.0000000000000000        1.5707963267948966     
         (1.8487567217427423,4.07588138788711387E-004)
   0.0000000000000000        3.1415926535897931     
        (1.0159640933133154,-1.51664916462162678E-003)
   1.5707963267948966       -1.5707963267948966     
        (1.0069098811611461,-2.57781226201268246E-003)
   1.5707963267948966        0.0000000000000000     
        (1.8464240282339099,-2.25238934355410751E-004)
   1.5707963267948966        1.5707963267948966     
       (0.98908541673286154,-1.76490395477151528E-005)
   1.5707963267948966        3.1415926535897931     
       (0.15192378639695067,-1.51038662086059022E-003)
   3.1415926535897931       -1.5707963267948966     
        (0.15124327825725825,4.07588138784090084E-004)
   3.1415926535897931        0.0000000000000000     
       (0.98403590668668639,-1.51664916462225779E-003)
   3.1415926535897931        1.5707963267948966     
        (0.15021354205439230,1.18446179938771481E-003)
   3.1415926535897931        3.1415926535897931     
  (6.22602941505195073E-002,-2.39374922995617100E-004)
   1.0000000000000000                1          16
               (0.0000000000000000,0.0000000000000000)
  -1.5707963267948966       -1.5707963267948966     
         (1.0018356517739031,4.85186357795431601E-005)
  -1.5707963267948966        0.0000000000000000     
        (1.8445738159587353,-1.20225383398083266E-003)
  -1.5707963267948966        1.5707963267948966     
         (1.0068193632666822,6.91588344787872310E-003)
  -1.5707963267948966        3.1415926535897931     
       (0.15702258067414537,-1.14113318035499647E-003)
   0.0000000000000000       -1.5707963267948966     
        (1.8430919194192568,-1.17078353706360225E-003)
   0.0000000000000000        0.0000000000000000     
         (1.9374958037057426,7.00965210468839847E-005)
   0.0000000000000000        1.5707963267948966     
        (1.8435811394405466,-7.77058738000857650E-004)
   0.0000000000000000        3.1415926535897931     
        (1.0097710983310868,-7.68073262946350217E-004)
   1.5707963267948966       -1.5707963267948966     
        (0.99318063673332002,6.91588344787286667E-003)
   1.5707963267948966        0.0000000000000000     
        (1.8429774193258530,-1.14113318035560666E-003)
   1.5707963267948966        1.5707963267948966     
        (0.99816434822609645,4.85186357804035830E-005)
   1.5707963267948966        3.1415926535897931     
       (0.15542618404126413,-1.20225383397478281E-003)
   3.1415926535897931       -1.5707963267948966     
       (0.15641886055945428,-7.77058737994723667E-004)
   3.1415926535897931        0.0000000000000000     
       (0.99022890166891619,-7.68073262946928747E-004)
   3.1415926535897931        1.5707963267948966     
       (0.15690808058074304,-1.17078353706418512E-003)
   3.1415926535897931        3.1415926535897931     
   (6.25041962942551182E-002,7.00965210495285707E-005)
   1.0000000000000000                1          16
               (0.0000000000000000,0.0000000000000000)
  -1.5707963267948966       -1.5707963267948966     
       (0.99779981003822849,-1.21946353127859734E-003)
  -1.5707963267948966        0.0000000000000000     
        (1.8484574196826276,-7.79909893847236316E-004)
  -1.5707963267948966        1.5707963267948966     
       (0.98759092778409252,-3.96545783307267240E-004)
  -1.5707963267948966        3.1415926535897931     
       (0.15219566967301765,-7.96005895210573659E-004)
   0.0000000000000000       -1.5707963267948966     
         (1.8459643492535085,5.28886657454294461E-004)
   0.0000000000000000        0.0000000000000000     
        (1.9368677445139966,-6.74915468418219250E-004)
   0.0000000000000000        1.5707963267948966     
        (1.8464826307763686,-9.21577861141759059E-004)
   0.0000000000000000        3.1415926535897931     
        (0.99551798396860092,3.73291834528934052E-003)
   1.5707963267948966       -1.5707963267948966     
        (1.0124090722159098,-3.96545783310431376E-004)
   1.5707963267948966        0.0000000000000000     
        (1.8478043303269809,-7.96005895217753896E-004)
   1.5707963267948966        1.5707963267948966     
        (1.0022001899617723,-1.21946353128720157E-003)
   1.5707963267948966        3.1415926535897931     
       (0.15154258031737136,-7.79909893857598036E-004)
   3.1415926535897931       -1.5707963267948966     
       (0.15351736922363152,-9.21577861143507661E-004)
   3.1415926535897931        0.0000000000000000     
         (1.0044820160314014,3.73291834529163816E-003)
   3.1415926535897931        1.5707963267948966     
        (0.15403565074649039,5.28886657452212793E-004)
   3.1415926535897931        3.1415926535897931     
  (6.31322554860019591E-002,-6.74915468420984183E-004)
   1.0000000000000000                1          16
               (0.0000000000000000,0.0000000000000000)
  -1.5707963267948966       -1.5707963267948966     
        (1.0084837841882031,-2.94368804197792837E-003)
  -1.5707963267948966        0.0000000000000000     
        (1.8441050849985001,-1.26285992189500550E-003)
  -1.5707963267948966        1.5707963267948966     
        (0.98748981153545146,1.98041640023249128E-003)
  -1.5707963267948966        3.1415926535897931     
       (0.15440761604074102,-5.14775341571569833E-004)
   0.0000000000000000       -1.5707963267948966     
        (1.8446344954510532,-1.43768528544800113E-004)
   0.0000000000000000        0.0000000000000000     
        (1.9354387433680718,-8.57947202211766934E-004)
   0.0000000000000000        1.5707963267948966     
        (1.8440757956546694,-1.42692909714629292E-004)
   0.0000000000000000        3.1415926535897931     
         (1.0186091531190011,5.04711262396370739E-003)
   1.5707963267948966       -1.5707963267948966     
         (1.0125101884645504,1.98041640023571093E-003)
   1.5707963267948966        0.0000000000000000     
        (1.8455923839592587,-5.14775341567607291E-004)
   1.5707963267948966        1.5707963267948966     
       (0.99151621581179772,-2.94368804198231375E-003)
   1.5707963267948966        3.1415926535897931     
       (0.15589491500149852,-1.26285992189513864E-003)
   3.1415926535897931       -1.5707963267948966     
       (0.15592420434533008,-1.42692909707912443E-004)
   3.1415926535897931        0.0000000000000000     
        (0.98139084688100198,5.04711262396165955E-003)
   3.1415926535897931        1.5707963267948966     
       (0.15536550454894640,-1.43768528554459054E-004)
   3.1415926535897931        3.1415926535897931     
  (6.45612566319245101E-002,-8.57947202213349652E-004)
   1.0000000000000000                1          16
               (0.0000000000000000,0.0000000000000000)
  -1.5707963267948966       -1.5707963267948966     
        (0.99708177062443037,2.89287912955299691E-003)
  -1.5707963267948966        0.0000000000000000     
        (1.8451493424532392,-3.95171730173697155E-004)
  -1.5707963267948966        1.5707963267948966     
       (0.99375684866594216,-2.13254226214484931E-004)
  -1.5707963267948966        3.1415926535897931     
       (0.15539631979094606,-1.08025495987850275E-003)
   0.0000000000000000       -1.5707963267948966     
         (1.8460458273834961,1.52422713220501122E-003)
   0.0000000000000000        0.0000000000000000     
        (1.9358941444983317,-6.39404551705748244E-004)
   0.0000000000000000        1.5707963267948966     
         (1.8459366617463848,8.25469157051947409E-004)
   0.0000000000000000        3.1415926535897931     
        (1.0037156139268197,-6.43299499888669302E-003)
   1.5707963267948966       -1.5707963267948966     
        (1.0062431513340626,-2.13254226216178021E-004)
   1.5707963267948966        0.0000000000000000     
        (1.8446036802090537,-1.08025495988226710E-003)
   1.5707963267948966        1.5707963267948966     
         (1.0029182293755685,2.89287912956057418E-003)
   1.5707963267948966        3.1415926535897931     
       (0.15485065754675911,-3.95171730165158846E-004)
   3.1415926535897931       -1.5707963267948966     
        (0.15406333825361479,8.25469157053612744E-004)
   3.1415926535897931        0.0000000000000000     
       (0.99628438607318504,-6.43299499888414037E-003)
   3.1415926535897931        1.5707963267948966     
        (0.15395417261650537,1.52422713221561385E-003)
   3.1415926535897931        3.1415926535897931     
  (6.41058555016655873E-002,-6.39404551699380942E-004)
   1.0000000000000000                1          16
               (0.0000000000000000,0.0000000000000000)
  -1.5707963267948966       -1.5707963267948966     
        (0.99946978711613566,3.54124806207927693E-003)
  -1.5707963267948966        0.0000000000000000     
        (1.8454935495441911,-2.47218821404506591E-004)
  -1.5707963267948966        1.5707963267948966     
       (0.98733792534622289,-3.66772561242329539E-003)
  -1.5707963267948966        3.1415926535897931     
       (0.15750637089637726,-1.59896953095810821E-003)
   0.0000000000000000       -1.5707963267948966     
         (1.8474587440141153,8.28624929331673384E-004)
   0.0000000000000000        0.0000000000000000     
        (1.9373619729853591,-3.16033327741378918E-004)
   0.0000000000000000        1.5707963267948966     
        (1.8452895281143216,-1.11601565480517421E-003)
   0.0000000000000000        3.1415926535897931     
         (1.0113893090652941,5.37484594661264380E-003)
   1.5707963267948966       -1.5707963267948966     
        (1.0126620746537793,-3.66772561242412806E-003)
   1.5707963267948966        0.0000000000000000     
        (1.8424936291036229,-1.59896953095938692E-003)
   1.5707963267948966        1.5707963267948966     
         (1.0005302128838640,3.54124806207378132E-003)
   1.5707963267948966        3.1415926535897931     
       (0.15450645045580830,-2.47218821413330804E-004)
   3.1415926535897931       -1.5707963267948966     
       (0.15471047188567993,-1.11601565480292601E-003)
   3.1415926535897931        0.0000000000000000     
        (0.98861069093470899,5.37484594660963058E-003)
   3.1415926535897931        1.5707963267948966     
        (0.15254125598588605,8.28624929320390742E-004)
   3.1415926535897931        3.1415926535897931     
  (6.26380270146379842E-002,-3.16033327746198197E-004)
   1.0000000000000000                1          16
               (0.0000000000000000,0.0000000000000000)
  -1.5707963267948966       -1.5707963267948966     
         (1.0082886570278038,1.31678148100519915E-003)
  -1.5707963267948966        0.0000000000000000     
        (1.8449275874486675,-5.91127439846079908E-004)
  -1.5707963267948966        1.5707963267948966     
       (0.99569257243112341,-1.34645571923660895E-003)
  -1.5707963267948966        3.1415926535897931     
        (0.15779624952309951,2.90511114302784601E-004)
   0.0000000000000000       -1.5707963267948966     
         (1.8456057696720400,1.54892788219809568E-003)
   0.0000000000000000        0.0000000000000000     
        (1.9361922333954311,-1.99537643060523407E-004)
   0.0000000000000000        1.5707963267948966     
         (1.8462915500379016,1.77905541619849178E-003)
   0.0000000000000000        3.1415926535897931     
         (1.0148121756226662,6.19049427131866973E-005)
   1.5707963267948966       -1.5707963267948966     
        (1.0043074275688770,-1.34645571924510215E-003)
   1.5707963267948966        0.0000000000000000     
         (1.8422037504768989,2.90511114296772050E-004)
   1.5707963267948966        1.5707963267948966     
        (0.99171134297219732,1.31678148099920395E-003)
   1.5707963267948966        3.1415926535897931     
       (0.15507241255133175,-5.91127439840233890E-004)
   3.1415926535897931       -1.5707963267948966     
        (0.15370844996209787,1.77905541620706825E-003)
   3.1415926535897931        0.0000000000000000     
        (0.98518782437733854,6.19049427140926567E-005)
   3.1415926535897931        1.5707963267948966     
        (0.15439423032795965,1.54892788219962224E-003)
   3.1415926535897931        3.1415926535897931     
  (6.38077666045661629E-002,-1.99537643054530371E-004)
   1.0000000000000000                1          16
               (0.0000000000000000,0.0000000000000000)
  -1.5707963267948966       -1.5707963267948966     
        (0.99081797845727582,2.92468974679171122E-003)
  -1.5707963267948966        0.0000000000000000     
        (1.8456032980746613,-2.53177101098324528E-004)
  -1.5707963267948966        1.5707963267948966     
         (1.0009141544872799,5.98909380437653610E-004)
  -1.5707963267948966        3.1415926535897931     
       (0.15198517677074605,-1.82761496907278944E-003)
   0.0000000000000000       -1.5707963267948966     
        (1.8463370838366906,-8.46646723089897581E-005)
   0.0000000000000000        0.0000000000000000     
        (1.9371154958189762,-6.61926571745155849E-004)
   0.0000000000000000        1.5707963267948966     
        (1.8452063731564021,-1.57021036820364818E-004)
   0.0000000000000000        3.1415926535897931     
       (0.99951885381872252,-1.22810676557855679E-003)
   1.5707963267948966       -1.5707963267948966     
        (0.99908584551272273,5.98909380428133448E-004)
   1.5707963267948966        0.0000000000000000     
        (1.8480148232292528,-1.82761496907725722E-003)
   1.5707963267948966        1.5707963267948966     
         (1.0091820215427223,2.92468974678307923E-003)
   1.5707963267948966        3.1415926535897931     
       (0.15439670192533730,-2.53177101108678876E-004)
   3.1415926535897931       -1.5707963267948966     
       (0.15479362684359854,-1.57021036822848942E-004)
   3.1415926535897931        0.0000000000000000     
        (1.0004811461812804,-1.22810676557844490E-003)
   3.1415926535897931        1.5707963267948966     
       (0.15366291616330885,-8.46646723129171721E-005)
   3.1415926535897931        3.1415926535897931     
  (6.28845041810211641E-002,-6.61926571746782803E-004)
   1.0000000000000000                1          16
               (0.0000000000000000,0.0000000000000000)
  -1.5707963267948966       -1.5707963267948966     
        (1.0045319624297955,-5.94212438816011735E-004)
  -1.5707963267948966        0.0000000000000000     
         (1.8453472206371409,1.17566843492047349E-003)
  -1.5707963267948966        1.5707963267948966     
         (1.0086628813385421,5.70954726331999660E-003)
  -1.5707963267948966        3.1415926535897931     
       (0.15348554001382189,-2.69032380043857273E-003)
   0.0000000000000000       -1.5707963267948966     
        (1.8440421150257231,-6.42938695267599369E-004)
   0.0000000000000000        0.0000000000000000     
         (1.9365320518596512,3.87910040511628114E-004)
   0.0000000000000000        1.5707963267948966     
        (1.8441428197434488,-1.81981505279743181E-003)
   0.0000000000000000        3.1415926535897931     
        (0.97308130590549091,9.11888354292406198E-004)
   1.5707963267948966       -1.5707963267948966     
        (0.99133711866146168,5.70954726331977455E-003)
   1.5707963267948966        0.0000000000000000     
        (1.8465144599861774,-2.69032380044078017E-003)
   1.5707963267948966        1.5707963267948966     
       (0.99546803757020241,-5.94212438826225786E-004)
   1.5707963267948966        3.1415926535897931     
        (0.15465277936285868,1.17566843492168129E-003)
   3.1415926535897931       -1.5707963267948966     
       (0.15585718025655126,-1.81981505279662690E-003)
   3.1415926535897931        0.0000000000000000     
         (1.0269186940945114,9.11888354289484490E-004)
   3.1415926535897931        1.5707963267948966     
       (0.15595788497427657,-6.42938695268348770E-004)
   3.1415926535897931        3.1415926535897931     
   (6.34679481403473966E-002,3.87910040514136850E-004)
   1.0000000000000000                1          16
               (0.0000000000000000,0.0000000000000000)
  -1.5707963267948966       -1.5707963267948966     
         (1.0091663044399912,3.34314422826971708E-003)
  -1.5707963267948966        0.0000000000000000     
         (1.8437111487030189,7.08169109357829028E-004)
  -1.5707963267948966        1.5707963267948966     
        (0.99310329169912637,1.67343114950834143E-003)
  -1.5707963267948966        3.1415926535897931     
       (0.15485258870800225,-2.20738920882979474E-003)
   0.0000000000000000       -1.5707963267948966     
         (1.8407918674494457,4.20038657390547562E-006)
   0.0000000000000000        0.0000000000000000     
        (1.9367586204512253,-1.34304424972423592E-004)
   0.0000000000000000        1.5707963267948966     
        (1.8445088296643648,-1.58787796615357741E-003)
   0.0000000000000000        3.1415926535897931     
       (0.99435527343252261,-1.34646697461194079E-003)
   1.5707963267948966       -1.5707963267948966     
         (1.0068967083008793,1.67343114951089495E-003)
   1.5707963267948966        0.0000000000000000     
        (1.8451474112919963,-2.20738920883247315E-003)
   1.5707963267948966        1.5707963267948966     
        (0.99083369556000722,3.34314422826638641E-003)
   1.5707963267948966        3.1415926535897931     
        (0.15628885129697920,7.08169109362504975E-004)
   3.1415926535897931       -1.5707963267948966     
       (0.15549117033563573,-1.58787796615076022E-003)
   3.1415926535897931        0.0000000000000000     
        (1.0056447265674802,-1.34646697461091860E-003)
   3.1415926535897931        1.5707963267948966     
        (0.15920813255055435,4.20038658470239454E-006)
   3.1415926535897931        3.1415926535897931     
  (6.32413795487716118E-002,-1.34304424966184225E-004)
   1.0000000000000000                1          16
               (0.0000000000000000,0.0000000000000000)
  -1.5707963267948966       -1.5707963267948966     
         (1.0035128838930241,4.47542993758068557E-004)
  -1.5707963267948966        0.0000000000000000     
         (1.8466579524388185,1.40991877109004709E-003)
  -1.5707963267948966        1.5707963267948966     
         (1.0021474846387737,3.30104708129968800E-003)
  -1.5707963267948966        3.1415926535897931     
       (0.15397406229584867,-1.15225149515908037E-003)
   0.0000000000000000       -1.5707963267948966     
        (1.8471947678385552,-1.57142554031266830E-003)
   0.0000000000000000        0.0000000000000000     
        (1.9371231391295891,-1.25972076278306499E-004)
   0.0000000000000000        1.5707963267948966     
         (1.8454471500994605,1.64966022466176126E-003)
   0.0000000000000000        3.1415926535897931     
       (0.99152066215112311,-2.46027612860957780E-003)
   1.5707963267948966       -1.5707963267948966     
        (0.99785251536123154,3.30104708130196395E-003)
   1.5707963267948966        0.0000000000000000     
        (1.8460259377041499,-1.15225149514991193E-003)
   1.5707963267948966        1.5707963267948966     
        (0.99648711610697449,4.47542993757235890E-004)
   1.5707963267948966        3.1415926535897931     
        (0.15334204756118128,1.40991877109220270E-003)
   3.1415926535897931       -1.5707963267948966     
        (0.15455284990054027,1.64966022466294087E-003)
   3.1415926535897931        0.0000000000000000     
        (1.0084793378488799,-2.46027612861183902E-003)
   3.1415926535897931        1.5707963267948966     
       (0.15280523216144515,-1.57142554031914922E-003)
   3.1415926535897931        3.1415926535897931     
  (6.28768608704080578E-002,-1.25972076281767272E-004)
   1.0000000000000000                1          16
               (0.0000000000000000,0.0000000000000000)
  -1.5707963267948966       -1.5707963267948966     
       (0.99551524364371402,-4.70825593413838270E-003)
  -1.5707963267948966        0.0000000000000000     
         (1.8455410875742566,1.77442685471669364E-003)
  -1.5707963267948966        1.5707963267948966     
        (0.98686880474303074,7.28417920866520274E-004)
  -1.5707963267948966        3.1415926535897931     
        (0.15130640309931989,2.26080694243525285E-003)
   0.0000000000000000       -1.5707963267948966     
         (1.8473356996450796,1.82354322953392567E-004)
   0.0000000000000000        0.0000000000000000     
        (1.9382397545252823,-4.68682664739284664E-005)
   0.0000000000000000        1.5707963267948966     
        (1.8483376682359862,-7.71644057285861750E-004)
   0.0000000000000000        3.1415926535897931     
       (0.99964437828107144,-1.38027174483062662E-003)
   1.5707963267948966       -1.5707963267948966     
         (1.0131311952569695,7.28417920868546431E-004)
   1.5707963267948966        0.0000000000000000     
         (1.8486935969006795,2.26080694243141738E-003)
   1.5707963267948966        1.5707963267948966     
        (1.0044847563562866,-4.70825593414296237E-003)
   1.5707963267948966        3.1415926535897931     
        (0.15445891242574136,1.77442685470654009E-003)
   3.1415926535897931       -1.5707963267948966     
       (0.15166233176401420,-7.71644057283335993E-004)
   3.1415926535897931        0.0000000000000000     
        (1.0003556217189351,-1.38027174483025495E-003)
   3.1415926535897931        1.5707963267948966     
        (0.15266430035491929,1.82354322943303416E-004)
   3.1415926535897931        3.1415926535897931     
  (6.17602454747136487E-002,-4.68682664764739562E-005)
