   1.0000000000000000                1          16
               (0.0000000000000000,0.0000000000000000)
  -1.5707963267948966       -1.5707963267948966     
       (0.60370764406471766,-2.53076610575793106E-016)
  -1.5707963267948966        0.0000000000000000     
        (0.40089737432281686,1.16261898484251095E-016)
  -1.5707963267948966        1.5707963267948966     
       (0.60160203993628014,-7.25010496303175763E-016)
  -1.5707963267948966        3.1415926535897931     
        (0.81954242638336527,1.81087704780898266E-016)
   0.0000000000000000       -1.5707963267948966     
        (0.39625919729176279,2.94754524130082040E-016)
   0.0000000000000000        0.0000000000000000     
   (9.00483670774913925E-003,1.70766966200744478E-016)
   0.0000000000000000        1.5707963267948966     
        (0.39625919729176279,4.05865926854288822E-016)
   0.0000000000000000        3.1415926535897931     
       (0.59768381855054453,-2.98415762971979818E-016)
   1.5707963267948966       -1.5707963267948966     
       (0.60160203993628014,-6.69499345071917936E-016)
   1.5707963267948966        0.0000000000000000     
        (0.40089737432281686,1.65870532491927166E-017)
   1.5707963267948966        1.5707963267948966     
       (0.60370764406471766,-3.64277113561691015E-016)
   1.5707963267948966        3.1415926535897931     
        (0.81954242638336527,1.13135600853259865E-016)
   3.1415926535897931       -1.5707963267948966     
        (0.82088979022676567,9.60977439166867191E-016)
   3.1415926535897931        0.0000000000000000     
        (0.60747187190613161,6.72116715653303997E-016)
   3.1415926535897931        1.5707963267948966     
        (0.82088979022676567,8.50044236966042565E-016)
   3.1415926535897931        3.1415926535897931     
        (3.0577090055407532,-1.26531967781810863E-015)
   1.0000000000000000                1          16
               (0.0000000000000000,0.0000000000000000)
  -1.5707963267948966       -1.5707963267948966     
       (0.60283891894008645,-3.87004326961152572E-016)
  -1.5707963267948966        0.0000000000000000     
       (0.39983594322320126,-5.58965815091256074E-016)
  -1.5707963267948966        1.5707963267948966     
       (0.60230320434181872,-1.27477485035868176E-015)
  -1.5707963267948966        3.1415926535897931     
       (0.81691218463584980,-9.10189845904551630E-016)
   0.0000000000000000       -1.5707963267948966     
       (0.39690176932305776,-9.87100614163776768E-016)
   0.0000000000000000        0.0000000000000000     
  (9.07574395499055608E-003,-4.54401828889979339E-017)
   0.0000000000000000        1.5707963267948966     
       (0.39690176932305787,-9.59752934850743700E-016)
   0.0000000000000000        3.1415926535897931     
       (0.60155091791728132,-1.12525404506528746E-015)
   1.5707963267948966       -1.5707963267948966     
       (0.60230320434181872,-1.19150812351179502E-015)
   1.5707963267948966        0.0000000000000000     
       (0.39983594322320126,-4.91879877480410651E-016)
   1.5707963267948966        1.5707963267948966     
       (0.60283891894008645,-5.24966412434105052E-016)
   1.5707963267948966        3.1415926535897931     
       (0.81691218463585002,-1.09163773947301719E-015)
   3.1415926535897931       -1.5707963267948966     
       (0.82218778995353003,-1.65364232524146654E-015)
   3.1415926535897931        0.0000000000000000     
       (0.60156553566426141,-7.60696807751363525E-016)
   3.1415926535897931        1.5707963267948966     
       (0.82218778995353003,-1.73731694839094952E-015)
   3.1415926535897931        3.1415926535897931     
         (3.0889765338250479,1.46808528703072777E-015)
   1.0000000000000000                1          16
               (0.0000000000000000,0.0000000000000000)
  -1.5707963267948966       -1.5707963267948966     
        (0.60995398939290835,7.83650939801042428E-016)
  -1.5707963267948966        0.0000000000000000     
        (0.39667383417421098,9.20872810159401967E-016)
  -1.5707963267948966        1.5707963267948966     
        (0.61275376299395723,1.72860461321937733E-015)
  -1.5707963267948966        3.1415926535897931     
        (0.83821590214761177,2.03016256023395423E-015)
   0.0000000000000000       -1.5707963267948966     
        (0.40632992424338965,3.12062245772823685E-016)
   0.0000000000000000        0.0000000000000000     
  (9.69829836986813021E-003,-1.30815643307971376E-017)
   0.0000000000000000        1.5707963267948966     
        (0.40632992424338976,3.66309294517129670E-016)
   0.0000000000000000        3.1415926535897931     
        (0.62117250584844552,1.56554840050232203E-015)
   1.5707963267948966       -1.5707963267948966     
        (0.61275376299395712,1.67309346198811950E-015)
   1.5707963267948966        0.0000000000000000     
        (0.39667383417421109,8.21166443252693940E-016)
   1.5707963267948966        1.5707963267948966     
        (0.60995398939290824,7.86179144774946112E-016)
   1.5707963267948966        3.1415926535897931     
        (0.83821590214761177,2.01308464363719301E-015)
   3.1415926535897931       -1.5707963267948966     
        (0.82213925334491034,1.06019868490785256E-015)
   3.1415926535897931        0.0000000000000000     
        (0.59884611791132747,1.23597395146453065E-015)
   3.1415926535897931        1.5707963267948966     
        (0.82213925334491034,9.20156704342756148E-016)
   3.1415926535897931        3.1415926535897931     
         (3.1472946371005883,7.43853729037529670E-015)
   1.0000000000000000                1          16
               (0.0000000000000000,0.0000000000000000)
  -1.5707963267948966       -1.5707963267948966     
        (0.60375770377426063,1.31589766637248601E-015)
  -1.5707963267948966        0.0000000000000000     
        (0.39990370046193235,7.93364036432952326E-016)
  -1.5707963267948966        1.5707963267948966     
        (0.60346722790142160,8.72367000984724972E-016)
  -1.5707963267948966        3.1415926535897931     
        (0.81846017889592437,7.61149282181488026E-016)
   0.0000000000000000       -1.5707963267948966     
        (0.39729021135645404,2.24257508063767901E-016)
   0.0000000000000000        0.0000000000000000     
   (8.30525023236286519E-003,7.33575757158303967E-017)
   0.0000000000000000        1.5707963267948966     
        (0.39729021135645404,2.51454539217095334E-016)
   0.0000000000000000        3.1415926535897931     
        (0.60364137498252646,3.84708592317550919E-016)
   1.5707963267948966       -1.5707963267948966     
        (0.60346722790142160,7.05833547290951491E-016)
   1.5707963267948966        0.0000000000000000     
        (0.39990370046193235,4.71871351281575013E-016)
   1.5707963267948966        1.5707963267948966     
        (0.60375770377426041,1.26150360406583114E-015)
   1.5707963267948966        3.1415926535897931     
        (0.81846017889592415,3.02033397888958745E-016)
   3.1415926535897931       -1.5707963267948966     
        (0.81988268538098574,1.52821101753602536E-015)
   3.1415926535897931        0.0000000000000000     
        (0.60248075702553749,9.85127587660810613E-016)
   3.1415926535897931        1.5707963267948966     
        (0.81988268538098563,1.52765247307372397E-015)
   3.1415926535897931        3.1415926535897931     
         (3.0918149948699831,4.11106065341936894E-015)
   1.0000000000000000                1          16
               (0.0000000000000000,0.0000000000000000)
  -1.5707963267948966       -1.5707963267948966     
       (0.60719806870780446,-2.70426129955820797E-015)
  -1.5707963267948966        0.0000000000000000     
       (0.40169566614137003,-1.54302872196441747E-015)
  -1.5707963267948966        1.5707963267948966     
       (0.60516555570617525,-2.73163424581034218E-015)
  -1.5707963267948966        3.1415926535897931     
       (0.81869748870891601,-3.26446069347479786E-015)
   0.0000000000000000       -1.5707963267948966     
       (0.40045313732671456,-1.41763299404443304E-015)
   0.0000000000000000        0.0000000000000000     
   (9.16044520795325501E-003,3.09597104506352806E-017)
   0.0000000000000000        1.5707963267948966     
       (0.40045313732671456,-1.52903792587044339E-015)
   0.0000000000000000        3.1415926535897931     
       (0.60735533011700726,-2.52669816753893004E-015)
   1.5707963267948966       -1.5707963267948966     
       (0.60516555570617536,-2.81490097265722892E-015)
   1.5707963267948966        0.0000000000000000     
       (0.40169566614137003,-1.64194870279674228E-015)
   1.5707963267948966        1.5707963267948966     
       (0.60719806870780457,-2.50920701152181617E-015)
   1.5707963267948966        3.1415926535897931     
       (0.81869748870891645,-3.22353849365294486E-015)
   3.1415926535897931       -1.5707963267948966     
       (0.81971773670325043,-2.33394961872368188E-015)
   3.1415926535897931        0.0000000000000000     
       (0.59658497580277792,-2.45594045446780697E-015)
   3.1415926535897931        1.5707963267948966     
       (0.81971773670325043,-2.33433224808717619E-015)
   3.1415926535897931        3.1415926535897931     
        (3.0814270997381539,-1.11951186376971736E-014)
   1.0000000000000000                1          16
               (0.0000000000000000,0.0000000000000000)
  -1.5707963267948966       -1.5707963267948966     
       (0.60524560382933246,-1.21262154229743964E-016)
  -1.5707963267948966        0.0000000000000000     
        (0.39978649253034260,3.83581699007719776E-016)
  -1.5707963267948966        1.5707963267948966     
        (0.60651125134774442,1.10072752268979233E-015)
  -1.5707963267948966        3.1415926535897931     
        (0.82205000534548978,2.01059740307318441E-015)
   0.0000000000000000       -1.5707963267948966     
        (0.39891402475053195,6.34368128202946787E-016)
   0.0000000000000000        0.0000000000000000     
  (9.14902536539861921E-003,-8.88523951853017053E-017)
   0.0000000000000000        1.5707963267948966     
        (0.39891402475053195,6.89134929602340462E-016)
   0.0000000000000000        3.1415926535897931     
        (0.60155406040268289,1.51026097136351731E-015)
   1.5707963267948966       -1.5707963267948966     
        (0.60651125134774442,1.12848309830542125E-015)
   1.5707963267948966        0.0000000000000000     
        (0.39978649253034271,4.50474353791749681E-016)
   1.5707963267948966        1.5707963267948966     
        (0.60524560382933235,7.45155747433866871E-017)
   1.5707963267948966        3.1415926535897931     
        (0.82205000534548978,1.93981099052666492E-015)
   3.1415926535897931       -1.5707963267948966     
        (0.82032546489446501,2.60426964708073549E-015)
   3.1415926535897931        0.0000000000000000     
        (0.60454990097572137,1.46206928292708993E-015)
   3.1415926535897931        1.5707963267948966     
        (0.82032546489446501,2.52025857040198450E-015)
   3.1415926535897931        3.1415926535897931     
         (3.1051416940686321,4.19400542707080693E-015)
   1.0000000000000000                1          16
               (0.0000000000000000,0.0000000000000000)
  -1.5707963267948966       -1.5707963267948966     
       (0.60651466482319383,-2.48081262886146121E-015)
  -1.5707963267948966        0.0000000000000000     
       (0.40379428317010951,-1.49267260647819535E-015)
  -1.5707963267948966        1.5707963267948966     
       (0.60596927795287148,-2.92368915395407944E-015)
  -1.5707963267948966        3.1415926535897931     
       (0.81935203763490871,-3.84062148974587576E-015)
   0.0000000000000000       -1.5707963267948966     
       (0.39735051181140019,-1.28067420943497876E-015)
   0.0000000000000000        0.0000000000000000     
  (9.02352480575706328E-003,-1.02833451913354325E-016)
   0.0000000000000000        1.5707963267948966     
       (0.39735051181140041,-1.19862016734553661E-015)
   0.0000000000000000        3.1415926535897931     
       (0.60596063049075199,-3.55862057780288682E-015)
   1.5707963267948966       -1.5707963267948966     
       (0.60596927795287137,-2.70164454902904813E-015)
   1.5707963267948966        0.0000000000000000     
       (0.40379428317010951,-1.48091857966951192E-015)
   1.5707963267948966        1.5707963267948966     
       (0.60651466482319394,-2.36736495688405639E-015)
   1.5707963267948966        3.1415926535897931     
       (0.81935203763490871,-3.52524547429047549E-015)
   3.1415926535897931       -1.5707963267948966     
       (0.82400232356652636,-2.05904301143003273E-015)
   3.1415926535897931        0.0000000000000000     
       (0.60660721635798398,-2.35008513461713857E-015)
   3.1415926535897931        1.5707963267948966     
       (0.82400232356652636,-2.14352242303436425E-015)
   3.1415926535897931        3.1415926535897931     
        (3.1347894303526633,-9.30402752539896511E-015)
   1.0000000000000000                1          16
               (0.0000000000000000,0.0000000000000000)
  -1.5707963267948966       -1.5707963267948966     
        (0.60761382972795053,1.43472559657285449E-015)
  -1.5707963267948966        0.0000000000000000     
        (0.40051363704684623,7.35418025875002926E-016)
  -1.5707963267948966        1.5707963267948966     
        (0.60733164859127231,1.74064493316903857E-015)
  -1.5707963267948966        3.1415926535897931     
        (0.82725569818696787,2.01312483745646846E-015)
   0.0000000000000000       -1.5707963267948966     
        (0.40268681268695833,9.10316540535655685E-016)
   0.0000000000000000        0.0000000000000000     
   (8.04564098134964711E-003,1.93950296973413723E-017)
   0.0000000000000000        1.5707963267948966     
        (0.40268681268695844,8.81952960095760735E-016)
   0.0000000000000000        3.1415926535897931     
       (0.60843177412669780,-1.09329838097974092E-016)
   1.5707963267948966       -1.5707963267948966     
        (0.60733164859127231,1.90717838686281205E-015)
   1.5707963267948966        0.0000000000000000     
        (0.40051363704684612,8.02394294942514152E-016)
   1.5707963267948966        1.5707963267948966     
        (0.60761382972795064,1.49145275745264439E-015)
   1.5707963267948966        3.1415926535897931     
        (0.82725569818696787,1.77620113534082730E-015)
   3.1415926535897931       -1.5707963267948966     
        (0.82027697799771548,1.10399756502079204E-015)
   3.1415926535897931        0.0000000000000000     
        (0.60574204951589539,2.35665616229850424E-015)
   3.1415926535897931        1.5707963267948966     
        (0.82027697799771526,8.81344955271494699E-016)
   3.1415926535897931        3.1415926535897931     
         (3.1022055148847274,8.39948066877513059E-015)
   1.0000000000000000                1          16
               (0.0000000000000000,0.0000000000000000)
  -1.5707963267948966       -1.5707963267948966     
        (0.60266541861854006,7.11336326912243414E-016)
  -1.5707963267948966        0.0000000000000000     
        (0.39274521620040631,3.27748489820813328E-016)
  -1.5707963267948966        1.5707963267948966     
        (0.60417678884062676,5.45103312984864400E-016)
  -1.5707963267948966        3.1415926535897931     
        (0.82774610963201367,6.24119978518096071E-016)
   0.0000000000000000       -1.5707963267948966     
        (0.40482543101412932,7.95473582499833878E-017)
   0.0000000000000000        0.0000000000000000     
  (9.15170594300498963E-003,-1.10484203295735846E-016)
   0.0000000000000000        1.5707963267948966     
        (0.40482543101412921,1.07002494099217908E-016)
   0.0000000000000000        3.1415926535897931     
       (0.60659489421527690,-2.39864726113986874E-016)
   1.5707963267948966       -1.5707963267948966     
        (0.60417678884062664,5.72858888600493313E-016)
   1.5707963267948966        0.0000000000000000     
        (0.39274521620040631,5.05287374557035720E-016)
   1.5707963267948966        1.5707963267948966     
        (0.60266541861853995,6.00914903982516595E-016)
   1.5707963267948966        3.1415926535897931     
        (0.82774610963201412,4.44281337607021750E-016)
   3.1415926535897931       -1.5707963267948966     
        (0.81098260324537597,1.38375897241814800E-015)
   3.1415926535897931        0.0000000000000000     
        (0.59660639791848746,6.09642184772338473E-016)
   3.1415926535897931        1.5707963267948966     
        (0.81098260324537597,1.13365835211109341E-015)
   3.1415926535897931        3.1415926535897931     
         (3.0793193171917630,2.29735124586724599E-015)
   1.0000000000000000                1          16
               (0.0000000000000000,0.0000000000000000)
  -1.5707963267948966       -1.5707963267948966     
       (0.60455647936458157,-2.01414152808621333E-015)
  -1.5707963267948966        0.0000000000000000     
       (0.39968741856671336,-2.90017556473266109E-015)
  -1.5707963267948966        1.5707963267948966     
       (0.60702216829780209,-4.20560471596134247E-015)
  -1.5707963267948966        3.1415926535897931     
       (0.82621429700315996,-4.19459472835373419E-015)
   0.0000000000000000       -1.5707963267948966     
       (0.40476037334380061,-8.59174191011156535E-016)
   0.0000000000000000        0.0000000000000000     
  (9.35134608219077845E-003,-5.05664197556252932E-017)
   0.0000000000000000        1.5707963267948966     
       (0.40476037334380061,-6.38356871845680658E-016)
   0.0000000000000000        3.1415926535897931     
       (0.60595367704405700,-2.02468671911644657E-015)
   1.5707963267948966       -1.5707963267948966     
       (0.60702216829780231,-4.39989374527074486E-015)
   1.5707963267948966        0.0000000000000000     
       (0.39968741856671325,-3.05497111293039247E-015)
   1.5707963267948966        1.5707963267948966     
       (0.60455647936458168,-2.17822041026087674E-015)
   1.5707963267948966        3.1415926535897931     
       (0.82621429700316040,-4.37867924766628490E-015)
   3.1415926535897931       -1.5707963267948966     
       (0.81420013401188063,-3.38615885779294310E-015)
   3.1415926535897931        0.0000000000000000     
       (0.59832894689017835,-4.99823193735488511E-015)
   3.1415926535897931        1.5707963267948966     
       (0.81420013401188063,-3.49840844601501379E-015)
   3.1415926535897931        3.1415926535897931     
        (3.1462373655443612,-3.32020583103382542E-014)
   1.0000000000000000                1          16
               (0.0000000000000000,0.0000000000000000)
  -1.5707963267948966       -1.5707963267948966     
       (0.60905814857869567,-6.74464479344575706E-016)
  -1.5707963267948966        0.0000000000000000     
        (0.40254730336334466,9.69385424882681194E-016)
  -1.5707963267948966        1.5707963267948966     
        (0.60973500481783494,7.42968549390718829E-016)
  -1.5707963267948966        3.1415926535897931     
       (0.82761569434110305,-1.91727796673869818E-015)
   0.0000000000000000       -1.5707963267948966     
       (0.40350422457692159,-1.45274337485587215E-016)
   0.0000000000000000        0.0000000000000000     
   (8.94138486252032960E-003,3.68301072396169628E-017)
   0.0000000000000000        1.5707963267948966     
       (0.40350422457692159,-3.13706463517580642E-016)
   0.0000000000000000        3.1415926535897931     
        (0.61259335908934487,2.19771971484800760E-015)
   1.5707963267948966       -1.5707963267948966     
        (0.60973500481783494,9.92768729931378952E-016)
   1.5707963267948966        0.0000000000000000     
        (0.40254730336334477,1.09175054978388440E-015)
   1.5707963267948966        1.5707963267948966     
       (0.60905814857869556,-5.31889256589991247E-016)
   1.5707963267948966        3.1415926535897931     
       (0.82761569434110305,-1.82575432800432602E-015)
   3.1415926535897931       -1.5707963267948966     
        (0.81987108211447490,2.68389570297034221E-015)
   3.1415926535897931        0.0000000000000000     
       (0.61091087367716435,-3.23600079364413347E-017)
   3.1415926535897931        1.5707963267948966     
        (0.81987108211447512,2.34893012324457511E-015)
   3.1415926535897931        3.1415926535897931     
        (3.1742071690628353,-1.11964428992887492E-014)
   1.0000000000000000                1          16
               (0.0000000000000000,0.0000000000000000)
  -1.5707963267948966       -1.5707963267948966     
        (0.60388950507912553,9.40050467258405309E-016)
  -1.5707963267948966        0.0000000000000000     
        (0.39991871911872723,6.59086208311567497E-016)
  -1.5707963267948966        1.5707963267948966     
        (0.60437923677367467,8.29396992424542276E-016)
  -1.5707963267948966        3.1415926535897931     
        (0.82262073950548875,8.22287941847041460E-016)
   0.0000000000000000       -1.5707963267948966     
        (0.40263883434894188,3.50399385054012859E-016)
   0.0000000000000000        0.0000000000000000     
   (9.07457058242031045E-003,9.82628638153784206E-017)
   0.0000000000000000        1.5707963267948966     
        (0.40263883434894177,4.61052859887875793E-016)
   0.0000000000000000        3.1415926535897931     
        (0.60515961780676975,2.07989940280412821E-015)
   1.5707963267948966       -1.5707963267948966     
        (0.60437923677367467,6.62863538730768795E-016)
   1.5707963267948966        0.0000000000000000     
        (0.39991871911872723,6.15374159003974083E-016)
   1.5707963267948966        1.5707963267948966     
        (0.60388950507912531,1.27385502990325771E-015)
   1.5707963267948966        3.1415926535897931     
        (0.82262073950548853,7.52049632913920671E-016)
   3.1415926535897931       -1.5707963267948966     
        (0.81749247281329129,1.15494225027859863E-015)
   3.1415926535897931        0.0000000000000000     
        (0.59806890998691853,1.43049760653437796E-015)
   3.1415926535897931        1.5707963267948966     
        (0.81749247281329129,1.12681784703431690E-015)
   3.1415926535897931        3.1415926535897931     
         (3.0937263936837804,2.62533161020396286E-015)
