   -1.000000     -1.000000
  1    1        0.12022826        0.00147934       -0.00000000        0.00000000
   -1.000000      0.000000
  1    1       -0.24651176        0.00172630        0.00000000        0.00000000
   -1.000000      1.000000
  1    1        0.12001610        0.00139049       -0.00000000        0.00000000
   -1.000000      2.000000
  1    1       -0.14244438        0.00161262        0.00000000        0.00000000
    0.000000     -1.000000
  1    1       -0.24800937        0.00150119        0.00000000        0.00000000
    0.000000      0.000000
  1    1        0.72868973        0.00214336       -0.00000000        0.00000000
    0.000000      1.000000
  1    1       -0.24800937        0.00150119        0.00000000        0.00000000
    0.000000      2.000000
  1    1        0.12043555        0.00159891       -0.00000000        0.00000000
    1.000000     -1.000000
  1    1        0.12001610        0.00139049       -0.00000000        0.00000000
    1.000000      0.000000
  1    1       -0.24651176        0.00172630        0.00000000        0.00000000
    1.000000      1.000000
  1    1        0.12022826        0.00147934       -0.00000000        0.00000000
    1.000000      2.000000
  1    1       -0.14244438        0.00161262        0.00000000        0.00000000
    2.000000     -1.000000
  1    1       -0.14171106        0.00171612        0.00000000        0.00000000
    2.000000      0.000000
  1    1        0.11928521        0.00137938       -0.00000000        0.00000000
    2.000000      1.000000
  1    1       -0.14171106        0.00171612        0.00000000        0.00000000
    2.000000      2.000000
  1    1        0.11739772        0.00160127       -0.00000000        0.00000000
