     0.0000000        1.00000000        0.00000002
     0.1000000        0.74013820        0.00235111
     0.2000000        0.56677128        0.00319278
     0.3000000        0.44350337        0.00382440
     0.4000000        0.35515711        0.00274633
     0.5000000        0.28742155        0.00365914
     0.6000000        0.23350905        0.00431342
     0.7000000        0.19309622        0.00278581
     0.8000000        0.15938686        0.00268222
     0.9000000        0.13162311        0.00253915
     1.0000000        0.11095654        0.00288748
     1.1000000        0.09440889        0.00235794
     1.2000000        0.08156186        0.00291006
     1.3000000        0.06821772        0.00238393
     1.4000000        0.05704343        0.00339408
     1.5000000        0.04764548        0.00448902
     1.6000000        0.04139285        0.00441226
     1.7000000        0.03535583        0.00404977
     1.8000000        0.02978670        0.00365901
     1.9000000        0.02521647        0.00398572
     2.0000000        0.02103068        0.00397351
     2.1000000        0.01809837        0.00297881
     2.2000000        0.01512697        0.00183847
     2.3000000        0.01358990        0.00155675
     2.4000000        0.01156807        0.00206354
     2.5000000        0.01049824        0.00156412
     2.6000000        0.00845232        0.00114911
     2.7000000        0.00783845        0.00017124
     2.8000000        0.00624076        0.00055019
     2.9000000        0.00475525        0.00076688
     3.0000000        0.00424626        0.00134927
     3.1000000        0.00342815        0.00130338
     3.2000000        0.00289708        0.00186472
     3.3000000        0.00243893        0.00086839
     3.4000000        0.00306090        0.00061703
     3.5000000        0.00341241        0.00088679
     3.6000000        0.00315188        0.00146189
     3.7000000        0.00336615        0.00109028
     3.8000000        0.00294150        0.00137624
     3.9000000        0.00311408        0.00190029
     4.0000000        0.00334277        0.00126384
     4.1000000        0.00239231        0.00170138
     4.2000000        0.00202056        0.00100973
     4.3000000        0.00218777        0.00097447
     4.4000000        0.00264607        0.00186787
     4.5000000        0.00236499        0.00228589
     4.6000000        0.00177028        0.00246233
     4.7000000        0.00081960        0.00249357
     4.8000000        0.00103702        0.00210066
     4.9000000        0.00099164        0.00107496
     5.0000000        0.00066579        0.00034584
     5.1000000        0.00098765        0.00017479
     5.2000000        0.00117035        0.00021997
     5.3000000        0.00192621        0.00062167
     5.4000000        0.00267676        0.00067277
     5.5000000        0.00214782        0.00048089
     5.6000000        0.00181246        0.00070194
     5.7000000        0.00103256        0.00040019
     5.8000000        0.00164422        0.00030356
     5.9000000        0.00105006        0.00038344
     6.0000000        0.00076003        0.00037428
     6.1000000        0.00136477        0.00072420
     6.2000000        0.00221122        0.00065077
     6.3000000        0.00308496        0.00074159
     6.4000000        0.00299919        0.00107392
     6.5000000        0.00277458        0.00124989
     6.6000000        0.00223581        0.00168098
     6.7000000        0.00338910        0.00157865
     6.8000000        0.00463666        0.00068517
     6.9000000        0.00489008        0.00148885
     7.0000000        0.00573066        0.00075497
     7.1000000        0.00641593        0.00064787
     7.2000000        0.00813107        0.00088747
     7.3000000        0.01020060        0.00096037
     7.4000000        0.01076658        0.00077182
     7.5000000        0.01247445        0.00192337
     7.6000000        0.01389197        0.00093274
     7.7000000        0.01574322        0.00136824
     7.8000000        0.01702341        0.00106037
     7.9000000        0.01967847        0.00172665
     8.0000000        0.02288135        0.00231333
     8.1000000        0.02470104        0.00165714
     8.2000000        0.03023410        0.00219133
     8.3000000        0.03345868        0.00258765
     8.4000000        0.04094631        0.00127291
     8.5000000        0.04799477        0.00093117
     8.6000000        0.05731713        0.00085370
     8.7000000        0.06820600        0.00081301
     8.8000000        0.07996562        0.00180988
     8.9000000        0.09418771        0.00243490
     9.0000000        0.11033852        0.00328982
     9.1000000        0.13184331        0.00183424
     9.2000000        0.15689307        0.00327367
     9.3000000        0.18856714        0.00328889
     9.4000000        0.22880351        0.00230591
     9.5000000        0.28194532        0.00363997
     9.6000000        0.34835980        0.00460487
     9.7000000        0.44130368        0.00467856
     9.8000000        0.56468848        0.00125448
     9.9000000        0.73922701        0.00133299
    10.0000000        1.00000000        0.00000003
