     0.0000000        1.27428349        0.02913794
     0.1000000        1.05762974        0.03640310
     0.2000000        0.85402019        0.04352114
     0.3000000        0.75057097        0.04572549
     0.4000000        0.61151816        0.02252294
     0.5000000        0.58053227        0.03729791
     0.6000000        0.56842174        0.14450552
     0.7000000        0.36890981        0.06006321
     0.8000000        0.27191715        0.08521175
     0.9000000        0.21592133        0.02643948
     1.0000000        0.19406545        0.03475333
     1.1000000        0.13752250        0.03983919
     1.2000000        0.16356750        0.03422937
     1.3000000        0.07557761        0.07911002
     1.4000000        0.13467488        0.03095085
     1.5000000        0.04501101        0.06126531
     1.6000000        0.12749058        0.04531410
     1.7000000        0.07994354        0.05300939
     1.8000000       -0.05512149        0.23813042
     1.9000000        0.18790436        0.10423529
     2.0000000        0.11058848        0.07557946
     2.1000000        0.11667249        0.07125229
     2.2000000        0.05167124        0.05666427
     2.3000000        0.06556376        0.04659796
     2.4000000        0.08704195        0.11241475
     2.5000000        0.15607102        0.19905118
     2.6000000        0.35160616        0.36681432
     2.7000000       -0.04582890        0.28002397
     2.8000000        0.28924498        0.41299604
     2.9000000        0.04066091        0.24250575
     3.0000000        0.13224758        0.22905202
     3.1000000        0.33525680        0.44991160
     3.2000000        1.07814797        1.29569576
     3.3000000       -0.12686386        0.06084420
     3.4000000        0.01850238        0.03417633
     3.5000000       -0.02846692        0.08301196
     3.6000000       -0.12611245        0.11847130
     3.7000000        0.02849055        0.15729192
     3.8000000        0.21479229        0.32841328
     3.9000000       -0.23838258        0.53273840
     4.0000000       -0.23153399        0.26915694
     4.1000000        0.09954887        0.14078902
     4.2000000       -0.27695222        0.30563653
     4.3000000       -0.11750928        0.19294660
     4.4000000       -0.10938909        0.28269542
     4.5000000       -0.05990947        0.11913245
     4.6000000        0.11641973        0.18657154
     4.7000000       -0.07321670        0.05429149
     4.8000000       -0.19693055        0.28446104
     4.9000000       -0.18665443        0.11332042
     5.0000000       -0.19873603        0.08239352
     5.1000000       -0.18750752        0.11992695
     5.2000000       -0.17504893        0.09481924
     5.3000000       -0.31538859        0.12918462
     5.4000000       -0.22604049        0.16909199
     5.5000000       -0.22219934        0.43682470
     5.6000000       -0.12467550        0.14134841
     5.7000000       -0.14573846        0.05960244
     5.8000000       -0.14889783        0.09890878
     5.9000000        0.02482801        0.04767283
     6.0000000       -0.12700639        0.07298658
     6.1000000        0.08318866        0.09910247
     6.2000000        0.12726917        0.13353743
     6.3000000        0.11160141        0.08155076
     6.4000000        0.20112915        0.14961340
     6.5000000        0.09871738        0.17598412
     6.6000000        0.06948121        0.06313966
     6.7000000        0.04942165        0.09226363
     6.8000000        0.10766856        0.10928839
     6.9000000        0.04794400        0.02427940
     7.0000000        0.01635138        0.02419322
     7.1000000        0.05120374        0.04970901
     7.2000000        0.14969845        0.10171373
     7.3000000        0.25627762        0.19898965
     7.4000000        0.50223556        0.38112285
     7.5000000        0.25306667        0.14944646
     7.6000000        0.21675913        0.19903218
     7.7000000        0.54981884        0.37025357
     7.8000000        0.25564071        0.12364551
     7.9000000        0.36719054        0.29739517
     8.0000000        0.12219974        0.05578463
     8.1000000        0.13326795        0.09875138
     8.2000000       -0.03424270        0.07670217
     8.3000000       -0.20037821        0.25493241
     8.4000000        0.14295347        0.07812300
     8.5000000        0.08980545        0.12161371
     8.6000000        0.22655495        0.12814547
     8.7000000        0.17980586        0.07758743
     8.8000000        0.28232367        0.06576797
     8.9000000        0.51353454        0.21556425
     9.0000000        0.50386749        0.10879591
     9.1000000        0.41999516        0.03009793
     9.2000000        0.35069962        0.04533258
     9.3000000        0.41424924        0.05339222
     9.4000000        0.52340737        0.01694214
     9.5000000        0.58424573        0.04762134
     9.6000000        0.62621049        0.09805266
     9.7000000        0.78041840        0.06079961
     9.8000000        0.84540257        0.05339650
     9.9000000        1.07561838        0.03049044
    10.0000000        1.27428349        0.02913794
