     0.0000000        0.15280986        0.00273560
     0.1000000        0.10715434        0.00221040
     0.2000000        0.07459928        0.00193599
     0.3000000        0.05516531        0.00194077
     0.4000000        0.04102286        0.00243658
     0.5000000        0.02841873        0.00308879
     0.6000000        0.01895344        0.00298969
     0.7000000        0.01461734        0.00271291
     0.8000000        0.01374779        0.00221158
     0.9000000        0.00857653        0.00214706
     1.0000000        0.00825834        0.00196178
     1.1000000        0.00556773        0.00208975
     1.2000000        0.00505322        0.00192105
     1.3000000        0.00646527        0.00201130
     1.4000000        0.00415146        0.00232086
     1.5000000        0.00395509        0.00221571
     1.6000000        0.00582165        0.00274972
     1.7000000        0.00123575        0.00210501
     1.8000000        0.00278536        0.00180842
     1.9000000        0.00157866        0.00207830
     2.0000000        0.00208050        0.00197198
     2.1000000        0.00313565        0.00193118
     2.2000000        0.00108997        0.00188442
     2.3000000        0.00242452        0.00150801
     2.4000000        0.00017994        0.00141668
     2.5000000        0.00094111        0.00174049
     2.6000000        0.00051029        0.00185344
     2.7000000        0.00025769        0.00220078
     2.8000000        0.00106410        0.00209293
     2.9000000        0.00329335        0.00196874
     3.0000000        0.00356270        0.00223241
     3.1000000        0.00382496        0.00256738
     3.2000000        0.00215790        0.00287235
     3.3000000        0.00205545        0.00253631
     3.4000000        0.00278081        0.00269571
     3.5000000        0.00320945        0.00239269
     3.6000000        0.00058551        0.00282770
     3.7000000        0.00241221        0.00256347
     3.8000000        0.00076341        0.00230912
     3.9000000        0.00026590        0.00230274
     4.0000000        0.00122327        0.00220408
     4.1000000        0.00114293        0.00198655
     4.2000000       -0.00000431        0.00175200
     4.3000000        0.00256919        0.00127217
     4.4000000        0.00173469        0.00198949
     4.5000000       -0.00025714        0.00175800
     4.6000000        0.00158010        0.00179063
     4.7000000       -0.00080292        0.00197376
     4.8000000       -0.00108321        0.00200087
     4.9000000        0.00081553        0.00218685
     5.0000000        0.00145807        0.00223959
     5.1000000        0.00155038        0.00194518
     5.2000000        0.00119806        0.00199414
     5.3000000       -0.00128406        0.00213173
     5.4000000        0.00027322        0.00194956
     5.5000000       -0.00028047        0.00190235
     5.6000000        0.00051318        0.00181442
     5.7000000        0.00021277        0.00194104
     5.8000000       -0.00013946        0.00199906
     5.9000000        0.00035406        0.00206501
     6.0000000        0.00147085        0.00192052
     6.1000000        0.00148767        0.00202936
     6.2000000        0.00296433        0.00250140
     6.3000000        0.00336160        0.00256482
     6.4000000        0.00547424        0.00298133
     6.5000000        0.00517937        0.00246907
     6.6000000        0.00437748        0.00248978
     6.7000000        0.00438687        0.00239215
     6.8000000        0.00637086        0.00227089
     6.9000000        0.00434601        0.00232454
     7.0000000        0.00385156        0.00231475
     7.1000000        0.00444660        0.00230566
     7.2000000        0.00585133        0.00199660
     7.3000000        0.00861875        0.00212614
     7.4000000        0.00564245        0.00196476
     7.5000000        0.00807764        0.00234269
     7.6000000        0.01090419        0.00263179
     7.7000000        0.01426840        0.00289992
     7.8000000        0.01925080        0.00278897
     7.9000000        0.02329986        0.00225594
     8.0000000        0.02738042        0.00234095
     8.1000000        0.03535452        0.00242733
     8.2000000        0.04019679        0.00233177
     8.3000000        0.04651621        0.00217099
     8.4000000        0.05863591        0.00257530
     8.5000000        0.07012197        0.00295438
     8.6000000        0.08749086        0.00263081
     8.7000000        0.11034105        0.00273071
     8.8000000        0.13539273        0.00272491
     8.9000000        0.16276543        0.00264803
     9.0000000        0.19994933        0.00320799
     9.1000000        0.24877159        0.00262474
     9.2000000        0.30556109        0.00272621
     9.3000000        0.37775031        0.00249067
     9.4000000        0.46571613        0.00224830
     9.5000000        0.57807762        0.00190431
     9.6000000        0.72382289        0.00239772
     9.7000000        0.90586604        0.00307416
     9.8000000        1.14389334        0.00278642
     9.9000000        1.44981236        0.00268188
    10.0000000        1.84719014        0.00273560
