     0.0000000        2.00000000        0.00000000
     0.1000000        1.61101369        0.00168884
     0.2000000        1.31090610        0.00478018
     0.3000000        1.08425156        0.00358142
     0.4000000        0.90142277        0.00307908
     0.5000000        0.76616415        0.00189862
     0.6000000        0.65173656        0.00326300
     0.7000000        0.55722496        0.00357952
     0.8000000        0.47806971        0.00366462
     0.9000000        0.41705716        0.00057153
     1.0000000        0.36419403        0.00276624
     1.1000000        0.32150223        0.00358856
     1.2000000        0.28163729        0.00313674
     1.3000000        0.24748450        0.00275421
     1.4000000        0.22038536        0.00296313
     1.5000000        0.19690977        0.00444134
     1.6000000        0.17721939        0.00628725
     1.7000000        0.15715891        0.00413788
     1.8000000        0.14354551        0.00437796
     1.9000000        0.13047425        0.00342797
     2.0000000        0.11546060        0.00325913
     2.1000000        0.10388651        0.00322576
     2.2000000        0.09505330        0.00235434
     2.3000000        0.08755769        0.00306392
     2.4000000        0.07800201        0.00243554
     2.5000000        0.07372326        0.00395326
     2.6000000        0.06826186        0.00487863
     2.7000000        0.06211623        0.00378849
     2.8000000        0.05791588        0.00269983
     2.9000000        0.05115987        0.00299965
     3.0000000        0.04663612        0.00316340
     3.1000000        0.04105218        0.00475772
     3.2000000        0.03607821        0.00806156
     3.3000000        0.03896478        0.00373255
     3.4000000        0.03882945        0.00399825
     3.5000000        0.03471407        0.00418179
     3.6000000        0.03490487        0.00460432
     3.7000000        0.03295064        0.00364930
     3.8000000        0.03198727        0.00306928
     3.9000000        0.03090319        0.00254714
     4.0000000        0.02822874        0.00229930
     4.1000000        0.02506044        0.00307756
     4.2000000        0.02566069        0.00287985
     4.3000000        0.02468071        0.00167095
     4.4000000        0.02434173        0.00086248
     4.5000000        0.02264243        0.00165457
     4.6000000        0.02299086        0.00149098
     4.7000000        0.02209110        0.00192014
     4.8000000        0.02234030        0.00289016
     4.9000000        0.02195266        0.00239293
     5.0000000        0.02054172        0.00243416
     5.1000000        0.01957135        0.00171384
     5.2000000        0.02134175        0.00177126
     5.3000000        0.02291722        0.00179197
     5.4000000        0.02328277        0.00281868
     5.5000000        0.02240552        0.00204574
     5.6000000        0.02183971        0.00248812
     5.7000000        0.02375796        0.00237098
     5.8000000        0.02545588        0.00258483
     5.9000000        0.02663472        0.00183734
     6.0000000        0.02791458        0.00281117
     6.1000000        0.02923150        0.00179252
     6.2000000        0.03038563        0.00109967
     6.3000000        0.03380723        0.00106680
     6.4000000        0.03653720        0.00098238
     6.5000000        0.03750901        0.00098836
     6.6000000        0.03993464        0.00108954
     6.7000000        0.04232140        0.00102816
     6.8000000        0.04675704        0.00110581
     6.9000000        0.04724784        0.00040625
     7.0000000        0.04952818        0.00052423
     7.1000000        0.05347957        0.00108616
     7.2000000        0.05959236        0.00229679
     7.3000000        0.06521092        0.00275362
     7.4000000        0.07109274        0.00477775
     7.5000000        0.07625649        0.00442798
     7.6000000        0.08454740        0.00443550
     7.7000000        0.09372582        0.00306597
     7.8000000        0.10144187        0.00253914
     7.9000000        0.11019494        0.00190137
     8.0000000        0.11959668        0.00446291
     8.1000000        0.12953372        0.00514354
     8.2000000        0.14181982        0.00415442
     8.3000000        0.15785619        0.00507447
     8.4000000        0.17743719        0.00467322
     8.5000000        0.19980275        0.00333260
     8.6000000        0.22700019        0.00383555
     8.7000000        0.25802384        0.00182412
     8.8000000        0.28882120        0.00099933
     8.9000000        0.32720776        0.00234508
     9.0000000        0.37145464        0.00211608
     9.1000000        0.42285660        0.00196123
     9.2000000        0.48795020        0.00479533
     9.3000000        0.56182720        0.00383460
     9.4000000        0.65599587        0.00235623
     9.5000000        0.77086465        0.00230217
     9.6000000        0.91042771        0.00284818
     9.7000000        1.08495324        0.00293468
     9.8000000        1.30841413        0.00118287
     9.9000000        1.60531029        0.00316527
    10.0000000        2.00000000        0.00000006
