     0.0000000        0.62518015        0.01035788
     0.1000000        0.51429855        0.01118870
     0.2000000        0.43259622        0.01088024
     0.3000000        0.36946986        0.00892645
     0.4000000        0.32149771        0.00800015
     0.5000000        0.28312820        0.00750449
     0.6000000        0.25165543        0.00637666
     0.7000000        0.22601361        0.00532389
     0.8000000        0.20502745        0.00475735
     0.9000000        0.18758612        0.00458645
     1.0000000        0.17312595        0.00468234
     1.1000000        0.16029943        0.00476993
     1.2000000        0.14851841        0.00476623
     1.3000000        0.13806663        0.00478455
     1.4000000        0.12866828        0.00476879
     1.5000000        0.11933715        0.00450703
     1.6000000        0.11161127        0.00433050
     1.7000000        0.10443781        0.00430783
     1.8000000        0.09690564        0.00399142
     1.9000000        0.09004988        0.00376349
     2.0000000        0.08327558        0.00340380
     2.1000000        0.07728816        0.00313405
     2.2000000        0.07308823        0.00322270
     2.3000000        0.07093525        0.00379408
     2.4000000        0.06654445        0.00364609
     2.5000000        0.06204913        0.00346535
     2.6000000        0.05849428        0.00345917
     2.7000000        0.05549184        0.00352822
     2.8000000        0.05252447        0.00343109
     2.9000000        0.04953344        0.00332766
     3.0000000        0.04672669        0.00327856
     3.1000000        0.04441893        0.00320572
     3.2000000        0.04247970        0.00321229
     3.3000000        0.04103048        0.00351846
     3.4000000        0.03938911        0.00390456
     3.5000000        0.03749357        0.00350490
     3.6000000        0.03567322        0.00340758
     3.7000000        0.03437639        0.00344294
     3.8000000        0.03275803        0.00317449
     3.9000000        0.03005592        0.00297200
     4.0000000        0.02761805        0.00283633
     4.1000000        0.02509243        0.00249663
     4.2000000        0.02294170        0.00242249
     4.3000000        0.02242039        0.00243951
     4.4000000        0.02255253        0.00277382
     4.5000000        0.02312007        0.00320433
     4.6000000        0.02360237        0.00336251
     4.7000000        0.02384540        0.00316688
     4.8000000        0.02395103        0.00314199
     4.9000000        0.02382387        0.00311701
     5.0000000        0.02308092        0.00300012
     5.1000000        0.02272374        0.00276737
     5.2000000        0.02180469        0.00231044
     5.3000000        0.02106545        0.00212757
     5.4000000        0.02023123        0.00213207
     5.5000000        0.01914472        0.00267321
     5.6000000        0.01798239        0.00370698
     5.7000000        0.01848478        0.00322924
     5.8000000        0.01950972        0.00291054
     5.9000000        0.02074365        0.00255636
     6.0000000        0.02184771        0.00259238
     6.1000000        0.02331377        0.00251736
     6.2000000        0.02520707        0.00243660
     6.3000000        0.02574954        0.00250033
     6.4000000        0.02733921        0.00253179
     6.5000000        0.02904179        0.00245336
     6.6000000        0.03134264        0.00228256
     6.7000000        0.03449839        0.00214260
     6.8000000        0.03724530        0.00212905
     6.9000000        0.04060798        0.00212624
     7.0000000        0.04476640        0.00221858
     7.1000000        0.04849906        0.00251754
     7.2000000        0.05239293        0.00287407
     7.3000000        0.05662535        0.00323439
     7.4000000        0.06132052        0.00382302
     7.5000000        0.06299939        0.00298953
     7.6000000        0.06687502        0.00312879
     7.7000000        0.07162810        0.00367949
     7.8000000        0.07586664        0.00367343
     7.9000000        0.08031401        0.00375523
     8.0000000        0.08489452        0.00332714
     8.1000000        0.09016184        0.00308044
     8.2000000        0.09682148        0.00369846
     8.3000000        0.10406403        0.00406411
     8.4000000        0.11104153        0.00407028
     8.5000000        0.11877078        0.00379272
     8.6000000        0.12695639        0.00338522
     8.7000000        0.13754323        0.00366421
     8.8000000        0.14862728        0.00391099
     8.9000000        0.16078511        0.00399797
     9.0000000        0.17493533        0.00419056
     9.1000000        0.18920168        0.00411210
     9.2000000        0.20741302        0.00394276
     9.3000000        0.22835041        0.00391085
     9.4000000        0.25176324        0.00378885
     9.5000000        0.28182265        0.00412640
     9.6000000        0.31908491        0.00462721
     9.7000000        0.36699070        0.00577406
     9.8000000        0.42874456        0.00682643
     9.9000000        0.51136322        0.00806468
    10.0000000        0.62518015        0.01035788
