1.025186323000000010e+00
1.035129501999999979e+00
1.036045388000000012e+00
1.042732211999999992e+00
1.047068740000000053e+00
1.025888238000000063e+00
1.048595114000000050e+00
1.059961029999999971e+00
1.061191280000000070e+00
1.054935104999999984e+00
1.052412836000000018e+00
1.035786942999999960e+00
1.045363236000000029e+00
1.072432798999999992e+00
1.013828009999999891e+00
1.004664725999999897e+00
1.000701343000000021e+00
1.019244529999999926e+00
1.058496491000000095e+00
1.044449020000000061e+00
1.043498492999999971e+00
1.039474266000000036e+00
1.033159624000000054e+00
1.043925210000000048e+00
1.028634433999999986e+00
1.039009123000000034e+00
1.034336544999999941e+00
1.025968894000000020e+00
1.052755110000000105e+00
1.046319938999999977e+00
1.032375312999999961e+00
1.025990530999999928e+00
1.058397311000000007e+00
1.078383753000000000e+00
1.021885938999999910e+00
1.041594858999999929e+00
1.046131315000000006e+00
1.008873855000000042e+00
1.033930642000000066e+00
1.030152077999999971e+00
1.034434177000000066e+00
1.049895508999999949e+00
1.028273693999999905e+00
1.036677123999999894e+00
1.040335605999999968e+00
1.033227973000000022e+00
1.030936422999999991e+00
1.030228729000000065e+00
1.061520731000000106e+00
1.049533319000000020e+00
1.046781270000000097e+00
1.054253158000000079e+00
1.018881315000000010e+00
1.029964494999999980e+00
1.063816038999999991e+00
1.043581475999999952e+00
1.035095126000000088e+00
1.054669762000000066e+00
1.038988830000000085e+00
1.013519524999999977e+00
1.035146359000000071e+00
1.041292646999999905e+00
1.027516399000000025e+00
1.031168920999999905e+00
1.035823101999999940e+00
1.035417848999999890e+00
1.059465939999999939e+00
1.063018857000000095e+00
1.044226075999999948e+00
1.074016360999999975e+00
1.066901136000000028e+00
1.042454074999999980e+00
1.056581133999999977e+00
1.055743539999999925e+00
1.054568238000000102e+00
1.073604293999999904e+00
1.052457884000000066e+00
1.041542272999999907e+00
1.072889833000000070e+00
1.097732104000000097e+00
1.033813097999999986e+00
1.050939714999999941e+00
1.035159574999999998e+00
1.031666865000000044e+00
1.028430192999999937e+00
1.077631039999999985e+00
1.042976181000000002e+00
1.056021885999999910e+00
1.052329166999999899e+00
1.056017543000000058e+00
1.014777886999999934e+00
1.034167194999999984e+00
1.053142996000000053e+00
1.023727944000000001e+00
1.022330050000000101e+00
1.032928926000000081e+00
1.029912260999999996e+00
1.039437288000000015e+00
1.041179255000000081e+00
1.018552697000000062e+00
