1.016146254999999998e+00
1.030616613999999931e+00
1.009675893000000046e+00
1.001925221999999893e+00
1.023877375000000089e+00
1.039043380000000072e+00
1.029945389999999961e+00
1.034775293999999901e+00
1.041053634999999922e+00
1.018161869999999913e+00
1.046067872000000065e+00
1.049782707000000093e+00
1.032092444000000109e+00
1.029600167999999982e+00
1.050702880000000006e+00
1.028219580000000022e+00
1.021786949000000000e+00
1.040076342999999959e+00
1.033342962999999948e+00
1.028183432999999924e+00
1.032373184000000110e+00
1.028861747000000104e+00
1.018238543999999912e+00
1.022171519000000028e+00
1.032358882999999894e+00
1.034267290000000061e+00
1.037465979000000038e+00
1.049729786999999970e+00
1.050638659999999946e+00
1.039680297999999947e+00
1.042778055999999953e+00
1.037339902000000036e+00
1.034435372999999991e+00
1.022465517999999962e+00
1.032019363000000078e+00
1.030497905999999908e+00
1.044902371999999913e+00
1.028909618999999998e+00
1.016240843999999921e+00
1.014539993000000084e+00
1.017633325000000033e+00
1.023397353000000010e+00
1.026557865000000014e+00
1.027439910000000012e+00
1.030764060000000093e+00
1.020097640999999999e+00
1.023019616000000021e+00
1.032161549000000011e+00
1.029747806000000043e+00
1.036887206999999922e+00
1.036017603999999981e+00
1.015622041999999947e+00
1.045259404000000059e+00
1.024875806999999917e+00
1.042954574999999995e+00
1.012885902999999921e+00
1.049812653000000040e+00
1.028731295000000046e+00
1.032129048999999910e+00
1.019654897999999976e+00
1.054743930999999968e+00
1.035425787999999958e+00
1.019484510999999927e+00
1.026868772999999901e+00
1.022580476999999988e+00
1.036204385000000006e+00
1.023828395000000002e+00
1.033452762000000025e+00
1.013983564999999976e+00
1.077229733000000023e+00
1.032178661000000108e+00
1.032031077000000074e+00
1.019784661999999953e+00
1.050906895000000008e+00
1.023949350000000091e+00
1.030482496999999942e+00
1.049077539000000003e+00
1.032075979999999893e+00
1.037344228999999896e+00
1.041489832999999976e+00
1.044451653000000091e+00
1.029841113000000030e+00
1.031658344000000005e+00
1.018140335000000007e+00
1.017138048000000072e+00
1.043409857000000107e+00
1.024010394999999907e+00
1.029567509999999908e+00
1.043040213999999910e+00
1.049039037000000008e+00
1.008403390000000011e+00
1.007475249999999933e+00
1.017607251000000046e+00
1.038619721000000107e+00
1.023595907000000027e+00
1.020204824999999982e+00
1.017551097999999987e+00
1.030224328000000078e+00
1.023322357999999932e+00
1.041217540000000108e+00
