2.804559999999999942e+00
3.359269999999999978e+00
2.283829999999999927e+03
4.413499999999999801e+01
5.974360000000000070e+01
2.609519999999999982e+02
2.066960000000000000e+06
1.016800000000000000e+07
1.033380000000000000e+06
1.960140000000000000e+08
5.795580000000000000e+07
2.794100000000000000e+10
3.109440000000000000e+12
8.306710000000000000e+11
2.758710000000000000e+11
1.035210000000000000e+12
1.509300000000000000e+10
3.941390000000000000e+11
3.338680000000000000e+13
4.126390000000000000e+11
1.958280000000000000e+12
5.309520000000000000e+12
5.469910000000000000e+13
1.252230000000000000e+14
7.991080000000000000e+14
1.330420000000000000e+15
4.414650000000000000e+16
1.671390000000000000e+16
1.742320000000000000e+18
5.166580000000000000e+19
5.666179999999999974e+22
3.493829999999999961e+22
2.765010000000000134e+23
5.411919999999999476e+24
3.783119999999999697e+26
8.698389999999999719e+27
2.873409999999999859e+28
1.677499999999999913e+30
3.746779999999999980e+31
1.679190000000000170e+32
4.439020000000000013e+32
6.349659999999999461e+33
5.270149999999999638e+35
1.248360000000000004e+36
1.328160000000000029e+35
8.298419999999999977e+36
3.566099999999999954e+37
2.803489999999999932e+38
3.530329999999999769e+39
6.115370000000000179e+39
8.364249999999999420e+38
1.483599999999999978e+41
2.848050000000000079e+43
2.477719999999999926e+44
2.173800000000000047e+45
6.669899999999999695e+46
6.057200000000000320e+47
4.046300000000000035e+48
5.459659999999999949e+50
6.626860000000000319e+50
4.530320000000000070e+52
1.066729999999999997e+52
7.342780000000000251e+51
5.873940000000000013e+52
2.035980000000000068e+53
8.199110000000000443e+52
9.037760000000000521e+55
8.856119999999999962e+54
4.110950000000000209e+58
2.380909999999999848e+59
5.536050000000000324e+60
5.233549999999999442e+61
1.005800000000000033e+64
6.426670000000000564e+64
1.652630000000000116e+67
4.142979999999999671e+69
2.401309999999999857e+72
6.219209999999999670e+73
2.390849999999999895e+75
2.959230000000000133e+77
6.377130000000000223e+79
9.073189999999999511e+78
3.401879999999999983e+81
3.402880000000000004e+82
2.973259999999999997e+82
1.056090000000000094e+84
9.117620000000000708e+84
3.375260000000000090e+86
1.347279999999999910e+90
1.278630000000000031e+92
2.741459999999999938e+91
1.036870000000000023e+93
1.521480000000000045e+94
1.939719999999999985e+93
1.194010000000000044e+96
4.957559999999999742e+96
7.428350000000000266e+96
2.035390000000000127e+97
8.985560000000000354e+97
4.411250000000000230e+98
6.941809999999999646e+100
1.242960000000000042e+102
1.772670000000000073e+103
1.368529999999999997e+101
3.568330000000000072e+100
9.785749999999999785e+103
1.139509999999999944e+103
6.547960000000000160e+103
1.456030000000000042e+106
1.148560000000000039e+106
1.196189999999999995e+105
2.927659999999999975e+106
8.363670000000000033e+107
7.049279999999999771e+110
1.757039999999999901e+110
8.496899999999999153e+112
1.625659999999999906e+117
6.645839999999999328e+116
7.811400000000000297e+118
1.177179999999999922e+122
6.713379999999999786e+121
6.556900000000000436e+121
1.335679999999999866e+120
3.784340000000000051e+120
8.647430000000000521e+123
7.841309999999999924e+124
1.175479999999999998e+124
5.352839999999999648e+124
4.802459999999999740e+125
4.920879999999999719e+126
8.047360000000000368e+127
9.077589999999999933e+127
4.184169999999999811e+128
9.935360000000000587e+128
4.188460000000000213e+129
2.456860000000000118e+130
5.910079999999999887e+129
2.901890000000000020e+129
4.324020000000000176e+131
1.286180000000000080e+133
3.632920000000000154e+134
1.714790000000000005e+135
4.368880000000000261e+134
8.853119999999999267e+134
3.587130000000000127e+133
6.725250000000000106e+134
1.145779999999999915e+134
1.928920000000000128e+135
4.761390000000000347e+134
3.103259999999999891e+135
1.657419999999999976e+136
7.980119999999999552e+136
1.088760000000000028e+139
4.462169999999999887e+139
3.057089999999999897e+136
4.023850000000000172e+135
2.480490000000000117e+133
7.383099999999999551e+134
1.056969999999999952e+135
4.111250000000000065e+136
1.864099999999999954e+139
1.114929999999999994e+139
1.493140000000000025e+140
3.210419999999999764e+139
2.676059999999999810e+139
1.914219999999999882e+139
2.819529999999999806e+137
1.150920000000000055e+138
4.463160000000000128e+138
5.571460000000000016e+139
1.429770000000000029e+140
5.711149999999999680e+139
5.482410000000000169e+139
3.138469999999999880e+139
1.026690000000000047e+140
1.516859999999999949e+140
4.163660000000000279e+137
5.595899999999999762e+137
1.464410000000000059e+137
1.128680000000000024e+138
9.624300000000000141e+137
1.686939999999999957e+137
1.181840000000000007e+139
1.614150000000000028e+137
6.337930000000000268e+137
3.248290000000000193e+137
7.819379999999999402e+135
5.446410000000000120e+136
4.710970000000000219e+134
2.142659999999999935e+133
3.740200000000000305e+131
1.580889999999999921e+131
9.706200000000000595e+131
1.810569999999999994e+131
1.073849999999999940e+129
6.655879999999999633e+128
5.616240000000000117e+127
5.628740000000000027e+125
1.682080000000000041e+127
1.803740000000000146e+125
1.525349999999999986e+126
1.225700000000000015e+125
5.618140000000000027e+124
1.233210000000000106e+124
4.518879999999999971e+124
8.575649999999999596e+124
2.335869999999999936e+123
2.297690000000000070e+122
4.619749999999999543e+121
9.384669999999999353e+121
4.380240000000000092e+123
3.843830000000000004e+123
2.662270000000000137e+124
4.028580000000000041e+124
6.588029999999999721e+126
1.329619999999999915e+124
7.856369999999999279e+125
3.641210000000000356e+125
3.311140000000000147e+125
4.255130000000000119e+126
5.579019999999999758e+125
8.480389999999999699e+125
2.641299999999999883e+125
5.562749999999999940e+126
2.462699999999999874e+128
6.748240000000000310e+130
4.933880000000000240e+131
2.954230000000000313e+132
1.185260000000000040e+131
2.185590000000000084e+130
4.932399999999999910e+131
1.643819999999999958e+132
5.426529999999999850e+132
1.175220000000000087e+131
1.086690000000000057e+131
9.774980000000000061e+129
5.816770000000000421e+129
1.431620000000000102e+130
9.405489999999999697e+128
4.615640000000000132e+128
1.483669999999999988e+127
8.297110000000000024e+127
1.638850000000000057e+130
2.172769999999999936e+131
6.457000000000000183e+130
3.879639999999999861e+130
7.886830000000000290e+130
8.289870000000000088e+129
1.658219999999999909e+130
1.301470000000000021e+129
5.980990000000000214e+128
3.236329999999999934e+128
1.078789999999999997e+129
3.856919999999999979e+130
3.599269999999999819e+133
2.820269999999999782e+136
1.761259999999999860e+138
5.361209999999999781e+140
2.426870000000000104e+138
4.729270000000000024e+138
5.882509999999999785e+137
1.933489999999999917e+139
1.040470000000000056e+137
3.040690000000000109e+136
3.969110000000000318e+138
1.261010000000000012e+138
1.714039999999999904e+138
3.294020000000000161e+137
7.113110000000000439e+136
1.372559999999999925e+136
5.756390000000000079e+138
2.629030000000000202e+137
4.704620000000000069e+136
1.436170000000000045e+138
6.734770000000000432e+139
4.246900000000000267e+141
4.581199999999999972e+141
1.702219999999999915e+140
7.366599999999999870e+142
2.092590000000000031e+141
6.465069999999999633e+140
2.162209999999999930e+139
7.593279999999999893e+138
2.679619999999999920e+138
2.674639999999999839e+136
1.123910000000000077e+137
1.193680000000000042e+137
1.905659999999999843e+135
3.727619999999999644e+137
1.674390000000000097e+137
2.096469999999999928e+136
5.970600000000000083e+135
4.489029999999999947e+135
8.221670000000000371e+136
1.511209999999999952e+138
1.251749999999999962e+136
9.940719999999999189e+136
2.371830000000000049e+135
5.145149999999999506e+136
4.268529999999999864e+136
4.101839999999999958e+135
2.694269999999999808e+137
1.852929999999999972e+138
3.975960000000000105e+141
2.206359999999999827e+144
3.646120000000000253e+145
8.629060000000000186e+146
9.934129999999999633e+144
3.672820000000000207e+144
1.596980000000000138e+144
2.075769999999999883e+145
1.942160000000000041e+147
5.035550000000000150e+146
9.797219999999999754e+146
1.170490000000000020e+147
1.283960000000000000e+146
4.655180000000000150e+145
9.151319999999999701e+144
5.198969999999999646e+146
7.572750000000000158e+146
2.576020000000000022e+147
7.189300000000000191e+148
1.417870000000000082e+150
1.233570000000000067e+149
6.544149999999999776e+149
8.943589999999999734e+150
4.206229999999999753e+150
1.529519999999999940e+150
7.603719999999999322e+150
6.760620000000000140e+152
2.389130000000000093e+152
1.549400000000000102e+154
6.861320000000000202e+151
2.827780000000000040e+151
9.559569999999999656e+149
1.050279999999999933e+151
1.051450000000000082e+150
1.883660000000000135e+148
4.618509999999999851e+149
2.023519999999999863e+148
4.515670000000000170e+149
1.497770000000000022e+149
2.316020000000000060e+150
6.891300000000000203e+150
5.768570000000000377e+149
1.966449999999999867e+151
7.568999999999999733e+149
3.215679999999999997e+151
9.944440000000000057e+149
1.929439999999999917e+150
3.716519999999999928e+149
1.211170000000000009e+149
1.072920000000000038e+148
4.681490000000000207e+149
6.413860000000000173e+149
2.222059999999999951e+150
7.209439999999999494e+147
5.489109999999999763e+147
5.845609999999999952e+146
4.942879999999999954e+146
6.723260000000000114e+147
1.969579999999999914e+149
1.737090000000000133e+147
2.744180000000000042e+144
1.520730000000000046e+144
1.397299999999999934e+144
1.635199999999999909e+146
1.222589999999999950e+147
9.128089999999999958e+147
3.251939999999999841e+149
1.029840000000000028e+150
3.254460000000000209e+151
3.046159999999999915e+151
7.482309999999999609e+147
2.717770000000000102e+147
5.031220000000000263e+143
2.586639999999999935e+142
1.483199999999999980e+141
1.918699999999999933e+141
9.541640000000000628e+140
6.682709999999999545e+139
8.624429999999999486e+137
7.949670000000000456e+138
9.335109999999999668e+140
1.363030000000000081e+140
1.788690000000000025e+140
5.049549999999999873e+139
2.172299999999999923e+141
9.605229999999999484e+140
9.664980000000000070e+140
3.508610000000000226e+141
3.827760000000000217e+142
7.101430000000000526e+141
2.311739999999999920e+140
1.211499999999999926e+138
1.374090000000000066e+137
1.722860000000000041e+138
2.842210000000000184e+137
3.111880000000000246e+135
3.259539999999999772e+136
5.441319999999999870e+136
8.731249999999999646e+137
4.020959999999999793e+136
7.847659999999999732e+138
1.493259999999999966e+142
6.762549999999999729e+141
2.804219999999999812e+139
2.457700000000000032e+141
9.366969999999999622e+141
9.209890000000000530e+141
6.300469999999999489e+142
3.209759999999999905e+144
2.757259999999999974e+144
3.636600000000000310e+144
2.100720000000000036e+144
1.119079999999999957e+145
1.716610000000000035e+146
1.246430000000000060e+145
6.985759999999999828e+143
5.901399999999999860e+146
2.395880000000000126e+148
2.451380000000000005e+148
7.800080000000000402e+147
5.848950000000000076e+143
1.580009999999999958e+142
3.844339999999999676e+141
1.193430000000000065e+141
1.636209999999999920e+143
1.816119999999999993e+144
3.641680000000000013e+144
6.655790000000000612e+144
4.118299999999999928e+142
2.887639999999999860e+140
1.862859999999999918e+142
2.934409999999999967e+141
2.055790000000000056e+140
4.729750000000000231e+140
1.463629999999999943e+141
1.081569999999999927e+140
5.828020000000000337e+139
1.284500000000000056e+141
3.957830000000000350e+140
1.332250000000000041e+141
5.241900000000000174e+141
4.295150000000000212e+142
1.710859999999999914e+141
8.996000000000000099e+142
6.920559999999999825e+142
8.749120000000000094e+141
3.095710000000000123e+141
1.191830000000000030e+142
8.346089999999999833e+142
4.706049999999999797e+143
7.066309999999999870e+146
4.118010000000000016e+146
3.822259999999999839e+145
1.261959999999999991e+145
2.443399999999999973e+145
8.615029999999999553e+144
2.746520000000000104e+144
2.251500000000000161e+144
1.641939999999999934e+144
4.239520000000000156e+143
1.425779999999999924e+146
2.654200000000000010e+143
6.692739999999999427e+141
1.971459999999999898e+139
2.626539999999999876e+139
4.168049999999999991e+139
1.296689999999999930e+138
6.744410000000000389e+138
1.712220000000000069e+137
3.840159999999999856e+135
3.800139999999999783e+135
2.671220000000000076e+135
6.152960000000000294e+134
1.144340000000000033e+136
3.589879999999999905e+134
3.815669999999999805e+135
9.302829999999999013e+133
3.316740000000000061e+134
1.863679999999999943e+131
8.817450000000000298e+131
3.359239999999999978e+133
2.473110000000000138e+133
2.305469999999999915e+132
3.065160000000000184e+133
6.226650000000000049e+133
4.797029999999999687e+132
1.058130000000000034e+131
6.117080000000000374e+130
1.832510000000000167e+128
3.425690000000000192e+129
4.296049999999999667e+131
4.554029999999999593e+130
2.922409999999999923e+130
8.490220000000000207e+129
3.690839999999999939e+129
1.497660000000000120e+133
1.193470000000000048e+132
2.818459999999999846e+133
1.226480000000000000e+135
2.097810000000000099e+135
8.124269999999999751e+135
1.221930000000000127e+139
9.015989999999999728e+137
4.449740000000000235e+138
3.168659999999999701e+138
3.221880000000000259e+139
1.153440000000000024e+139
1.449340000000000066e+137
2.153860000000000079e+138
8.952819999999999995e+137
2.665460000000000113e+138
5.056720000000000027e+138
3.302350000000000217e+139
1.212379999999999996e+141
7.124670000000000201e+140
7.644470000000000828e+140
2.761410000000000079e+141
5.289580000000000296e+141
8.259629999999999667e+140
5.862600000000000180e+141
9.006550000000000694e+140
3.206620000000000172e+140
1.233810000000000009e+140
7.888819999999999389e+141
1.053449999999999941e+141
1.314620000000000111e+142
7.352439999999999439e+141
1.264100000000000067e+140
1.441149999999999933e+142
1.430070000000000036e+142
9.210519999999999987e+140
2.832569999999999827e+143
2.203309999999999837e+144
5.341640000000000252e+142
5.542419999999999607e+145
2.637089999999999918e+146
1.047750000000000015e+144
2.318920000000000087e+140
8.440670000000000099e+139
4.827259999999999767e+141
2.250470000000000089e+141
1.089939999999999990e+140
3.020769999999999775e+142
8.203459999999999778e+142
3.844409999999999825e+145
7.731280000000000073e+143
7.136800000000000095e+142
2.779339999999999931e+141
1.159209999999999970e+142
9.007479999999999986e+144
2.568090000000000195e+143
6.009159999999999916e+141
1.333969999999999950e+142
9.298660000000000014e+142
3.105019999999999823e+145
4.971820000000000339e+142
6.015770000000000028e+143
3.618309999999999931e+142
1.613449999999999957e+142
9.820270000000000743e+140
7.185340000000000408e+140
1.156969999999999975e+142
2.870250000000000203e+142
3.538330000000000239e+139
1.810499999999999955e+140
1.510629999999999955e+141
1.082789999999999995e+140
4.198869999999999944e+137
1.524519999999999924e+137
1.129929999999999949e+136
5.156670000000000082e+134
4.370369999999999883e+132
5.347620000000000087e+133
7.579870000000000757e+131
3.384320000000000128e+134
9.049169999999999888e+135
9.612739999999999811e+135
1.710770000000000108e+138
6.795439999999999792e+138
7.683900000000000346e+139
1.732260000000000094e+140
5.302580000000000241e+140
1.972499999999999856e+141
4.549269999999999814e+141
1.635859999999999866e+142
1.235590000000000053e+145
2.502439999999999881e+146
5.627220000000000268e+147
4.365219999999999811e+148
5.458860000000000345e+149
7.753339999999999561e+146
8.433749999999999668e+145
7.492929999999999821e+146
1.008649999999999976e+148
1.503010000000000050e+150
5.213160000000000027e+149
1.242789999999999930e+151
8.525029999999999647e+151
2.938780000000000077e+155
2.110790000000000014e+156
6.632880000000000054e+154
2.406430000000000092e+153
1.699179999999999871e+153
1.807979999999999982e+153
4.419509999999999972e+151
6.310910000000000398e+152
5.896990000000000194e+154
1.277910000000000054e+153
1.941049999999999982e+153
1.690780000000000027e+153
1.189209999999999971e+151
3.739340000000000163e+152
3.319740000000000043e+153
1.745099999999999997e+152
4.175350000000000018e+150
1.767060000000000022e+150
1.152409999999999925e+149
8.499050000000000680e+147
1.223099999999999976e+148
2.625229999999999816e+148
1.653859999999999909e+147
3.932969999999999909e+146
3.395290000000000108e+146
1.088009999999999936e+146
1.113150000000000051e+146
3.961480000000000024e+144
3.745029999999999914e+145
6.932920000000000328e+146
4.604320000000000053e+146
1.573109999999999925e+147
1.151279999999999938e+147
1.941900000000000070e+145
7.135619999999999745e+144
6.145160000000000545e+145
1.702999999999999937e+146
1.128969999999999943e+145
5.601039999999999833e+143
5.902839999999999727e+145
1.998629999999999889e+148
2.123469999999999955e+147
1.323460000000000069e+149
7.553429999999999439e+147
3.290080000000000082e+146
8.069499999999999792e+145
2.904709999999999895e+148
3.909570000000000259e+147
1.064999999999999948e+146
3.444329999999999924e+149
5.524009999999999580e+146
3.426570000000000014e+147
2.582870000000000003e+147
3.937519999999999822e+147
1.045699999999999913e+146
3.621429999999999924e+147
1.001950000000000032e+148
1.405540000000000056e+146
1.403409999999999928e+146
2.983090000000000070e+144
3.036519999999999999e+144
5.621079999999999601e+142
5.277000000000000247e+142
2.073799999999999971e+140
1.593189999999999974e+139
8.713959999999999500e+138
4.680460000000000096e+139
4.606840000000000004e+140
7.211129999999999902e+139
3.173590000000000193e+142
2.761369999999999963e+141
1.420029999999999888e+139
2.418199999999999846e+140
6.778619999999999774e+140
2.611270000000000119e+140
4.920159999999999816e+140
5.880570000000000148e+139
1.141839999999999948e+141
5.696099999999999631e+139
5.629140000000000187e+140
1.077070000000000041e+141
1.102539999999999986e+142
5.421170000000000299e+142
1.169090000000000078e+141
4.135729999999999887e+140
6.477810000000000010e+140
1.643670000000000057e+140
1.871339999999999936e+140
9.626959999999999520e+141
5.842950000000000338e+144
1.154100000000000080e+144
1.154590000000000085e+147
7.891779999999999529e+148
5.717620000000000070e+147
2.582930000000000060e+148
1.909440000000000001e+147
1.037079999999999926e+147
7.864080000000000303e+145
1.343030000000000025e+146
3.331580000000000345e+144
1.930359999999999900e+143
5.059710000000000521e+142
1.318290000000000021e+141
2.255230000000000010e+142
2.795690000000000036e+143
7.266730000000000093e+140
3.181889999999999742e+138
1.309750000000000079e+139
3.073320000000000094e+137
3.763650000000000021e+137
1.753329999999999899e+139
6.875260000000000240e+142
6.755559999999999609e+144
9.104999999999999536e+142
9.343420000000000064e+143
1.875620000000000028e+143
2.616880000000000157e+139
1.681919999999999930e+139
1.903439999999999883e+138
6.002039999999999420e+135
1.055999999999999975e+135
6.136879999999999761e+132
1.983670000000000083e+135
1.827509999999999991e+137
2.663299999999999856e+137
1.451060000000000059e+136
4.294649999999999814e+136
6.364339999999999772e+134
8.682199999999999714e+133
5.214180000000000103e+134
1.210220000000000010e+136
1.151040000000000050e+136
4.682220000000000257e+136
2.641339999999999812e+137
8.896589999999999883e+136
5.167759999999999742e+137
2.113840000000000051e+139
6.933339999999999909e+136
1.547699999999999925e+137
6.590529999999999598e+136
1.574050000000000027e+134
2.936740000000000143e+134
1.186310000000000062e+135
7.805909999999999847e+133
7.804590000000000736e+134
6.034910000000000373e+133
1.896669999999999938e+134
2.888979999999999821e+133
3.897879999999999687e+131
6.434739999999999731e+131
4.574810000000000306e+131
1.798009999999999819e+131
1.389049999999999979e+131
9.001380000000000550e+131
3.262199999999999805e+132
3.203129999999999804e+131
1.413860000000000075e+132
3.592969999999999799e+133
8.030409999999999929e+130
8.932249999999999399e+129
5.355450000000000046e+128
3.040120000000000095e+128
2.369139999999999973e+126
1.341139999999999987e+127
5.259310000000000009e+125
4.967099999999999896e+123
8.328159999999999507e+125
1.184829999999999956e+122
1.390239999999999951e+123
1.465050000000000103e+120
5.379489999999999441e+120
7.178970000000000389e+120
1.531809999999999993e+118
1.667660000000000054e+119
1.407950000000000049e+119
4.620119999999999936e+120
7.828800000000000386e+124
6.329360000000000272e+123
2.287780000000000222e+124
9.796870000000000295e+125
2.730669999999999933e+126
9.532209999999999386e+129
9.953379999999999344e+130
3.754289999999999715e+132
8.340910000000000044e+129
2.415589999999999958e+131
8.493470000000000115e+130
1.833049999999999989e+129
2.897359999999999885e+128
1.923889999999999996e+130
1.493990000000000085e+131
1.401270000000000021e+133
3.101160000000000100e+131
2.053069999999999929e+127
2.630210000000000144e+126
4.002449999999999819e+126
6.292339999999999889e+128
2.810619999999999992e+130
1.102779999999999941e+131
8.744209999999999766e+130
5.048590000000000217e+128
3.517080000000000034e+126
1.426700000000000039e+126
2.910209999999999928e+125
3.654979999999999831e+123
3.651499999999999917e+124
8.200930000000000356e+123
4.067269999999999723e+123
9.806810000000000793e+121
2.052040000000000076e+119
1.865850000000000083e+119
6.742840000000000593e+119
1.621859999999999899e+119
1.064210000000000033e+121
1.739279999999999904e+121
2.381199999999999932e+121
1.105030000000000057e+122
4.031040000000000087e+122
6.422269999999999712e+119
1.253569999999999997e+119
2.361400000000000127e+118
2.986309999999999862e+119
7.836540000000000038e+118
4.006569999999999808e+118
1.979759999999999993e+119
2.799429999999999848e+118
1.432210000000000044e+120
8.908630000000000177e+121
1.086250000000000007e+123
5.855879999999999782e+120
1.573350000000000059e+119
6.681630000000000464e+117
9.045720000000000304e+117
5.312419999999999919e+118
1.151409999999999967e+116
1.271579999999999981e+116
1.300669999999999950e+118
1.179280000000000007e+120
1.532379999999999963e+122
4.165870000000000331e+122
7.272910000000000129e+123
6.492329999999999639e+122
1.091350000000000006e+122
2.909320000000000145e+121
1.394229999999999946e+123
6.385309999999999795e+124
3.387410000000000040e+123
1.961929999999999967e+124
1.666520000000000097e+123
2.563410000000000027e+122
2.292740000000000004e+122
4.296819999999999562e+121
1.638330000000000043e+123
9.792589999999999620e+120
4.273350000000000070e+119
5.785279999999999697e+119
6.590819999999999907e+120
1.445159999999999956e+122
2.264629999999999914e+124
1.989040000000000163e+125
2.236279999999999921e+129
1.040179999999999968e+126
2.371789999999999950e+127
3.894850000000000040e+124
3.667019999999999682e+122
2.030030000000000010e+123
6.838459999999999795e+122
3.863299999999999724e+123
3.412770000000000154e+121
8.616819999999999522e+121
1.033969999999999940e+122
4.136590000000000052e+121
1.437280000000000031e+123
1.349779999999999899e+123
4.580059999999999925e+121
1.763259999999999862e+123
8.678879999999999620e+122
6.554409999999999698e+122
3.801689999999999865e+120
3.997790000000000160e+121
1.449990000000000068e+123
6.420640000000000361e+122
6.872030000000000002e+124
1.114669999999999915e+124
1.950639999999999977e+121
6.132010000000000224e+122
8.719920000000000323e+122
4.074700000000000061e+124
5.701389999999999972e+121
9.619760000000000007e+124
1.064349999999999996e+125
2.156140000000000072e+125
1.537110000000000020e+126
4.836689999999999750e+126
3.647519999999999731e+128
7.724639999999999827e+126
4.469009999999999613e+124
1.807650000000000082e+124
4.610190000000000266e+123
1.659389999999999948e+124
3.554599999999999988e+123
2.158960000000000216e+124
1.612409999999999873e+126
3.581979999999999894e+127
1.856750000000000084e+127
7.552220000000000406e+126
4.116720000000000086e+129
9.988469999999999760e+128
1.223230000000000109e+130
9.344799999999999402e+128
1.205210000000000059e+129
7.650269999999999544e+129
1.450049999999999889e+130
2.470770000000000145e+131
3.158990000000000103e+131
1.058809999999999979e+131
1.709519999999999912e+129
2.951950000000000207e+129
3.312370000000000113e+128
2.359069999999999769e+127
1.014670000000000011e+128
1.630690000000000086e+129
2.807840000000000113e+127
1.470920000000000081e+128
6.711210000000000454e+129
5.713539999999999473e+129
7.469240000000000323e+129
3.867670000000000062e+129
3.837600000000000188e+129
1.700829999999999934e+131
5.474109999999999776e+131
5.467189999999999792e+129
6.772429999999999894e+131
1.185040000000000018e+131
2.428499999999999847e+130
2.529710000000000100e+130
6.886449999999999963e+130
1.864970000000000029e+129
1.231560000000000115e+130
2.050079999999999906e+133
1.269040000000000012e+133
8.034449999999999842e+130
8.220699999999999973e+130
3.291079999999999837e+134
2.304839999999999939e+132
1.219989999999999931e+134
1.303649999999999996e+135
1.855480000000000055e+133
2.679939999999999803e+133
8.178719999999999915e+132
4.799719999999999728e+132
7.537919999999999609e+132
4.516640000000000036e+131
1.523469999999999952e+132
2.025110000000000051e+134
2.569149999999999920e+131
3.039700000000000293e+129
5.362800000000000430e+127
1.397649999999999914e+127
3.261600000000000145e+129
8.523250000000000263e+127
1.633489999999999959e+128
5.207230000000000254e+129
3.125950000000000024e+130
6.480829999999999673e+129
6.107590000000000575e+129
3.471099999999999993e+130
9.138469999999999623e+131
8.015089999999999664e+133
7.893700000000000090e+136
5.176349999999999705e+135
7.594339999999999553e+135
5.373839999999999708e+133
3.076349999999999931e+135
2.360439999999999787e+136
5.004659999999999693e+136
6.069550000000000072e+137
1.231339999999999948e+138
1.325450000000000056e+138
1.411479999999999906e+139
1.264190000000000086e+137
2.626839999999999873e+138
2.516139999999999909e+139
2.562890000000000075e+137
4.176290000000000015e+140
5.888839999999999751e+141
1.179340000000000039e+142
1.192250000000000056e+143
2.191740000000000167e+146
1.329899999999999920e+145
7.137129999999999414e+147
4.133489999999999905e+148
1.660559999999999924e+148
1.171159999999999951e+147
5.600390000000000356e+146
4.110280000000000192e+145
6.760989999999999619e+146
1.858770000000000019e+147
9.041350000000000105e+146
1.439180000000000043e+147
6.235949999999999965e+145
1.883089999999999958e+144
2.742320000000000027e+144
8.190960000000000265e+145
1.898479999999999890e+148
1.965770000000000070e+147
4.691970000000000420e+146
2.550980000000000082e+148
2.230990000000000077e+149
2.591609999999999980e+149
3.274250000000000231e+148
6.769429999999999612e+152
5.335689999999999660e+152
9.570000000000000096e+153
9.552199999999999788e+151
6.614160000000000398e+148
8.702589999999999658e+147
1.683879999999999980e+149
2.441000000000000150e+150
1.226300000000000082e+149
4.880540000000000423e+149
4.808819999999999650e+149
4.764079999999999692e+149
2.888610000000000052e+148
1.836740000000000010e+149
1.097510000000000080e+149
1.175870000000000016e+147
1.842569999999999930e+146
1.824719999999999950e+146
2.043499999999999884e+141
1.157500000000000090e+143
1.936970000000000094e+141
5.860279999999999886e+140
8.320039999999999797e+139
8.408330000000000233e+139
3.089939999999999897e+140
1.639149999999999943e+140
7.596409999999999902e+139
2.118399999999999795e+140
6.867610000000000335e+140
5.931740000000000232e+141
1.077650000000000030e+141
3.029769999999999870e+141
6.595860000000000469e+138
1.803569999999999918e+138
1.721759999999999920e+138
1.327670000000000007e+140
2.890139999999999915e+141
5.979179999999999848e+138
1.713750000000000168e+141
5.881280000000000286e+138
5.596270000000000049e+138
1.471629999999999907e+139
2.986089999999999958e+138
4.006729999999999840e+139
3.180879999999999871e+139
2.322980000000000179e+140
6.636640000000000304e+138
2.760500000000000152e+138
3.016690000000000119e+137
4.250060000000000119e+140
6.529619999999999749e+140
1.291589999999999894e+142
5.502389999999999998e+140
7.454609999999999588e+142
7.809609999999999999e+142
2.012299999999999880e+142
9.438669999999999649e+140
1.121379999999999958e+143
6.672839999999999876e+143
6.722810000000000285e+141
7.009619999999999865e+143
3.676169999999999915e+145
9.343550000000000568e+144
8.889749999999999496e+142
9.814970000000000096e+143
3.575830000000000046e+143
4.010760000000000256e+143
2.927730000000000150e+144
6.810589999999999540e+141
1.894839999999999882e+142
2.303429999999999883e+139
8.519749999999999423e+138
6.783729999999999895e+138
8.224040000000000349e+137
6.425699999999999890e+137
8.585940000000000069e+136
2.963070000000000130e+136
2.976690000000000101e+137
3.032540000000000223e+135
6.028890000000000196e+137
5.761280000000000315e+137
6.529010000000000337e+137
3.016619999999999977e+137
3.626630000000000225e+136
7.998259999999999905e+136
3.197249999999999910e+135
2.049119999999999985e+135
7.866530000000000601e+135
5.733270000000000354e+133
4.759840000000000236e+136
9.119009999999999529e+135
2.656820000000000058e+136
5.336370000000000245e+135
3.711930000000000006e+135
3.850610000000000146e+136
3.310740000000000135e+135
4.775310000000000506e+136
4.416299999999999926e+136
3.287059999999999969e+137
6.539079999999999966e+135
4.206950000000000127e+135
6.473380000000000020e+135
1.587689999999999967e+136
5.276400000000000275e+137
8.375860000000000329e+139
9.748939999999999894e+142
9.998720000000000686e+144
3.160279999999999801e+146
4.364060000000000264e+148
1.108159999999999960e+149
3.359409999999999994e+148
1.264469999999999943e+148
2.469620000000000101e+146
1.108110000000000035e+144
1.407389999999999926e+143
1.386379999999999960e+143
4.439369999999999799e+142
9.656159999999999305e+143
3.562549999999999891e+143
5.687050000000000144e+142
1.078279999999999994e+141
1.538020000000000152e+141
1.967959999999999896e+141
1.110559999999999948e+142
1.053510000000000041e+145
2.839450000000000145e+144
1.325489999999999944e+144
4.380050000000000433e+143
5.685780000000000161e+146
1.044229999999999983e+145
2.464239999999999833e+143
1.650569999999999967e+144
6.630880000000000195e+146
4.304599999999999830e+146
5.437629999999999894e+146
1.213549999999999970e+148
3.436179999999999972e+146
1.160900000000000011e+148
1.922119999999999968e+149
1.016909999999999963e+149
1.236330000000000053e+150
2.009740000000000045e+152
5.707990000000000272e+152
1.544969999999999984e+152
1.574319999999999938e+152
1.772940000000000099e+153
9.254419999999999258e+152
5.647029999999999822e+154
3.349819999999999964e+153
3.970830000000000294e+153
1.362569999999999982e+154
2.416460000000000106e+154
9.422780000000000752e+155
2.995949999999999910e+157
4.001990000000000145e+158
3.472550000000000139e+157
1.638679999999999971e+155
2.948239999999999766e+158
4.474310000000000132e+156
1.202419999999999937e+157
1.072600000000000057e+157
8.962880000000000531e+154
2.781059999999999949e+153
4.332670000000000119e+151
3.314869999999999915e+149
1.355270000000000053e+150
1.299770000000000008e+153
2.340630000000000008e+153
2.683130000000000228e+152
2.167970000000000223e+149
3.684390000000000048e+148
8.167599999999999588e+147
5.365150000000000283e+149
1.374729999999999973e+149
4.454909999999999821e+148
7.848419999999999996e+149
1.577669999999999961e+150
8.482009999999999215e+149
1.289909999999999975e+151
4.135840000000000031e+150
1.533699999999999985e+149
2.315040000000000003e+146
1.181399999999999978e+147
1.036560000000000006e+146
1.091969999999999905e+146
1.485490000000000051e+145
4.927499999999999972e+144
1.671949999999999985e+145
