     0.0000000        0.48015163        0.01260796
     0.1000000        0.28985684        0.01391601
     0.2000000        0.17573653        0.01423808
     0.3000000        0.10742467        0.01382515
     0.4000000        0.06643921        0.01309504
     0.5000000        0.04347288        0.01251813
     0.6000000        0.02925101        0.01151215
     0.7000000        0.02016957        0.01003758
     0.8000000        0.01240005        0.01033675
     0.9000000        0.00774523        0.00957629
     1.0000000        0.00517538        0.00941094
     1.1000000        0.00390413        0.00895451
     1.2000000        0.00373189        0.00880517
     1.3000000        0.00389532        0.00724478
     1.4000000        0.00419133        0.00702259
     1.5000000        0.00402708        0.00629171
     1.6000000        0.00435232        0.00683021
     1.7000000        0.00361560        0.00706613
     1.8000000        0.00534105        0.00751228
     1.9000000        0.00582622        0.00735821
     2.0000000        0.00563648        0.00561460
     2.1000000        0.00627169        0.00407980
     2.2000000        0.00504590        0.00275388
     2.3000000        0.00428764        0.00136730
     2.4000000        0.00396754        0.00145546
     2.5000000        0.00377706        0.00297896
     2.6000000        0.00491860        0.00353997
     2.7000000        0.00565988        0.00456962
     2.8000000        0.00523588        0.00503571
     2.9000000        0.00540366        0.00529942
     3.0000000        0.00542733        0.00637395
     3.1000000        0.00531274        0.00572404
     3.2000000        0.00526183        0.00541472
     3.3000000        0.00425818        0.00540393
     3.4000000        0.00412504        0.00506161
     3.5000000        0.00489921        0.00499621
     3.6000000        0.00641773        0.00528690
     3.7000000        0.00722747        0.00482027
     3.8000000        0.00710162        0.00430272
     3.9000000        0.00674291        0.00454500
     4.0000000        0.00483513        0.00463640
     4.1000000        0.00352515        0.00367157
     4.2000000        0.00402703        0.00305429
     4.3000000        0.00484785        0.00314231
     4.4000000        0.00407406        0.00464348
     4.5000000        0.00219884        0.00556093
     4.6000000        0.00040815        0.00539341
     4.7000000       -0.00087924        0.00498775
     4.8000000       -0.00070283        0.00486635
     4.9000000       -0.00170839        0.00473276
     5.0000000       -0.00298303        0.00461753
     5.1000000       -0.00231217        0.00420979
     5.2000000       -0.00430551        0.00308040
     5.3000000       -0.00422487        0.00285474
     5.4000000       -0.00226147        0.00303850
     5.5000000       -0.00200569        0.00264945
     5.6000000       -0.00121821        0.00283719
     5.7000000       -0.00078437        0.00189331
     5.8000000       -0.00233509        0.00157256
     5.9000000       -0.00246616        0.00219554
     6.0000000       -0.00192487        0.00191990
     6.1000000       -0.00179811        0.00143702
     6.2000000       -0.00029685        0.00226732
     6.3000000       -0.00138874        0.00376095
     6.4000000       -0.00205171        0.00378340
     6.5000000       -0.00346128        0.00460278
     6.6000000       -0.00478969        0.00485865
     6.7000000       -0.00485224        0.00544059
     6.8000000       -0.00265829        0.00672395
     6.9000000       -0.00142864        0.00714798
     7.0000000       -0.00110197        0.00671270
     7.1000000        0.00107777        0.00646364
     7.2000000        0.00068731        0.00629192
     7.3000000        0.00141332        0.00585427
     7.4000000        0.00171789        0.00521170
     7.5000000        0.00143714        0.00529775
     7.6000000        0.00111388        0.00585536
     7.7000000       -0.00076066        0.00588219
     7.8000000       -0.00160337        0.00524827
     7.9000000       -0.00136176        0.00464324
     8.0000000       -0.00108212        0.00441278
     8.1000000       -0.00297103        0.00497127
     8.2000000       -0.00518523        0.00587574
     8.3000000       -0.00535118        0.00601487
     8.4000000       -0.00508377        0.00652943
     8.5000000       -0.00571773        0.00558954
     8.6000000       -0.00686578        0.00297296
     8.7000000       -0.00644581        0.00298966
     8.8000000       -0.00676402        0.00435724
     8.9000000       -0.00621025        0.00643193
     9.0000000       -0.00410772        0.00725812
     9.1000000       -0.00063713        0.00818888
     9.2000000        0.00222677        0.00963171
     9.3000000        0.00776662        0.00941213
     9.4000000        0.01871335        0.00856108
     9.5000000        0.03591993        0.00981536
     9.6000000        0.06170659        0.01095792
     9.7000000        0.10488120        0.01184071
     9.8000000        0.17386653        0.01122876
     9.9000000        0.28813354        0.01158684
    10.0000000        0.48015163        0.01260796
