     0.0000000        3.29670023        0.09879975
     0.1000000        3.07393105        0.08960334
     0.2000000        2.90644061        0.08647909
     0.3000000        2.77467293        0.08822221
     0.4000000        2.65417360        0.08741594
     0.5000000        2.55174867        0.08770120
     0.6000000        2.45593659        0.08813763
     0.7000000        2.37561349        0.08861067
     0.8000000        2.31103635        0.08867354
     0.9000000        2.25493357        0.09564966
     1.0000000        2.21251578        0.09472137
     1.1000000        2.17505747        0.09359316
     1.2000000        2.14405549        0.09205725
     1.3000000        2.10707429        0.08675665
     1.4000000        2.07056969        0.08556734
     1.5000000        2.03579070        0.08396925
     1.6000000        2.00057544        0.08413560
     1.7000000        1.96666850        0.08679947
     1.8000000        1.92417480        0.08826732
     1.9000000        1.88451252        0.08759993
     2.0000000        1.86832946        0.09426779
     2.1000000        1.84205607        0.11150938
     2.2000000        1.81296947        0.12438645
     2.3000000        1.78873225        0.13583129
     2.4000000        1.76456939        0.14506960
     2.5000000        1.73494161        0.15818174
     2.6000000        1.70667782        0.16419086
     2.7000000        1.68021925        0.16592526
     2.8000000        1.64980267        0.16735948
     2.9000000        1.61299545        0.16191011
     3.0000000        1.56876957        0.16202920
     3.1000000        1.54004711        0.15522567
     3.2000000        1.52420780        0.15772029
     3.3000000        1.50681578        0.16441275
     3.4000000        1.48648064        0.17275836
     3.5000000        1.45969255        0.17027032
     3.6000000        1.44068750        0.16141785
     3.7000000        1.43937975        0.15498607
     3.8000000        1.42003849        0.16028526
     3.9000000        1.40991382        0.16332667
     4.0000000        1.40123654        0.15698858
     4.1000000        1.40059021        0.14834975
     4.2000000        1.39353717        0.13629957
     4.3000000        1.38533880        0.12781347
     4.4000000        1.37001670        0.13131480
     4.5000000        1.37473395        0.14214633
     4.6000000        1.38913634        0.14709601
     4.7000000        1.40874732        0.14675864
     4.8000000        1.41940025        0.14801911
     4.9000000        1.42467356        0.14736374
     5.0000000        1.42061596        0.14705762
     5.1000000        1.41876831        0.14073920
     5.2000000        1.41707371        0.14930522
     5.3000000        1.41016252        0.15233199
     5.4000000        1.41130389        0.15933975
     5.5000000        1.41777836        0.16951998
     5.6000000        1.41500146        0.17730609
     5.7000000        1.42647764        0.17903069
     5.8000000        1.42816268        0.18075881
     5.9000000        1.44707870        0.19014207
     6.0000000        1.47134444        0.18725918
     6.1000000        1.48798556        0.18943860
     6.2000000        1.50937366        0.18888586
     6.3000000        1.52682341        0.18739876
     6.4000000        1.53539767        0.19315575
     6.5000000        1.54512775        0.20198266
     6.6000000        1.54019805        0.19645655
     6.7000000        1.54041220        0.19137441
     6.8000000        1.55223697        0.18591256
     6.9000000        1.55731277        0.18354532
     7.0000000        1.57544101        0.18605137
     7.1000000        1.59894216        0.18507462
     7.2000000        1.63295618        0.18685315
     7.3000000        1.65453241        0.18558000
     7.4000000        1.68165881        0.18656557
     7.5000000        1.71389425        0.19638985
     7.6000000        1.73822877        0.20274886
     7.7000000        1.77101392        0.20100228
     7.8000000        1.80220194        0.19402702
     7.9000000        1.81983903        0.19110090
     8.0000000        1.84161198        0.19071969
     8.1000000        1.86992060        0.18436736
     8.2000000        1.89276301        0.17903623
     8.3000000        1.93050206        0.16492767
     8.4000000        1.95759149        0.14898289
     8.5000000        1.99368689        0.13902005
     8.6000000        2.02274120        0.13577939
     8.7000000        2.05254152        0.13591311
     8.8000000        2.09041726        0.14362736
     8.9000000        2.11965611        0.14383563
     9.0000000        2.17001033        0.13812657
     9.1000000        2.22501285        0.13055338
     9.2000000        2.27700912        0.13320713
     9.3000000        2.34761972        0.13948044
     9.4000000        2.41727514        0.12841053
     9.5000000        2.50102266        0.12214154
     9.6000000        2.60084870        0.12055478
     9.7000000        2.73279686        0.12339026
     9.8000000        2.88936921        0.11504640
     9.9000000        3.06665860        0.10808865
    10.0000000        3.29670023        0.09879975
