     0.0000000        1.00000000        0.00000000
     0.1000000        0.79462013        0.00117374
     0.2000000        0.64361271        0.00213597
     0.3000000        0.52992317        0.00238158
     0.4000000        0.44098199        0.00225654
     0.5000000        0.37270432        0.00242618
     0.6000000        0.31602251        0.00273677
     0.7000000        0.27377384        0.00221835
     0.8000000        0.23806283        0.00207842
     0.9000000        0.20540223        0.00196949
     1.0000000        0.18016658        0.00214220
     1.1000000        0.15797938        0.00186985
     1.2000000        0.14007439        0.00165944
     1.3000000        0.12428229        0.00178961
     1.4000000        0.11143665        0.00163287
     1.5000000        0.10021004        0.00196282
     1.6000000        0.08958751        0.00166512
     1.7000000        0.08174799        0.00170756
     1.8000000        0.07228317        0.00138375
     1.9000000        0.06497069        0.00143684
     2.0000000        0.05845251        0.00116441
     2.1000000        0.05317182        0.00102452
     2.2000000        0.04816654        0.00117766
     2.3000000        0.04226143        0.00082476
     2.4000000        0.03824202        0.00125652
     2.5000000        0.03504355        0.00132985
     2.6000000        0.03167717        0.00153082
     2.7000000        0.02838429        0.00196805
     2.8000000        0.02532623        0.00148685
     2.9000000        0.02422783        0.00135773
     3.0000000        0.02183928        0.00122230
     3.1000000        0.02042304        0.00131459
     3.2000000        0.01887308        0.00135650
     3.3000000        0.01793579        0.00147391
     3.4000000        0.01556212        0.00153880
     3.5000000        0.01437656        0.00122058
     3.6000000        0.01316028        0.00122632
     3.7000000        0.01206964        0.00121908
     3.8000000        0.01150039        0.00158550
     3.9000000        0.01068570        0.00110135
     4.0000000        0.00854475        0.00095943
     4.1000000        0.00823822        0.00096044
     4.2000000        0.00822400        0.00091373
     4.3000000        0.00801370        0.00103606
     4.4000000        0.00759865        0.00106686
     4.5000000        0.00803202        0.00109807
     4.6000000        0.00844220        0.00117661
     4.7000000        0.00820885        0.00128043
     4.8000000        0.00797399        0.00139794
     4.9000000        0.00687909        0.00098967
     5.0000000        0.00730830        0.00119693
     5.1000000        0.00793664        0.00143145
     5.2000000        0.00720821        0.00126484
     5.3000000        0.00656057        0.00094812
     5.4000000        0.00642456        0.00108231
     5.5000000        0.00628330        0.00089903
     5.6000000        0.00670423        0.00096787
     5.7000000        0.00744500        0.00099782
     5.8000000        0.00793357        0.00082908
     5.9000000        0.00929065        0.00100195
     6.0000000        0.00949295        0.00095870
     6.1000000        0.01011188        0.00112103
     6.2000000        0.01096363        0.00127000
     6.3000000        0.01252176        0.00154309
     6.4000000        0.01321794        0.00171277
     6.5000000        0.01483595        0.00207530
     6.6000000        0.01491311        0.00138504
     6.7000000        0.01665822        0.00141650
     6.8000000        0.01854211        0.00162138
     6.9000000        0.01987495        0.00144632
     7.0000000        0.02242842        0.00123710
     7.1000000        0.02451384        0.00150524
     7.2000000        0.02629329        0.00158755
     7.3000000        0.02911307        0.00149080
     7.4000000        0.03243560        0.00131050
     7.5000000        0.03625144        0.00133899
     7.6000000        0.03861052        0.00120673
     7.7000000        0.04173448        0.00181536
     7.8000000        0.04755908        0.00222936
     7.9000000        0.05140899        0.00206212
     8.0000000        0.05675049        0.00212164
     8.1000000        0.06269240        0.00248635
     8.2000000        0.06981186        0.00226746
     8.3000000        0.07897936        0.00238137
     8.4000000        0.08751109        0.00228471
     8.5000000        0.09884472        0.00224801
     8.6000000        0.10949313        0.00235414
     8.7000000        0.12447023        0.00258972
     8.8000000        0.14136828        0.00273472
     8.9000000        0.15861515        0.00258371
     9.0000000        0.17934457        0.00291070
     9.1000000        0.20535016        0.00311513
     9.2000000        0.23750551        0.00314131
     9.3000000        0.27472575        0.00323222
     9.4000000        0.31999914        0.00302853
     9.5000000        0.37393587        0.00261640
     9.6000000        0.44340828        0.00231500
     9.7000000        0.53150375        0.00269229
     9.8000000        0.64577324        0.00245833
     9.9000000        0.79497050        0.00136486
    10.0000000        1.00000000        0.00000000
