           2 ( -13.952145454831690     ,  0.0000000000000000     )   1.0000000000000000     
           2 ( -13.887970320494183     ,  0.0000000000000000     )   1.0000000000000000     
           2 ( -13.835150758745092     ,  0.0000000000000000     )   1.0000000000000000     
           2 ( -13.887167482703813     ,  0.0000000000000000     )   1.0000000000000000     
           2 ( -13.869731606905507     ,  0.0000000000000000     )   1.0000000000000000     
           2 ( -13.898978257975887     ,  0.0000000000000000     )   1.0000000000000000     
           2 ( -13.874775403448870     ,  0.0000000000000000     )   1.0000000000000000     
           2 ( -13.894698019713516     ,  0.0000000000000000     )   1.0000000000000000     
           2 ( -13.836081273122662     ,  0.0000000000000000     )   1.0000000000000000     
           2 ( -13.929687760913566     ,  0.0000000000000000     )   1.0000000000000000     
           2 ( -13.888932196931110     ,  0.0000000000000000     )   1.0000000000000000     
           2 ( -13.837187745621485     ,  0.0000000000000000     )   1.0000000000000000     
           2 ( -13.803505297607764     ,  0.0000000000000000     )   1.0000000000000000     
           2 ( -13.877438295917553     ,  0.0000000000000000     )   1.0000000000000000     
