   -1.000000     -1.000000
  1    1        0.00002318        0.00015456        0.00000000        0.00000000
   -1.000000      0.000000
  1    1        0.33019829        0.00084312       -0.00000000        0.00000000
   -1.000000      1.000000
  1    1       -0.00001408        0.00012067        0.00000000        0.00000000
   -1.000000      2.000000
  1    1       -0.09520368        0.00073206       -0.00000000        0.00000000
    0.000000     -1.000000
  1    1        0.32941782        0.00080982       -0.00000000        0.00000000
    0.000000      0.000000
  1    1        1.00000000        0.00000005        0.00000000        0.00000000
    0.000000      1.000000
  1    1        0.32941782        0.00080982        0.00000000        0.00000000
    0.000000      2.000000
  1    1       -0.00000000        0.00000000       -0.00000000        0.00000000
    1.000000     -1.000000
  1    1        0.00001408        0.00012067        0.00000000        0.00000000
    1.000000      0.000000
  1    1        0.33019829        0.00084312       -0.00000000        0.00000000
    1.000000      1.000000
  1    1       -0.00002318        0.00015456        0.00000000        0.00000000
    1.000000      2.000000
  1    1       -0.09520368        0.00073206       -0.00000000        0.00000000
    2.000000     -1.000000
  1    1       -0.09611532        0.00071236       -0.00000000        0.00000000
    2.000000      0.000000
  1    1       -0.00000000        0.00000000       -0.00000000        0.00000000
    2.000000      1.000000
  1    1       -0.09611532        0.00071236       -0.00000000        0.00000000
    2.000000      2.000000
  1    1        0.00000000        0.00000000       -0.00000000        0.00000000
