   1.0000000000000000                1          16
 (  0.0000000000000000     ,  0.0000000000000000     )
  -1.5707963267948966       -1.5707963267948966     
 ( 0.70643468418759447     , -8.4823589161833992E-017)
  -1.5707963267948966        0.0000000000000000     
 ( 0.46888114995883262     , -5.4545103996893779E-018)
  -1.5707963267948966        1.5707963267948966     
 ( 0.69244002152989215     ,  8.3266726846886741E-017)
  -1.5707963267948966        3.1415926535897931     
 ( 0.84617700941455654     , -2.6347379803470740E-017)
   0.0000000000000000       -1.5707963267948966     
 ( 0.44685994155187242     , -6.8610507881598658E-017)
   0.0000000000000000        0.0000000000000000     
 (  7.6788340595601662E-002,  0.0000000000000000     )
   0.0000000000000000        1.5707963267948966     
 ( 0.44685994155187242     ,  6.8610507881598658E-017)
   0.0000000000000000        3.1415926535897931     
 ( 0.67101831912707588     , -8.9346080983448464E-018)
   1.5707963267948966       -1.5707963267948966     
 ( 0.69244002152989215     , -8.3266726846886741E-017)
   1.5707963267948966        0.0000000000000000     
 ( 0.46888114995883262     ,  5.4545103996893779E-018)
   1.5707963267948966        1.5707963267948966     
 ( 0.70643468418759447     ,  8.4823589161833992E-017)
   1.5707963267948966        3.1415926535897931     
 ( 0.84617700941455676     , -3.2277496057681589E-017)
   3.1415926535897931       -1.5707963267948966     
 ( 0.86050794103294281     ,  4.0854932265969745E-017)
   3.1415926535897931        0.0000000000000000     
 ( 0.68281612953842252     , -1.0909020799378756E-017)
   3.1415926535897931        1.5707963267948966     
 ( 0.86050794103294281     , -4.3968656895864247E-017)
   3.1415926535897931        3.1415926535897931     
 (  2.9313136427000241     ,  2.3287221201778754E-016)
   1.0000000000000000                1          16
 (  0.0000000000000000     ,  0.0000000000000000     )
  -1.5707963267948966       -1.5707963267948966     
 ( 0.59522231057171160     ,  1.5023190078826927E-016)
  -1.5707963267948966        0.0000000000000000     
 ( 0.40582872180167207     ,  2.3311040827104390E-017)
  -1.5707963267948966        1.5707963267948966     
 ( 0.59471736085722959     ,  1.6653345369377348E-016)
  -1.5707963267948966        3.1415926535897931     
 ( 0.77546633489865147     ,  1.3202327734109465E-016)
   0.0000000000000000       -1.5707963267948966     
 ( 0.40399167253647661     , -3.3482586970691262E-017)
   0.0000000000000000        0.0000000000000000     
 (  5.5058375471905341E-002,  0.0000000000000000     )
   0.0000000000000000        1.5707963267948966     
 ( 0.40399167253647661     ,  3.3482586970691262E-017)
   0.0000000000000000        3.1415926535897931     
 ( 0.61182088713612792     , -8.6401331468644180E-018)
   1.5707963267948966       -1.5707963267948966     
 ( 0.59471736085722959     , -1.6653345369377348E-016)
   1.5707963267948966        0.0000000000000000     
 ( 0.40582872180167207     , -2.3311040827104390E-017)
   1.5707963267948966        1.5707963267948966     
 ( 0.59522231057171160     , -1.5023190078826927E-016)
   1.5707963267948966        3.1415926535897931     
 ( 0.77546633489865147     , -2.2013753438336090E-016)
   3.1415926535897931       -1.5707963267948966     
 ( 0.79011062251141662     ,  1.4450488943320693E-016)
   3.1415926535897931        0.0000000000000000     
 ( 0.61142954524144422     , -8.8890695770490478E-018)
   3.1415926535897931        1.5707963267948966     
 ( 0.79011062251141662     , -1.7710799524421536E-016)
   3.1415926535897931        3.1415926535897931     
 (  3.9706365971615361     ,  3.6943734528635259E-016)
   1.0000000000000000                1          16
 (  0.0000000000000000     ,  0.0000000000000000     )
  -1.5707963267948966       -1.5707963267948966     
 ( 0.63674681825513968     ,  1.3154690209114124E-016)
  -1.5707963267948966        0.0000000000000000     
 ( 0.42448738571978750     ,  2.3917737060775939E-017)
  -1.5707963267948966        1.5707963267948966     
 ( 0.63102522177978837     ,  0.0000000000000000     )
  -1.5707963267948966        3.1415926535897931     
 ( 0.85205193682865432     ,  1.2071488642498969E-016)
   0.0000000000000000       -1.5707963267948966     
 ( 0.42857836705725272     ,  7.3004427032573950E-017)
   0.0000000000000000        0.0000000000000000     
 (  9.9029252941450957E-002,  0.0000000000000000     )
   0.0000000000000000        1.5707963267948966     
 ( 0.42857836705725272     , -7.3004427032573950E-017)
   0.0000000000000000        3.1415926535897931     
 ( 0.68975188181764024     , -4.1867979445195059E-018)
   1.5707963267948966       -1.5707963267948966     
 ( 0.63102522177978837     ,  0.0000000000000000     )
   1.5707963267948966        0.0000000000000000     
 ( 0.42448738571978750     , -2.3917737060775939E-017)
   1.5707963267948966        1.5707963267948966     
 ( 0.63674681825513968     , -1.3154690209114124E-016)
   1.5707963267948966        3.1415926535897931     
 ( 0.85205193682865432     , -1.9068798963025418E-016)
   3.1415926535897931       -1.5707963267948966     
 ( 0.81671812198059657     ,  1.2128460227682844E-016)
   3.1415926535897931        0.0000000000000000     
 ( 0.62459219842167335     , -7.6756771097059558E-018)
   3.1415926535897931        1.5707963267948966     
 ( 0.81671812198059657     , -1.6350212986646402E-016)
   3.1415926535897931        3.1415926535897931     
 (  3.3802492033839946     ,  2.9007610916325838E-016)
   1.0000000000000000                1          16
 (  0.0000000000000000     ,  0.0000000000000000     )
  -1.5707963267948966       -1.5707963267948966     
 ( 0.55529921061319065     ,  3.0612271805048897E-017)
  -1.5707963267948966        0.0000000000000000     
 ( 0.37546297837400361     , -6.0666594613184944E-017)
  -1.5707963267948966        1.5707963267948966     
 ( 0.54970469676769140     , -1.3877787807814457E-016)
  -1.5707963267948966        3.1415926535897931     
 ( 0.73679810911674970     ,  1.6968189752172565E-016)
   0.0000000000000000       -1.5707963267948966     
 ( 0.37629501703376184     ,  8.1838378752176749E-017)
   0.0000000000000000        0.0000000000000000     
 (  4.8090258813788533E-002,  0.0000000000000000     )
   0.0000000000000000        1.5707963267948966     
 ( 0.37629501703376184     , -8.1838378752176749E-017)
   0.0000000000000000        3.1415926535897931     
 ( 0.54811262734923138     , -9.5759510054517035E-018)
   1.5707963267948966       -1.5707963267948966     
 ( 0.54970469676769140     ,  1.3877787807814457E-016)
   1.5707963267948966        0.0000000000000000     
 ( 0.37546297837400361     ,  6.0666594613184944E-017)
   1.5707963267948966        1.5707963267948966     
 ( 0.55529921061319065     , -3.0612271805048897E-017)
   1.5707963267948966        3.1415926535897931     
 ( 0.73679810911675014     , -2.7499080760540134E-016)
   3.1415926535897931       -1.5707963267948966     
 ( 0.74258548947817804     ,  3.0673967986662806E-016)
   3.1415926535897931        0.0000000000000000     
 ( 0.53444613825002096     , -1.0310886763854234E-017)
   3.1415926535897931        1.5707963267948966     
 ( 0.74258548947817804     , -3.0102628748778805E-016)
   3.1415926535897931        3.1415926535897931     
 (  4.5612763820318554     ,  4.4371061961413771E-016)
   1.0000000000000000                1          16
 (  0.0000000000000000     ,  0.0000000000000000     )
  -1.5707963267948966       -1.5707963267948966     
 ( 0.57151378405256725     , -1.3237061301359675E-016)
  -1.5707963267948966        0.0000000000000000     
 ( 0.39937253773831349     , -1.4392942520415055E-016)
  -1.5707963267948966        1.5707963267948966     
 ( 0.58678089601061056     , -5.5511151231257827E-017)
  -1.5707963267948966        3.1415926535897931     
 ( 0.75280917457874752     , -8.5192624528817726E-017)
   0.0000000000000000       -1.5707963267948966     
 ( 0.38733526211074343     ,  5.2307518698983918E-017)
   0.0000000000000000        0.0000000000000000     
 (  7.4362903563374161E-003,  0.0000000000000000     )
   0.0000000000000000        1.5707963267948966     
 ( 0.38733526211074343     , -5.2307518698983918E-017)
   0.0000000000000000        3.1415926535897931     
 ( 0.56740739354140868     , -1.2235865019309893E-017)
   1.5707963267948966       -1.5707963267948966     
 ( 0.58678089601061056     ,  5.5511151231257827E-017)
   1.5707963267948966        0.0000000000000000     
 ( 0.39937253773831349     ,  1.4392942520415055E-016)
   1.5707963267948966        1.5707963267948966     
 ( 0.57151378405256725     ,  1.3237061301359675E-016)
   1.5707963267948966        3.1415926535897931     
 ( 0.75280917457874752     , -1.3015147804602281E-017)
   3.1415926535897931       -1.5707963267948966     
 ( 0.76001455215348257     ,  1.1422593499478955E-016)
   3.1415926535897931        0.0000000000000000     
 ( 0.62304648681215025     , -1.0303094252011999E-017)
   3.1415926535897931        1.5707963267948966     
 ( 0.76001455215348257     , -1.0141140486569393E-016)
   3.1415926535897931        3.1415926535897931     
 (  4.2922927949687235     ,  4.1328106647986631E-016)
   1.0000000000000000                1          16
 (  0.0000000000000000     ,  0.0000000000000000     )
  -1.5707963267948966       -1.5707963267948966     
 ( 0.63113766296931284     ,  7.1793989352880982E-017)
  -1.5707963267948966        0.0000000000000000     
 ( 0.42893199347565325     , -2.2719943483719669E-016)
  -1.5707963267948966        1.5707963267948966     
 ( 0.64215621815187285     ,  8.3266726846886741E-017)
  -1.5707963267948966        3.1415926535897931     
 ( 0.79794538640304924     , -6.9253413011317753E-017)
   0.0000000000000000       -1.5707963267948966     
 ( 0.41921935402312560     ,  1.9614156554817333E-017)
   0.0000000000000000        0.0000000000000000     
 (  3.1076586136900869E-002,  0.0000000000000000     )
   0.0000000000000000        1.5707963267948966     
 ( 0.41921935402312560     , -1.9614156554817333E-017)
   0.0000000000000000        3.1415926535897931     
 ( 0.61479861292846150     , -1.1791114245301387E-017)
   1.5707963267948966       -1.5707963267948966     
 ( 0.64215621815187285     , -8.3266726846886741E-017)
   1.5707963267948966        0.0000000000000000     
 ( 0.42893199347565325     ,  2.2719943483719669E-016)
   1.5707963267948966        1.5707963267948966     
 ( 0.63113766296931284     , -7.1793989352880982E-017)
   1.5707963267948966        3.1415926535897931     
 ( 0.79794538640304924     , -9.2032132079515850E-018)
   3.1415926535897931       -1.5707963267948966     
 ( 0.81138052630661195     ,  6.3652570292069404E-017)
   3.1415926535897931        0.0000000000000000     
 ( 0.65841787857323975     , -1.0309659824330631E-017)
   3.1415926535897931        1.5707963267948966     
 ( 0.81138052630661195     , -1.4210919651133872E-016)
   3.1415926535897931        3.1415926535897931     
 (  3.6266615637980477     ,  3.2501438983808258E-016)
   1.0000000000000000                1          16
 (  0.0000000000000000     ,  0.0000000000000000     )
  -1.5707963267948966       -1.5707963267948966     
 ( 0.64942482825191505     , -8.9649803236316949E-017)
  -1.5707963267948966        0.0000000000000000     
 ( 0.43515182442534839     , -1.1457652635433574E-016)
  -1.5707963267948966        1.5707963267948966     
 ( 0.65414352463350101     , -8.3266726846886741E-017)
  -1.5707963267948966        3.1415926535897931     
 ( 0.84010327312945632     , -7.5590013802275738E-017)
   0.0000000000000000       -1.5707963267948966     
 ( 0.44853744141059460     , -1.2170855207561499E-016)
   0.0000000000000000        0.0000000000000000     
 (  9.8653469038467279E-002,  0.0000000000000000     )
   0.0000000000000000        1.5707963267948966     
 ( 0.44853744141059460     ,  1.2170855207561499E-016)
   0.0000000000000000        3.1415926535897931     
 ( 0.69200816425769140     , -6.5159322708848454E-018)
   1.5707963267948966       -1.5707963267948966     
 ( 0.65414352463350101     ,  8.3266726846886741E-017)
   1.5707963267948966        0.0000000000000000     
 ( 0.43515182442534839     ,  1.1457652635433574E-016)
   1.5707963267948966        1.5707963267948966     
 ( 0.64942482825191505     ,  8.9649803236316949E-017)
   1.5707963267948966        3.1415926535897931     
 ( 0.84010327312945632     ,  7.3127097921574623E-018)
   3.1415926535897931       -1.5707963267948966     
 ( 0.81811272023448689     , -1.7069326002529564E-017)
   3.1415926535897931        0.0000000000000000     
 ( 0.65556041762791006     , -7.1084477836402037E-018)
   3.1415926535897931        1.5707963267948966     
 ( 0.81811272023448689     ,  3.2058748839298051E-017)
   3.1415926535897931        3.1415926535897931     
 (  3.2605577500651264     ,  2.7874504787031196E-016)
   1.0000000000000000                1          16
 (  0.0000000000000000     ,  0.0000000000000000     )
  -1.5707963267948966       -1.5707963267948966     
 ( 0.57077643162766212     , -4.6381284333157460E-017)
  -1.5707963267948966        0.0000000000000000     
 ( 0.41429825220658545     , -1.1776191248488948E-016)
  -1.5707963267948966        1.5707963267948966     
 ( 0.55987547270671345     ,  3.0531133177191805E-016)
  -1.5707963267948966        3.1415926535897931     
 ( 0.75838788272550395     , -1.1130284007375081E-016)
   0.0000000000000000       -1.5707963267948966     
 ( 0.39150559891426850     , -4.5649334490501836E-018)
   0.0000000000000000        0.0000000000000000     
 (  2.9981154318614062E-002,  0.0000000000000000     )
   0.0000000000000000        1.5707963267948966     
 ( 0.39150559891426850     ,  4.5649334490501836E-018)
   0.0000000000000000        3.1415926535897931     
 ( 0.56723548684964420     , -1.1376635455650602E-017)
   1.5707963267948966       -1.5707963267948966     
 ( 0.55987547270671345     , -3.0531133177191805E-016)
   1.5707963267948966        0.0000000000000000     
 ( 0.41429825220658545     ,  1.1776191248488948E-016)
   1.5707963267948966        1.5707963267948966     
 ( 0.57077643162766212     ,  4.6381284333157460E-017)
   1.5707963267948966        3.1415926535897931     
 ( 0.75838788272550417     ,  1.8540271407435919E-017)
   3.1415926535897931       -1.5707963267948966     
 ( 0.77360063569656223     ,  4.5649334490501836E-018)
   3.1415926535897931        0.0000000000000000     
 ( 0.57848298124939290     , -1.3479220044747714E-017)
   3.1415926535897931        1.5707963267948966     
 ( 0.77360063569656223     , -4.1816350884107267E-017)
   3.1415926535897931        3.1415926535897931     
 (  4.2684367318130576     ,  4.0527327729025187E-016)
   1.0000000000000000                1          16
 (  0.0000000000000000     ,  0.0000000000000000     )
  -1.5707963267948966       -1.5707963267948966     
 ( 0.62802834433915067     , -3.6790796181539884E-017)
  -1.5707963267948966        0.0000000000000000     
 ( 0.43460495818206774     , -3.1754751669041261E-017)
  -1.5707963267948966        1.5707963267948966     
 ( 0.62756242992153077     ,  2.7755575615628914E-017)
  -1.5707963267948966        3.1415926535897931     
 ( 0.82169080189817678     , -9.9441304473495379E-017)
   0.0000000000000000       -1.5707963267948966     
 ( 0.42477846661522239     ,  7.3906549322027775E-017)
   0.0000000000000000        0.0000000000000000     
 ( 0.10202191356970067     ,  0.0000000000000000     )
   0.0000000000000000        1.5707963267948966     
 ( 0.42477846661522239     , -7.3906549322027775E-017)
   0.0000000000000000        3.1415926535897931     
 ( 0.64407729675537240     , -6.3349584601568528E-018)
   1.5707963267948966       -1.5707963267948966     
 ( 0.62756242992153077     , -2.7755575615628914E-017)
   1.5707963267948966        0.0000000000000000     
 ( 0.43460495818206774     ,  3.1754751669041261E-017)
   1.5707963267948966        1.5707963267948966     
 ( 0.62802834433915067     ,  3.6790796181539884E-017)
   1.5707963267948966        3.1415926535897931     
 ( 0.82169080189817723     ,  2.5859712110415605E-017)
   3.1415926535897931       -1.5707963267948966     
 ( 0.80707650673837383     ,  6.4871328756116792E-017)
   3.1415926535897931        0.0000000000000000     
 ( 0.63656500010674599     , -7.9983521068246881E-018)
   3.1415926535897931        1.5707963267948966     
 ( 0.80707650673837383     , -5.5186194272309826E-017)
   3.1415926535897931        3.1415926535897931     
 (  3.4858129016559163     ,  3.0583921862143184E-016)
   1.0000000000000000                1          16
 (  0.0000000000000000     ,  0.0000000000000000     )
  -1.5707963267948966       -1.5707963267948966     
 ( 0.61901280603775266     ,  1.7407692176913362E-017)
  -1.5707963267948966        0.0000000000000000     
 ( 0.43302451444511597     ,  7.7651302120737360E-017)
  -1.5707963267948966        1.5707963267948966     
 ( 0.64201073261914487     ,  0.0000000000000000     )
  -1.5707963267948966        3.1415926535897931     
 ( 0.80196021623481784     ,  1.8132699521362511E-016)
   0.0000000000000000       -1.5707963267948966     
 ( 0.42440414070631399     , -8.7038460884566810E-018)
   0.0000000000000000        0.0000000000000000     
 (  3.4855560626360832E-002,  0.0000000000000000     )
   0.0000000000000000        1.5707963267948966     
 ( 0.42440414070631399     ,  8.7038460884566810E-018)
   0.0000000000000000        3.1415926535897931     
 ( 0.60917776250267641     , -1.2538849860376593E-017)
   1.5707963267948966       -1.5707963267948966     
 ( 0.64201073261914487     ,  0.0000000000000000     )
   1.5707963267948966        0.0000000000000000     
 ( 0.43302451444511597     , -7.7651302120737360E-017)
   1.5707963267948966        1.5707963267948966     
 ( 0.61901280603775266     , -1.7407692176913362E-017)
   1.5707963267948966        3.1415926535897931     
 ( 0.80196021623481828     , -2.5753391332231403E-016)
   3.1415926535897931       -1.5707963267948966     
 ( 0.81751565888348687     ,  3.6459421704085591E-017)
   3.1415926535897931        0.0000000000000000     
 ( 0.64777977771867756     , -1.1230849452298761E-017)
   3.1415926535897931        1.5707963267948966     
 ( 0.81751565888348687     , -5.7155188581516695E-017)
   3.1415926535897931        3.1415926535897931     
 (  3.6290557223826752     ,  3.2306900417314437E-016)
   1.0000000000000000                1          16
 (  0.0000000000000000     ,  0.0000000000000000     )
  -1.5707963267948966       -1.5707963267948966     
 ( 0.58645439737430660     ,  1.0272063803029507E-017)
  -1.5707963267948966        0.0000000000000000     
 ( 0.41252864544750439     , -4.7737491589325340E-018)
  -1.5707963267948966        1.5707963267948966     
 ( 0.57760018687121295     , -2.7755575615628914E-017)
  -1.5707963267948966        3.1415926535897931     
 ( 0.74682507716124324     , -1.1420091140188407E-016)
   0.0000000000000000       -1.5707963267948966     
 ( 0.38784512134904331     , -1.1615833436403040E-016)
   0.0000000000000000        0.0000000000000000     
 (  4.4239882060018804E-002,  0.0000000000000000     )
   0.0000000000000000        1.5707963267948966     
 ( 0.38784512134904331     ,  1.1615833436403040E-016)
   0.0000000000000000        3.1415926535897931     
 ( 0.56023199776938837     , -1.0484101002118895E-017)
   1.5707963267948966       -1.5707963267948966     
 ( 0.57760018687121295     ,  2.7755575615628914E-017)
   1.5707963267948966        0.0000000000000000     
 ( 0.41252864544750439     ,  4.7737491589325340E-018)
   1.5707963267948966        1.5707963267948966     
 ( 0.58645439737430660     , -1.0272063803029507E-017)
   1.5707963267948966        3.1415926535897931     
 ( 0.74682507716124324     ,  2.3722736545427417E-017)
   3.1415926535897931       -1.5707963267948966     
 ( 0.81409313198937139     ,  1.7166948559528823E-016)
   3.1415926535897931        0.0000000000000000     
 ( 0.62489492858170514     , -9.5474983178650742E-018)
   3.1415926535897931        1.5707963267948966     
 ( 0.81409313198937139     , -1.5112535798922920E-016)
   3.1415926535897931        3.1415926535897931     
 (  4.1203494346342859     ,  3.8600802063959693E-016)
   1.0000000000000000                1          16
 (  0.0000000000000000     ,  0.0000000000000000     )
  -1.5707963267948966       -1.5707963267948966     
 ( 0.64675736219697366     , -1.1632401819699904E-016)
  -1.5707963267948966        0.0000000000000000     
 ( 0.44577513985914974     , -3.3027975628767635E-017)
  -1.5707963267948966        1.5707963267948966     
 ( 0.64830897976784618     ,  5.5511151231257827E-017)
  -1.5707963267948966        3.1415926535897931     
 ( 0.82676027908158345     ,  1.2054758029978218E-016)
   0.0000000000000000       -1.5707963267948966     
 ( 0.44104236886030823     ,  9.9795372521942890E-017)
   0.0000000000000000        0.0000000000000000     
 (  8.7873957160664568E-002,  0.0000000000000000     )
   0.0000000000000000        1.5707963267948966     
 ( 0.44104236886030823     , -9.9795372521942890E-017)
   0.0000000000000000        3.1415926535897931     
 ( 0.68746603201763423     , -6.5362307314069066E-018)
   1.5707963267948966       -1.5707963267948966     
 ( 0.64830897976784618     , -5.5511151231257827E-017)
   1.5707963267948966        0.0000000000000000     
 ( 0.44577513985914974     ,  3.3027975628767635E-017)
   1.5707963267948966        1.5707963267948966     
 ( 0.64675736219697366     ,  1.1632401819699904E-016)
   1.5707963267948966        3.1415926535897931     
 ( 0.82676027908158345     , -1.8666216300000678E-016)
   3.1415926535897931       -1.5707963267948966     
 ( 0.83689515014778926     ,  1.1226929940572767E-017)
   3.1415926535897931        0.0000000000000000     
 ( 0.63146666939691731     , -1.0544800026277449E-017)
   3.1415926535897931        1.5707963267948966     
 ( 0.83689515014778926     , -2.1830361409539524E-017)
   3.1415926535897931        3.1415926535897931     
 (  3.2634726830208014     ,  2.7668244346154329E-016)
   1.0000000000000000                1          16
 (  0.0000000000000000     ,  0.0000000000000000     )
  -1.5707963267948966       -1.5707963267948966     
 ( 0.62222792591210774     , -6.2160875953121663E-017)
  -1.5707963267948966        0.0000000000000000     
 ( 0.43734786284699145     , -8.3776629970326571E-017)
  -1.5707963267948966        1.5707963267948966     
 ( 0.61805419195804623     , -2.7755575615628914E-017)
  -1.5707963267948966        3.1415926535897931     
 ( 0.83558205942429820     ,  1.7440989427689585E-016)
   0.0000000000000000       -1.5707963267948966     
 ( 0.43199833115941044     , -1.2157522790939819E-016)
   0.0000000000000000        0.0000000000000000     
 ( 0.21725516276950541     ,  0.0000000000000000     )
   0.0000000000000000        1.5707963267948966     
 ( 0.43199833115941044     ,  1.2157522790939819E-016)
   0.0000000000000000        3.1415926535897931     
 ( 0.62364219944609334     , -1.4144241966977503E-018)
   1.5707963267948966       -1.5707963267948966     
 ( 0.61805419195804623     ,  2.7755575615628914E-017)
   1.5707963267948966        0.0000000000000000     
 ( 0.43734786284699145     ,  8.3776629970326571E-017)
   1.5707963267948966        1.5707963267948966     
 ( 0.62222792591210774     ,  6.2160875953121663E-017)
   1.5707963267948966        3.1415926535897931     
 ( 0.83558205942429820     , -2.4322049495188135E-016)
   3.1415926535897931       -1.5707963267948966     
 ( 0.81999022710348002     ,  1.7708637914065602E-016)
   3.1415926535897931        0.0000000000000000     
 ( 0.64078586301280249     , -1.0198062468796424E-018)
   3.1415926535897931        1.5707963267948966     
 ( 0.81999022710348002     , -1.9038582858438369E-016)
   3.1415926535897931        3.1415926535897931     
 (  3.3351142794203223     ,  2.8310846153506081E-016)
   1.0000000000000000                1          16
 (  0.0000000000000000     ,  0.0000000000000000     )
  -1.5707963267948966       -1.5707963267948966     
 ( 0.59823602274916099     , -6.8755208935115894E-017)
  -1.5707963267948966        0.0000000000000000     
 ( 0.40896018716424060     ,  1.3351745080571210E-016)
  -1.5707963267948966        1.5707963267948966     
 ( 0.60539939015631050     ,  0.0000000000000000     )
  -1.5707963267948966        3.1415926535897931     
 ( 0.80218104977943794     ,  2.4142436352841212E-016)
   0.0000000000000000       -1.5707963267948966     
 ( 0.42808550061635492     , -1.4603363703402998E-016)
   0.0000000000000000        0.0000000000000000     
 (  6.0757981475765360E-002,  0.0000000000000000     )
   0.0000000000000000        1.5707963267948966     
 ( 0.42808550061635492     ,  1.4603363703402998E-016)
   0.0000000000000000        3.1415926535897931     
 ( 0.58721695599296453     , -1.2748332154181796E-017)
   1.5707963267948966       -1.5707963267948966     
 ( 0.60539939015631050     ,  0.0000000000000000     )
   1.5707963267948966        0.0000000000000000     
 ( 0.40896018716424060     , -1.3351745080571210E-016)
   1.5707963267948966        1.5707963267948966     
 ( 0.59823602274916099     ,  6.8755208935115894E-017)
   1.5707963267948966        3.1415926535897931     
 ( 0.80218104977943816     , -3.2342363016738610E-016)
   3.1415926535897931       -1.5707963267948966     
 ( 0.78984421539266725     ,  3.5011334571514337E-017)
   3.1415926535897931        0.0000000000000000     
 ( 0.58534379908037248     , -1.0520854544864990E-017)
   3.1415926535897931        1.5707963267948966     
 ( 0.78984421539266747     , -5.9882987479726377E-018)
   3.1415926535897931        3.1415926535897931     
 (  3.8958516440805009     ,  3.5393599884745856E-016)
