   -1.570796     -1.570796
  1    1        0.60963463        0.00967506       -0.00000000        0.00000000
   -1.570796      0.000000
  1    1        0.42082886        0.00595350       -0.00000000        0.00000000
   -1.570796      1.570796
  1    1        0.61188516        0.01075870        0.00000000        0.00000000
   -1.570796      3.141593
  1    1        0.79775794        0.01202733        0.00000000        0.00000000
    0.000000     -1.570796
  1    1        0.41580208        0.00715498       -0.00000000        0.00000000
    0.000000      0.000000
  1    1        0.07177262        0.01679972        0.00000000        0.00000000
    0.000000      1.570796
  1    1        0.41580208        0.00715498        0.00000000        0.00000000
    0.000000      3.141593
  1    1        0.61592720        0.01587791       -0.00000000        0.00000000
    1.570796     -1.570796
  1    1        0.61188516        0.01075870       -0.00000000        0.00000000
    1.570796      0.000000
  1    1        0.42082886        0.00595350        0.00000000        0.00000000
    1.570796      1.570796
  1    1        0.60963463        0.00967506        0.00000000        0.00000000
    1.570796      3.141593
  1    1        0.79775794        0.01202733       -0.00000000        0.00000000
    3.141593     -1.570796
  1    1        0.80065224        0.00850068        0.00000000        0.00000000
    3.141593      0.000000
  1    1        0.62011518        0.01100281       -0.00000000        0.00000000
    3.141593      1.570796
  1    1        0.80065224        0.00850068       -0.00000000        0.00000000
    3.141593      3.141593
  1    1        3.75992759        0.13675759        0.00000000        0.00000000
