   1.0000000000000000                1          16
 (  0.0000000000000000     ,  0.0000000000000000     )
  -1.5707963267948966       -1.5707963267948966     
 ( 0.57972360713980409     ,  3.8363343800022864E-017)
  -1.5707963267948966        0.0000000000000000     
 ( 0.41598542847528397     ,  1.3118176469897013E-016)
  -1.5707963267948966        1.5707963267948966     
 ( 0.65044027777173929     ,  2.7755575615628914E-017)
  -1.5707963267948966        3.1415926535897931     
 ( 0.77634728306311440     , -8.9627178993543959E-017)
   0.0000000000000000       -1.5707963267948966     
 ( 0.37805284053550792     , -8.8570610939083716E-017)
   0.0000000000000000        0.0000000000000000     
 (  5.4080049233093619E-002,  0.0000000000000000     )
   0.0000000000000000        1.5707963267948966     
 ( 0.37805284053550792     ,  8.8570610939083716E-017)
   0.0000000000000000        3.1415926535897931     
 ( 0.64605653553359410     , -3.4271187320132585E-018)
   1.5707963267948966       -1.5707963267948966     
 ( 0.65044027777173929     , -2.7755575615628914E-017)
   1.5707963267948966        0.0000000000000000     
 ( 0.41598542847528397     , -1.3118176469897013E-016)
   1.5707963267948966        1.5707963267948966     
 ( 0.57972360713980409     , -3.8363343800022864E-017)
   1.5707963267948966        3.1415926535897931     
 ( 0.77634728306311440     , -1.7958710018379459E-019)
   3.1415926535897931       -1.5707963267948966     
 ( 0.79742103344767168     , -5.0207267139060852E-017)
   3.1415926535897931        0.0000000000000000     
 ( 0.52978291621885909     , -1.5192226758348919E-017)
   3.1415926535897931        1.5707963267948966     
 ( 0.79742103344767168     ,  1.5911652276590925E-017)
   3.1415926535897931        3.1415926535897931     
 (  3.9786774854607185     ,  3.6651583264445665E-016)
   1.0000000000000000                1          16
 (  0.0000000000000000     ,  0.0000000000000000     )
  -1.5707963267948966       -1.5707963267948966     
 ( 0.66128886425065447     , -6.2439857427473852E-017)
  -1.5707963267948966        0.0000000000000000     
 ( 0.44090309889673418     , -3.3384598374986228E-017)
  -1.5707963267948966        1.5707963267948966     
 ( 0.66418202457621267     , -8.3266726846886741E-017)
  -1.5707963267948966        3.1415926535897931     
 ( 0.81667847822138140     ,  1.7574882081225264E-016)
   0.0000000000000000       -1.5707963267948966     
 ( 0.42241814289192137     , -3.8169010325335358E-017)
   0.0000000000000000        0.0000000000000000     
 (  6.2274939463037415E-002,  0.0000000000000000     )
   0.0000000000000000        1.5707963267948966     
 ( 0.42241814289192137     ,  3.8169010325335358E-017)
   0.0000000000000000        3.1415926535897931     
 ( 0.63380721948750651     , -9.1085632643179279E-018)
   1.5707963267948966       -1.5707963267948966     
 ( 0.66418202457621267     ,  8.3266726846886741E-017)
   1.5707963267948966        0.0000000000000000     
 ( 0.44090309889673418     ,  3.3384598374986228E-017)
   1.5707963267948966        1.5707963267948966     
 ( 0.66128886425065447     ,  6.2439857427473852E-017)
   1.5707963267948966        3.1415926535897931     
 ( 0.81667847822138140     , -2.4511738443594252E-016)
   3.1415926535897931       -1.5707963267948966     
 ( 0.84846783476837495     ,  6.5924585940964265E-017)
   3.1415926535897931        0.0000000000000000     
 ( 0.63567342231513435     , -1.1258045518714617E-017)
   3.1415926535897931        1.5707963267948966     
 ( 0.84846783476837495     , -5.2026422717767408E-017)
   3.1415926535897931        3.1415926535897931     
 (  3.3399869828890933     ,  2.8284209677555974E-016)
   1.0000000000000000                1          16
 (  0.0000000000000000     ,  0.0000000000000000     )
  -1.5707963267948966       -1.5707963267948966     
 ( 0.62929567524026042     ,  2.6694849768481729E-016)
  -1.5707963267948966        0.0000000000000000     
 ( 0.40816767335187004     ,  5.2969411725286713E-017)
  -1.5707963267948966        1.5707963267948966     
 ( 0.63731022774672086     , -2.7755575615628914E-017)
  -1.5707963267948966        3.1415926535897931     
 ( 0.80534409257651896     , -1.5428360628238682E-017)
   0.0000000000000000       -1.5707963267948966     
 ( 0.43931387421702622     , -3.6329734187707456E-017)
   0.0000000000000000        0.0000000000000000     
 (  8.2057237730953914E-002,  0.0000000000000000     )
   0.0000000000000000        1.5707963267948966     
 ( 0.43931387421702622     ,  3.6329734187707456E-017)
   0.0000000000000000        3.1415926535897931     
 ( 0.63600079272970178     , -9.8320595578056618E-018)
   1.5707963267948966       -1.5707963267948966     
 ( 0.63731022774672086     ,  2.7755575615628914E-017)
   1.5707963267948966        0.0000000000000000     
 ( 0.40816767335187004     , -5.2969411725286713E-017)
   1.5707963267948966        1.5707963267948966     
 ( 0.62929567524026042     , -2.6694849768481729E-016)
   1.5707963267948966        3.1415926535897931     
 ( 0.80534409257651896     , -6.1297307545962805E-017)
   3.1415926535897931       -1.5707963267948966     
 ( 0.81387129406301995     ,  6.4085309803336363E-017)
   3.1415926535897931        0.0000000000000000     
 ( 0.65125859648181250     , -5.0834790119422527E-018)
   3.1415926535897931        1.5707963267948966     
 ( 0.81387129406301995     , -8.5299826746280020E-017)
   3.1415926535897931        3.1415926535897931     
 (  3.5369159384738973     ,  3.1367248878621885E-016)
   1.0000000000000000                1          16
 (  0.0000000000000000     ,  0.0000000000000000     )
  -1.5707963267948966       -1.5707963267948966     
 ( 0.68123260815126707     , -3.3391042721983637E-017)
  -1.5707963267948966        0.0000000000000000     
 ( 0.44775486609103698     ,  2.4699256392539940E-017)
  -1.5707963267948966        1.5707963267948966     
 ( 0.65261270647407821     ,  2.7755575615628914E-017)
  -1.5707963267948966        3.1415926535897931     
 ( 0.78909151487974338     ,  7.1637513959701885E-018)
   0.0000000000000000       -1.5707963267948966     
 ( 0.46031945144348707     , -1.1060054254637095E-017)
   0.0000000000000000        0.0000000000000000     
 ( 0.17446245238442776     ,  0.0000000000000000     )
   0.0000000000000000        1.5707963267948966     
 ( 0.46031945144348707     ,  1.1060054254637095E-017)
   0.0000000000000000        3.1415926535897931     
 ( 0.71759611118737865     , -1.7500410530432761E-018)
   1.5707963267948966       -1.5707963267948966     
 ( 0.65261270647407821     , -2.7755575615628914E-017)
   1.5707963267948966        0.0000000000000000     
 ( 0.44775486609103698     , -2.4699256392539940E-017)
   1.5707963267948966        1.5707963267948966     
 ( 0.68123260815126707     ,  3.3391042721983637E-017)
   1.5707963267948966        3.1415926535897931     
 ( 0.78909151487974338     , -7.3945836839937459E-017)
   3.1415926535897931       -1.5707963267948966     
 ( 0.84857115894325863     ,  1.2208235671715275E-016)
   3.1415926535897931        0.0000000000000000     
 ( 0.62122031825357005     , -6.1126384461779523E-018)
   3.1415926535897931        1.5707963267948966     
 ( 0.84857115894325863     , -1.3335329092986219E-016)
   3.1415926535897931        3.1415926535897931     
 (  3.0917729154209326     ,  2.6005600804606629E-016)
   1.0000000000000000                1          16
 (  0.0000000000000000     ,  0.0000000000000000     )
  -1.5707963267948966       -1.5707963267948966     
 ( 0.64318926791528030     , -8.7657906486122227E-017)
  -1.5707963267948966        0.0000000000000000     
 ( 0.46965558593795520     , -5.3893673535475813E-018)
  -1.5707963267948966        1.5707963267948966     
 ( 0.64479154807693873     ,  1.1102230246251565E-016)
  -1.5707963267948966        3.1415926535897931     
 ( 0.85611258934814916     , -2.0258168329871326E-017)
   0.0000000000000000       -1.5707963267948966     
 ( 0.42306624747960442     , -1.1682197988196717E-017)
   0.0000000000000000        0.0000000000000000     
 (  7.7269324333917075E-002,  0.0000000000000000     )
   0.0000000000000000        1.5707963267948966     
 ( 0.42306624747960442     ,  1.1682197988196717E-017)
   0.0000000000000000        3.1415926535897931     
 ( 0.67177238627850822     , -5.9450959138497205E-018)
   1.5707963267948966       -1.5707963267948966     
 ( 0.64479154807693873     , -1.1102230246251565E-016)
   1.5707963267948966        0.0000000000000000     
 ( 0.46965558593795520     ,  5.3893673535475813E-018)
   1.5707963267948966        1.5707963267948966     
 ( 0.64318926791528030     ,  8.7657906486122227E-017)
   1.5707963267948966        3.1415926535897931     
 ( 0.85611258934814938     , -4.4035342179857439E-017)
   3.1415926535897931       -1.5707963267948966     
 ( 0.82762806748039708     ,  3.9437773603825627E-017)
   3.1415926535897931        0.0000000000000000     
 ( 0.68601175111582813     , -1.0778734707095163E-017)
   3.1415926535897931        1.5707963267948966     
 ( 0.82762806748039708     , -7.5975708497925501E-017)
   3.1415926535897931        3.1415926535897931     
 (  3.2418953047626453     ,  2.7395921010655782E-016)
   1.0000000000000000                1          16
 (  0.0000000000000000     ,  0.0000000000000000     )
  -1.5707963267948966       -1.5707963267948966     
 ( 0.64740367118761644     ,  1.8505933767679405E-017)
  -1.5707963267948966        0.0000000000000000     
 ( 0.43433896900277169     ,  1.0574649916344439E-016)
  -1.5707963267948966        1.5707963267948966     
 ( 0.62607194395600940     , -1.1102230246251565E-016)
  -1.5707963267948966        3.1415926535897931     
 ( 0.82910116237985376     ,  1.5066221447131066E-016)
   0.0000000000000000       -1.5707963267948966     
 ( 0.41872745488703156     ,  7.4013759963047038E-017)
   0.0000000000000000        0.0000000000000000     
 (  2.4978722269214548E-002,  0.0000000000000000     )
   0.0000000000000000        1.5707963267948966     
 ( 0.41872745488703156     , -7.4013759963047038E-017)
   0.0000000000000000        3.1415926535897931     
 ( 0.62660843558144153     , -1.1381117372885735E-017)
   1.5707963267948966       -1.5707963267948966     
 ( 0.62607194395600940     ,  1.1102230246251565E-016)
   1.5707963267948966        0.0000000000000000     
 ( 0.43433896900277169     , -1.0574649916344439E-016)
   1.5707963267948966        1.5707963267948966     
 ( 0.64740367118761644     , -1.8505933767679405E-017)
   1.5707963267948966        3.1415926535897931     
 ( 0.82910116237985376     , -2.2467264939846750E-016)
   3.1415926535897931       -1.5707963267948966     
 ( 0.81161558103957421     ,  1.2027526934635534E-016)
   3.1415926535897931        0.0000000000000000     
 ( 0.67137840282130723     , -1.0551606598142554E-017)
   3.1415926535897931        1.5707963267948966     
 ( 0.81161558103957421     , -1.9428570427351219E-016)
   3.1415926535897931        3.1415926535897931     
 (  3.5350137985182251     ,  3.1146325386536582E-016)
   1.0000000000000000                1          16
 (  0.0000000000000000     ,  0.0000000000000000     )
  -1.5707963267948966       -1.5707963267948966     
 ( 0.63506627117486592     ,  4.0899644547108390E-017)
  -1.5707963267948966        0.0000000000000000     
 ( 0.41490487532384124     , -3.3657903753024871E-017)
  -1.5707963267948966        1.5707963267948966     
 ( 0.61333225386149792     ,  2.4980018054066022E-016)
  -1.5707963267948966        3.1415926535897931     
 ( 0.79053427841504675     , -9.3344313911905459E-017)
   0.0000000000000000       -1.5707963267948966     
 ( 0.39854054607750711     , -6.5720344657397380E-018)
   0.0000000000000000        0.0000000000000000     
 (  7.9996197191574414E-003,  0.0000000000000000     )
   0.0000000000000000        1.5707963267948966     
 ( 0.39854054607750711     ,  6.5720344657397380E-018)
   0.0000000000000000        3.1415926535897931     
 ( 0.60102451738762330     , -1.1515167402860865E-017)
   1.5707963267948966       -1.5707963267948966     
 ( 0.61333225386149792     , -2.4980018054066022E-016)
   1.5707963267948966        0.0000000000000000     
 ( 0.41490487532384124     ,  3.3657903753024871E-017)
   1.5707963267948966        1.5707963267948966     
 ( 0.63506627117486592     , -4.0899644547108390E-017)
   1.5707963267948966        3.1415926535897931     
 ( 0.79053427841504698     ,  8.6101493123487691E-018)
   3.1415926535897931       -1.5707963267948966     
 ( 0.80354509473934699     ,  8.9838761312626482E-017)
   3.1415926535897931        0.0000000000000000     
 ( 0.62902546382269864     , -1.1804656274791916E-017)
   3.1415926535897931        1.5707963267948966     
 ( 0.80354509473934699     , -1.1906177468092534E-016)
   3.1415926535897931        3.1415926535897931     
 (  3.8478307850461073     ,  3.5132378387872560E-016)
   1.0000000000000000                1          16
 (  0.0000000000000000     ,  0.0000000000000000     )
  -1.5707963267948966       -1.5707963267948966     
 ( 0.64881893581073535     ,  1.0713899936829141E-016)
  -1.5707963267948966        0.0000000000000000     
 ( 0.46833726361228267     , -3.5565312633070244E-017)
  -1.5707963267948966        1.5707963267948966     
 ( 0.66349944514439130     ,  0.0000000000000000     )
  -1.5707963267948966        3.1415926535897931     
 ( 0.81922697516377085     , -4.5124104795326964E-017)
   0.0000000000000000       -1.5707963267948966     
 ( 0.43289088369953166     , -3.9691711876331250E-017)
   0.0000000000000000        0.0000000000000000     
 (  3.0797256118317726E-002,  0.0000000000000000     )
   0.0000000000000000        1.5707963267948966     
 ( 0.43289088369953166     ,  3.9691711876331250E-017)
   0.0000000000000000        3.1415926535897931     
 ( 0.65049355234402406     , -1.1296813116674079E-017)
   1.5707963267948966       -1.5707963267948966     
 ( 0.66349944514439130     ,  0.0000000000000000     )
   1.5707963267948966        0.0000000000000000     
 ( 0.46833726361228267     ,  3.5565312633070244E-017)
   1.5707963267948966        1.5707963267948966     
 ( 0.64881893581073535     , -1.0713899936829141E-016)
   1.5707963267948966        3.1415926535897931     
 ( 0.81922697516377085     , -1.8153652624379365E-017)
   3.1415926535897931       -1.5707963267948966     
 ( 0.85809900194341204     ,  6.7447287491960163E-017)
   3.1415926535897931        0.0000000000000000     
 ( 0.65079190207155890     , -1.5619474034882662E-017)
   3.1415926535897931        1.5707963267948966     
 ( 0.85809900194341204     , -7.5213893680408646E-017)
   3.1415926535897931        3.1415926535897931     
 (  3.2671971807031572     ,  2.7438382138038859E-016)
   1.0000000000000000                1          16
 (  0.0000000000000000     ,  0.0000000000000000     )
  -1.5707963267948966       -1.5707963267948966     
 ( 0.64275655707842327     , -6.4893642426473593E-017)
  -1.5707963267948966        0.0000000000000000     
 ( 0.41104643765319182     ,  8.0132941336081964E-017)
  -1.5707963267948966        1.5707963267948966     
 ( 0.62604577710735432     , -8.3266726846886741E-017)
  -1.5707963267948966        3.1415926535897931     
 ( 0.82028030033093358     ,  6.6946695598362508E-017)
   0.0000000000000000       -1.5707963267948966     
 ( 0.45286232652745528     ,  1.8569033405422343E-017)
   0.0000000000000000        0.0000000000000000     
 (  3.7300438521409685E-002,  0.0000000000000000     )
   0.0000000000000000        1.5707963267948966     
 ( 0.45286232652745528     , -1.8569033405422343E-017)
   0.0000000000000000        3.1415926535897931     
 ( 0.61952809121908503     , -1.5240492036859201E-017)
   1.5707963267948966       -1.5707963267948966     
 ( 0.62604577710735432     ,  8.3266726846886741E-017)
   1.5707963267948966        0.0000000000000000     
 ( 0.41104643765319182     , -8.0132941336081964E-017)
   1.5707963267948966        1.5707963267948966     
 ( 0.64275655707842327     ,  6.4893642426473593E-017)
   1.5707963267948966        3.1415926535897931     
 ( 0.82028030033093358     , -1.4122282922005188E-016)
   3.1415926535897931       -1.5707963267948966     
 ( 0.79829030915474886     ,  9.1865422102065705E-018)
   3.1415926535897931        0.0000000000000000     
 ( 0.68243523426791719     , -6.2675710216095526E-018)
   3.1415926535897931        1.5707963267948966     
 ( 0.79829030915474886     , -2.7951524600638106E-017)
   3.1415926535897931        3.1415926535897931     
 (  3.5141329477641534     ,  3.1186169597394527E-016)
   1.0000000000000000                1          16
 (  0.0000000000000000     ,  0.0000000000000000     )
  -1.5707963267948966       -1.5707963267948966     
 ( 0.63283898326212973     , -3.8870065533018785E-017)
  -1.5707963267948966        0.0000000000000000     
 ( 0.39860836517051040     ,  1.3394165425426206E-016)
  -1.5707963267948966        1.5707963267948966     
 ( 0.64506322778708447     , -1.3877787807814457E-016)
  -1.5707963267948966        3.1415926535897931     
 ( 0.82652252774898516     ,  6.9095344786519106E-017)
   0.0000000000000000       -1.5707963267948966     
 ( 0.41423060977509579     ,  4.7190608382138306E-017)
   0.0000000000000000        0.0000000000000000     
 ( -2.1634470049597981E-002,  0.0000000000000000     )
   0.0000000000000000        1.5707963267948966     
 ( 0.41423060977509579     , -4.7190608382138306E-017)
   0.0000000000000000        3.1415926535897931     
 ( 0.63061516630070069     , -1.3439306016670787E-017)
   1.5707963267948966       -1.5707963267948966     
 ( 0.64506322778708447     ,  1.3877787807814457E-016)
   1.5707963267948966        0.0000000000000000     
 ( 0.39860836517051040     , -1.3394165425426206E-016)
   1.5707963267948966        1.5707963267948966     
 ( 0.63283898326212973     ,  3.8870065533018785E-017)
   1.5707963267948966        3.1415926535897931     
 ( 0.82652252774898538     , -1.4683547585255670E-016)
   3.1415926535897931       -1.5707963267948966     
 ( 0.82502339368220290     ,  1.4709842092726409E-016)
   3.1415926535897931        0.0000000000000000     
 ( 0.66088814272371654     , -9.6724476477650199E-018)
   3.1415926535897931        1.5707963267948966     
 ( 0.82502339368220290     , -2.2483855199330166E-016)
   3.1415926535897931        3.1415926535897931     
 (  3.6422819072568187     ,  3.2287661497312918E-016)
   1.0000000000000000                1          16
 (  0.0000000000000000     ,  0.0000000000000000     )
  -1.5707963267948966       -1.5707963267948966     
 ( 0.61561379745811262     ,  7.8150868537455914E-017)
  -1.5707963267948966        0.0000000000000000     
 ( 0.47598194421483586     ,  5.1073826900711638E-017)
  -1.5707963267948966        1.5707963267948966     
 ( 0.62278914992486767     ,  5.5511151231257827E-017)
  -1.5707963267948966        3.1415926535897931     
 ( 0.86269548197450185     ,  9.1974334467793156E-017)
   0.0000000000000000       -1.5707963267948966     
 ( 0.39900483250085250     , -1.1319858653099046E-017)
   0.0000000000000000        0.0000000000000000     
 ( 0.13490189887805884     ,  0.0000000000000000     )
   0.0000000000000000        1.5707963267948966     
 ( 0.39900483250085250     ,  1.1319858653099046E-017)
   0.0000000000000000        3.1415926535897931     
 ( 0.67949526306667984     ,  1.0034447838661574E-018)
   1.5707963267948966       -1.5707963267948966     
 ( 0.62278914992486767     , -5.5511151231257827E-017)
   1.5707963267948966        0.0000000000000000     
 ( 0.47598194421483586     , -5.1073826900711638E-017)
   1.5707963267948966        1.5707963267948966     
 ( 0.61561379745811262     , -7.8150868537455914E-017)
   1.5707963267948966        3.1415926535897931     
 ( 0.86269548197450185     , -1.5771720231791265E-016)
   3.1415926535897931       -1.5707963267948966     
 ( 0.82558882685460322     ,  6.6831009884356870E-017)
   3.1415926535897931        0.0000000000000000     
 ( 0.67212797809179836     , -8.8746486610924033E-018)
   3.1415926535897931        1.5707963267948966     
 ( 0.82558882685460322     , -7.7062726503218512E-017)
   3.1415926535897931        3.1415926535897931     
 (  3.3105361575386776     ,  2.8143160719020044E-016)
   1.0000000000000000                1          16
 (  0.0000000000000000     ,  0.0000000000000000     )
  -1.5707963267948966       -1.5707963267948966     
 ( 0.61506998505464139     , -6.6323943692338006E-017)
  -1.5707963267948966        0.0000000000000000     
 ( 0.42145273721354859     ,  7.8094588625016813E-017)
  -1.5707963267948966        1.5707963267948966     
 ( 0.63835219944328248     ,  5.5511151231257827E-017)
  -1.5707963267948966        3.1415926535897931     
 ( 0.82089804981054670     ,  1.3823260896256358E-017)
   0.0000000000000000       -1.5707963267948966     
 ( 0.43686570609430098     , -3.6226967192903281E-017)
   0.0000000000000000        0.0000000000000000     
 (  6.1944406502132593E-002,  0.0000000000000000     )
   0.0000000000000000        1.5707963267948966     
 ( 0.43686570609430098     ,  3.6226967192903281E-017)
   0.0000000000000000        3.1415926535897931     
 ( 0.63425709403431496     , -1.0870571902886178E-017)
   1.5707963267948966       -1.5707963267948966     
 ( 0.63835219944328248     , -5.5511151231257827E-017)
   1.5707963267948966        0.0000000000000000     
 ( 0.42145273721354859     , -7.8094588625016813E-017)
   1.5707963267948966        1.5707963267948966     
 ( 0.61506998505464139     ,  6.6323943692338006E-017)
   1.5707963267948966        3.1415926535897931     
 ( 0.82089804981054693     , -9.0959997049674528E-017)
   3.1415926535897931       -1.5707963267948966     
 ( 0.78125373171455659     ,  8.4713915772743704E-018)
   3.1415926535897931        0.0000000000000000     
 ( 0.61202621338662866     , -1.0344276443739862E-017)
   3.1415926535897931        1.5707963267948966     
 ( 0.78125373171455648     , -3.0096976499434713E-017)
   3.1415926535897931        3.1415926535897931     
 (  3.6253453688384849     ,  3.2408259823907003E-016)
   1.0000000000000000                1          16
 (  0.0000000000000000     ,  0.0000000000000000     )
  -1.5707963267948966       -1.5707963267948966     
 ( 0.62756926275782843     ,  4.6337509653981772E-017)
  -1.5707963267948966        0.0000000000000000     
 ( 0.43293001789705277     ,  5.1264060978538482E-017)
  -1.5707963267948966        1.5707963267948966     
 ( 0.62959687173516843     ,  1.3877787807814457E-016)
  -1.5707963267948966        3.1415926535897931     
 ( 0.82576315228477781     ,  1.5022940758868124E-016)
   0.0000000000000000       -1.5707963267948966     
 ( 0.41932933811323314     , -3.7046542634805346E-017)
   0.0000000000000000        0.0000000000000000     
 (  8.9332668731195858E-002,  0.0000000000000000     )
   0.0000000000000000        1.5707963267948966     
 ( 0.41932933811323314     ,  3.7046542634805346E-017)
   0.0000000000000000        3.1415926535897931     
 ( 0.59528614032450922     , -9.4322215135878141E-018)
   1.5707963267948966       -1.5707963267948966     
 ( 0.62959687173516843     , -1.3877787807814457E-016)
   1.5707963267948966        0.0000000000000000     
 ( 0.43293001789705277     , -5.1264060978538482E-017)
   1.5707963267948966        1.5707963267948966     
 ( 0.62756926275782843     , -4.6337509653981772E-017)
   1.5707963267948966        3.1415926535897931     
 ( 0.82576315228477781     , -2.2408784197449119E-016)
   3.1415926535897931       -1.5707963267948966     
 ( 0.80567728196581567     ,  9.2909670191764290E-018)
   3.1415926535897931        0.0000000000000000     
 ( 0.63780687211934395     , -8.4941805054387092E-018)
   3.1415926535897931        1.5707963267948966     
 ( 0.80567728196581567     , -2.7638250173728537E-017)
   3.1415926535897931        3.1415926535897931     
 (  3.5430411707745906     ,  3.0960874286020015E-016)
   1.0000000000000000                1          16
 (  0.0000000000000000     ,  0.0000000000000000     )
  -1.5707963267948966       -1.5707963267948966     
 ( 0.65719441854671312     ,  4.7471709948853788E-017)
  -1.5707963267948966        0.0000000000000000     
 ( 0.41216076274845770     , -1.4656401016496161E-016)
  -1.5707963267948966        1.5707963267948966     
 ( 0.62366506890058804     , -2.7755575615628914E-017)
  -1.5707963267948966        3.1415926535897931     
 ( 0.85435798018947984     , -4.1725192871762453E-017)
   0.0000000000000000       -1.5707963267948966     
 ( 0.40373484118057434     , -3.7613642782241348E-017)
   0.0000000000000000        0.0000000000000000     
 ( -6.8499098934229258E-002,  0.0000000000000000     )
   0.0000000000000000        1.5707963267948966     
 ( 0.40373484118057434     ,  3.7613642782241348E-017)
   0.0000000000000000        3.1415926535897931     
 ( 0.65349220400538699     , -1.3622761413172293E-017)
   1.5707963267948966       -1.5707963267948966     
 ( 0.62366506890058804     ,  2.7755575615628914E-017)
   1.5707963267948966        0.0000000000000000     
 ( 0.41216076274845770     ,  1.4656401016496161E-016)
   1.5707963267948966        1.5707963267948966     
 ( 0.65719441854671312     , -4.7471709948853788E-017)
   1.5707963267948966        3.1415926535897931     
 ( 0.85435798018947984     , -2.9864840924303451E-017)
   3.1415926535897931       -1.5707963267948966     
 ( 0.84381520535452637     ,  6.5369218397870261E-017)
   3.1415926535897931        0.0000000000000000     
 ( 0.63850625094033719     , -1.5572264173634076E-017)
   3.1415926535897931        1.5707963267948966     
 ( 0.84381520535452637     , -1.3695925219393617E-016)
   3.1415926535897931        3.1415926535897931     
 (  3.5812272024937748     ,  3.0971969606554035E-016)
