   -1.000000     -1.000000
  1    1        0.13923238        0.00406586        0.00000000        0.00000000
   -1.000000      0.000000
  1    1       -0.26401965        0.00538872       -0.00000000        0.00000000
   -1.000000      1.000000
  1    1        0.14033486        0.00399675        0.00000000        0.00000000
   -1.000000      2.000000
  1    1       -0.16518439        0.00556212       -0.00000000        0.00000000
    0.000000     -1.000000
  1    1       -0.26259453        0.00519191       -0.00000000        0.00000000
    0.000000      0.000000
  1    1        0.77380403        0.00037434        0.00000000        0.00000000
    0.000000      1.000000
  1    1       -0.26259453        0.00519191        0.00000000        0.00000000
    0.000000      2.000000
  1    1        0.14378226        0.00429414       -0.00000000        0.00000000
    1.000000     -1.000000
  1    1        0.14033486        0.00399675        0.00000000        0.00000000
    1.000000      0.000000
  1    1       -0.26401965        0.00538872        0.00000000        0.00000000
    1.000000      1.000000
  1    1        0.13923238        0.00406586       -0.00000000        0.00000000
    1.000000      2.000000
  1    1       -0.16518439        0.00556212        0.00000000        0.00000000
    2.000000     -1.000000
  1    1       -0.16458227        0.00388993        0.00000000        0.00000000
    2.000000      0.000000
  1    1        0.14058637        0.00366127       -0.00000000        0.00000000
    2.000000      1.000000
  1    1       -0.16458227        0.00388993        0.00000000        0.00000000
    2.000000      2.000000
  1    1        0.14803043        0.00396011       -0.00000000        0.00000000
