   -1.570796     -1.570796
  1    1        0.63967079        0.00553408        0.00000000        0.00000000
   -1.570796      0.000000
  1    1        0.43294496        0.00804723        0.00000000        0.00000000
   -1.570796      1.570796
  1    1        0.63526087        0.00433274        0.00000000        0.00000000
   -1.570796      3.141593
  1    1        0.82499401        0.00716202        0.00000000        0.00000000
    0.000000     -1.570796
  1    1        0.42490718        0.00606500       -0.00000000        0.00000000
    0.000000      0.000000
  1    1        0.05257587        0.01995331        0.00000000        0.00000000
    0.000000      1.570796
  1    1        0.42490718        0.00606500        0.00000000        0.00000000
    0.000000      3.141593
  1    1        0.64301415        0.01037621       -0.00000000        0.00000000
    1.570796     -1.570796
  1    1        0.63526087        0.00433274       -0.00000000        0.00000000
    1.570796      0.000000
  1    1        0.43294496        0.00804723       -0.00000000        0.00000000
    1.570796      1.570796
  1    1        0.63967079        0.00553408       -0.00000000        0.00000000
    1.570796      3.141593
  1    1        0.82499401        0.00716202       -0.00000000        0.00000000
    3.141593     -1.570796
  1    1        0.82024825        0.00674523        0.00000000        0.00000000
    3.141593      0.000000
  1    1        0.65112309        0.00726829       -0.00000000        0.00000000
    3.141593      1.570796
  1    1        0.82024825        0.00674523       -0.00000000        0.00000000
    3.141593      3.141593
  1    1        3.47809922        0.06336214        0.00000000        0.00000000
