-2.844900000000000206e-01
4.196130000000000138e+00
3.525549999999999962e+00
5.068030000000000257e+00
3.945969999999999978e+00
7.434040000000000425e+00
9.403900000000000148e+00
1.120689999999999920e+01
1.476510000000000034e+01
1.587560000000000038e+01
1.956609999999999872e+01
1.710610000000000142e+01
1.414530000000000065e+01
1.527800000000000047e+01
1.608859999999999957e+01
1.307390000000000008e+01
1.434140000000000015e+01
1.560389999999999944e+01
1.581739999999999924e+01
1.643339999999999890e+01
2.065249999999999986e+01
2.245270000000000010e+01
1.786210000000000164e+01
1.651190000000000069e+01
1.612569999999999837e+01
1.639659999999999940e+01
1.943459999999999965e+01
1.864610000000000056e+01
2.092470000000000141e+01
2.211870000000000047e+01
2.456960000000000122e+01
2.570019999999999882e+01
2.558119999999999905e+01
2.556400000000000006e+01
2.665850000000000009e+01
2.754769999999999897e+01
2.663530000000000086e+01
2.859629999999999939e+01
2.666460000000000008e+01
2.999390000000000001e+01
2.861739999999999995e+01
2.865500000000000114e+01
3.093759999999999977e+01
3.184290000000000020e+01
3.104350000000000165e+01
3.259369999999999834e+01
3.585679999999999978e+01
3.419169999999999732e+01
3.523179999999999978e+01
3.396379999999999910e+01
3.649839999999999662e+01
3.810390000000000299e+01
4.170779999999999887e+01
4.081609999999999872e+01
4.384000000000000341e+01
4.032039999999999935e+01
4.039759999999999707e+01
3.943959999999999866e+01
4.468480000000000274e+01
4.388550000000000040e+01
4.495519999999999783e+01
4.644339999999999691e+01
4.641279999999999717e+01
4.544959999999999667e+01
4.676989999999999981e+01
4.925860000000000127e+01
4.975099999999999767e+01
4.898669999999999902e+01
4.984109999999999729e+01
4.854719999999999658e+01
5.247890000000000299e+01
5.288739999999999952e+01
5.553320000000000078e+01
5.619469999999999743e+01
5.766060000000000230e+01
5.902369999999999806e+01
6.280969999999999942e+01
6.280330000000000013e+01
6.228059999999999974e+01
5.767000000000000171e+01
6.008129999999999882e+01
6.236910000000000309e+01
6.081799999999999784e+01
6.482269999999999754e+01
6.352049999999999841e+01
6.471490000000000009e+01
6.648799999999999955e+01
6.435540000000000305e+01
6.649890000000000612e+01
6.860299999999999443e+01
6.927609999999999957e+01
7.121590000000000487e+01
6.945480000000000587e+01
7.109449999999999648e+01
7.028610000000000468e+01
7.056789999999999452e+01
7.372169999999999845e+01
7.465349999999999397e+01
7.520569999999999311e+01
7.500589999999999691e+01
7.564109999999999445e+01
7.563370000000000459e+01
7.694389999999999930e+01
7.525000000000000000e+01
7.306040000000000134e+01
7.733159999999999457e+01
8.087409999999999854e+01
8.189900000000000091e+01
8.157999999999999829e+01
8.481910000000000593e+01
8.438120000000000687e+01
8.582229999999999848e+01
8.668049999999999500e+01
8.899370000000000402e+01
8.948739999999999384e+01
9.389509999999999934e+01
9.199989999999999668e+01
9.483069999999999311e+01
9.689509999999999934e+01
9.881759999999999877e+01
9.929739999999999611e+01
9.902439999999999998e+01
1.007349999999999994e+02
1.009959999999999951e+02
1.014590000000000032e+02
9.974800000000000466e+01
1.020160000000000053e+02
1.039449999999999932e+02
1.049920000000000044e+02
1.056940000000000026e+02
1.039980000000000047e+02
1.057660000000000053e+02
1.078700000000000045e+02
1.059689999999999941e+02
1.107409999999999997e+02
1.090480000000000018e+02
1.125949999999999989e+02
1.124090000000000060e+02
1.115750000000000028e+02
1.121509999999999962e+02
1.101949999999999932e+02
1.122120000000000033e+02
1.145000000000000000e+02
1.165010000000000048e+02
1.186099999999999994e+02
1.188859999999999957e+02
1.195939999999999941e+02
1.234020000000000010e+02
1.207710000000000008e+02
1.248960000000000008e+02
1.245679999999999978e+02
1.276470000000000056e+02
1.277049999999999983e+02
1.275100000000000051e+02
1.289079999999999870e+02
1.296229999999999905e+02
1.326430000000000007e+02
1.314449999999999932e+02
1.313429999999999893e+02
1.321279999999999859e+02
1.309480000000000075e+02
1.303340000000000032e+02
1.326140000000000043e+02
1.330399999999999920e+02
1.315560000000000116e+02
1.351829999999999927e+02
1.351779999999999973e+02
1.359120000000000061e+02
1.345949999999999989e+02
1.328110000000000070e+02
1.357849999999999966e+02
1.379979999999999905e+02
1.422839999999999918e+02
1.467470000000000141e+02
1.484490000000000123e+02
1.498139999999999930e+02
1.517069999999999936e+02
1.526160000000000139e+02
1.523930000000000007e+02
1.522150000000000034e+02
1.542160000000000082e+02
1.557940000000000111e+02
1.558530000000000086e+02
1.552580000000000098e+02
1.504350000000000023e+02
1.500720000000000027e+02
1.496860000000000070e+02
1.484329999999999927e+02
1.511440000000000055e+02
1.519850000000000136e+02
1.516479999999999961e+02
1.532330000000000041e+02
1.547920000000000016e+02
1.535180000000000007e+02
1.541339999999999861e+02
1.533689999999999998e+02
1.510380000000000109e+02
1.552270000000000039e+02
1.573760000000000048e+02
1.593269999999999982e+02
1.611479999999999961e+02
1.606709999999999923e+02
1.579499999999999886e+02
1.579550000000000125e+02
1.568549999999999898e+02
1.587199999999999989e+02
1.636810000000000116e+02
1.584650000000000034e+02
1.577779999999999916e+02
1.599670000000000130e+02
1.599410000000000025e+02
1.606049999999999898e+02
1.598389999999999986e+02
1.600279999999999916e+02
1.606949999999999932e+02
1.623029999999999973e+02
1.607119999999999891e+02
1.610579999999999927e+02
1.601599999999999966e+02
1.621740000000000066e+02
1.653530000000000086e+02
1.657369999999999948e+02
1.703209999999999980e+02
1.705300000000000011e+02
1.728000000000000114e+02
1.696860000000000070e+02
1.719259999999999877e+02
1.758269999999999982e+02
1.801980000000000075e+02
1.815289999999999964e+02
1.794139999999999873e+02
1.761140000000000043e+02
1.790900000000000034e+02
1.757649999999999864e+02
1.734799999999999898e+02
1.729960000000000093e+02
1.723389999999999986e+02
1.737789999999999964e+02
1.737160000000000082e+02
1.762170000000000130e+02
1.741440000000000055e+02
1.714939999999999998e+02
1.740370000000000061e+02
1.722309999999999945e+02
1.701759999999999877e+02
1.689749999999999943e+02
1.693979999999999961e+02
1.706539999999999964e+02
1.746519999999999868e+02
1.737669999999999959e+02
1.721030000000000086e+02
1.766889999999999930e+02
1.768540000000000134e+02
1.777760000000000105e+02
1.764879999999999995e+02
1.782330000000000041e+02
1.796459999999999866e+02
1.792359999999999900e+02
1.771479999999999961e+02
1.770250000000000057e+02
1.740029999999999859e+02
1.761419999999999959e+02
1.772969999999999970e+02
1.758089999999999975e+02
1.769639999999999986e+02
1.743089999999999975e+02
1.752139999999999986e+02
1.752640000000000100e+02
1.729979999999999905e+02
1.729749999999999943e+02
1.753040000000000020e+02
1.711119999999999948e+02
1.711949999999999932e+02
1.683400000000000034e+02
1.672079999999999984e+02
1.669859999999999900e+02
1.696910000000000025e+02
1.708079999999999927e+02
1.669159999999999968e+02
1.696450000000000102e+02
1.725660000000000025e+02
1.739370000000000118e+02
1.716100000000000136e+02
1.741659999999999968e+02
1.711730000000000018e+02
1.726210000000000093e+02
1.774929999999999950e+02
1.753629999999999995e+02
1.730829999999999984e+02
1.709209999999999923e+02
1.743520000000000039e+02
1.745949999999999989e+02
1.731370000000000005e+02
1.727750000000000057e+02
1.726370000000000005e+02
1.749379999999999882e+02
1.769910000000000139e+02
1.785399999999999920e+02
1.789900000000000091e+02
1.804569999999999936e+02
1.792419999999999902e+02
1.793230000000000075e+02
1.805850000000000080e+02
1.778499999999999943e+02
1.782549999999999955e+02
1.808569999999999993e+02
1.832649999999999864e+02
1.865860000000000127e+02
1.859660000000000082e+02
1.836599999999999966e+02
1.847129999999999939e+02
1.894970000000000141e+02
1.919619999999999891e+02
1.907510000000000048e+02
1.892489999999999952e+02
1.887100000000000080e+02
1.898540000000000134e+02
1.936049999999999898e+02
1.928420000000000130e+02
1.942719999999999914e+02
1.933779999999999859e+02
1.949269999999999925e+02
1.988770000000000095e+02
1.987079999999999984e+02
1.964879999999999995e+02
1.978009999999999877e+02
2.003220000000000027e+02
1.975320000000000107e+02
1.994710000000000036e+02
1.978549999999999898e+02
1.934660000000000082e+02
1.928540000000000134e+02
1.872319999999999993e+02
1.843700000000000045e+02
1.877640000000000100e+02
1.885360000000000014e+02
1.850320000000000107e+02
1.887369999999999948e+02
1.875780000000000030e+02
1.859480000000000075e+02
1.842820000000000107e+02
1.866949999999999932e+02
1.884159999999999968e+02
1.880629999999999882e+02
1.863600000000000136e+02
1.884269999999999925e+02
1.872560000000000002e+02
1.860509999999999877e+02
1.855900000000000034e+02
1.813120000000000118e+02
1.842990000000000066e+02
1.876390000000000100e+02
1.841279999999999859e+02
1.864590000000000032e+02
1.881069999999999993e+02
1.889420000000000073e+02
1.922769999999999868e+02
1.868160000000000025e+02
1.888870000000000005e+02
1.870730000000000075e+02
1.894780000000000086e+02
1.900219999999999914e+02
1.884679999999999893e+02
1.879139999999999873e+02
1.878739999999999952e+02
1.884000000000000057e+02
1.873300000000000125e+02
1.883340000000000032e+02
1.868739999999999952e+02
1.856469999999999914e+02
1.852700000000000102e+02
1.881769999999999925e+02
1.889869999999999948e+02
1.863220000000000027e+02
1.887620000000000005e+02
1.865809999999999889e+02
1.870060000000000002e+02
1.852069999999999936e+02
1.817669999999999959e+02
1.842510000000000048e+02
1.855699999999999932e+02
1.829710000000000036e+02
1.828600000000000136e+02
1.813830000000000098e+02
1.832199999999999989e+02
1.811179999999999950e+02
1.748720000000000141e+02
1.734159999999999968e+02
1.698259999999999934e+02
1.699710000000000036e+02
1.681659999999999968e+02
1.699170000000000016e+02
1.712810000000000059e+02
1.702609999999999957e+02
1.714979999999999905e+02
1.728799999999999955e+02
1.731140000000000043e+02
1.731899999999999977e+02
1.753360000000000127e+02
1.750999999999999943e+02
1.747580000000000098e+02
1.770999999999999943e+02
1.766359999999999957e+02
1.768590000000000089e+02
1.776800000000000068e+02
1.824449999999999932e+02
1.842090000000000032e+02
1.819749999999999943e+02
1.819689999999999941e+02
1.801829999999999927e+02
1.800370000000000061e+02
1.798969999999999914e+02
1.793509999999999991e+02
1.804130000000000109e+02
1.806289999999999907e+02
1.810349999999999966e+02
1.843810000000000002e+02
1.873520000000000039e+02
1.877880000000000109e+02
1.895509999999999877e+02
1.919910000000000139e+02
1.940579999999999927e+02
1.888509999999999991e+02
1.901200000000000045e+02
1.853770000000000095e+02
1.854550000000000125e+02
1.869410000000000025e+02
1.888230000000000075e+02
1.894199999999999875e+02
1.893389999999999986e+02
1.892849999999999966e+02
1.936850000000000023e+02
1.947160000000000082e+02
1.999850000000000136e+02
1.980920000000000130e+02
1.999689999999999941e+02
1.971169999999999902e+02
1.986920000000000073e+02
1.987810000000000059e+02
1.987350000000000136e+02
1.943470000000000084e+02
1.942340000000000089e+02
1.953129999999999882e+02
1.965480000000000018e+02
1.998480000000000132e+02
2.021750000000000114e+02
1.972249999999999943e+02
2.021709999999999923e+02
2.011670000000000016e+02
2.053679999999999950e+02
2.060860000000000127e+02
2.109420000000000073e+02
2.128340000000000032e+02
2.128540000000000134e+02
2.112680000000000007e+02
2.067369999999999948e+02
2.034670000000000130e+02
2.020099999999999909e+02
2.017930000000000064e+02
1.997379999999999995e+02
1.985409999999999968e+02
1.993160000000000025e+02
1.969159999999999968e+02
1.983259999999999934e+02
1.973069999999999879e+02
1.955449999999999875e+02
1.954290000000000020e+02
1.911980000000000075e+02
1.928290000000000077e+02
1.919939999999999998e+02
1.944420000000000073e+02
1.892160000000000082e+02
1.941359999999999957e+02
1.926589999999999918e+02
1.942359999999999900e+02
1.942789999999999964e+02
1.916670000000000016e+02
1.942580000000000098e+02
1.924120000000000061e+02
1.917779999999999916e+02
1.907019999999999982e+02
1.859929999999999950e+02
1.834610000000000127e+02
1.848369999999999891e+02
1.844679999999999893e+02
1.847580000000000098e+02
1.872249999999999943e+02
1.857539999999999907e+02
1.863149999999999977e+02
1.855620000000000118e+02
1.822350000000000136e+02
1.825889999999999986e+02
1.808810000000000002e+02
1.797520000000000095e+02
1.800200000000000102e+02
1.790229999999999961e+02
1.784199999999999875e+02
1.764149999999999920e+02
1.801990000000000123e+02
1.748969999999999914e+02
1.731529999999999916e+02
1.739099999999999966e+02
1.742350000000000136e+02
1.748890000000000100e+02
1.755850000000000080e+02
1.787330000000000041e+02
1.771479999999999961e+02
1.777860000000000014e+02
1.807659999999999911e+02
1.787630000000000052e+02
1.799240000000000066e+02
1.768089999999999975e+02
1.746299999999999955e+02
1.715680000000000121e+02
1.711980000000000075e+02
1.751529999999999916e+02
1.724480000000000075e+02
1.725109999999999957e+02
1.754819999999999993e+02
1.754739999999999895e+02
1.736040000000000134e+02
1.735790000000000077e+02
1.745840000000000032e+02
1.771510000000000105e+02
1.735099999999999909e+02
1.708340000000000032e+02
1.734910000000000139e+02
1.710320000000000107e+02
1.713660000000000139e+02
1.737150000000000034e+02
1.688619999999999948e+02
1.683350000000000080e+02
1.711469999999999914e+02
1.730449999999999875e+02
1.761589999999999918e+02
1.731930000000000121e+02
1.688849999999999909e+02
1.694660000000000082e+02
1.679540000000000077e+02
1.665970000000000084e+02
1.679139999999999873e+02
1.700370000000000061e+02
1.695869999999999891e+02
1.673779999999999859e+02
1.694639999999999986e+02
1.697199999999999989e+02
1.712949999999999875e+02
1.747620000000000005e+02
1.782609999999999957e+02
1.787009999999999934e+02
1.773220000000000027e+02
1.789910000000000139e+02
1.825920000000000130e+02
1.824780000000000086e+02
1.868100000000000023e+02
1.845600000000000023e+02
1.867359999999999900e+02
1.880440000000000111e+02
1.881049999999999898e+02
1.849890000000000043e+02
1.826210000000000093e+02
1.846020000000000039e+02
1.839850000000000136e+02
1.829300000000000068e+02
1.827050000000000125e+02
1.836620000000000061e+02
1.802009999999999934e+02
1.788580000000000041e+02
1.775000000000000000e+02
1.803290000000000077e+02
1.833729999999999905e+02
1.847609999999999957e+02
1.855099999999999909e+02
1.882379999999999995e+02
1.843530000000000086e+02
1.816889999999999930e+02
1.823950000000000102e+02
1.812030000000000030e+02
1.798449999999999989e+02
1.810289999999999964e+02
1.766349999999999909e+02
1.741850000000000023e+02
1.789079999999999870e+02
1.800889999999999986e+02
1.787259999999999991e+02
1.768689999999999998e+02
1.756690000000000111e+02
1.761399999999999864e+02
1.748420000000000130e+02
1.746119999999999948e+02
1.717980000000000018e+02
1.709900000000000091e+02
1.699720000000000084e+02
1.698969999999999914e+02
1.679470000000000027e+02
1.655480000000000018e+02
1.645670000000000073e+02
1.633969999999999914e+02
1.632199999999999989e+02
1.584430000000000121e+02
1.584739999999999895e+02
1.593300000000000125e+02
1.583240000000000123e+02
1.597170000000000130e+02
1.607400000000000091e+02
1.589159999999999968e+02
1.613429999999999893e+02
1.625360000000000014e+02
1.612760000000000105e+02
1.618509999999999991e+02
1.629089999999999918e+02
1.633110000000000070e+02
1.649240000000000066e+02
1.656639999999999873e+02
1.629190000000000111e+02
1.638120000000000118e+02
1.641519999999999868e+02
1.655699999999999932e+02
1.625380000000000109e+02
1.668100000000000023e+02
1.685540000000000020e+02
1.719790000000000134e+02
1.706980000000000075e+02
1.698549999999999898e+02
1.710680000000000121e+02
1.735029999999999859e+02
1.744039999999999964e+02
1.709070000000000107e+02
1.714799999999999898e+02
1.689319999999999879e+02
1.695850000000000080e+02
1.722810000000000059e+02
1.695629999999999882e+02
1.656910000000000025e+02
1.618849999999999909e+02
1.623839999999999861e+02
1.621709999999999923e+02
1.608329999999999984e+02
1.633460000000000036e+02
1.645949999999999989e+02
1.614989999999999952e+02
1.598760000000000048e+02
1.623460000000000036e+02
1.639120000000000061e+02
1.613919999999999959e+02
1.642270000000000039e+02
1.639919999999999902e+02
1.614749999999999943e+02
1.619540000000000077e+02
1.629759999999999991e+02
1.618009999999999877e+02
1.655200000000000102e+02
1.674960000000000093e+02
1.662630000000000052e+02
1.667410000000000139e+02
1.724590000000000032e+02
1.737820000000000107e+02
1.762829999999999870e+02
1.769070000000000107e+02
1.803350000000000080e+02
1.832179999999999893e+02
1.821080000000000041e+02
1.854219999999999970e+02
1.879420000000000073e+02
1.878979999999999961e+02
1.843069999999999879e+02
1.870949999999999989e+02
1.872870000000000061e+02
1.869759999999999991e+02
1.865949999999999989e+02
1.864089999999999918e+02
1.897009999999999934e+02
1.873319999999999936e+02
1.912340000000000089e+02
1.854070000000000107e+02
1.873590000000000089e+02
1.879089999999999918e+02
1.879410000000000025e+02
1.866910000000000025e+02
1.856680000000000064e+02
1.892390000000000043e+02
1.913309999999999889e+02
1.917179999999999893e+02
1.958540000000000134e+02
1.962709999999999866e+02
1.952959999999999923e+02
1.921550000000000011e+02
1.930889999999999986e+02
1.913220000000000027e+02
1.949480000000000075e+02
1.961560000000000059e+02
1.942479999999999905e+02
1.916030000000000086e+02
1.897199999999999989e+02
1.927309999999999945e+02
1.914410000000000025e+02
1.923069999999999879e+02
1.927330000000000041e+02
1.949519999999999982e+02
1.941759999999999877e+02
1.937529999999999859e+02
1.941819999999999879e+02
1.915780000000000030e+02
1.899840000000000089e+02
1.884650000000000034e+02
1.899629999999999939e+02
1.877299999999999898e+02
1.892259999999999991e+02
1.863899999999999864e+02
1.872800000000000011e+02
1.891870000000000118e+02
1.916639999999999873e+02
1.851479999999999961e+02
1.847880000000000109e+02
1.864660000000000082e+02
1.882839999999999918e+02
1.905440000000000111e+02
1.912369999999999948e+02
1.920800000000000125e+02
1.919559999999999889e+02
1.937769999999999868e+02
1.916839999999999975e+02
1.943089999999999975e+02
1.965070000000000050e+02
1.962350000000000136e+02
1.960250000000000057e+02
1.950920000000000130e+02
1.950989999999999895e+02
1.923019999999999925e+02
1.939639999999999986e+02
1.912350000000000136e+02
1.912350000000000136e+02
1.885649999999999977e+02
1.863269999999999982e+02
1.896589999999999918e+02
1.936419999999999959e+02
1.923499999999999943e+02
1.927599999999999909e+02
1.951430000000000007e+02
1.944339999999999975e+02
1.968100000000000023e+02
1.972959999999999923e+02
1.944329999999999927e+02
1.978439999999999941e+02
2.009219999999999970e+02
2.013089999999999975e+02
1.996709999999999923e+02
2.037179999999999893e+02
2.034639999999999986e+02
2.042640000000000100e+02
2.034290000000000020e+02
2.044979999999999905e+02
1.991959999999999980e+02
1.972740000000000009e+02
1.965620000000000118e+02
1.980360000000000014e+02
1.990409999999999968e+02
2.022560000000000002e+02
2.052760000000000105e+02
2.043120000000000118e+02
2.042750000000000057e+02
1.999319999999999879e+02
1.978890000000000100e+02
1.967429999999999950e+02
1.939650000000000034e+02
1.915200000000000102e+02
1.917319999999999993e+02
1.921210000000000093e+02
1.913280000000000030e+02
1.874300000000000068e+02
1.841829999999999927e+02
1.849339999999999975e+02
1.874830000000000041e+02
1.892980000000000018e+02
1.910260000000000105e+02
1.924379999999999882e+02
1.941920000000000073e+02
1.920469999999999970e+02
1.926659999999999968e+02
1.921819999999999879e+02
1.888100000000000023e+02
1.889509999999999934e+02
1.864170000000000016e+02
1.860000000000000000e+02
1.833650000000000091e+02
1.808839999999999861e+02
1.804590000000000032e+02
1.831779999999999973e+02
1.819869999999999948e+02
1.814730000000000132e+02
1.803060000000000116e+02
1.813619999999999948e+02
1.818969999999999914e+02
1.840070000000000050e+02
1.838669999999999902e+02
1.849480000000000075e+02
1.851649999999999920e+02
1.840939999999999941e+02
1.860989999999999895e+02
1.864339999999999975e+02
1.860790000000000077e+02
1.872470000000000141e+02
1.876419999999999959e+02
1.851479999999999961e+02
1.838580000000000041e+02
1.820999999999999943e+02
1.834509999999999934e+02
1.847839999999999918e+02
1.822529999999999859e+02
1.862129999999999939e+02
1.848449999999999989e+02
1.810469999999999970e+02
1.788959999999999866e+02
1.763290000000000077e+02
1.760360000000000014e+02
1.737990000000000066e+02
1.706179999999999950e+02
1.696889999999999930e+02
1.716740000000000066e+02
1.695320000000000107e+02
1.681069999999999993e+02
1.691490000000000009e+02
1.685879999999999939e+02
1.678369999999999891e+02
1.714619999999999891e+02
1.676109999999999900e+02
1.652230000000000132e+02
1.664070000000000107e+02
1.660980000000000132e+02
1.662230000000000132e+02
1.680089999999999861e+02
1.674850000000000136e+02
1.694699999999999989e+02
1.693009999999999877e+02
1.765800000000000125e+02
1.734509999999999934e+02
1.715250000000000057e+02
1.699190000000000111e+02
1.709279999999999973e+02
1.744130000000000109e+02
1.751109999999999900e+02
1.759879999999999995e+02
1.745349999999999966e+02
1.748319999999999936e+02
1.733839999999999861e+02
1.747489999999999952e+02
1.760469999999999970e+02
1.770089999999999861e+02
1.800360000000000014e+02
1.773110000000000070e+02
1.764879999999999995e+02
1.771769999999999925e+02
1.814879999999999995e+02
1.809600000000000080e+02
1.775600000000000023e+02
1.811709999999999923e+02
1.820380000000000109e+02
1.802880000000000109e+02
1.830840000000000032e+02
1.853120000000000118e+02
1.892880000000000109e+02
1.907150000000000034e+02
1.945339999999999918e+02
1.939019999999999868e+02
1.977740000000000009e+02
1.959989999999999952e+02
1.950709999999999980e+02
1.945370000000000061e+02
1.955560000000000116e+02
1.943369999999999891e+02
1.937640000000000100e+02
1.947330000000000041e+02
1.968230000000000075e+02
1.932470000000000141e+02
1.903770000000000095e+02
1.880600000000000023e+02
1.891990000000000123e+02
1.941680000000000064e+02
1.960490000000000066e+02
1.971680000000000064e+02
1.957949999999999875e+02
1.957940000000000111e+02
1.941539999999999964e+02
1.906109999999999900e+02
1.929410000000000025e+02
1.932439999999999998e+02
1.907189999999999941e+02
1.926229999999999905e+02
1.909780000000000086e+02
1.914780000000000086e+02
1.924720000000000084e+02
1.937940000000000111e+02
1.959679999999999893e+02
1.969759999999999991e+02
1.972750000000000057e+02
1.927139999999999986e+02
1.937220000000000084e+02
1.933439999999999941e+02
1.925109999999999957e+02
1.945689999999999884e+02
1.983979999999999961e+02
1.980529999999999973e+02
2.039079999999999870e+02
2.051160000000000139e+02
2.030639999999999930e+02
2.018149999999999977e+02
2.040680000000000121e+02
2.006800000000000068e+02
2.009379999999999882e+02
2.035060000000000002e+02
2.031959999999999980e+02
2.089689999999999941e+02
2.081189999999999998e+02
2.078209999999999980e+02
2.076829999999999927e+02
2.063439999999999941e+02
2.076359999999999957e+02
2.085080000000000098e+02
2.083209999999999980e+02
2.054540000000000077e+02
2.077889999999999873e+02
2.081819999999999879e+02
2.106659999999999968e+02
2.132290000000000134e+02
2.144219999999999970e+02
2.155910000000000082e+02
2.157479999999999905e+02
2.156800000000000068e+02
2.175140000000000100e+02
2.129859999999999900e+02
2.141459999999999866e+02
2.133060000000000116e+02
2.152909999999999968e+02
2.206100000000000136e+02
2.244979999999999905e+02
2.293679999999999950e+02
2.269459999999999980e+02
2.294209999999999923e+02
2.291430000000000007e+02
2.264370000000000118e+02
2.291169999999999902e+02
2.283770000000000095e+02
2.314130000000000109e+02
2.352239999999999895e+02
2.385020000000000095e+02
2.374410000000000025e+02
2.394139999999999873e+02
2.381889999999999930e+02
2.371810000000000116e+02
2.411100000000000136e+02
2.457589999999999861e+02
2.464639999999999986e+02
2.462789999999999964e+02
2.446930000000000121e+02
2.463290000000000077e+02
2.478729999999999905e+02
2.496419999999999959e+02
2.508559999999999945e+02
2.495900000000000034e+02
2.483789999999999907e+02
2.485850000000000080e+02
2.505920000000000130e+02
2.530360000000000014e+02
2.499689999999999941e+02
2.485140000000000100e+02
2.464739999999999895e+02
2.456819999999999879e+02
2.475900000000000034e+02
2.489360000000000070e+02
2.481020000000000039e+02
2.439540000000000077e+02
2.454569999999999936e+02
2.419219999999999970e+02
2.466570000000000107e+02
2.475860000000000127e+02
2.525440000000000111e+02
2.530449999999999875e+02
2.542129999999999939e+02
2.515130000000000052e+02
2.505459999999999923e+02
2.512529999999999859e+02
2.492090000000000032e+02
2.476550000000000011e+02
2.450509999999999877e+02
2.503789999999999907e+02
2.508810000000000002e+02
2.550229999999999961e+02
2.556680000000000064e+02
2.562350000000000136e+02
2.563659999999999854e+02
2.552400000000000091e+02
2.592029999999999745e+02
2.578140000000000214e+02
2.579409999999999741e+02
2.587470000000000141e+02
2.585339999999999918e+02
2.576179999999999950e+02
2.595110000000000241e+02
2.581920000000000073e+02
2.547930000000000064e+02
2.546390000000000100e+02
2.529470000000000027e+02
2.501229999999999905e+02
2.507529999999999859e+02
2.536800000000000068e+02
2.550190000000000055e+02
2.539230000000000018e+02
2.550589999999999975e+02
2.530449999999999875e+02
2.586999999999999886e+02
2.608380000000000223e+02
2.596990000000000123e+02
2.617180000000000177e+02
2.614630000000000223e+02
2.626859999999999786e+02
2.623600000000000136e+02
2.621979999999999791e+02
2.626150000000000091e+02
2.605629999999999882e+02
2.608439999999999941e+02
2.613790000000000191e+02
2.581809999999999832e+02
2.562780000000000200e+02
2.557889999999999873e+02
2.513329999999999984e+02
2.511870000000000118e+02
2.493160000000000025e+02
2.498580000000000041e+02
2.495260000000000105e+02
2.496069999999999993e+02
2.485850000000000080e+02
2.451479999999999961e+02
2.428580000000000041e+02
2.462199999999999989e+02
2.443600000000000136e+02
2.431080000000000041e+02
2.422479999999999905e+02
2.398499999999999943e+02
2.380680000000000121e+02
2.408650000000000091e+02
2.375089999999999861e+02
2.411059999999999945e+02
2.458629999999999995e+02
2.457829999999999870e+02
2.442659999999999911e+02
2.459240000000000066e+02
2.434399999999999977e+02
2.451769999999999925e+02
2.472110000000000127e+02
2.486310000000000002e+02
2.486870000000000118e+02
2.478089999999999975e+02
2.425149999999999864e+02
2.414569999999999936e+02
2.378839999999999861e+02
2.411490000000000009e+02
2.399550000000000125e+02
2.419099999999999966e+02
2.432439999999999998e+02
2.446469999999999914e+02
2.421399999999999864e+02
2.412009999999999934e+02
2.397419999999999902e+02
2.395130000000000052e+02
2.373689999999999998e+02
2.395250000000000057e+02
2.380709999999999980e+02
2.390689999999999884e+02
2.390080000000000098e+02
2.380149999999999864e+02
2.371100000000000136e+02
2.365029999999999859e+02
2.350960000000000036e+02
2.339310000000000116e+02
2.348540000000000134e+02
2.345130000000000052e+02
2.386899999999999977e+02
2.412210000000000036e+02
2.416299999999999955e+02
2.411829999999999927e+02
2.414699999999999989e+02
2.421610000000000014e+02
2.402429999999999950e+02
2.390509999999999877e+02
2.437789999999999964e+02
2.400320000000000107e+02
2.388280000000000030e+02
2.380840000000000032e+02
2.388410000000000082e+02
2.360029999999999859e+02
2.346899999999999977e+02
2.347470000000000141e+02
2.314859999999999900e+02
2.283379999999999939e+02
2.295490000000000066e+02
2.297400000000000091e+02
2.271390000000000100e+02
2.273160000000000025e+02
2.297680000000000007e+02
2.323849999999999909e+02
2.305370000000000061e+02
2.338160000000000025e+02
2.324840000000000089e+02
2.268110000000000070e+02
2.273340000000000032e+02
2.272820000000000107e+02
2.278789999999999907e+02
2.275720000000000027e+02
2.262750000000000057e+02
2.252529999999999859e+02
2.249010000000000105e+02
2.277810000000000059e+02
2.274979999999999905e+02
2.293240000000000123e+02
2.316949999999999932e+02
2.310250000000000057e+02
2.320660000000000025e+02
2.300389999999999873e+02
2.295480000000000018e+02
2.279790000000000134e+02
2.248750000000000000e+02
2.247609999999999957e+02
2.239370000000000118e+02
2.266899999999999977e+02
2.282429999999999950e+02
2.276599999999999966e+02
2.299099999999999966e+02
2.310519999999999925e+02
2.310720000000000027e+02
2.327160000000000082e+02
2.350080000000000098e+02
2.353810000000000002e+02
2.360049999999999955e+02
2.333559999999999945e+02
2.335039999999999907e+02
2.348369999999999891e+02
2.342489999999999952e+02
2.321750000000000114e+02
2.328420000000000130e+02
2.369209999999999923e+02
2.376150000000000091e+02
2.380790000000000077e+02
2.389670000000000130e+02
2.380169999999999959e+02
2.331189999999999998e+02
2.328619999999999948e+02
2.326730000000000018e+02
2.315190000000000055e+02
2.317880000000000109e+02
2.293489999999999895e+02
2.312539999999999907e+02
2.308220000000000027e+02
2.293209999999999980e+02
2.279600000000000080e+02
2.279010000000000105e+02
2.294879999999999995e+02
2.290800000000000125e+02
2.291270000000000095e+02
2.263509999999999991e+02
2.254360000000000070e+02
2.250339999999999918e+02
2.269329999999999927e+02
2.270879999999999939e+02
2.245569999999999879e+02
2.257119999999999891e+02
2.271239999999999952e+02
2.285480000000000018e+02
2.282980000000000018e+02
2.256639999999999873e+02
2.207129999999999939e+02
2.185639999999999930e+02
2.242309999999999945e+02
2.219679999999999893e+02
2.230850000000000080e+02
2.216769999999999925e+02
2.196390000000000100e+02
2.205970000000000084e+02
2.217400000000000091e+02
2.226399999999999864e+02
2.219000000000000057e+02
2.224410000000000025e+02
2.234879999999999995e+02
2.285049999999999955e+02
2.296990000000000123e+02
2.336469999999999914e+02
2.336839999999999975e+02
2.374240000000000066e+02
2.378590000000000089e+02
2.411419999999999959e+02
2.418849999999999909e+02
2.428870000000000005e+02
2.430579999999999927e+02
2.444490000000000123e+02
2.424809999999999945e+02
2.443679999999999950e+02
2.440780000000000030e+02
2.461049999999999898e+02
2.444679999999999893e+02
2.462920000000000016e+02
2.508629999999999995e+02
2.509079999999999870e+02
2.499439999999999884e+02
2.462760000000000105e+02
2.446899999999999977e+02
2.445060000000000002e+02
2.463919999999999959e+02
2.455180000000000007e+02
2.435809999999999889e+02
2.415610000000000070e+02
2.408619999999999948e+02
2.388069999999999879e+02
2.386560000000000059e+02
2.398189999999999884e+02
2.394989999999999952e+02
2.390800000000000125e+02
2.370970000000000084e+02
2.363590000000000089e+02
2.377709999999999866e+02
2.362179999999999893e+02
2.372609999999999957e+02
2.400349999999999966e+02
2.390490000000000066e+02
2.370149999999999864e+02
2.395320000000000107e+02
2.393849999999999909e+02
2.400929999999999893e+02
2.390500000000000114e+02
2.408400000000000034e+02
2.391589999999999918e+02
2.383029999999999973e+02
2.387110000000000127e+02
2.370190000000000055e+02
2.390699999999999932e+02
2.395649999999999977e+02
2.380010000000000048e+02
2.352980000000000018e+02
2.351959999999999980e+02
2.397179999999999893e+02
2.371999999999999886e+02
2.384890000000000043e+02
2.380649999999999977e+02
2.376200000000000045e+02
2.391999999999999886e+02
2.412580000000000098e+02
2.411519999999999868e+02
2.404939999999999998e+02
2.364890000000000043e+02
2.365840000000000032e+02
2.385430000000000064e+02
2.410939999999999941e+02
2.410219999999999914e+02
2.419509999999999934e+02
2.432030000000000030e+02
2.424089999999999918e+02
2.408280000000000030e+02
2.417100000000000080e+02
2.417019999999999982e+02
2.403089999999999975e+02
2.361930000000000121e+02
2.349780000000000086e+02
2.368520000000000039e+02
2.340389999999999873e+02
2.305449999999999875e+02
2.327040000000000077e+02
2.333069999999999879e+02
2.320409999999999968e+02
2.272690000000000055e+02
2.280819999999999936e+02
2.290459999999999923e+02
2.287179999999999893e+02
2.305430000000000064e+02
2.319290000000000020e+02
2.277350000000000136e+02
2.277669999999999959e+02
2.282659999999999911e+02
2.296500000000000057e+02
2.258609999999999900e+02
2.283909999999999911e+02
2.248640000000000043e+02
2.274190000000000111e+02
2.253340000000000032e+02
2.225320000000000107e+02
2.214219999999999970e+02
2.223060000000000116e+02
2.223019999999999925e+02
2.174230000000000018e+02
2.176730000000000018e+02
2.189490000000000123e+02
2.185039999999999907e+02
2.164939999999999998e+02
2.143100000000000023e+02
2.139039999999999964e+02
2.170260000000000105e+02
2.170629999999999882e+02
2.142100000000000080e+02
2.130339999999999918e+02
2.129540000000000077e+02
2.166659999999999968e+02
2.182959999999999923e+02
2.151020000000000039e+02
2.172100000000000080e+02
2.204370000000000118e+02
2.192789999999999964e+02
2.183540000000000134e+02
2.187270000000000039e+02
2.193480000000000132e+02
2.187090000000000032e+02
2.202640000000000100e+02
2.191829999999999927e+02
2.220480000000000018e+02
2.197719999999999914e+02
2.208040000000000020e+02
2.234459999999999980e+02
2.207270000000000039e+02
2.207249999999999943e+02
2.199519999999999982e+02
2.212079999999999984e+02
2.186239999999999952e+02
2.222640000000000100e+02
2.237439999999999998e+02
2.234720000000000084e+02
2.175540000000000020e+02
2.171310000000000002e+02
2.183189999999999884e+02
2.142959999999999923e+02
2.129859999999999900e+02
2.128580000000000041e+02
2.114619999999999891e+02
2.094710000000000036e+02
2.128609999999999900e+02
2.126610000000000014e+02
2.096339999999999861e+02
2.091879999999999882e+02
2.073309999999999889e+02
2.047589999999999861e+02
2.062199999999999989e+02
2.062030000000000030e+02
2.041800000000000068e+02
2.034900000000000091e+02
2.022249999999999943e+02
2.003180000000000121e+02
2.002820000000000107e+02
1.990970000000000084e+02
1.960060000000000002e+02
1.952940000000000111e+02
1.963650000000000091e+02
1.944840000000000089e+02
1.904830000000000041e+02
1.848000000000000114e+02
1.856750000000000114e+02
1.864259999999999877e+02
1.853669999999999902e+02
1.855349999999999966e+02
1.854499999999999886e+02
1.842669999999999959e+02
1.877220000000000084e+02
1.856220000000000141e+02
1.862860000000000014e+02
1.853979999999999961e+02
1.812040000000000077e+02
1.816020000000000039e+02
1.771550000000000011e+02
1.794530000000000030e+02
1.806930000000000121e+02
1.804110000000000014e+02
1.808460000000000036e+02
1.803969999999999914e+02
1.823160000000000025e+02
1.839590000000000032e+02
1.846169999999999902e+02
1.848870000000000005e+02
1.860320000000000107e+02
1.862839999999999918e+02
1.830049999999999955e+02
1.834000000000000057e+02
1.869089999999999918e+02
1.829689999999999941e+02
1.820550000000000068e+02
1.797350000000000136e+02
1.801330000000000098e+02
1.826819999999999879e+02
1.828309999999999889e+02
1.842379999999999995e+02
1.831970000000000027e+02
1.853350000000000080e+02
1.850529999999999973e+02
1.813470000000000084e+02
1.831750000000000114e+02
1.832359999999999900e+02
1.833470000000000084e+02
1.804070000000000107e+02
1.776260000000000048e+02
1.770869999999999891e+02
1.792570000000000050e+02
1.843720000000000141e+02
1.829859999999999900e+02
1.829399999999999977e+02
1.801349999999999909e+02
1.801579999999999870e+02
1.807369999999999948e+02
1.831210000000000093e+02
1.830380000000000109e+02
1.819840000000000089e+02
1.820889999999999986e+02
1.884650000000000034e+02
1.872520000000000095e+02
1.923859999999999957e+02
1.901680000000000064e+02
1.908060000000000116e+02
1.861699999999999875e+02
1.849749999999999943e+02
1.844139999999999873e+02
1.854970000000000141e+02
1.823079999999999927e+02
1.832560000000000002e+02
1.777920000000000016e+02
1.781519999999999868e+02
1.779130000000000109e+02
1.761850000000000023e+02
1.741440000000000055e+02
1.737210000000000036e+02
1.728449999999999989e+02
1.786529999999999916e+02
1.745960000000000036e+02
1.746349999999999909e+02
1.766550000000000011e+02
1.841419999999999959e+02
1.832760000000000105e+02
1.836769999999999925e+02
1.809339999999999975e+02
1.810629999999999882e+02
1.765120000000000005e+02
1.739499999999999886e+02
1.739219999999999970e+02
1.695560000000000116e+02
1.704039999999999964e+02
1.732040000000000077e+02
1.701459999999999866e+02
1.722160000000000082e+02
1.761370000000000005e+02
1.762969999999999970e+02
1.747849999999999966e+02
1.754720000000000084e+02
1.794099999999999966e+02
1.779579999999999984e+02
1.766049999999999898e+02
1.777649999999999864e+02
1.810089999999999861e+02
1.797750000000000057e+02
1.799670000000000130e+02
1.799350000000000023e+02
1.764569999999999936e+02
1.785670000000000073e+02
1.778669999999999902e+02
1.788720000000000141e+02
1.774830000000000041e+02
1.754679999999999893e+02
1.756750000000000114e+02
1.738280000000000030e+02
1.751220000000000141e+02
1.763460000000000036e+02
1.774919999999999902e+02
1.796260000000000048e+02
1.834070000000000107e+02
1.825769999999999982e+02
1.831059999999999945e+02
1.870759999999999934e+02
1.850889999999999986e+02
1.857599999999999909e+02
1.856759999999999877e+02
1.856200000000000045e+02
1.849689999999999941e+02
1.845029999999999859e+02
1.826620000000000061e+02
1.802760000000000105e+02
1.841320000000000050e+02
1.840980000000000132e+02
1.831200000000000045e+02
1.834070000000000107e+02
1.806229999999999905e+02
1.799809999999999945e+02
1.830000000000000000e+02
1.827059999999999889e+02
1.828669999999999902e+02
1.859000000000000057e+02
1.804230000000000018e+02
1.788029999999999973e+02
1.839910000000000139e+02
1.836100000000000136e+02
1.821610000000000014e+02
1.784110000000000014e+02
1.793100000000000023e+02
1.777119999999999891e+02
1.767930000000000064e+02
1.772529999999999859e+02
1.788789999999999907e+02
1.793979999999999961e+02
1.758540000000000134e+02
1.760660000000000025e+02
1.784319999999999879e+02
1.784379999999999882e+02
1.803230000000000075e+02
1.753710000000000093e+02
1.734879999999999995e+02
1.751260000000000048e+02
1.779490000000000123e+02
1.779879999999999995e+02
1.777609999999999957e+02
1.792030000000000030e+02
1.758909999999999911e+02
1.779490000000000123e+02
1.779199999999999875e+02
1.799099999999999966e+02
1.803760000000000048e+02
1.803559999999999945e+02
1.789739999999999895e+02
1.806510000000000105e+02
1.792949999999999875e+02
1.805670000000000073e+02
1.794209999999999923e+02
1.784790000000000134e+02
1.784439999999999884e+02
1.801560000000000059e+02
1.806380000000000052e+02
1.815020000000000095e+02
1.791699999999999875e+02
1.812090000000000032e+02
1.800060000000000002e+02
1.809710000000000036e+02
1.801200000000000045e+02
1.801430000000000007e+02
1.784290000000000020e+02
1.762700000000000102e+02
1.772570000000000050e+02
1.800629999999999882e+02
1.811920000000000073e+02
1.780639999999999930e+02
1.767839999999999918e+02
1.781990000000000123e+02
1.743149999999999977e+02
1.667170000000000130e+02
1.664950000000000045e+02
1.660380000000000109e+02
1.660289999999999964e+02
1.641200000000000045e+02
1.637880000000000109e+02
1.659250000000000114e+02
1.657810000000000059e+02
1.662500000000000000e+02
1.646579999999999870e+02
1.650610000000000070e+02
1.662510000000000048e+02
1.663880000000000052e+02
1.642090000000000032e+02
1.638329999999999984e+02
1.662580000000000098e+02
1.652470000000000141e+02
1.698280000000000030e+02
1.671229999999999905e+02
1.692100000000000080e+02
1.695080000000000098e+02
1.741210000000000093e+02
1.776069999999999993e+02
1.728820000000000050e+02
1.717290000000000134e+02
1.723369999999999891e+02
1.716779999999999973e+02
1.697659999999999911e+02
1.678410000000000082e+02
1.728100000000000023e+02
1.788259999999999934e+02
1.785889999999999986e+02
1.766680000000000064e+02
1.766390000000000100e+02
1.775020000000000095e+02
1.786949999999999932e+02
1.782319999999999993e+02
1.792460000000000093e+02
1.792160000000000082e+02
1.803979999999999961e+02
1.804490000000000123e+02
1.780769999999999982e+02
1.795010000000000048e+02
1.823540000000000134e+02
1.834530000000000030e+02
1.838520000000000039e+02
1.848739999999999952e+02
1.835790000000000077e+02
1.794939999999999998e+02
1.792280000000000086e+02
1.801759999999999877e+02
1.828770000000000095e+02
1.826680000000000064e+02
1.847690000000000055e+02
1.840939999999999941e+02
1.838480000000000132e+02
1.815500000000000114e+02
1.827319999999999993e+02
1.819850000000000136e+02
1.806659999999999968e+02
1.824230000000000018e+02
1.826709999999999923e+02
1.813810000000000002e+02
1.800660000000000025e+02
1.809879999999999995e+02
1.784300000000000068e+02
1.742400000000000091e+02
1.731570000000000107e+02
1.714759999999999991e+02
1.726370000000000005e+02
1.739420000000000073e+02
1.723669999999999902e+02
1.714710000000000036e+02
1.723480000000000132e+02
1.766870000000000118e+02
1.772150000000000034e+02
1.766220000000000141e+02
1.767170000000000130e+02
1.761829999999999927e+02
1.747230000000000132e+02
1.719749999999999943e+02
1.676589999999999918e+02
1.644300000000000068e+02
1.634290000000000020e+02
1.644610000000000127e+02
1.644430000000000121e+02
1.632059999999999889e+02
1.656800000000000068e+02
1.645900000000000034e+02
1.667810000000000059e+02
1.655699999999999932e+02
1.654929999999999950e+02
1.643230000000000075e+02
1.679720000000000084e+02
1.685000000000000000e+02
1.639569999999999936e+02
1.656090000000000089e+02
1.683309999999999889e+02
1.670900000000000034e+02
1.652009999999999934e+02
1.626639999999999873e+02
1.617489999999999952e+02
1.615469999999999970e+02
1.642669999999999959e+02
1.632059999999999889e+02
1.651419999999999959e+02
1.666719999999999970e+02
1.659660000000000082e+02
1.667129999999999939e+02
1.648369999999999891e+02
1.648319999999999936e+02
1.654569999999999936e+02
1.668100000000000023e+02
1.711250000000000000e+02
1.702179999999999893e+02
1.711129999999999995e+02
1.725229999999999961e+02
1.730130000000000052e+02
1.743269999999999982e+02
1.691949999999999932e+02
1.680579999999999927e+02
1.686879999999999882e+02
1.665720000000000027e+02
1.673170000000000073e+02
1.672700000000000102e+02
1.639799999999999898e+02
1.629060000000000059e+02
1.652520000000000095e+02
1.671920000000000073e+02
1.698750000000000000e+02
1.683559999999999945e+02
1.722909999999999968e+02
1.705190000000000055e+02
1.698679999999999950e+02
1.696529999999999916e+02
1.705509999999999877e+02
1.670840000000000032e+02
1.670430000000000064e+02
1.693909999999999911e+02
1.680610000000000070e+02
1.670200000000000102e+02
1.662549999999999955e+02
1.658110000000000070e+02
1.691839999999999975e+02
1.672009999999999934e+02
1.656349999999999909e+02
1.665939999999999941e+02
1.673180000000000121e+02
1.667179999999999893e+02
1.691380000000000052e+02
1.704790000000000134e+02
1.713940000000000055e+02
1.708530000000000086e+02
1.725939999999999941e+02
1.736959999999999980e+02
1.744370000000000118e+02
1.747789999999999964e+02
1.742959999999999923e+02
1.769960000000000093e+02
1.784360000000000070e+02
1.777290000000000134e+02
1.783969999999999914e+02
1.813060000000000116e+02
1.847589999999999861e+02
1.909499999999999886e+02
1.898220000000000027e+02
1.925670000000000073e+02
1.931670000000000016e+02
2.017400000000000091e+02
1.987100000000000080e+02
2.004929999999999950e+02
1.995190000000000055e+02
2.007239999999999895e+02
2.004339999999999975e+02
2.004149999999999920e+02
1.930929999999999893e+02
1.921829999999999927e+02
1.901409999999999911e+02
1.859480000000000075e+02
1.871939999999999884e+02
1.851310000000000002e+02
1.825490000000000066e+02
1.815689999999999884e+02
1.828429999999999893e+02
1.801850000000000023e+02
1.815720000000000027e+02
1.832359999999999900e+02
1.811620000000000061e+02
1.824139999999999873e+02
1.787669999999999959e+02
1.752470000000000141e+02
1.751690000000000111e+02
1.780939999999999941e+02
1.810389999999999873e+02
1.854579999999999984e+02
1.871100000000000136e+02
1.886740000000000066e+02
1.943180000000000121e+02
1.923609999999999900e+02
1.927359999999999900e+02
1.942909999999999968e+02
1.916009999999999991e+02
1.911790000000000020e+02
1.900949999999999989e+02
1.880169999999999959e+02
1.842489999999999952e+02
1.822750000000000057e+02
1.839470000000000027e+02
1.855960000000000036e+02
1.845289999999999964e+02
1.889050000000000011e+02
1.851920000000000073e+02
1.821719999999999970e+02
1.857050000000000125e+02
1.870680000000000121e+02
1.870999999999999943e+02
1.882899999999999920e+02
1.917899999999999920e+02
1.870200000000000102e+02
1.852249999999999943e+02
1.894180000000000064e+02
1.899689999999999941e+02
1.922959999999999923e+02
1.890920000000000130e+02
1.893899999999999864e+02
1.907940000000000111e+02
1.933839999999999861e+02
1.913609999999999900e+02
1.911610000000000014e+02
1.922470000000000141e+02
1.931570000000000107e+02
1.970780000000000030e+02
1.961399999999999864e+02
1.951589999999999918e+02
1.931970000000000027e+02
1.941730000000000018e+02
1.945699999999999932e+02
1.953040000000000020e+02
1.961630000000000109e+02
1.997460000000000093e+02
1.991380000000000052e+02
2.004730000000000132e+02
2.037549999999999955e+02
2.061659999999999968e+02
2.061870000000000118e+02
2.021730000000000018e+02
2.026500000000000057e+02
2.049350000000000023e+02
2.014559999999999889e+02
1.996179999999999950e+02
2.034079999999999870e+02
2.036910000000000025e+02
2.087709999999999866e+02
2.070509999999999877e+02
2.047079999999999984e+02
2.076210000000000093e+02
2.090699999999999932e+02
2.098319999999999936e+02
2.089029999999999916e+02
2.101320000000000050e+02
2.107940000000000111e+02
2.114579999999999984e+02
2.107889999999999873e+02
2.089979999999999905e+02
2.077789999999999964e+02
2.054339999999999975e+02
2.066109999999999900e+02
2.034710000000000036e+02
2.050070000000000050e+02
2.059439999999999884e+02
2.057220000000000084e+02
2.075579999999999927e+02
2.075540000000000020e+02
2.031490000000000009e+02
2.040879999999999939e+02
2.058129999999999882e+02
2.054819999999999993e+02
2.057410000000000139e+02
2.051959999999999980e+02
2.091390000000000100e+02
2.114439999999999884e+02
2.122019999999999982e+02
2.139799999999999898e+02
2.137359999999999900e+02
2.139180000000000064e+02
2.159079999999999870e+02
2.156129999999999995e+02
2.148849999999999909e+02
2.148269999999999982e+02
2.135509999999999877e+02
2.170840000000000032e+02
2.160130000000000052e+02
2.160180000000000007e+02
2.114509999999999934e+02
2.109190000000000111e+02
2.072139999999999986e+02
2.065730000000000075e+02
2.055370000000000061e+02
2.108460000000000036e+02
2.073590000000000089e+02
2.097390000000000043e+02
2.058919999999999959e+02
2.025970000000000084e+02
1.982170000000000130e+02
2.016579999999999870e+02
2.041759999999999877e+02
2.046970000000000027e+02
2.021210000000000093e+02
2.012520000000000095e+02
2.025980000000000132e+02
2.031210000000000093e+02
2.075250000000000057e+02
2.049569999999999936e+02
2.028240000000000123e+02
2.034970000000000141e+02
2.043489999999999895e+02
2.026440000000000055e+02
2.040670000000000073e+02
2.036589999999999918e+02
2.086129999999999995e+02
2.085550000000000068e+02
2.098540000000000134e+02
2.085399999999999920e+02
2.071500000000000057e+02
2.037359999999999900e+02
2.056639999999999873e+02
2.050420000000000016e+02
2.024070000000000107e+02
2.049199999999999875e+02
2.037199999999999989e+02
2.021610000000000014e+02
2.009610000000000127e+02
2.009480000000000075e+02
2.031069999999999993e+02
2.064439999999999884e+02
2.087529999999999859e+02
2.100730000000000075e+02
2.092450000000000045e+02
2.111479999999999961e+02
2.129099999999999966e+02
2.140289999999999964e+02
2.153319999999999936e+02
2.168849999999999909e+02
2.189019999999999868e+02
2.161150000000000091e+02
2.167100000000000080e+02
2.140960000000000036e+02
2.150579999999999927e+02
2.153909999999999911e+02
2.125120000000000005e+02
2.153979999999999961e+02
2.132980000000000018e+02
2.135430000000000064e+02
2.090469999999999970e+02
2.097849999999999966e+02
2.110430000000000064e+02
2.113540000000000134e+02
2.068460000000000036e+02
2.077069999999999936e+02
2.067889999999999873e+02
2.071980000000000075e+02
2.099749999999999943e+02
2.125529999999999973e+02
2.150049999999999955e+02
2.179339999999999975e+02
2.188830000000000098e+02
2.188839999999999861e+02
2.249559999999999889e+02
2.250569999999999879e+02
2.255099999999999909e+02
2.258110000000000070e+02
2.296169999999999902e+02
2.336910000000000025e+02
2.298899999999999864e+02
2.265159999999999911e+02
2.255999999999999943e+02
2.232990000000000066e+02
2.288060000000000116e+02
2.301999999999999886e+02
2.289209999999999923e+02
2.275430000000000064e+02
2.263050000000000068e+02
2.240000000000000000e+02
2.258079999999999927e+02
2.278959999999999866e+02
2.316229999999999905e+02
2.317290000000000134e+02
2.331939999999999884e+02
2.324370000000000118e+02
2.321129999999999995e+02
2.329790000000000134e+02
2.325389999999999873e+02
2.342800000000000011e+02
2.296320000000000050e+02
2.334250000000000114e+02
2.339900000000000091e+02
2.324039999999999964e+02
2.298079999999999927e+02
2.292510000000000048e+02
2.263930000000000007e+02
2.290010000000000048e+02
2.317870000000000061e+02
2.310219999999999914e+02
2.236879999999999882e+02
2.236630000000000109e+02
2.250949999999999989e+02
2.225289999999999964e+02
2.219480000000000075e+02
2.228710000000000093e+02
2.240809999999999889e+02
2.191539999999999964e+02
2.180099999999999909e+02
2.133950000000000102e+02
2.139050000000000011e+02
2.177489999999999952e+02
2.155360000000000014e+02
2.152880000000000109e+02
2.176670000000000016e+02
2.190060000000000002e+02
2.199650000000000034e+02
2.201469999999999914e+02
2.203180000000000121e+02
2.196490000000000009e+02
2.193290000000000077e+02
2.203640000000000043e+02
2.240749999999999886e+02
2.260039999999999907e+02
2.277139999999999986e+02
2.281649999999999920e+02
2.277889999999999873e+02
2.299519999999999982e+02
2.298509999999999991e+02
2.298770000000000095e+02
2.358360000000000127e+02
2.328650000000000091e+02
2.343750000000000000e+02
2.305850000000000080e+02
2.304060000000000059e+02
2.314399999999999977e+02
2.307769999999999868e+02
2.342829999999999870e+02
2.343259999999999934e+02
2.336999999999999886e+02
2.352460000000000093e+02
2.366570000000000107e+02
2.365149999999999864e+02
2.339900000000000091e+02
2.362129999999999939e+02
2.346759999999999877e+02
2.364070000000000107e+02
2.343779999999999859e+02
2.354650000000000034e+02
2.357769999999999868e+02
2.364749999999999943e+02
2.336519999999999868e+02
2.363859999999999957e+02
2.347050000000000125e+02
2.389339999999999975e+02
2.379670000000000130e+02
2.401829999999999927e+02
2.418609999999999900e+02
2.456119999999999948e+02
2.457259999999999991e+02
2.477659999999999911e+02
2.445769999999999982e+02
2.443940000000000055e+02
2.421339999999999861e+02
2.412419999999999902e+02
2.434610000000000127e+02
2.425229999999999961e+02
2.389269999999999925e+02
2.407489999999999952e+02
2.378629999999999995e+02
2.384919999999999902e+02
2.405279999999999916e+02
2.414070000000000107e+02
2.428540000000000134e+02
2.417479999999999905e+02
2.383609999999999900e+02
2.355970000000000084e+02
2.349470000000000027e+02
2.317829999999999870e+02
2.326009999999999991e+02
2.324130000000000109e+02
2.325269999999999868e+02
2.348859999999999957e+02
2.333660000000000139e+02
2.370029999999999859e+02
2.347479999999999905e+02
2.357520000000000095e+02
2.351850000000000023e+02
2.337379999999999995e+02
2.283120000000000118e+02
2.270149999999999864e+02
2.263120000000000118e+02
2.289159999999999968e+02
2.293499999999999943e+02
2.306179999999999950e+02
2.323859999999999957e+02
2.292740000000000009e+02
2.275329999999999870e+02
2.275699999999999932e+02
2.270920000000000130e+02
2.294960000000000093e+02
2.277690000000000055e+02
2.284300000000000068e+02
2.250869999999999891e+02
2.248410000000000082e+02
2.262359999999999900e+02
2.280240000000000009e+02
2.280399999999999920e+02
2.286630000000000109e+02
2.318530000000000086e+02
2.306030000000000086e+02
2.288830000000000098e+02
2.282899999999999920e+02
2.248940000000000055e+02
2.263050000000000068e+02
2.267930000000000064e+02
2.289780000000000086e+02
2.286179999999999950e+02
2.298770000000000095e+02
2.312779999999999916e+02
2.313489999999999895e+02
2.311289999999999907e+02
2.251930000000000121e+02
2.254509999999999934e+02
2.228799999999999955e+02
2.259710000000000036e+02
2.245860000000000127e+02
2.232230000000000132e+02
2.218830000000000098e+02
2.181519999999999868e+02
2.152009999999999934e+02
2.120320000000000107e+02
2.096790000000000020e+02
2.114730000000000132e+02
2.126759999999999877e+02
2.084439999999999884e+02
2.089499999999999886e+02
2.053520000000000039e+02
2.075490000000000066e+02
2.056990000000000123e+02
2.036690000000000111e+02
2.024530000000000030e+02
1.993839999999999861e+02
2.029050000000000011e+02
2.048420000000000130e+02
2.059170000000000016e+02
2.043880000000000052e+02
2.027880000000000109e+02
1.996359999999999957e+02
1.993969999999999914e+02
2.006119999999999948e+02
2.010240000000000009e+02
2.014029999999999916e+02
2.008619999999999948e+02
2.046500000000000057e+02
2.046210000000000093e+02
1.998720000000000141e+02
2.009509999999999934e+02
1.987239999999999895e+02
1.980300000000000011e+02
1.991310000000000002e+02
2.001680000000000064e+02
2.002740000000000009e+02
2.052419999999999902e+02
2.066409999999999911e+02
2.067690000000000055e+02
2.049039999999999964e+02
2.080639999999999930e+02
2.094190000000000111e+02
2.160159999999999911e+02
2.141359999999999957e+02
2.139199999999999875e+02
2.173199999999999932e+02
2.133170000000000073e+02
2.126529999999999916e+02
2.139370000000000118e+02
2.186779999999999973e+02
2.176430000000000007e+02
2.173609999999999900e+02
2.192839999999999918e+02
2.217719999999999914e+02
2.242580000000000098e+02
2.204989999999999952e+02
2.184850000000000136e+02
2.191359999999999957e+02
2.218919999999999959e+02
2.210420000000000016e+02
2.185949999999999989e+02
2.174670000000000130e+02
2.185689999999999884e+02
2.144730000000000132e+02
2.148410000000000082e+02
2.114960000000000093e+02
2.130279999999999916e+02
2.127810000000000059e+02
2.103660000000000139e+02
2.103209999999999980e+02
2.079950000000000045e+02
2.069759999999999991e+02
2.020889999999999986e+02
2.006630000000000109e+02
2.002100000000000080e+02
2.007640000000000100e+02
2.026670000000000016e+02
2.029070000000000107e+02
2.077709999999999866e+02
2.078220000000000027e+02
2.097920000000000016e+02
2.086699999999999875e+02
2.093990000000000009e+02
2.101440000000000055e+02
2.148969999999999914e+02
2.106680000000000064e+02
2.102740000000000009e+02
2.079420000000000073e+02
2.093770000000000095e+02
2.062880000000000109e+02
2.031510000000000105e+02
2.007549999999999955e+02
1.990149999999999864e+02
2.023979999999999961e+02
2.023839999999999861e+02
2.021879999999999882e+02
2.056839999999999975e+02
2.057340000000000089e+02
2.082669999999999959e+02
2.080519999999999925e+02
2.102709999999999866e+02
2.100749999999999886e+02
2.086690000000000111e+02
2.106949999999999932e+02
2.106200000000000045e+02
2.087880000000000109e+02
2.064159999999999968e+02
2.057620000000000005e+02
2.039720000000000084e+02
2.049679999999999893e+02
2.057709999999999866e+02
2.045680000000000121e+02
2.084370000000000118e+02
2.071150000000000091e+02
2.084269999999999925e+02
2.065769999999999982e+02
2.036100000000000136e+02
2.007589999999999861e+02
2.008290000000000077e+02
1.983259999999999934e+02
1.960540000000000020e+02
1.984989999999999952e+02
1.976200000000000045e+02
1.974650000000000034e+02
1.971310000000000002e+02
1.964770000000000039e+02
1.961049999999999898e+02
1.965740000000000123e+02
1.959130000000000109e+02
1.997800000000000011e+02
2.025459999999999923e+02
2.012560000000000002e+02
1.991829999999999927e+02
1.971759999999999877e+02
1.990879999999999939e+02
1.973180000000000121e+02
1.986999999999999886e+02
1.981119999999999948e+02
1.973269999999999982e+02
1.933329999999999984e+02
1.947030000000000030e+02
1.921229999999999905e+02
1.891339999999999861e+02
1.906109999999999900e+02
1.911570000000000107e+02
1.881999999999999886e+02
1.906459999999999866e+02
1.902589999999999861e+02
1.902500000000000000e+02
1.894819999999999993e+02
1.884120000000000061e+02
1.885430000000000064e+02
1.844819999999999993e+02
1.841670000000000016e+02
1.829739999999999895e+02
1.864110000000000014e+02
1.838919999999999959e+02
1.853170000000000073e+02
1.845980000000000132e+02
1.842379999999999995e+02
1.870060000000000002e+02
1.891870000000000118e+02
1.944530000000000030e+02
1.988480000000000132e+02
1.999180000000000064e+02
1.995860000000000127e+02
2.022330000000000041e+02
1.996829999999999927e+02
2.011910000000000025e+02
1.980490000000000066e+02
1.973449999999999989e+02
1.987760000000000105e+02
2.022400000000000091e+02
2.029240000000000066e+02
2.063230000000000075e+02
2.071359999999999957e+02
2.026320000000000050e+02
2.042479999999999905e+02
2.033689999999999998e+02
2.009859999999999900e+02
2.021339999999999861e+02
2.020709999999999980e+02
2.000159999999999911e+02
2.001330000000000098e+02
1.990970000000000084e+02
1.968990000000000009e+02
1.980720000000000027e+02
1.968640000000000043e+02
1.977199999999999989e+02
2.005269999999999868e+02
1.984929999999999950e+02
2.005409999999999968e+02
2.064780000000000086e+02
2.076790000000000020e+02
2.097659999999999911e+02
2.097179999999999893e+02
2.049790000000000134e+02
1.994970000000000141e+02
1.996100000000000136e+02
2.013180000000000121e+02
2.019410000000000025e+02
1.990529999999999973e+02
1.977849999999999966e+02
1.998950000000000102e+02
1.996490000000000009e+02
1.983789999999999907e+02
2.032549999999999955e+02
2.006140000000000043e+02
2.032179999999999893e+02
2.005569999999999879e+02
2.012429999999999950e+02
2.037620000000000005e+02
2.010900000000000034e+02
1.978640000000000043e+02
1.990790000000000077e+02
1.991020000000000039e+02
2.037210000000000036e+02
2.021260000000000048e+02
2.024660000000000082e+02
2.060620000000000118e+02
2.089950000000000045e+02
2.087199999999999989e+02
2.065430000000000064e+02
2.093619999999999948e+02
2.082930000000000064e+02
2.087990000000000066e+02
2.102239999999999895e+02
2.095490000000000066e+02
2.112949999999999875e+02
2.113329999999999984e+02
2.094300000000000068e+02
2.096270000000000095e+02
2.115629999999999882e+02
2.118499999999999943e+02
2.134329999999999927e+02
2.134650000000000034e+02
2.123660000000000139e+02
2.140039999999999907e+02
2.127649999999999864e+02
2.114019999999999868e+02
2.133230000000000075e+02
2.149399999999999977e+02
2.163540000000000134e+02
2.145660000000000025e+02
2.120939999999999941e+02
2.156250000000000000e+02
2.172479999999999905e+02
2.181860000000000070e+02
2.178280000000000030e+02
2.191430000000000007e+02
2.209720000000000084e+02
2.234790000000000134e+02
2.251500000000000057e+02
2.238990000000000009e+02
2.207969999999999970e+02
2.201469999999999914e+02
2.167119999999999891e+02
2.169300000000000068e+02
2.144619999999999891e+02
2.147990000000000066e+02
2.159749999999999943e+02
2.173830000000000098e+02
2.186519999999999868e+02
2.168290000000000077e+02
2.165289999999999964e+02
2.194739999999999895e+02
2.196740000000000066e+02
2.212580000000000098e+02
2.231819999999999879e+02
2.253439999999999941e+02
2.222909999999999968e+02
2.239199999999999875e+02
2.207129999999999939e+02
2.188990000000000009e+02
2.190869999999999891e+02
2.243309999999999889e+02
2.251370000000000005e+02
2.277510000000000048e+02
2.247620000000000005e+02
2.214960000000000093e+02
2.203959999999999866e+02
2.185840000000000032e+02
2.193919999999999959e+02
2.179099999999999966e+02
2.175190000000000055e+02
2.184410000000000025e+02
2.205769999999999982e+02
2.192570000000000050e+02
2.211620000000000061e+02
2.208389999999999986e+02
2.198969999999999914e+02
2.175949999999999989e+02
2.182769999999999868e+02
2.183120000000000118e+02
2.185449999999999875e+02
2.205260000000000105e+02
2.193189999999999884e+02
2.157700000000000102e+02
2.181250000000000000e+02
2.216339999999999861e+02
2.193139999999999930e+02
2.183799999999999955e+02
2.180360000000000014e+02
2.166179999999999950e+02
2.180620000000000118e+02
2.204240000000000066e+02
2.189430000000000121e+02
2.198509999999999991e+02
2.204279999999999973e+02
2.206579999999999870e+02
2.206129999999999995e+02
2.202829999999999870e+02
2.244339999999999975e+02
2.269809999999999945e+02
2.246210000000000093e+02
2.218280000000000030e+02
2.246579999999999870e+02
2.212680000000000007e+02
2.213379999999999939e+02
2.199629999999999939e+02
2.197750000000000057e+02
2.173160000000000025e+02
2.150020000000000095e+02
2.106140000000000043e+02
2.115219999999999914e+02
2.052920000000000016e+02
2.037500000000000000e+02
2.054950000000000045e+02
2.036030000000000086e+02
2.059329999999999927e+02
2.048600000000000136e+02
2.035989999999999895e+02
2.039219999999999970e+02
2.068650000000000091e+02
2.085209999999999866e+02
2.099879999999999995e+02
2.097079999999999984e+02
2.094079999999999870e+02
2.076519999999999868e+02
2.095939999999999941e+02
2.134919999999999902e+02
2.122199999999999989e+02
2.146959999999999980e+02
2.120250000000000057e+02
2.126500000000000057e+02
2.165639999999999930e+02
2.209689999999999941e+02
2.175029999999999859e+02
2.175809999999999889e+02
2.137210000000000036e+02
2.139399999999999977e+02
2.089139999999999873e+02
2.082249999999999943e+02
2.051069999999999993e+02
2.015399999999999920e+02
2.029879999999999995e+02
2.082589999999999861e+02
2.109679999999999893e+02
2.089120000000000061e+02
2.079209999999999923e+02
2.045649999999999977e+02
2.053890000000000100e+02
2.052609999999999957e+02
2.052239999999999895e+02
2.048729999999999905e+02
2.043369999999999891e+02
2.049070000000000107e+02
2.026959999999999980e+02
2.035809999999999889e+02
2.029689999999999941e+02
2.003720000000000141e+02
2.012719999999999914e+02
1.993729999999999905e+02
2.009809999999999945e+02
2.018149999999999977e+02
2.039269999999999925e+02
1.994830000000000041e+02
2.023160000000000025e+02
2.025519999999999925e+02
1.991419999999999959e+02
2.020010000000000048e+02
2.033160000000000025e+02
2.011759999999999877e+02
2.009879999999999995e+02
2.047350000000000136e+02
2.075200000000000102e+02
2.061639999999999873e+02
2.063040000000000020e+02
2.050879999999999939e+02
2.086100000000000136e+02
2.070639999999999930e+02
2.072860000000000014e+02
2.078650000000000091e+02
2.028880000000000052e+02
1.988199999999999932e+02
1.979050000000000011e+02
1.945939999999999941e+02
1.911730000000000018e+02
1.917690000000000055e+02
1.917690000000000055e+02
1.915540000000000020e+02
1.881009999999999991e+02
1.851879999999999882e+02
1.880080000000000098e+02
1.858139999999999930e+02
1.830469999999999970e+02
1.816390000000000100e+02
1.803369999999999891e+02
1.824029999999999916e+02
1.776310000000000002e+02
1.754250000000000114e+02
1.745140000000000100e+02
1.745939999999999941e+02
1.771620000000000061e+02
1.771260000000000048e+02
1.761059999999999945e+02
1.771560000000000059e+02
1.772450000000000045e+02
1.772810000000000059e+02
1.757350000000000136e+02
1.724540000000000077e+02
1.692700000000000102e+02
1.704720000000000084e+02
1.701390000000000100e+02
1.715430000000000064e+02
1.704209999999999923e+02
1.730629999999999882e+02
1.705349999999999966e+02
1.720610000000000070e+02
1.712160000000000082e+02
1.722980000000000018e+02
1.720099999999999909e+02
1.737220000000000084e+02
1.734300000000000068e+02
1.689459999999999980e+02
1.712860000000000014e+02
1.689540000000000077e+02
1.711670000000000016e+02
1.727860000000000014e+02
1.726769999999999925e+02
1.707570000000000050e+02
1.719240000000000066e+02
1.753499999999999943e+02
1.763600000000000136e+02
1.794319999999999879e+02
1.779029999999999916e+02
1.735920000000000130e+02
1.734650000000000034e+02
1.692899999999999920e+02
1.673700000000000045e+02
1.723770000000000095e+02
1.687189999999999941e+02
1.698619999999999948e+02
1.737220000000000084e+02
1.751850000000000023e+02
1.743710000000000093e+02
1.754240000000000066e+02
1.737829999999999870e+02
1.725169999999999959e+02
1.739650000000000034e+02
1.780749999999999886e+02
1.806160000000000139e+02
1.752009999999999934e+02
1.771810000000000116e+02
1.739689999999999941e+02
1.731220000000000141e+02
1.750720000000000027e+02
1.770289999999999964e+02
1.730649999999999977e+02
1.717930000000000064e+02
1.737889999999999873e+02
1.724149999999999920e+02
1.727820000000000107e+02
1.699780000000000086e+02
1.692820000000000107e+02
1.715420000000000016e+02
1.714319999999999879e+02
1.707119999999999891e+02
1.709269999999999925e+02
1.731790000000000020e+02
1.755060000000000002e+02
1.761229999999999905e+02
1.789000000000000057e+02
1.833729999999999905e+02
1.834869999999999948e+02
1.877669999999999959e+02
1.894300000000000068e+02
1.878760000000000048e+02
1.939629999999999939e+02
1.956800000000000068e+02
1.970190000000000055e+02
1.987390000000000043e+02
1.972400000000000091e+02
1.946719999999999970e+02
1.970010000000000048e+02
1.980740000000000123e+02
1.961320000000000050e+02
1.978919999999999959e+02
1.976440000000000055e+02
2.021310000000000002e+02
2.021020000000000039e+02
2.034319999999999879e+02
2.048189999999999884e+02
2.084000000000000057e+02
2.068990000000000009e+02
2.042059999999999889e+02
2.024350000000000023e+02
2.004180000000000064e+02
1.962489999999999952e+02
1.981359999999999957e+02
1.992539999999999907e+02
2.007949999999999875e+02
2.013489999999999895e+02
2.009290000000000020e+02
2.015670000000000073e+02
1.991289999999999907e+02
1.958269999999999982e+02
1.923199999999999932e+02
1.920550000000000068e+02
1.918729999999999905e+02
1.894010000000000105e+02
1.909199999999999875e+02
1.916469999999999914e+02
1.916239999999999952e+02
1.909939999999999998e+02
1.924519999999999982e+02
1.914629999999999939e+02
1.904250000000000114e+02
1.918389999999999986e+02
1.938160000000000025e+02
1.949300000000000068e+02
1.959039999999999964e+02
1.971399999999999864e+02
1.944180000000000064e+02
1.944699999999999989e+02
1.932539999999999907e+02
1.956080000000000041e+02
1.957740000000000009e+02
1.950269999999999868e+02
1.967009999999999934e+02
1.940430000000000064e+02
1.945060000000000002e+02
1.982160000000000082e+02
1.995680000000000121e+02
1.982470000000000141e+02
1.955569999999999879e+02
1.993789999999999907e+02
2.020920000000000130e+02
2.018189999999999884e+02
2.040120000000000005e+02
2.042959999999999923e+02
2.044759999999999991e+02
2.097719999999999914e+02
2.095949999999999989e+02
2.137179999999999893e+02
2.129979999999999905e+02
2.069650000000000034e+02
2.067719999999999914e+02
2.061349999999999909e+02
2.094139999999999873e+02
2.060660000000000025e+02
2.045029999999999859e+02
2.048170000000000073e+02
2.069039999999999964e+02
2.063499999999999943e+02
2.061409999999999911e+02
2.031539999999999964e+02
2.039610000000000127e+02
2.040080000000000098e+02
2.061740000000000066e+02
2.061469999999999914e+02
2.059010000000000105e+02
2.042150000000000034e+02
2.011970000000000027e+02
2.027230000000000132e+02
2.062400000000000091e+02
2.062849999999999966e+02
2.048530000000000086e+02
2.073990000000000009e+02
2.064619999999999891e+02
2.080889999999999986e+02
2.099029999999999916e+02
2.062969999999999970e+02
2.057620000000000005e+02
2.067529999999999859e+02
2.059720000000000084e+02
2.080740000000000123e+02
2.090029999999999859e+02
2.082410000000000139e+02
2.082709999999999866e+02
2.068309999999999889e+02
2.049629999999999939e+02
2.049809999999999945e+02
2.042500000000000000e+02
2.081870000000000118e+02
2.087170000000000130e+02
2.097709999999999866e+02
2.108859999999999957e+02
2.093069999999999879e+02
2.112069999999999936e+02
2.117549999999999955e+02
2.137009999999999934e+02
2.163300000000000125e+02
2.173220000000000027e+02
2.176930000000000121e+02
2.203170000000000073e+02
2.241169999999999902e+02
2.205620000000000118e+02
2.218230000000000075e+02
2.186620000000000061e+02
2.193859999999999957e+02
2.230169999999999959e+02
2.252580000000000098e+02
2.215670000000000073e+02
2.208180000000000121e+02
2.208530000000000086e+02
2.194809999999999945e+02
2.213300000000000125e+02
2.212620000000000005e+02
2.226579999999999870e+02
2.227450000000000045e+02
2.180260000000000105e+02
2.221740000000000066e+02
2.249720000000000084e+02
2.279079999999999870e+02
2.281529999999999916e+02
2.270459999999999923e+02
2.216469999999999914e+02
2.228590000000000089e+02
2.234590000000000032e+02
2.246250000000000000e+02
2.254089999999999918e+02
2.294720000000000084e+02
2.320569999999999879e+02
2.361970000000000027e+02
2.323830000000000098e+02
2.311769999999999925e+02
2.344689999999999941e+02
2.364480000000000075e+02
2.364209999999999923e+02
2.329629999999999939e+02
2.312920000000000016e+02
2.312760000000000105e+02
2.291129999999999995e+02
2.278420000000000130e+02
2.254600000000000080e+02
2.213489999999999895e+02
2.260320000000000107e+02
2.247019999999999982e+02
2.231119999999999948e+02
2.228259999999999934e+02
2.204039999999999964e+02
2.185049999999999955e+02
2.209830000000000041e+02
2.180469999999999970e+02
2.185970000000000084e+02
2.183959999999999866e+02
2.204339999999999975e+02
2.203880000000000052e+02
2.191639999999999873e+02
2.206759999999999877e+02
2.183619999999999948e+02
2.156649999999999920e+02
2.119499999999999886e+02
2.112990000000000066e+02
2.107599999999999909e+02
2.083779999999999859e+02
2.110049999999999955e+02
2.107529999999999859e+02
2.097350000000000136e+02
2.102729999999999961e+02
2.113650000000000091e+02
2.138199999999999932e+02
2.119670000000000130e+02
2.103460000000000036e+02
2.116119999999999948e+02
2.120109999999999957e+02
2.123899999999999864e+02
2.139370000000000118e+02
2.179070000000000107e+02
2.128400000000000034e+02
2.102589999999999861e+02
2.072280000000000086e+02
2.053429999999999893e+02
2.050300000000000011e+02
2.030039999999999907e+02
2.008750000000000000e+02
1.974230000000000018e+02
1.989449999999999932e+02
2.010240000000000009e+02
2.009259999999999877e+02
2.057150000000000034e+02
2.054269999999999925e+02
2.053420000000000130e+02
2.027110000000000127e+02
2.015130000000000052e+02
2.020149999999999864e+02
2.010589999999999975e+02
2.006080000000000041e+02
1.981719999999999970e+02
1.978290000000000077e+02
1.988319999999999936e+02
1.976390000000000100e+02
1.961870000000000118e+02
1.968799999999999955e+02
1.987139999999999986e+02
1.942899999999999920e+02
1.934530000000000030e+02
1.933810000000000002e+02
1.913060000000000116e+02
1.960099999999999909e+02
1.913259999999999934e+02
1.878640000000000043e+02
1.870020000000000095e+02
1.872719999999999914e+02
1.886870000000000118e+02
1.905560000000000116e+02
1.910269999999999868e+02
1.895469999999999970e+02
1.899900000000000091e+02
1.869759999999999991e+02
1.875509999999999877e+02
1.889219999999999970e+02
1.915070000000000050e+02
1.942599999999999909e+02
1.916930000000000121e+02
1.923189999999999884e+02
1.937779999999999916e+02
1.967199999999999989e+02
1.993369999999999891e+02
2.005600000000000023e+02
2.039170000000000016e+02
2.064290000000000020e+02
2.051150000000000091e+02
2.018269999999999982e+02
1.993540000000000134e+02
2.019600000000000080e+02
1.990670000000000073e+02
1.987390000000000043e+02
2.003139999999999930e+02
2.010889999999999986e+02
2.031920000000000073e+02
2.030809999999999889e+02
2.041930000000000121e+02
2.038319999999999936e+02
2.064979999999999905e+02
2.038170000000000073e+02
2.077470000000000141e+02
2.106150000000000091e+02
2.101289999999999907e+02
2.120399999999999920e+02
2.153280000000000030e+02
2.141150000000000091e+02
2.167990000000000066e+02
2.178689999999999998e+02
2.203660000000000139e+02
2.163120000000000118e+02
2.182369999999999948e+02
2.205989999999999895e+02
2.141100000000000136e+02
2.149209999999999923e+02
2.100269999999999868e+02
2.117210000000000036e+02
2.097220000000000084e+02
2.069890000000000043e+02
2.041529999999999916e+02
2.029240000000000066e+02
2.025449999999999875e+02
2.060680000000000121e+02
2.082359999999999900e+02
2.057170000000000130e+02
2.060329999999999870e+02
2.030049999999999955e+02
2.029720000000000084e+02
2.015370000000000061e+02
1.995769999999999982e+02
2.011630000000000109e+02
1.992760000000000105e+02
1.983429999999999893e+02
1.969540000000000077e+02
1.940060000000000002e+02
2.011740000000000066e+02
2.011450000000000102e+02
1.962139999999999986e+02
1.943040000000000020e+02
1.954350000000000023e+02
1.970850000000000080e+02
1.996829999999999927e+02
1.997620000000000005e+02
1.992789999999999964e+02
1.969950000000000045e+02
1.943089999999999975e+02
1.935490000000000066e+02
1.932369999999999948e+02
1.928170000000000073e+02
1.966129999999999995e+02
1.980649999999999977e+02
1.968029999999999973e+02
1.968580000000000041e+02
1.976680000000000064e+02
1.968029999999999973e+02
1.952539999999999907e+02
1.944050000000000011e+02
1.932599999999999909e+02
1.952839999999999918e+02
1.983839999999999861e+02
2.038220000000000027e+02
1.984699999999999989e+02
1.986800000000000068e+02
1.994600000000000080e+02
1.990200000000000102e+02
1.980569999999999879e+02
1.989550000000000125e+02
1.960260000000000105e+02
1.973520000000000039e+02
2.016370000000000005e+02
2.020939999999999941e+02
1.984219999999999970e+02
2.000840000000000032e+02
1.998849999999999909e+02
1.961690000000000111e+02
1.970509999999999877e+02
1.972829999999999870e+02
1.934319999999999879e+02
1.954939999999999998e+02
1.950159999999999911e+02
1.947750000000000057e+02
1.968700000000000045e+02
1.950240000000000009e+02
1.934480000000000075e+02
1.934689999999999941e+02
1.926469999999999914e+02
1.923410000000000082e+02
1.928689999999999998e+02
1.930020000000000095e+02
1.950500000000000114e+02
1.986169999999999902e+02
2.000060000000000002e+02
1.986839999999999975e+02
1.942779999999999916e+02
1.967659999999999911e+02
1.990339999999999918e+02
1.997319999999999993e+02
1.991970000000000027e+02
1.994470000000000027e+02
2.039360000000000070e+02
2.050360000000000014e+02
2.081220000000000141e+02
2.095459999999999923e+02
2.108679999999999950e+02
2.120029999999999859e+02
2.089449999999999932e+02
2.125380000000000109e+02
2.137419999999999902e+02
2.172820000000000107e+02
2.170550000000000068e+02
2.135180000000000007e+02
2.144449999999999932e+02
2.144749999999999943e+02
2.179060000000000059e+02
2.187789999999999964e+02
2.149850000000000136e+02
2.129070000000000107e+02
2.133400000000000034e+02
2.109869999999999948e+02
2.095089999999999861e+02
2.112220000000000084e+02
2.123549999999999898e+02
2.148019999999999925e+02
2.160749999999999886e+02
2.113040000000000020e+02
2.098770000000000095e+02
2.114830000000000041e+02
2.109190000000000111e+02
2.137139999999999986e+02
2.170320000000000107e+02
2.208139999999999930e+02
2.179639999999999986e+02
2.155529999999999973e+02
2.154679999999999893e+02
2.132589999999999861e+02
2.107510000000000048e+02
2.115300000000000011e+02
2.104850000000000136e+02
2.082640000000000100e+02
2.083489999999999895e+02
2.068530000000000086e+02
2.079039999999999964e+02
2.066390000000000100e+02
2.053069999999999879e+02
2.030099999999999909e+02
2.017649999999999864e+02
2.055790000000000077e+02
2.019149999999999920e+02
2.049900000000000091e+02
2.046320000000000050e+02
2.035999999999999943e+02
2.028810000000000002e+02
2.074329999999999927e+02
2.014399999999999977e+02
2.014739999999999895e+02
2.033890000000000100e+02
2.052860000000000014e+02
2.037649999999999864e+02
2.059879999999999995e+02
2.073280000000000030e+02
2.070469999999999970e+02
2.057230000000000132e+02
2.037719999999999914e+02
2.000929999999999893e+02
1.997510000000000048e+02
1.989590000000000032e+02
1.993160000000000025e+02
1.967839999999999918e+02
1.916839999999999975e+02
1.918650000000000091e+02
1.926469999999999914e+02
1.884449999999999932e+02
1.897750000000000057e+02
1.891769999999999925e+02
1.896129999999999995e+02
1.942189999999999941e+02
1.910389999999999873e+02
1.912040000000000077e+02
1.928870000000000005e+02
1.932609999999999957e+02
1.902580000000000098e+02
1.896740000000000066e+02
1.889970000000000141e+02
1.915850000000000080e+02
1.935169999999999959e+02
1.927609999999999957e+02
1.907090000000000032e+02
1.907340000000000089e+02
1.940080000000000098e+02
1.939660000000000082e+02
1.921069999999999993e+02
1.917179999999999893e+02
1.918480000000000132e+02
1.929339999999999975e+02
1.924079999999999870e+02
1.886539999999999964e+02
1.875399999999999920e+02
1.878549999999999898e+02
1.883369999999999891e+02
1.824759999999999991e+02
1.803449999999999989e+02
1.776179999999999950e+02
1.769840000000000089e+02
1.780730000000000075e+02
1.773820000000000050e+02
1.791040000000000134e+02
1.824209999999999923e+02
1.806910000000000025e+02
1.792529999999999859e+02
1.748129999999999882e+02
1.728870000000000005e+02
1.722659999999999911e+02
1.728060000000000116e+02
1.733410000000000082e+02
1.746289999999999907e+02
1.757630000000000052e+02
1.752030000000000030e+02
1.773530000000000086e+02
1.764099999999999966e+02
1.727740000000000009e+02
1.704410000000000025e+02
1.747829999999999870e+02
1.747740000000000009e+02
1.746100000000000136e+02
1.714749999999999943e+02
1.705589999999999975e+02
1.705680000000000121e+02
1.726800000000000068e+02
1.711769999999999925e+02
1.694310000000000116e+02
1.705920000000000130e+02
1.701860000000000070e+02
1.717319999999999993e+02
1.708089999999999975e+02
1.691790000000000020e+02
1.708700000000000045e+02
1.704360000000000070e+02
1.758650000000000091e+02
1.778170000000000073e+02
1.793520000000000039e+02
1.804240000000000066e+02
1.775620000000000118e+02
1.800960000000000036e+02
1.822990000000000066e+02
1.827920000000000016e+02
1.845829999999999984e+02
1.810169999999999959e+02
1.821450000000000102e+02
1.830509999999999877e+02
1.831409999999999911e+02
1.831409999999999911e+02
1.842589999999999861e+02
1.814449999999999932e+02
1.818280000000000030e+02
1.808340000000000032e+02
1.815490000000000066e+02
1.808799999999999955e+02
1.837640000000000100e+02
1.837290000000000134e+02
1.796510000000000105e+02
1.809530000000000030e+02
1.769120000000000061e+02
1.768309999999999889e+02
1.747479999999999905e+02
1.720850000000000080e+02
1.709159999999999968e+02
1.687110000000000127e+02
1.700320000000000107e+02
1.698959999999999866e+02
1.711889999999999930e+02
1.709019999999999868e+02
1.711320000000000050e+02
1.733930000000000007e+02
1.731920000000000073e+02
1.704240000000000066e+02
1.682849999999999966e+02
1.718979999999999961e+02
1.709569999999999936e+02
1.712659999999999911e+02
1.711459999999999866e+02
1.670860000000000127e+02
1.628789999999999907e+02
1.654199999999999875e+02
1.656409999999999911e+02
1.670819999999999936e+02
1.677750000000000057e+02
1.639749999999999943e+02
1.638720000000000141e+02
1.637820000000000107e+02
1.622769999999999868e+02
1.652479999999999905e+02
1.672750000000000057e+02
1.702400000000000091e+02
1.716990000000000123e+02
1.698880000000000052e+02
1.707860000000000014e+02
1.702179999999999893e+02
1.686409999999999911e+02
1.696930000000000121e+02
1.758859999999999957e+02
1.747299999999999898e+02
1.760449999999999875e+02
1.761500000000000057e+02
1.793969999999999914e+02
1.828520000000000039e+02
1.810600000000000023e+02
1.785579999999999927e+02
1.787319999999999993e+02
1.788650000000000091e+02
1.782959999999999923e+02
1.802239999999999895e+02
1.840900000000000034e+02
1.814110000000000014e+02
1.829929999999999950e+02
1.791510000000000105e+02
1.769430000000000121e+02
1.775560000000000116e+02
1.757280000000000086e+02
1.743509999999999991e+02
1.711080000000000041e+02
1.710289999999999964e+02
1.752880000000000109e+02
1.750480000000000018e+02
1.768880000000000052e+02
1.770999999999999943e+02
1.729060000000000059e+02
1.739029999999999916e+02
1.731129999999999995e+02
1.743079999999999927e+02
1.768290000000000077e+02
1.805600000000000023e+02
1.755689999999999884e+02
1.746479999999999961e+02
1.766839999999999975e+02
1.719840000000000089e+02
1.741850000000000023e+02
1.748400000000000034e+02
1.738950000000000102e+02
1.717539999999999907e+02
1.706349999999999909e+02
1.733859999999999957e+02
1.750740000000000123e+02
1.763480000000000132e+02
1.754770000000000039e+02
1.767589999999999861e+02
1.804190000000000111e+02
1.779110000000000014e+02
1.782589999999999861e+02
1.784590000000000032e+02
1.773810000000000002e+02
1.786699999999999875e+02
1.794610000000000127e+02
1.801930000000000121e+02
1.783069999999999879e+02
1.806409999999999911e+02
1.825689999999999884e+02
1.789610000000000127e+02
1.763760000000000048e+02
1.771740000000000066e+02
1.784319999999999879e+02
1.815819999999999936e+02
1.833799999999999955e+02
1.819420000000000073e+02
1.809310000000000116e+02
1.831330000000000098e+02
1.818340000000000032e+02
1.794699999999999989e+02
1.742110000000000127e+02
1.744619999999999891e+02
1.756419999999999959e+02
1.789079999999999870e+02
1.803439999999999941e+02
1.834809999999999945e+02
1.864770000000000039e+02
1.910800000000000125e+02
1.878899999999999864e+02
1.886970000000000027e+02
1.907429999999999950e+02
1.936839999999999975e+02
1.941690000000000111e+02
1.966870000000000118e+02
1.917079999999999984e+02
1.914600000000000080e+02
1.955360000000000014e+02
