     0.0000000        0.41493900        0.06945364
     0.1000000        0.23296460        0.06971066
     0.2000000        0.13871058        0.06961842
     0.3000000        0.09298242        0.06752671
     0.4000000        0.06996184        0.06824823
     0.5000000        0.06158389        0.06951562
     0.6000000        0.05613876        0.06764460
     0.7000000        0.05739066        0.06832759
     0.8000000        0.06178514        0.06726737
     0.9000000        0.06568054        0.06642281
     1.0000000        0.07149703        0.06587840
     1.1000000        0.07259846        0.06579591
     1.2000000        0.07145298        0.06569567
     1.3000000        0.06556524        0.06608148
     1.4000000        0.06079822        0.06590515
     1.5000000        0.06441952        0.06550997
     1.6000000        0.06593518        0.06479522
     1.7000000        0.06578899        0.06544333
     1.8000000        0.06555834        0.06701017
     1.9000000        0.06809508        0.06635935
     2.0000000        0.08002883        0.06291361
     2.1000000        0.08101596        0.05945577
     2.2000000        0.08475781        0.05722459
     2.3000000        0.08404816        0.05576674
     2.4000000        0.08252602        0.05687193
     2.5000000        0.07818053        0.05723793
     2.6000000        0.07975240        0.05725362
     2.7000000        0.07980489        0.05606062
     2.8000000        0.07892303        0.05677648
     2.9000000        0.07960621        0.05824191
     3.0000000        0.07267095        0.05916688
     3.1000000        0.07431139        0.05812157
     3.2000000        0.07857654        0.05662763
     3.3000000        0.08062879        0.05622563
     3.4000000        0.08242890        0.05411525
     3.5000000        0.08639709        0.05259525
     3.6000000        0.08562334        0.05204586
     3.7000000        0.09054112        0.05067323
     3.8000000        0.09190801        0.05107833
     3.9000000        0.08860302        0.05139778
     4.0000000        0.08298352        0.05175447
     4.1000000        0.08580052        0.04981697
     4.2000000        0.08685403        0.04838402
     4.3000000        0.09622652        0.04798857
     4.4000000        0.10267892        0.04858015
     4.5000000        0.10467975        0.04921698
     4.6000000        0.09781140        0.04910746
     4.7000000        0.09493973        0.04853856
     4.8000000        0.09062584        0.04984503
     4.9000000        0.09075573        0.04819698
     5.0000000        0.08480815        0.04814612
     5.1000000        0.08227906        0.04704647
     5.2000000        0.08261333        0.04597544
     5.3000000        0.07999323        0.04589491
     5.4000000        0.07283458        0.04697177
     5.5000000        0.06609807        0.05017342
     5.6000000        0.06289801        0.05263985
     5.7000000        0.06282486        0.05247293
     5.8000000        0.06553639        0.05048129
     5.9000000        0.07091678        0.04835876
     6.0000000        0.07628240        0.04807066
     6.1000000        0.07076264        0.04740599
     6.2000000        0.06425763        0.04782717
     6.3000000        0.05439383        0.04770561
     6.4000000        0.04374435        0.04963485
     6.5000000        0.04374150        0.04972852
     6.6000000        0.04395638        0.05129800
     6.7000000        0.04783608        0.05055642
     6.8000000        0.04847571        0.04983580
     6.9000000        0.05051608        0.05026400
     7.0000000        0.04992065        0.05217183
     7.1000000        0.05080232        0.05298221
     7.2000000        0.05126838        0.05470802
     7.3000000        0.04621286        0.05716153
     7.4000000        0.03606099        0.06249207
     7.5000000        0.03575344        0.06297284
     7.6000000        0.04039151        0.06636696
     7.7000000        0.04224857        0.06691219
     7.8000000        0.03870123        0.07045754
     7.9000000        0.03549723        0.06982144
     8.0000000        0.04197452        0.06799942
     8.1000000        0.04258486        0.06772020
     8.2000000        0.05152899        0.06601313
     8.3000000        0.05392301        0.06536183
     8.4000000        0.05546004        0.06441091
     8.5000000        0.05000085        0.06369372
     8.6000000        0.05502035        0.06055141
     8.7000000        0.05893366        0.05927705
     8.8000000        0.06759681        0.05813784
     8.9000000        0.06668274        0.05743161
     9.0000000        0.05410874        0.05885654
     9.1000000        0.04701398        0.05948384
     9.2000000        0.04868425        0.06146450
     9.3000000        0.04678727        0.06224972
     9.4000000        0.04539994        0.06340715
     9.5000000        0.05302654        0.06502765
     9.6000000        0.06845120        0.06817613
     9.7000000        0.09176454        0.07139050
     9.8000000        0.13513005        0.07183202
     9.9000000        0.23365906        0.06972674
    10.0000000        0.41493900        0.06945364
