     0.0000000        3.53115066        0.15613549
     0.1000000        3.23945230        0.15147812
     0.2000000        3.13886468        0.15557006
     0.3000000        3.01571464        0.15935598
     0.4000000        2.74560250        0.14295550
     0.5000000        2.71789104        0.15474503
     0.6000000        2.65975624        0.18832454
     0.7000000        2.58361712        0.16718329
     0.8000000        2.44915714        0.16344865
     0.9000000        2.33771363        0.15796571
     1.0000000        2.18896655        0.12621725
     1.1000000        2.32039173        0.16351463
     1.2000000        2.09496011        0.20465979
     1.3000000        2.13718536        0.20423827
     1.4000000        2.41272501        0.23909892
     1.5000000        2.53162967        0.28408724
     1.6000000        2.76186303        0.43073773
     1.7000000        3.60421597        1.02804075
     1.8000000        2.96342076        0.86031177
     1.9000000        2.45668220        0.48949211
     2.0000000        2.28045678        0.42488687
     2.1000000        2.39867046        0.45835811
     2.2000000        2.24601312        0.51236839
     2.3000000        2.25922784        0.54469680
     2.4000000        2.49310052        0.84859962
     2.5000000        2.35757778        0.65718849
     2.6000000        2.67888745        0.95856879
     2.7000000        4.13250611        1.99208302
     2.8000000        3.20787485        1.34616356
     2.9000000        2.95742314        1.05058308
     3.0000000        2.97217659        1.42084675
     3.1000000        3.78900826        2.19740935
     3.2000000        2.67128493        0.85021008
     3.3000000        3.08879088        1.12829839
     3.4000000        3.53799053        1.99066266
     3.5000000        2.24540064        0.99534592
     3.6000000        1.88775490        0.69097207
     3.7000000        2.26184864        1.02110119
     3.8000000        2.48370572        1.05532843
     3.9000000        3.12484344        1.67153087
     4.0000000        2.37391740        1.14145772
     4.1000000        1.41471454        0.57451075
     4.2000000        1.17831612        0.39448362
     4.3000000        1.44016988        0.61521602
     4.4000000        1.36307804        0.55629164
     4.5000000        1.22333572        0.38838319
     4.6000000        1.54470705        0.51942464
     4.7000000        1.45511123        0.56235478
     4.8000000        2.58682325        1.75599215
     4.9000000        3.72018018        3.03093338
     5.0000000        2.25343455        1.53765026
     5.1000000        2.84928540        2.20194257
     5.2000000        1.72942356        1.06812145
     5.3000000        2.19994448        1.55506393
     5.4000000        1.42831040        0.71508541
     5.5000000        1.37992271        0.62551254
     5.6000000        1.35440362        0.67055336
     5.7000000        2.11593458        1.35819253
     5.8000000        0.98978150        0.28653197
     5.9000000        0.98906875        0.29500797
     6.0000000        0.91089902        0.21402343
     6.1000000        1.09579240        0.34780451
     6.2000000        1.09023644        0.26966060
     6.3000000        1.04959577        0.19374874
     6.4000000        1.44140199        0.42317318
     6.5000000        1.77500764        0.77491946
     6.6000000        1.21797023        0.28894369
     6.7000000        1.28620589        0.26565500
     6.8000000        1.52419886        0.40994002
     6.9000000        1.39321203        0.25807095
     7.0000000        1.49148986        0.20953453
     7.1000000        1.75863526        0.36718709
     7.2000000        1.84944783        0.35552439
     7.3000000        2.06936388        0.44383418
     7.4000000        2.03993697        0.47263007
     7.5000000        2.62992603        0.87632401
     7.6000000        2.13286349        0.51912946
     7.7000000        2.32312929        0.50732744
     7.8000000        2.20710674        0.34986747
     7.9000000        1.89832435        0.21420482
     8.0000000        2.06728801        0.32017491
     8.1000000        2.25761207        0.45582728
     8.2000000        2.06180540        0.21591068
     8.3000000        1.93178876        0.15378299
     8.4000000        1.97669865        0.15669859
     8.5000000        2.16486343        0.16269500
     8.6000000        2.24939043        0.23827458
     8.7000000        2.24060914        0.22889041
     8.8000000        2.27561060        0.22891030
     8.9000000        2.28028804        0.16198599
     9.0000000        2.48511081        0.24170755
     9.1000000        2.44167430        0.22540154
     9.2000000        2.65156627        0.34802236
     9.3000000        2.63726873        0.19263382
     9.4000000        2.78486454        0.18350853
     9.5000000        2.73267715        0.19649887
     9.6000000        2.96317616        0.14977778
     9.7000000        3.04352131        0.10636064
     9.8000000        2.98689637        0.11346470
     9.9000000        3.22566253        0.17773177
    10.0000000        3.53115066        0.15613549
