7.711680000000000064e+02
9.015250000000000000e+05
9.384320000000000000e+09
1.120950000000000000e+06
1.236160000000000000e+09
7.498420000000000000e+09
2.653010000000000000e+09
6.456200000000000000e+12
3.333500000000000000e+16
1.497180000000000026e+22
3.338080000000000228e+27
7.887960000000000194e+31
5.154470000000000037e+36
3.545280000000000111e+36
6.715770000000000486e+36
2.851559999999999959e+38
2.407530000000000099e+40
4.669910000000000158e+40
1.348840000000000008e+43
4.056350000000000289e+42
4.418740000000000057e+43
1.395250000000000100e+46
1.054400000000000041e+47
8.656979999999999519e+46
6.123980000000000157e+46
1.074290000000000003e+53
3.353319999999999896e+56
1.599120000000000063e+58
3.059820000000000164e+60
2.072699999999999938e+64
6.461290000000000147e+67
5.691230000000000346e+69
2.508990000000000107e+68
1.289629999999999972e+70
9.922440000000000143e+72
2.347120000000000044e+77
6.348569999999999549e+77
2.181969999999999973e+78
3.048770000000000081e+83
8.777650000000000559e+84
4.434460000000000367e+84
3.602190000000000108e+87
1.459639999999999996e+88
5.527859999999999807e+89
4.782160000000000131e+88
3.223720000000000228e+92
1.546090000000000033e+96
2.749319999999999876e+98
3.372360000000000000e+100
4.284149999999999983e+101
4.797829999999999770e+101
2.173219999999999939e+104
3.405699999999999975e+108
8.371610000000000721e+109
2.296139999999999943e+112
3.967200000000000085e+113
1.531279999999999900e+117
7.858640000000000005e+118
1.736700000000000069e+118
4.285410000000000154e+119
9.447589999999999878e+117
2.772369999999999809e+120
1.025540000000000026e+124
1.003410000000000055e+123
3.778819999999999976e+124
1.289460000000000012e+126
3.791579999999999790e+129
4.100789999999999782e+129
5.623039999999999918e+131
3.986240000000000205e+133
5.020680000000000190e+136
4.268880000000000224e+139
3.692069999999999972e+141
1.286419999999999976e+143
2.152010000000000037e+145
8.759530000000000345e+148
9.160059999999999610e+151
2.291120000000000148e+152
1.488580000000000078e+153
8.976000000000000203e+153
2.953959999999999897e+155
7.778649999999999303e+156
7.047339999999999436e+157
2.020009999999999901e+161
1.392160000000000108e+161
2.702329999999999846e+165
4.444510000000000295e+163
5.139010000000000259e+161
9.422769999999999801e+160
3.270100000000000130e+159
3.391330000000000134e+154
1.280399999999999935e+154
1.133680000000000015e+156
6.722519999999999876e+156
4.556050000000000067e+151
2.970940000000000079e+151
6.641350000000000390e+152
1.180649999999999980e+155
1.383289999999999933e+158
2.305200000000000062e+159
7.079090000000000038e+161
2.290080000000000064e+157
4.939249999999999931e+157
7.493100000000000302e+157
4.038869999999999790e+157
1.741219999999999971e+156
1.323220000000000003e+155
1.327459999999999980e+153
3.333319999999999959e+154
2.180950000000000043e+153
5.319829999999999888e+152
3.074839999999999815e+151
9.093080000000000568e+155
1.678770000000000002e+155
3.157319999999999902e+154
8.864869999999999693e+155
7.571320000000000308e+156
9.909569999999999214e+155
1.213400000000000064e+156
2.314829999999999873e+155
1.081640000000000041e+158
9.438689999999999742e+155
2.706739999999999888e+157
1.291130000000000104e+155
5.513420000000000228e+153
8.912420000000000452e+150
1.802379999999999907e+149
6.187140000000000207e+147
5.295980000000000265e+148
2.779980000000000012e+151
1.137080000000000048e+155
1.020919999999999952e+158
3.598650000000000009e+154
2.814480000000000127e+155
2.485829999999999965e+154
1.424319999999999903e+155
3.447250000000000194e+154
3.231789999999999738e+157
4.270570000000000194e+158
1.495459999999999956e+158
1.126899999999999948e+159
6.911260000000000054e+158
1.233679999999999971e+159
2.222330000000000107e+167
1.937689999999999936e+168
8.380760000000000349e+166
1.656579999999999959e+164
6.892819999999999544e+163
3.215570000000000000e+163
1.463599999999999896e+164
1.469799999999999931e+163
9.864610000000000706e+164
7.680999999999999652e+164
6.832710000000000358e+165
2.147059999999999905e+164
6.849550000000000331e+162
1.614480000000000010e+162
3.731279999999999911e+163
3.786249999999999966e+164
1.706259999999999892e+164
2.438780000000000164e+162
2.032860000000000087e+163
2.168790000000000118e+167
6.212739999999999348e+166
1.199430000000000012e+168
2.222859999999999914e+166
2.740110000000000201e+167
2.745570000000000117e+169
4.829289999999999809e+169
8.965330000000000332e+170
2.965089999999999826e+173
2.532539999999999991e+172
3.914710000000000035e+171
2.414429999999999884e+173
1.904070000000000164e+172
3.588980000000000054e+171
7.312300000000000153e+174
2.917760000000000125e+172
5.829780000000000238e+172
1.905969999999999927e+169
1.023540000000000014e+173
3.851519999999999998e+174
7.391049999999999692e+175
5.313939999999999711e+177
1.405489999999999978e+180
2.835049999999999917e+180
2.728780000000000198e+180
7.055399999999999953e+182
6.387299999999999726e+184
1.624910000000000046e+186
1.925420000000000094e+182
-7.899870000000000522e+185
-7.880910000000000280e+183
-7.270750000000000059e+183
-2.032309999999999928e+185
-3.470900000000000034e+187
-9.764980000000000737e+190
-1.528170000000000138e+188
-1.250189999999999957e+188
-7.038219999999999694e+190
-1.233310000000000124e+189
-1.271869999999999966e+189
-1.341120000000000091e+189
-5.890190000000000268e+187
-8.637699999999999519e+189
-3.977260000000000255e+195
-4.447419999999999945e+194
-7.574550000000000459e+196
-8.314979999999999792e+198
-2.265580000000000125e+195
-1.249009999999999931e+194
-1.680310000000000004e+192
-8.657270000000000515e+191
-2.638979999999999940e+192
-8.948410000000000628e+193
-3.356129999999999803e+196
-4.991109999999999606e+195
-3.632489999999999862e+193
-1.015719999999999948e+191
-9.854140000000000840e+192
-6.913360000000000023e+195
-1.538320000000000043e+197
-3.117980000000000240e+197
-5.453999999999999879e+194
-2.051800000000000119e+198
-7.707079999999999618e+200
-1.322029999999999973e+199
-6.050730000000000212e+200
-1.021910000000000011e+202
-2.856069999999999842e+201
-1.845920000000000107e+200
-4.001499999999999878e+200
-2.353570000000000094e+198
-4.022070000000000049e+203
-3.613280000000000215e+204
-7.268620000000000220e+205
-1.821549999999999860e+207
-1.328489999999999993e+205
-7.567100000000000114e+201
-1.175660000000000027e+200
-9.337209999999999414e+197
-5.371880000000000193e+197
-1.813779999999999936e+196
-7.858919999999999348e+199
-3.025419999999999872e+199
-4.460660000000000041e+199
-5.085520000000000018e+202
-5.079579999999999969e+200
-2.166980000000000101e+201
-1.104910000000000000e+203
-4.064720000000000252e+200
-6.873219999999999525e+200
-1.470330000000000040e+202
-1.269920000000000028e+207
-9.652849999999999643e+207
-6.645370000000000259e+206
-1.074110000000000103e+205
-8.515830000000000221e+201
-2.213990000000000117e+202
-7.722500000000000047e+204
-1.503469999999999934e+205
-4.998739999999999572e+205
-1.768149999999999990e+206
-1.863359999999999928e+204
-7.679619999999999949e+201
-1.390010000000000046e+205
-7.956239999999999555e+206
-1.233440000000000073e+205
-1.743019999999999908e+205
-7.661270000000000647e+206
-3.460140000000000044e+203
-2.665170000000000139e+196
-4.827569999999999983e+198
-1.939670000000000030e+200
-1.555660000000000025e+199
-9.616439999999999660e+194
-5.742019999999999933e+195
-4.081450000000000007e+198
-7.803810000000000427e+199
-2.703519999999999832e+200
-2.750120000000000110e+200
-1.895879999999999962e+201
-1.262740000000000012e+202
-2.974520000000000263e+204
-4.365479999999999669e+203
-2.922639999999999845e+199
-3.633169999999999846e+198
-1.984489999999999957e+197
-1.488390000000000080e+201
-1.139369999999999986e+201
-2.948309999999999802e+202
-6.628580000000000398e+205
-3.031109999999999804e+204
-8.477859999999999595e+205
-5.499140000000000232e+207
-1.547280000000000009e+207
-9.488470000000000232e+206
-1.573349999999999944e+209
-2.655300000000000154e+212
-2.348190000000000023e+212
-4.579189999999999910e+213
-2.899250000000000160e+211
-3.158129999999999976e+210
-2.361840000000000166e+208
-1.343429999999999956e+209
-3.735800000000000051e+206
-2.794199999999999811e+210
-1.683450000000000116e+211
-1.040919999999999965e+211
-8.644980000000000037e+212
-1.242460000000000074e+213
-5.526620000000000179e+209
-5.523380000000000337e+210
-1.034049999999999954e+207
-8.157589999999999520e+207
-9.792160000000000497e+206
-8.370579999999999627e+207
-1.017529999999999957e+208
-2.736190000000000040e+210
-5.922960000000000164e+213
-4.550200000000000195e+215
-7.162140000000000517e+219
-3.176010000000000027e+217
-5.592280000000000252e+211
-1.262890000000000060e+212
-2.083980000000000033e+211
-1.919229999999999946e+211
-1.562120000000000016e+211
-1.195270000000000040e+213
-1.541129999999999960e+212
-6.492569999999999725e+210
-1.168739999999999996e+210
-7.715690000000000525e+209
-5.030799999999999738e+206
-1.766850000000000041e+208
-6.414739999999999628e+207
-2.183180000000000013e+212
-5.093400000000000437e+214
-7.173460000000000187e+213
-6.079990000000000029e+212
-1.217439999999999964e+212
-6.508959999999999704e+209
-1.170150000000000043e+211
-4.601990000000000043e+210
-3.308939999999999970e+211
-7.646190000000000347e+208
-1.365839999999999960e+210
-3.342419999999999777e+208
-5.532559999999999488e+204
-7.038999999999999745e+205
-1.660320000000000135e+206
-2.203299999999999981e+207
-9.461370000000000334e+207
-1.684430000000000126e+204
-4.444589999999999745e+203
-1.666350000000000083e+204
-1.350469999999999958e+203
-1.307989999999999993e+202
-8.508829999999999298e+199
-1.379569999999999947e+200
-1.122150000000000104e+199
-3.199940000000000214e+198
-4.255489999999999861e+197
-4.506119999999999925e+198
-3.488849999999999901e+202
-8.982899999999999978e+203
-1.250710000000000018e+205
-1.275190000000000070e+207
-2.170849999999999826e+202
-1.731330000000000063e+199
-1.607579999999999979e+197
-2.885449999999999926e+197
-1.542799999999999993e+198
-5.573390000000000285e+196
-3.132160000000000200e+195
-1.798520000000000088e+193
-2.085939999999999880e+191
-5.932799999999999520e+189
-2.172240000000000073e+191
-2.270030000000000246e+189
-3.270330000000000107e+189
-5.486429999999999826e+189
-1.584489999999999924e+189
-8.987610000000000565e+187
-1.419509999999999953e+188
-6.578609999999999800e+186
-3.213660000000000071e+183
-4.629819999999999931e+185
-2.563030000000000065e+187
-9.350229999999999658e+188
-1.138539999999999963e+191
-4.516780000000000022e+188
-2.505489999999999968e+187
-2.732009999999999906e+187
-6.616239999999999547e+183
-5.923529999999999764e+183
-1.448239999999999874e+185
-2.416769999999999921e+183
-1.077659999999999959e+182
-1.959150000000000022e+179
-2.878270000000000014e+177
-1.292980000000000007e+177
-4.702409999999999927e+174
-4.969669999999999992e+176
-3.009179999999999792e+177
-3.803319999999999810e+173
-4.773639999999999875e+176
-5.250530000000000054e+177
-6.276760000000000060e+174
-1.116040000000000056e+177
-9.508190000000000505e+176
-5.764559999999999659e+176
-7.663550000000000463e+172
-9.481279999999999974e+170
-6.485740000000000418e+170
-4.848609999999999890e+171
-6.028129999999999802e+171
-3.283849999999999931e+171
-4.877240000000000247e+173
-4.048660000000000046e+173
-3.523459999999999782e+175
-9.590230000000000121e+173
-7.283950000000000414e+173
-9.397699999999999925e+175
-4.580799999999999663e+174
-1.060659999999999946e+173
-1.123710000000000065e+175
-9.225959999999999793e+176
-4.466139999999999662e+178
-4.127419999999999772e+177
-8.267210000000000228e+182
-1.119889999999999928e+180
-2.798869999999999885e+179
-9.220499999999999818e+184
-8.012009999999999658e+183
-3.663710000000000367e+181
-3.470660000000000159e+181
-1.049740000000000008e+181
-1.604829999999999922e+182
-2.883590000000000101e+183
-1.104430000000000004e+181
-7.078250000000000368e+181
-1.865359999999999939e+178
-8.386829999999999487e+175
-2.781139999999999824e+177
-4.562340000000000014e+175
-9.989879999999999336e+175
-7.646789999999999683e+180
-3.606609999999999997e+180
-1.365829999999999919e+179
-2.970999999999999963e+179
-1.288160000000000040e+176
-1.843560000000000070e+178
-1.899959999999999953e+180
-8.915189999999999401e+181
-1.386400000000000015e+182
-2.082810000000000075e+182
-7.560649999999999391e+181
-1.236830000000000014e+181
-4.767389999999999687e+180
-1.012130000000000012e+177
-8.587839999999999939e+179
-4.489970000000000286e+180
-4.765510000000000181e+178
-8.586300000000000362e+178
-1.140789999999999948e+182
-1.057509999999999942e+180
-1.867490000000000068e+177
-1.080969999999999935e+176
-1.414529999999999959e+175
-3.360209999999999905e+177
-1.031070000000000018e+180
-2.041480000000000081e+179
-2.602760000000000163e+181
-1.236520000000000056e+183
-3.641989999999999729e+182
-7.945510000000000002e+177
-2.204919999999999890e+178
-1.240210000000000024e+178
-7.870339999999999844e+175
-1.920460000000000043e+177
-4.277530000000000364e+174
-9.540490000000000367e+173
-2.056399999999999975e+174
-5.399019999999999759e+176
-2.312559999999999827e+178
-7.500059999999999589e+173
-8.799370000000000041e+173
-7.665939999999999947e+174
-2.747839999999999860e+175
-4.363919999999999738e+175
-2.157589999999999909e+176
-4.032690000000000172e+176
-1.005049999999999914e+181
-3.032530000000000294e+182
-2.781579999999999928e+182
-1.393160000000000022e+184
-1.215370000000000065e+184
-5.192200000000000123e+182
-2.704589999999999890e+185
-3.963500000000000150e+182
-7.384100000000000222e+183
-4.818589999999999745e+180
-2.198720000000000088e+179
-1.026600000000000029e+180
-5.659239999999999866e+178
-3.850619999999999739e+179
-9.413659999999999292e+180
-7.503559999999999774e+176
-6.900239999999999850e+179
-1.364329999999999980e+181
-5.142049999999999733e+180
-9.726070000000000630e+180
-3.687339999999999996e+178
-6.032740000000000028e+178
-3.381469999999999851e+181
-5.807399999999999560e+177
-8.417550000000000553e+179
-1.053339999999999973e+180
-4.917430000000000065e+183
-1.518229999999999985e+182
-8.289899999999999760e+180
-4.573959999999999907e+180
-1.997620000000000053e+183
-1.508270000000000045e+182
-7.276190000000000537e+182
-5.598739999999999714e+181
-7.683909999999999287e+181
-3.180859999999999828e+181
-1.104380000000000051e+180
-8.206329999999999268e+181
-2.807790000000000186e+184
-9.763850000000000210e+182
-6.655519999999999764e+180
-2.013120000000000007e+178
-1.840149999999999905e+179
-1.093140000000000072e+179
-1.919859999999999974e+178
-1.398209999999999915e+178
-1.059550000000000069e+177
-4.701970000000000101e+177
-7.155840000000000288e+176
-2.864439999999999844e+176
-2.718080000000000210e+180
-5.109639999999999949e+179
-1.015779999999999997e+179
-1.041080000000000064e+180
-1.281570000000000043e+182
-5.727520000000000072e+181
-1.059450000000000000e+183
-9.679960000000000458e+182
-2.785729999999999952e+182
-3.459080000000000188e+179
-3.742990000000000104e+178
-4.065519999999999905e+177
-6.141160000000000055e+180
-3.056500000000000256e+182
-1.389250000000000004e+183
-9.808010000000000278e+184
-3.677150000000000001e+183
-5.267939999999999859e+184
-9.656570000000000548e+184
-3.337099999999999865e+182
-3.075579999999999979e+180
-4.587940000000000122e+182
-2.077270000000000151e+185
-3.615630000000000131e+188
-2.003039999999999880e+189
-9.709629999999999856e+185
-9.199169999999999428e+185
-5.956449999999999666e+187
-1.422280000000000056e+189
-1.457720000000000010e+190
-4.546089999999999847e+187
-2.828059999999999870e+184
-1.267300000000000006e+181
-1.739590000000000020e+180
-8.307060000000000220e+182
-4.117850000000000098e+185
-1.084169999999999947e+187
-4.552379999999999741e+189
-1.147310000000000015e+190
-7.166959999999999696e+193
-1.316290000000000068e+196
-1.375310000000000018e+197
-3.076370000000000160e+195
-2.168309999999999881e+194
-1.261629999999999907e+193
-4.801229999999999870e+196
-2.952139999999999867e+197
-2.482589999999999862e+194
-3.603440000000000313e+194
-1.156450000000000067e+196
-7.404390000000000360e+195
-4.455900000000000027e+193
-6.873210000000000322e+193
-1.891779999999999952e+196
-1.153979999999999911e+196
-2.900010000000000170e+192
-8.538620000000000378e+189
-5.299579999999999732e+189
-2.972370000000000105e+189
-3.796619999999999885e+192
-2.581139999999999955e+193
-2.424359999999999994e+194
-6.356470000000000598e+194
-7.725689999999999668e+196
-1.303179999999999948e+197
-7.216560000000000411e+197
-1.092400000000000030e+200
-3.793809999999999869e+198
-1.247150000000000030e+197
-7.078459999999999603e+193
-1.291209999999999967e+194
-4.717749999999999877e+194
-6.476509999999999427e+191
-1.527659999999999928e+193
-7.034929999999999765e+196
-2.043579999999999898e+198
-2.759260000000000143e+194
-2.672109999999999775e+192
-7.315400000000000183e+191
-2.744150000000000086e+189
-1.251079999999999999e+190
-8.678890000000000655e+187
-5.641539999999999684e+187
-1.244840000000000023e+190
-9.452210000000000008e+186
-1.503220000000000080e+188
-7.787289999999999791e+186
-3.505240000000000227e+183
-1.770439999999999902e+186
-1.141089999999999979e+189
-4.861100000000000239e+187
-1.614729999999999866e+185
-1.264320000000000034e+184
-2.415160000000000134e+181
-1.727650000000000006e+183
-2.852769999999999746e+182
-3.195009999999999777e+185
-6.345520000000000044e+189
-2.252779999999999974e+192
-4.821020000000000206e+191
-5.032740000000000288e+191
-1.522710000000000073e+189
-4.315929999999999861e+189
-1.679990000000000048e+185
-7.685189999999999793e+184
-2.855699999999999834e+185
-1.239620000000000020e+185
-1.374469999999999921e+184
-3.264670000000000126e+185
-3.608529999999999916e+183
-6.142119999999999935e+182
-2.508979999999999898e+184
-4.157109999999999866e+183
-3.755310000000000145e+182
-2.453630000000000024e+179
-5.333539999999999928e+179
-3.378249999999999771e+176
-2.467019999999999897e+176
-6.496920000000000108e+173
-5.630280000000000533e+170
-1.561910000000000038e+171
-3.315189999999999835e+172
-2.119530000000000027e+171
-6.635180000000000298e+169
-1.600790000000000033e+171
-8.982399999999999516e+172
-2.298710000000000102e+170
-9.735129999999999159e+171
-1.782489999999999931e+170
-1.718770000000000088e+170
-1.702760000000000167e+172
-1.589290000000000000e+173
-6.886889999999999597e+175
-7.766029999999999956e+173
-2.690479999999999851e+175
-9.948550000000000181e+177
-5.327270000000000394e+180
-4.595949999999999980e+182
-3.049419999999999883e+186
-1.753570000000000051e+182
-7.340899999999999488e+179
-4.350010000000000223e+178
-3.878699999999999984e+176
-1.487579999999999953e+172
-1.898909999999999964e+172
-8.821770000000000289e+168
-1.235900000000000065e+171
-1.997760000000000131e+170
-2.149219999999999976e+172
-1.422549999999999922e+178
-1.422180000000000112e+180
-1.970539999999999953e+181
-1.592519999999999971e+184
-8.686780000000000568e+181
-3.132249999999999844e+178
-6.485160000000000408e+177
-7.188439999999999827e+177
-1.256929999999999998e+176
-2.658070000000000042e+175
-9.578289999999999861e+176
-9.508520000000000471e+175
-3.780619999999999840e+179
-1.787250000000000094e+182
-2.716089999999999969e+183
-8.934320000000000257e+182
-1.408350000000000052e+182
-5.456480000000000186e+182
-2.952939999999999893e+182
-7.295429999999999504e+181
-1.606429999999999943e+181
-1.313689999999999990e+182
-3.456929999999999804e+182
-1.143820000000000057e+181
-3.965249999999999756e+182
-9.777659999999999459e+181
-4.499270000000000288e+181
-1.568309999999999955e+184
-1.338349999999999918e+181
-9.799410000000000386e+177
-3.253380000000000098e+178
-9.475400000000000366e+177
-5.297260000000000202e+177
-3.039499999999999981e+175
-1.405919999999999939e+178
-6.386120000000000329e+175
-5.724479999999999841e+177
-2.681250000000000114e+180
-1.000220000000000059e+183
-2.365500000000000031e+184
-5.313839999999999658e+187
-2.011010000000000067e+188
-5.065790000000000139e+188
-9.492579999999999621e+184
-6.276760000000000105e+184
-2.187370000000000170e+183
-4.445519999999999932e+180
-1.634519999999999978e+179
-3.184970000000000000e+180
-4.936850000000000242e+180
-1.091780000000000095e+183
-1.421699999999999941e+180
-1.108060000000000020e+177
-3.596400000000000152e+177
-6.281059999999999650e+177
-8.919339999999999760e+174
-1.647059999999999859e+175
-6.813050000000000383e+177
-4.816389999999999847e+177
-1.751639999999999927e+179
-1.011689999999999982e+178
-8.408689999999999467e+175
-1.460709999999999986e+176
-1.961200000000000018e+177
-4.196079999999999920e+176
-4.079080000000000062e+176
-1.105269999999999988e+176
-1.662760000000000081e+174
-1.223489999999999980e+172
-7.442890000000000433e+169
-3.786509999999999959e+167
-1.267419999999999946e+167
-2.546250000000000212e+171
-2.091659999999999993e+173
-4.103579999999999883e+177
-1.189199999999999972e+179
-9.237499999999999661e+176
-1.667840000000000110e+176
-2.517540000000000064e+173
-4.207260000000000077e+171
-4.082489999999999996e+170
-6.057690000000000116e+168
-4.017770000000000047e+169
-5.641340000000000093e+169
-8.964460000000000356e+170
-2.671960000000000074e+172
-3.165260000000000164e+173
-1.475090000000000011e+175
-3.506560000000000202e+175
-9.203890000000000630e+178
-1.599389999999999966e+178
-5.220989999999999689e+177
-1.210539999999999968e+176
-9.302469999999999997e+173
-1.397150000000000075e+173
-3.279510000000000082e+174
-1.126210000000000109e+174
-6.270139999999999446e+176
-1.140400000000000017e+179
-2.127039999999999995e+178
-2.628349999999999980e+180
-2.629310000000000134e+175
-4.559740000000000309e+174
-4.414789999999999834e+173
-5.340809999999999915e+174
-1.414299999999999927e+175
-4.469329999999999955e+176
-2.657709999999999945e+175
