7.711789999999999736e+02
9.015420000000000000e+05
9.384410000000000000e+09
1.120970000000000000e+06
1.236200000000000000e+09
7.498620000000000000e+09
2.653190000000000000e+09
6.457370000000000000e+12
3.335090000000000000e+16
1.498569999999999934e+22
3.341160000000000097e+27
7.895240000000000068e+31
5.159240000000000022e+36
3.548569999999999936e+36
6.721980000000000244e+36
2.854170000000000001e+38
2.409859999999999912e+40
4.674449999999999740e+40
1.350369999999999930e+43
4.060589999999999818e+42
4.421769999999999886e+43
1.395379999999999933e+46
1.054949999999999995e+47
8.663859999999999822e+46
6.127520000000000180e+46
1.075179999999999930e+53
3.354130000000000191e+56
1.598859999999999951e+58
3.060730000000000105e+60
2.073249999999999966e+64
6.462479999999999506e+67
5.691829999999999715e+69
2.509070000000000221e+68
1.290279999999999965e+70
9.924809999999999257e+72
2.347229999999999799e+77
6.357429999999999530e+77
2.184679999999999842e+78
3.051440000000000239e+83
8.787830000000000249e+84
4.840380000000000020e+84
2.715059999999999814e+87
1.749060000000000007e+88
1.697170000000000010e+89
7.667819999999999820e+87
5.373069999999999665e+90
2.777379999999999929e+94
1.248129999999999910e+97
2.612819999999999938e+99
4.697150000000000304e+101
2.676919999999999974e+102
2.882610000000000094e+105
4.381310000000000237e+109
1.081570000000000065e+111
2.298219999999999992e+113
2.499019999999999824e+114
2.722560000000000126e+117
4.014640000000000157e+119
2.978599999999999894e+119
1.340319999999999894e+120
2.358269999999999833e+118
2.168959999999999949e+120
4.295630000000000005e+122
1.040900000000000068e+122
4.755109999999999690e+122
3.843990000000000168e+124
1.583539999999999884e+127
2.364220000000000036e+128
2.788329999999999823e+130
2.342029999999999862e+132
1.317889999999999985e+136
1.143450000000000003e+140
2.269069999999999852e+141
2.228289999999999872e+143
1.214319999999999943e+146
3.051889999999999890e+149
2.945950000000000077e+152
7.457329999999999559e+152
5.020399999999999647e+153
3.196280000000000233e+154
1.090240000000000030e+156
2.803260000000000119e+157
1.544550000000000030e+159
5.550879999999999970e+162
6.399969999999999988e+162
1.342149999999999992e+167
2.244579999999999942e+165
2.498479999999999961e+163
4.602919999999999747e+162
1.392480000000000062e+161
9.488600000000000487e+155
2.096600000000000018e+155
1.263539999999999996e+157
2.244180000000000021e+157
1.727700000000000114e+153
1.776480000000000100e+153
1.162549999999999906e+155
2.454489999999999925e+157
1.840070000000000116e+160
7.014840000000000155e+161
1.058239999999999943e+164
6.940820000000000463e+158
3.183080000000000055e+159
2.367419999999999886e+159
1.023419999999999957e+159
1.362480000000000032e+157
1.088619999999999953e+157
1.690769999999999963e+155
1.587879999999999987e+156
2.142680000000000041e+154
2.988300000000000176e+153
1.919989999999999947e+151
1.682000000000000083e+156
3.942379999999999977e+155
4.321699999999999634e+153
7.324839999999999647e+154
1.070309999999999946e+155
8.366200000000000310e+153
5.863850000000000242e+152
2.104819999999999945e+151
2.354679999999999994e+153
1.214739999999999930e+150
2.071289999999999854e+150
5.136630000000000471e+148
1.992819999999999985e+150
3.934589999999999967e+148
2.409890000000000065e+147
1.517150000000000032e+147
1.989589999999999937e+149
5.981539999999999955e+151
5.173370000000000010e+153
2.953159999999999789e+155
3.176439999999999960e+152
1.378789999999999955e+154
2.811380000000000078e+153
1.773460000000000116e+154
7.053839999999999506e+153
1.949439999999999968e+156
9.789119999999999733e+157
3.675950000000000234e+157
6.929899999999999511e+157
1.954590000000000071e+157
1.136799999999999898e+158
3.276580000000000095e+165
2.182769999999999963e+166
9.167579999999999708e+165
3.306049999999999715e+163
3.126550000000000142e+163
5.324380000000000070e+163
5.802140000000000441e+163
5.775159999999999833e+162
1.456230000000000016e+165
4.828989999999999694e+163
8.398239999999999992e+166
7.857080000000000342e+164
4.292089999999999777e+163
4.740689999999999640e+161
2.424440000000000197e+162
1.648599999999999908e+162
5.451719999999999714e+162
5.633450000000000049e+160
8.662559999999999628e+161
3.985889999999999920e+164
1.270769999999999954e+165
1.992150000000000011e+165
9.117940000000000778e+162
5.929050000000000292e+163
3.726190000000000010e+166
1.943189999999999993e+167
1.833119999999999956e+167
3.979530000000000169e+169
1.110520000000000021e+169
1.871450000000000006e+167
9.399660000000000293e+168
1.179160000000000021e+168
6.702899999999999927e+166
1.894120000000000054e+170
2.339880000000000064e+167
4.791800000000000093e+166
6.959669999999999755e+163
2.336510000000000087e+167
3.932959999999999650e+168
3.205939999999999892e+169
1.170079999999999959e+171
1.296649999999999984e+174
1.525779999999999904e+174
1.074090000000000003e+173
6.657610000000000077e+175
6.232359999999999857e+175
5.784509999999999661e+178
8.002960000000000136e+177
2.265919999999999991e+181
2.433289999999999915e+179
8.946160000000000585e+180
3.608050000000000186e+181
1.426690000000000114e+182
7.732139999999999991e+182
8.237349999999999392e+181
2.834819999999999936e+183
4.336530000000000333e+187
4.371710000000000310e+186
2.376509999999999823e+189
6.186330000000000183e+186
2.231319999999999932e+184
1.993470000000000075e+185
6.270660000000000368e+189
1.620000000000000124e+188
2.967690000000000173e+188
2.880850000000000137e+187
1.319369999999999949e+185
6.904470000000000408e+182
2.694499999999999848e+181
2.108529999999999974e+180
4.879299999999999739e+180
2.900629999999999965e+181
1.141929999999999974e+185
2.905839999999999992e+184
7.423559999999999255e+184
2.996530000000000164e+184
1.185249999999999964e+186
2.569779999999999956e+188
5.022100000000000485e+189
1.117129999999999927e+190
9.687710000000000465e+187
2.702499999999999917e+190
2.040749999999999882e+191
7.724809999999999323e+190
1.113730000000000012e+193
1.681910000000000020e+195
1.119019999999999923e+193
3.601100000000000129e+190
1.423259999999999883e+192
9.429350000000000336e+190
2.977170000000000003e+193
1.161619999999999975e+195
3.693249999999999785e+195
9.926470000000000453e+197
3.353880000000000110e+195
3.178240000000000086e+194
1.648189999999999969e+195
1.560730000000000035e+193
3.818550000000000007e+192
2.320399999999999896e+191
8.818359999999999494e+193
1.609990000000000041e+196
1.578530000000000138e+197
3.327319999999999907e+201
5.267229999999999871e+197
1.097360000000000032e+199
9.242209999999999775e+198
4.408940000000000041e+195
5.551930000000000241e+196
1.414449999999999983e+198
3.637830000000000105e+202
4.992369999999999736e+203
2.231330000000000124e+203
2.105200000000000079e+201
1.886489999999999992e+198
3.789749999999999716e+197
9.749569999999999514e+199
2.634110000000000084e+200
3.135699999999999775e+201
1.224719999999999949e+203
3.662239999999999740e+201
4.879509999999999999e+198
1.475529999999999945e+201
2.425559999999999961e+202
1.734150000000000106e+203
1.657829999999999995e+202
1.368300000000000070e+202
9.542229999999999830e+199
9.792070000000000630e+194
1.286429999999999994e+197
9.264309999999999850e+196
7.507599999999999667e+196
2.111040000000000005e+195
1.283910000000000080e+194
2.115760000000000124e+197
2.998589999999999864e+198
8.708010000000000197e+197
3.618000000000000059e+198
1.866750000000000162e+200
2.582030000000000031e+202
2.626499999999999876e+206
1.457449999999999938e+207
9.381049999999999537e+204
4.100129999999999746e+204
4.078900000000000303e+202
3.895129999999999842e+204
2.633399999999999978e+205
9.298700000000000070e+207
3.881099999999999877e+211
1.141300000000000005e+209
3.907289999999999948e+208
1.295380000000000069e+210
3.113600000000000135e+208
2.100820000000000146e+206
4.777400000000000288e+206
4.738400000000000290e+209
8.235380000000000372e+210
1.601000000000000015e+213
1.424829999999999989e+211
1.114140000000000021e+211
2.579309999999999980e+208
7.638420000000000024e+208
9.336760000000000153e+207
8.157969999999999787e+210
1.222660000000000009e+210
6.985849999999999829e+208
2.204359999999999931e+212
2.126389999999999987e+212
5.972029999999999815e+209
4.359680000000000027e+211
5.019400000000000243e+207
5.386230000000000249e+206
3.551599999999999892e+208
5.896120000000000123e+209
4.999230000000000288e+210
1.864570000000000157e+209
4.802140000000000103e+209
1.459179999999999878e+210
1.379589999999999934e+212
1.690859999999999907e+211
1.124339999999999972e+207
1.666750000000000042e+205
1.816400000000000111e+204
3.552010000000000096e+204
4.514240000000000010e+205
1.652780000000000010e+205
2.236649999999999942e+205
3.368049999999999821e+204
2.708759999999999728e+204
6.062869999999999993e+202
8.906379999999999809e+200
8.680279999999999568e+203
3.871149999999999985e+202
6.996060000000000158e+205
1.356510000000000088e+208
9.826139999999999341e+208
1.022639999999999961e+209
1.140679999999999918e+208
5.074840000000000276e+206
1.141819999999999932e+206
3.994340000000000228e+204
1.508460000000000078e+205
1.516560000000000057e+203
1.402859999999999970e+205
8.980179999999999922e+203
2.997760000000000215e+201
1.714969999999999984e+202
1.515809999999999924e+204
7.757389999999999700e+207
6.392759999999999491e+207
1.343170000000000000e+202
1.835450000000000100e+199
9.917510000000000341e+199
9.334539999999999970e+198
1.465310000000000030e+198
3.474320000000000063e+195
1.920209999999999954e+196
1.118499999999999916e+193
1.797060000000000003e+192
8.284859999999999749e+191
4.310219999999999819e+190
5.122029999999999981e+190
3.175820000000000052e+191
1.545630000000000046e+190
1.660559999999999945e+193
3.987759999999999614e+190
5.238930000000000009e+188
1.510159999999999976e+187
2.537029999999999784e+186
1.797200000000000078e+189
4.235279999999999649e+187
4.508600000000000015e+185
6.658219999999999461e+181
6.156719999999999610e+180
2.012499999999999984e+178
8.839129999999999786e+181
4.174179999999999772e+180
5.693380000000000384e+180
3.674879999999999715e+181
4.318229999999999900e+179
5.913039999999999747e+177
8.088060000000000094e+177
3.179999999999999821e+177
1.696610000000000086e+176
5.697609999999999800e+175
9.162090000000000378e+178
1.555999999999999926e+178
1.390580000000000141e+179
2.442790000000000168e+178
9.998670000000000143e+177
4.166769999999999975e+176
7.240960000000000064e+174
3.025330000000000171e+175
3.098129999999999953e+177
1.217530000000000050e+177
5.739929999999999640e+176
1.391749999999999881e+173
3.078840000000000122e+172
1.511819999999999925e+170
7.123130000000000347e+168
1.938580000000000012e+168
4.843769999999999810e+170
4.114109999999999798e+166
2.633039999999999767e+167
5.191110000000000137e+168
2.343759999999999846e+166
1.140570000000000068e+168
5.672020000000000082e+166
5.496939999999999685e+166
3.674350000000000012e+165
1.132909999999999913e+165
9.560229999999999781e+165
1.254720000000000004e+166
2.519149999999999890e+168
2.489459999999999859e+168
4.787349999999999765e+170
6.332640000000000371e+169
3.873190000000000328e+171
1.379850000000000097e+170
6.869160000000000087e+172
3.814749999999999739e+176
6.040220000000000514e+173
2.477269999999999979e+171
7.023420000000000101e+171
1.370830000000000118e+173
2.858909999999999975e+174
1.460580000000000015e+172
5.315019999999999665e+174
2.423440000000000184e+171
1.034250000000000077e+172
2.623549999999999986e+176
1.817309999999999927e+177
2.181619999999999836e+175
3.265810000000000159e+176
2.274850000000000177e+174
1.229759999999999939e+176
3.531869999999999725e+176
1.418720000000000033e+178
1.100360000000000063e+178
3.976149999999999905e+175
1.202540000000000036e+175
1.912729999999999885e+178
1.880109999999999915e+181
7.040749999999999901e+180
3.666289999999999977e+183
4.389080000000000294e+182
6.440790000000000282e+180
1.455329999999999985e+182
1.944340000000000114e+180
7.170700000000000258e+181
1.380529999999999852e+185
4.420370000000000050e+189
6.074780000000000352e+189
3.673940000000000258e+191
5.464550000000000327e+189
2.164759999999999890e+189
2.527250000000000104e+188
1.826059999999999884e+185
2.745970000000000122e+186
9.763520000000000273e+185
1.403890000000000147e+188
4.005569999999999789e+188
3.762160000000000101e+188
1.275629999999999904e+189
3.299079999999999926e+187
2.042799999999999902e+186
1.246099999999999953e+186
1.791179999999999883e+189
1.500430000000000056e+187
6.665880000000000359e+186
9.082510000000000368e+187
1.140409999999999999e+185
2.431730000000000016e+185
2.114300000000000182e+184
5.137889999999999953e+186
4.678009999999999761e+185
4.712809999999999584e+183
3.669119999999999918e+182
1.142960000000000083e+181
3.469650000000000049e+181
5.214770000000000283e+182
4.877370000000000238e+184
7.220829999999999598e+182
3.023010000000000179e+179
3.591490000000000301e+178
6.903230000000000162e+182
1.180229999999999923e+184
5.683289999999999978e+183
1.024580000000000030e+186
1.854570000000000084e+183
1.375240000000000048e+186
7.401850000000000589e+187
3.287230000000000268e+185
8.902310000000000072e+185
1.805549999999999912e+186
1.074079999999999975e+185
1.182270000000000051e+186
5.040260000000000368e+184
4.622989999999999857e+185
1.235740000000000053e+181
3.919279999999999748e+179
4.974279999999999917e+179
9.297839999999999987e+179
1.299820000000000023e+181
1.180959999999999937e+183
8.762259999999999875e+180
6.735629999999999754e+180
1.973099999999999928e+183
3.250930000000000173e+181
3.589000000000000140e+181
2.243369999999999924e+182
4.215169999999999994e+182
8.675539999999999460e+181
4.502539999999999653e+177
1.456320000000000054e+179
9.929499999999999608e+177
3.159919999999999981e+177
9.000840000000000364e+174
2.741059999999999964e+175
2.578379999999999851e+176
2.475420000000000125e+175
1.024569999999999975e+174
2.131190000000000053e+178
2.021019999999999979e+176
2.109050000000000150e+177
2.080130000000000067e+176
6.230040000000000016e+179
3.071819999999999850e+181
2.822310000000000133e+182
6.419539999999999889e+181
5.546140000000000453e+179
6.009370000000000325e+178
6.367869999999999841e+176
1.821760000000000110e+176
2.461100000000000011e+175
8.298320000000000493e+173
7.540029999999999988e+174
2.023020000000000138e+174
1.746709999999999954e+174
1.970770000000000066e+173
6.073219999999999668e+172
1.741359999999999998e+171
1.940110000000000120e+170
6.718659999999999861e+169
3.806999999999999722e+169
6.148540000000000111e+169
1.540729999999999939e+172
1.927069999999999945e+170
5.826099999999999825e+171
4.515140000000000124e+171
1.201589999999999944e+170
1.089219999999999941e+169
3.924420000000000195e+171
2.064239999999999922e+174
6.616109999999999704e+173
1.156730000000000068e+175
2.373810000000000042e+176
2.427669999999999868e+179
3.131369999999999781e+180
3.448699999999999929e+179
2.636829999999999725e+176
8.479250000000000224e+175
4.876010000000000351e+180
4.374730000000000110e+183
1.508870000000000104e+188
1.498599999999999964e+184
7.550969999999999906e+184
2.188309999999999966e+188
1.103940000000000051e+188
4.232639999999999839e+190
5.008420000000000120e+188
4.598789999999999845e+184
2.900279999999999794e+182
2.187109999999999845e+183
1.532619999999999974e+186
1.294060000000000064e+190
2.834840000000000202e+192
9.069090000000000125e+194
2.619750000000000138e+196
3.346530000000000172e+197
8.786469999999999480e+198
2.284650000000000022e+201
7.192440000000000397e+198
1.638300000000000062e+197
6.690180000000000304e+196
3.280439999999999964e+199
3.698000000000000037e+201
1.009829999999999935e+199
3.372980000000000136e+198
5.016190000000000215e+197
1.294220000000000015e+198
2.061220000000000083e+196
6.291489999999999835e+196
5.458509999999999608e+198
8.651370000000000262e+197
5.624339999999999893e+195
2.243250000000000107e+199
2.461530000000000040e+200
7.770700000000000326e+197
3.120780000000000177e+200
3.194730000000000099e+199
1.216189999999999938e+203
3.851059999999999911e+202
4.130930000000000213e+203
2.053659999999999904e+201
2.366590000000000093e+203
5.585120000000000332e+202
5.111449999999999655e+199
5.146590000000000178e+198
3.996570000000000071e+195
1.517469999999999974e+196
1.713019999999999937e+197
1.950700000000000019e+194
1.931060000000000092e+195
6.179659999999999773e+198
8.618520000000000626e+200
6.034959999999999753e+200
2.423819999999999853e+202
4.260099999999999699e+199
1.859470000000000042e+199
9.717770000000000086e+197
7.623829999999999575e+196
4.717969999999999925e+196
3.180479999999999765e+194
6.946319999999999772e+190
1.504629999999999925e+191
3.123660000000000113e+190
2.498890000000000116e+190
8.291549999999999814e+192
5.320599999999999610e+193
5.100290000000000316e+191
1.404989999999999885e+192
6.177480000000000586e+191
1.157809999999999905e+190
6.420540000000000028e+190
1.423459999999999911e+189
1.986759999999999913e+190
8.596929999999999862e+190
1.064869999999999977e+192
3.541560000000000150e+190
2.039080000000000129e+193
3.273209999999999829e+190
4.064420000000000113e+191
1.176790000000000047e+186
2.446730000000000052e+183
3.536750000000000193e+183
8.730479999999999869e+181
1.826040000000000152e+181
6.352579999999999725e+182
1.010259999999999938e+179
3.303939999999999919e+179
1.811420000000000061e+183
3.070619999999999861e+183
9.519559999999999871e+182
8.973520000000000026e+181
3.095549999999999887e+181
6.668889999999999506e+179
1.794490000000000048e+178
7.613690000000000187e+178
2.803859999999999841e+177
8.532960000000000332e+176
3.792460000000000291e+178
7.072589999999999929e+177
2.511479999999999857e+179
3.175340000000000194e+180
7.202700000000000040e+179
4.187359999999999797e+179
7.504570000000000154e+182
1.103600000000000051e+183
7.894659999999999857e+183
8.300360000000000451e+183
8.150620000000000236e+183
4.771610000000000098e+184
5.389209999999999813e+181
3.098910000000000205e+179
1.915169999999999926e+179
1.267140000000000053e+178
3.969759999999999896e+179
4.649269999999999944e+183
1.685139999999999947e+181
4.738970000000000201e+182
1.606140000000000066e+180
2.459569999999999916e+179
7.052750000000000463e+175
2.512170000000000109e+175
1.611590000000000034e+172
7.480749999999999867e+171
7.393470000000000535e+173
1.535090000000000061e+173
1.612650000000000067e+174
9.889379999999999465e+175
3.023920000000000223e+177
1.406239999999999971e+181
2.824450000000000204e+180
1.417869999999999995e+178
1.407959999999999958e+178
3.677010000000000109e+177
6.135260000000000318e+175
2.177689999999999827e+177
2.526860000000000068e+179
5.415429999999999984e+181
1.586610000000000087e+183
2.714169999999999975e+188
6.473069999999999910e+191
2.669279999999999856e+192
7.054559999999999777e+190
8.310010000000000555e+191
2.646909999999999946e+190
5.131079999999999817e+188
8.024800000000000325e+188
1.404829999999999908e+190
1.377539999999999958e+190
1.821910000000000143e+190
1.741280000000000017e+192
8.073959999999999706e+191
2.769020000000000114e+190
1.001600000000000040e+193
1.838350000000000079e+192
2.016489999999999960e+192
1.524299999999999996e+195
1.292999999999999932e+196
1.306650000000000025e+193
2.003729999999999973e+192
5.316870000000000424e+195
3.294740000000000026e+198
4.115499999999999614e+199
9.166080000000000502e+201
1.082630000000000039e+204
3.019689999999999925e+202
3.840669999999999711e+200
3.372040000000000206e+199
3.740340000000000061e+199
3.141109999999999863e+196
7.492109999999999532e+196
1.894299999999999969e+192
5.742389999999999889e+186
4.301670000000000043e+186
9.119839999999999101e+186
2.920220000000000112e+184
7.880319999999999904e+183
2.240660000000000033e+182
5.823060000000000089e+180
1.563130000000000086e+183
5.436600000000000249e+178
3.283769999999999826e+175
2.510059999999999928e+173
2.104639999999999983e+175
5.344480000000000407e+174
1.175299999999999998e+176
8.046130000000000454e+176
2.031519999999999895e+176
1.166470000000000076e+177
4.195829999999999704e+177
4.953919999999999925e+179
3.089500000000000084e+180
7.701840000000000556e+178
6.528179999999999718e+176
2.937800000000000050e+174
1.277869999999999949e+173
4.430720000000000418e+174
5.555980000000000345e+175
5.215599999999999765e+178
1.616520000000000095e+180
1.198439999999999955e+186
1.595469999999999940e+186
2.911689999999999889e+186
3.521839999999999849e+188
4.859399999999999770e+188
6.314349999999999528e+189
3.760029999999999947e+190
4.177090000000000291e+188
9.684210000000000662e+184
1.726289999999999890e+186
9.089159999999999821e+184
1.714329999999999998e+184
1.366060000000000076e+184
9.363889999999999690e+182
4.511940000000000155e+185
2.781789999999999715e+185
5.365940000000000213e+184
3.481060000000000147e+183
6.032589999999999805e+181
2.283379999999999988e+181
1.010760000000000071e+181
8.280299999999999705e+182
2.486340000000000058e+179
2.668410000000000017e+182
2.735659999999999929e+182
1.662530000000000076e+184
4.198349999999999784e+183
6.034930000000000317e+184
3.719030000000000208e+186
2.398550000000000101e+186
1.512279999999999922e+188
5.686489999999999590e+186
2.960000000000000143e+188
1.917560000000000033e+189
