     0.0000000        1.51261993        0.00080934
     0.1000000        1.28735145        0.00156126
     0.2000000        1.11206697        0.00250841
     0.3000000        0.97496998        0.00215423
     0.4000000        0.86341218        0.00305362
     0.5000000        0.77167728        0.00341191
     0.6000000        0.69288073        0.00432629
     0.7000000        0.62564915        0.00496194
     0.8000000        0.56922752        0.00625351
     0.9000000        0.52117197        0.00689820
     1.0000000        0.48013158        0.00683978
     1.1000000        0.44642739        0.00612920
     1.2000000        0.41875190        0.00628264
     1.3000000        0.39322397        0.00625846
     1.4000000        0.36838023        0.00587436
     1.5000000        0.34559785        0.00499758
     1.6000000        0.32653977        0.00410689
     1.7000000        0.31054095        0.00413720
     1.8000000        0.29609829        0.00548785
     1.9000000        0.28324119        0.00665673
     2.0000000        0.27403033        0.00871497
     2.1000000        0.26370368        0.01108441
     2.2000000        0.25368721        0.01283780
     2.3000000        0.24511174        0.01304002
     2.4000000        0.23720980        0.01319353
     2.5000000        0.22926409        0.01384890
     2.6000000        0.22239761        0.01425481
     2.7000000        0.21627411        0.01444895
     2.8000000        0.20933447        0.01512149
     2.9000000        0.20363749        0.01503387
     3.0000000        0.19464884        0.01515775
     3.1000000        0.18956310        0.01505131
     3.2000000        0.18665738        0.01568459
     3.3000000        0.18281654        0.01784752
     3.4000000        0.17955022        0.01900017
     3.5000000        0.17617947        0.01833165
     3.6000000        0.17446526        0.01804990
     3.7000000        0.17399827        0.01781276
     3.8000000        0.17087206        0.01728459
     3.9000000        0.16893914        0.01708701
     4.0000000        0.16783905        0.01628465
     4.1000000        0.16749771        0.01657627
     4.2000000        0.16506106        0.01573534
     4.3000000        0.16331135        0.01417082
     4.4000000        0.16060939        0.01429648
     4.5000000        0.16036925        0.01529959
     4.6000000        0.16109071        0.01574060
     4.7000000        0.16303324        0.01563035
     4.8000000        0.16392654        0.01524968
     4.9000000        0.16513765        0.01475659
     5.0000000        0.16494904        0.01424455
     5.1000000        0.16426054        0.01306390
     5.2000000        0.16444971        0.01306381
     5.3000000        0.16298938        0.01308540
     5.4000000        0.16313526        0.01348801
     5.5000000        0.16384365        0.01469974
     5.6000000        0.16385720        0.01544062
     5.7000000        0.16705160        0.01611576
     5.8000000        0.16837938        0.01627414
     5.9000000        0.17118027        0.01694678
     6.0000000        0.17562692        0.01664160
     6.1000000        0.17773429        0.01718584
     6.2000000        0.18064763        0.01743394
     6.3000000        0.18410054        0.01697421
     6.4000000        0.18740621        0.01747653
     6.5000000        0.19056446        0.01862740
     6.6000000        0.19178267        0.01868173
     6.7000000        0.19426763        0.01870069
     6.8000000        0.19885541        0.01871424
     6.9000000        0.20138570        0.01815848
     7.0000000        0.20465905        0.01772998
     7.1000000        0.20953081        0.01692446
     7.2000000        0.21531977        0.01686690
     7.3000000        0.21982040        0.01606426
     7.4000000        0.22681067        0.01628417
     7.5000000        0.23375184        0.01795935
     7.6000000        0.23969209        0.01905877
     7.7000000        0.24708126        0.01908379
     7.8000000        0.25683770        0.01812279
     7.9000000        0.26685459        0.01813319
     8.0000000        0.27844865        0.01817600
     8.1000000        0.29070853        0.01761971
     8.2000000        0.30264437        0.01676099
     8.3000000        0.31851738        0.01471392
     8.4000000        0.33524821        0.01321534
     8.5000000        0.35354294        0.01196709
     8.6000000        0.37425088        0.01135229
     8.7000000        0.39584136        0.01013177
     8.8000000        0.42309502        0.00932629
     8.9000000        0.45160184        0.00904975
     9.0000000        0.48578161        0.00829904
     9.1000000        0.52529579        0.00727412
     9.2000000        0.57137828        0.00711290
     9.3000000        0.62748117        0.00731958
     9.4000000        0.69104662        0.00554860
     9.5000000        0.76692013        0.00310911
     9.6000000        0.86011333        0.00206786
     9.7000000        0.97253947        0.00196285
     9.8000000        1.11144723        0.00221261
     9.9000000        1.28785224        0.00157559
    10.0000000        1.51261993        0.00080934
