     0.0000000        0.27947379        0.01908687
     0.1000000        0.13248811        0.01843921
     0.2000000        0.07129628        0.01733739
     0.3000000        0.04242901        0.01470093
     0.4000000        0.02768049        0.01277381
     0.5000000        0.02011722        0.01266253
     0.6000000        0.01773439        0.01121161
     0.7000000        0.01517648        0.01035851
     0.8000000        0.01386199        0.00908189
     0.9000000        0.01237758        0.00734438
     1.0000000        0.01034613        0.00603280
     1.1000000        0.01070217        0.00442668
     1.2000000        0.01117538        0.00522151
     1.3000000        0.00907486        0.00744209
     1.4000000        0.00684475        0.00693645
     1.5000000        0.00816522        0.00534250
     1.6000000        0.00648459        0.00649394
     1.7000000        0.00583990        0.00614673
     1.8000000        0.00551653        0.00610141
     1.9000000        0.00588964        0.00475479
     2.0000000        0.00448987        0.00420091
     2.1000000        0.00588158        0.00492263
     2.2000000        0.00434253        0.00542339
     2.3000000        0.00382178        0.00561204
     2.4000000        0.00433650        0.00589198
     2.5000000        0.00459233        0.00608001
     2.6000000        0.00446521        0.00547140
     2.7000000        0.00472266        0.00360070
     2.8000000        0.00338844        0.00385558
     2.9000000        0.00281152        0.00554872
     3.0000000        0.00214242        0.00627923
     3.1000000        0.00210359        0.00494772
     3.2000000        0.00287937        0.00446494
     3.3000000        0.00168547        0.00470951
     3.4000000        0.00113329        0.00595792
     3.5000000        0.00049787        0.00711125
     3.6000000        0.00070575        0.00683025
     3.7000000        0.00075547        0.00777945
     3.8000000        0.00182736        0.00829366
     3.9000000        0.00250726        0.00837083
     4.0000000        0.00174458        0.00712673
     4.1000000        0.00070844        0.00624504
     4.2000000        0.00065016        0.00581919
     4.3000000        0.00241995        0.00640142
     4.4000000        0.00307643        0.00635482
     4.5000000        0.00357955        0.00635085
     4.6000000        0.00453467        0.00522166
     4.7000000        0.00527695        0.00341176
     4.8000000        0.00505589        0.00482206
     4.9000000        0.00485147        0.00556851
     5.0000000        0.00491619        0.00672907
     5.1000000        0.00403043        0.00744471
     5.2000000        0.00364672        0.00769648
     5.3000000        0.00359331        0.00903788
     5.4000000        0.00410462        0.00896229
     5.5000000        0.00412431        0.00881784
     5.6000000        0.00412795        0.00899567
     5.7000000        0.00424647        0.00804318
     5.8000000        0.00377862        0.00767532
     5.9000000        0.00473460        0.00877788
     6.0000000        0.00544024        0.00715299
     6.1000000        0.00572144        0.00635507
     6.2000000        0.00594777        0.00872518
     6.3000000        0.00656423        0.00974709
     6.4000000        0.00732712        0.01004765
     6.5000000        0.00789677        0.00982950
     6.6000000        0.00825514        0.00888042
     6.7000000        0.00810009        0.00727522
     6.8000000        0.00715788        0.00823922
     6.9000000        0.00468746        0.00933804
     7.0000000        0.00263650        0.01125189
     7.1000000        0.00131831        0.01063266
     7.2000000       -0.00029190        0.01238101
     7.3000000       -0.00042776        0.01330808
     7.4000000        0.00012816        0.01178644
     7.5000000        0.00065586        0.01156654
     7.6000000        0.00081071        0.01005155
     7.7000000        0.00103867        0.00952547
     7.8000000        0.00115184        0.00924757
     7.9000000        0.00154503        0.00857727
     8.0000000        0.00282612        0.00994636
     8.1000000        0.00468086        0.00987769
     8.2000000        0.00523821        0.00861908
     8.3000000        0.00373206        0.00993557
     8.4000000        0.00516691        0.00956960
     8.5000000        0.00469920        0.00909008
     8.6000000        0.00481507        0.00935223
     8.7000000        0.00711833        0.00715062
     8.8000000        0.00900429        0.00638046
     8.9000000        0.00873591        0.00652364
     9.0000000        0.00977085        0.00711289
     9.1000000        0.01041451        0.00806355
     9.2000000        0.01327174        0.00872071
     9.3000000        0.01447003        0.00874389
     9.4000000        0.01533678        0.01108237
     9.5000000        0.01972636        0.01271307
     9.6000000        0.02823701        0.01336062
     9.7000000        0.04311876        0.01626076
     9.8000000        0.07148332        0.01805063
     9.9000000        0.13474680        0.01962421
    10.0000000        0.27947379        0.01908687
