     0.0000000        0.06346947        0.00194390
     0.1000000        0.03501487        0.00292076
     0.2000000        0.02163323        0.00305246
     0.3000000        0.01255157        0.00264727
     0.4000000        0.00873022        0.00242896
     0.5000000        0.00351475        0.00195583
     0.6000000        0.00177887        0.00161486
     0.7000000        0.00239380        0.00149255
     0.8000000        0.00102812        0.00149938
     0.9000000        0.00065675        0.00172131
     1.0000000        0.00042117        0.00203845
     1.1000000        0.00018594        0.00211838
     1.2000000        0.00391798        0.00234297
     1.3000000        0.00258853        0.00191151
     1.4000000        0.00018902        0.00217403
     1.5000000        0.00044725        0.00171572
     1.6000000        0.00075067        0.00228723
     1.7000000        0.00316690        0.00247640
     1.8000000        0.00347604        0.00194528
     1.9000000        0.00223840        0.00266576
     2.0000000        0.00207724        0.00219116
     2.1000000       -0.00055191        0.00179211
     2.2000000        0.00045441        0.00155833
     2.3000000        0.00251277        0.00210914
     2.4000000        0.00321071        0.00392275
     2.5000000        0.00439985        0.00443194
     2.6000000        0.00170610        0.00264436
     2.7000000        0.00212630        0.00211879
     2.8000000        0.00014358        0.00159081
     2.9000000        0.00110715        0.00442857
     3.0000000        0.00124167        0.00240310
     3.1000000       -0.00208652        0.00235302
     3.2000000        0.00002130        0.00198270
     3.3000000        0.00253064        0.00280484
     3.4000000       -0.00009145        0.00235697
     3.5000000        0.00100104        0.00192312
     3.6000000        0.00187876        0.00174232
     3.7000000        0.00207642        0.00142820
     3.8000000        0.00149829        0.00158776
     3.9000000        0.00053833        0.00203801
     4.0000000        0.00237572        0.00063745
     4.1000000        0.00222064        0.00084186
     4.2000000        0.00092378        0.00082874
     4.3000000        0.00033642        0.00111943
     4.4000000       -0.00023326        0.00113261
     4.5000000        0.00151045        0.00088170
     4.6000000        0.00104562        0.00198834
     4.7000000        0.00271082        0.00133614
     4.8000000        0.00072749        0.00127928
     4.9000000       -0.00004772        0.00081356
     5.0000000       -0.00055988        0.00074347
     5.1000000       -0.00105768        0.00057312
     5.2000000       -0.00027966        0.00077695
     5.3000000       -0.00055323        0.00065384
     5.4000000       -0.00064848        0.00177463
     5.5000000       -0.00311069        0.00289523
     5.6000000       -0.00133468        0.00164333
     5.7000000       -0.00023620        0.00108215
     5.8000000       -0.00035664        0.00108589
     5.9000000       -0.00075201        0.00093986
     6.0000000        0.00038082        0.00131202
     6.1000000        0.00211167        0.00183667
     6.2000000        0.00233606        0.00234393
     6.3000000        0.00037870        0.00118385
     6.4000000        0.00008258        0.00207586
     6.5000000        0.00453571        0.00383070
     6.6000000        0.00179164        0.00106644
     6.7000000        0.00172878        0.00137422
     6.8000000        0.00215597        0.00140601
     6.9000000        0.00074162        0.00114024
     7.0000000        0.00059024        0.00108150
     7.1000000        0.00055010        0.00157924
     7.2000000       -0.00230632        0.00178942
     7.3000000        0.00036414        0.00188436
     7.4000000        0.00012025        0.00123559
     7.5000000        0.00055966        0.00179925
     7.6000000       -0.00027897        0.00174362
     7.7000000       -0.00217527        0.00151446
     7.8000000       -0.00189512        0.00102383
     7.9000000       -0.00029245        0.00217905
     8.0000000        0.00230935        0.00174578
     8.1000000        0.00230636        0.00156896
     8.2000000        0.00055676        0.00169032
     8.3000000        0.00433873        0.00267127
     8.4000000        0.00583339        0.00265462
     8.5000000        0.00735302        0.00205925
     8.6000000        0.00704517        0.00204589
     8.7000000        0.01152409        0.00154006
     8.8000000        0.01767819        0.00163276
     8.9000000        0.02428934        0.00250499
     9.0000000        0.03527060        0.00216494
     9.1000000        0.04740130        0.00205939
     9.2000000        0.07223186        0.00204606
     9.3000000        0.11001753        0.00239827
     9.4000000        0.16396027        0.00311545
     9.5000000        0.23936115        0.00230480
     9.6000000        0.35527665        0.00168513
     9.7000000        0.53820716        0.00271859
     9.8000000        0.81870014        0.00206886
     9.9000000        1.25644578        0.00182298
    10.0000000        1.93653053        0.00194390
