1.835820000000000108e+30
3.556643631999999780e+41
2.286703690000000208e+43
1.874445896999999928e+35
1.885461963999999987e+32
1.145183812999999944e+32
1.900646059999999820e+44
6.797472224999999626e+35
2.574076322999999807e+41
9.713178891999999516e+36
1.620747069999999945e+31
3.650500718000000099e+37
9.612325868000000115e+43
2.191834847999999940e+42
1.946118382000000042e+49
1.498333668000000052e+37
3.033895640999999922e+43
9.716940961000000725e+34
4.213386382999999957e+35
6.522800854999999818e+38
4.271562544000000169e+43
5.975925098000000083e+44
9.091228059999999665e+29
5.622659213000000354e+40
3.085892231000000220e+31
2.340264892999999909e+36
1.352001609999999968e+40
1.464046015000000027e+51
1.845426326999999900e+35
1.341394632000000004e+34
7.138587778000000326e+47
7.176739141999999680e+38
3.117638878000000102e+39
1.166229375000000071e+31
3.428783427999999924e+38
7.368930606999999938e+28
2.722769970000000039e+44
6.344391514000000121e+33
7.322176376999999818e+38
1.407942674999999947e+41
1.642255681999999916e+38
1.001563583999999992e+35
3.432480504999999856e+44
2.139958778000000092e+31
4.256849171000000131e+41
1.406391152000000070e+36
2.482081977999999980e+34
2.027663272999999872e+38
5.244973060999999930e+32
6.176155900000000189e+36
6.395837878999999782e+45
3.501737465000000073e+33
4.529905659000000156e+35
7.273879654000000328e+30
1.433714531000000095e+42
5.451690783000000053e+31
1.223747712999999929e+33
3.919554908000000126e+35
1.308855546000000082e+32
1.029073325999999951e+39
5.038632995000000349e+44
1.356431407999999947e+42
4.396551125999999566e+40
1.888983077000000052e+36
2.278288606000000044e+34
1.731768086000000114e+35
8.570429901000000287e+30
2.138683955000000151e+41
2.326392582999999866e+43
9.002174349000000378e+34
2.182033258999999917e+36
3.583122953999999843e+34
1.880505159999999895e+34
2.373262454999999975e+27
3.384854202000000307e+35
7.502448856999999554e+44
6.356324222999999819e+29
1.035659536999999988e+37
2.959242259999999968e+51
1.696076351000000062e+46
8.729584076000000464e+41
2.358670965000000105e+48
3.077089089000000142e+43
6.472833035000000487e+49
2.205759065000000197e+37
1.491428498999999978e+43
3.423286869999999913e+33
6.975750252999999686e+44
2.387556188999999885e+34
5.187224232999999777e+30
1.493368656000000068e+51
3.069051285999999844e+40
3.967778800999999719e+47
1.105634279999999996e+45
1.695203799999999981e+40
4.759166181999999707e+38
2.708674342999999971e+37
5.088225265999999782e+40
1.101221556999999999e+41
2.198263632000000057e+42
