4.538719999999999709e+04
4.538719999999999709e+04
3.511450000000000000e+04
4.421619999999999709e+04
4.421619999999999709e+04
2.786350000000000000e+04
3.352930000000000291e+04
2.347640000000000146e+04
2.347640000000000146e+04
2.982040000000000146e+04
3.228320000000000073e+04
3.316569999999999709e+04
1.140740000000000000e+05
6.893110000000000582e+04
7.425989999999999418e+04
1.880090000000000000e+05
1.880090000000000000e+05
2.720530000000000000e+05
6.534810000000000000e+05
2.499610000000000000e+06
9.907090000000000000e+06
9.907090000000000000e+06
9.907090000000000000e+06
9.907090000000000000e+06
9.907090000000000000e+06
6.663030000000000000e+06
6.663030000000000000e+06
6.663030000000000000e+06
6.663030000000000000e+06
1.031800000000000000e+07
3.517780000000000000e+07
3.517780000000000000e+07
3.517780000000000000e+07
3.517780000000000000e+07
3.517780000000000000e+07
1.434310000000000000e+08
1.434310000000000000e+08
4.240360000000000000e+08
4.240360000000000000e+08
4.240360000000000000e+08
1.041750000000000000e+08
3.645260000000000000e+07
1.458290000000000000e+08
1.458290000000000000e+08
1.458290000000000000e+08
4.221890000000000000e+08
4.221890000000000000e+08
4.221890000000000000e+08
4.221890000000000000e+08
4.221890000000000000e+08
4.221890000000000000e+08
1.042910000000000000e+08
1.042910000000000000e+08
1.042910000000000000e+08
1.042910000000000000e+08
2.924510000000000000e+07
2.924510000000000000e+07
1.122900000000000000e+08
1.122900000000000000e+08
1.122900000000000000e+08
3.153780000000000000e+07
8.502250000000000000e+06
8.502250000000000000e+06
8.502250000000000000e+06
8.502250000000000000e+06
3.154730000000000000e+06
3.154730000000000000e+06
3.154730000000000000e+06
3.154730000000000000e+06
3.154730000000000000e+06
3.154730000000000000e+06
3.154730000000000000e+06
9.948250000000000000e+06
3.001050000000000000e+07
3.001050000000000000e+07
1.058170000000000000e+07
1.058170000000000000e+07
1.058170000000000000e+07
1.058170000000000000e+07
8.028240000000000000e+06
8.028240000000000000e+06
8.028240000000000000e+06
8.028240000000000000e+06
1.067090000000000000e+07
1.067090000000000000e+07
3.681850000000000000e+06
1.043150000000000000e+06
2.709990000000000000e+06
2.709990000000000000e+06
2.198490000000000000e+06
6.220280000000000000e+05
2.434260000000000000e+05
7.509030000000000000e+05
1.067890000000000000e+06
4.381860000000000000e+05
3.757780000000000000e+05
1.033740000000000000e+05
2.855760000000000000e+05
2.071330000000000000e+05
3.637420000000000000e+05
1.087460000000000000e+05
1.087460000000000000e+05
1.597170000000000000e+05
4.589590000000000000e+05
1.616650000000000000e+05
1.616650000000000000e+05
4.313100000000000000e+05
1.573160000000000000e+05
1.000490000000000000e+05
4.035259999999999854e+04
9.804680000000000291e+04
9.804680000000000291e+04
1.363620000000000000e+05
1.117780000000000000e+05
3.124580000000000000e+05
8.291610000000000000e+05
2.266870000000000000e+06
2.776570000000000000e+06
2.776570000000000000e+06
1.004510000000000000e+07
3.392440000000000000e+07
8.479370000000000000e+07
8.479370000000000000e+07
8.479370000000000000e+07
3.421820000000000000e+08
1.525550000000000000e+08
6.942650000000000000e+07
6.942650000000000000e+07
6.942650000000000000e+07
9.779050000000000000e+07
1.304160000000000000e+08
1.304160000000000000e+08
1.304160000000000000e+08
4.481700000000000000e+08
1.332050000000000000e+09
7.823110000000000000e+08
1.691830000000000000e+08
8.261600000000000000e+08
3.557760000000000000e+09
5.763790000000000000e+09
5.763790000000000000e+09
5.763790000000000000e+09
2.768990000000000000e+10
2.572920000000000000e+10
2.572920000000000000e+10
2.984530000000000000e+09
3.067220000000000000e+09
9.169120000000000000e+10
4.929750000000000000e+10
1.095960000000000000e+11
5.469000000000000000e+11
4.525310000000000000e+12
4.525310000000000000e+12
3.199310000000000000e+13
1.466690000000000000e+14
7.608360000000000000e+14
7.608360000000000000e+14
7.608360000000000000e+14
7.608360000000000000e+14
4.650270000000000000e+15
4.650270000000000000e+15
2.157270000000000000e+15
4.108550000000000000e+15
1.354810000000000000e+16
3.896310000000000000e+16
3.056650000000000000e+17
3.056650000000000000e+17
3.056650000000000000e+17
3.056650000000000000e+17
1.894560000000000000e+18
1.825550000000000000e+18
7.607830000000000000e+18
1.259690000000000000e+19
6.298760000000000000e+19
8.165520000000000000e+19
8.165520000000000000e+19
1.897700000000000000e+20
1.897700000000000000e+20
4.599140000000000000e+20
4.599140000000000000e+20
4.599140000000000000e+20
2.708220000000000131e+21
9.845589999999999017e+21
9.845589999999999017e+21
3.618020000000000184e+22
1.804610000000000071e+23
7.536089999999999746e+23
7.536089999999999746e+23
3.218789999999999902e+24
1.557359999999999977e+25
6.822960000000000330e+25
6.822960000000000330e+25
3.008359999999999842e+26
3.008359999999999842e+26
3.008359999999999842e+26
3.008359999999999842e+26
3.008359999999999842e+26
1.624660000000000080e+25
5.317809999999999780e+25
2.456670000000000081e+26
2.456670000000000081e+26
2.456670000000000081e+26
2.456670000000000081e+26
2.185380000000000096e+27
2.185380000000000096e+27
2.185380000000000096e+27
4.116200000000000316e+26
1.075600000000000014e+27
1.075600000000000014e+27
1.027679999999999899e+28
1.180549999999999966e+29
6.891810000000000265e+28
6.453340000000000094e+28
4.398389999999999920e+29
1.444800000000000072e+30
2.986999999999999922e+30
2.986999999999999922e+30
1.619619999999999968e+31
7.321110000000000180e+31
2.483120000000000082e+32
2.483120000000000082e+32
1.240630000000000037e+33
5.644420000000000288e+33
2.275439999999999807e+34
8.022599999999999657e+33
3.890300000000000093e+34
1.689900000000000053e+35
7.160319999999999346e+35
5.056410000000000115e+35
5.056410000000000115e+35
2.358640000000000057e+36
2.358640000000000057e+36
4.478729999999999932e+36
2.271550000000000076e+37
1.023919999999999996e+38
1.023919999999999996e+38
3.472859999999999769e+38
1.673460000000000069e+39
1.673460000000000069e+39
1.673460000000000069e+39
6.951520000000000070e+39
6.951520000000000070e+39
6.951520000000000070e+39
2.253709999999999999e+39
2.253709999999999999e+39
2.253709999999999999e+39
2.253709999999999999e+39
2.027710000000000004e+39
1.119060000000000061e+40
1.119060000000000061e+40
8.123550000000000038e+39
8.123550000000000038e+39
2.713360000000000034e+40
1.159230000000000001e+42
7.676010000000000297e+42
2.431899999999999881e+42
2.431899999999999881e+42
7.726640000000000008e+41
5.251050000000000034e+41
3.444090000000000043e+41
9.535080000000000094e+40
4.241449999999999962e+40
4.584550000000000209e+40
6.868469999999999524e+40
6.868469999999999524e+40
3.982809999999999814e+40
6.134330000000000173e+40
1.737239999999999954e+41
5.519969999999999789e+40
4.536179999999999664e+40
1.003889999999999912e+41
3.755410000000000120e+41
3.755410000000000120e+41
5.371190000000000294e+41
1.706789999999999892e+42
1.706789999999999892e+42
6.519919999999999761e+41
1.653189999999999945e+42
6.585400000000000036e+42
6.585400000000000036e+42
4.418830000000000096e+42
1.566639999999999954e+43
1.566639999999999954e+43
6.261299999999999843e+43
9.930490000000000921e+43
9.930490000000000921e+43
9.930490000000000921e+43
2.456140000000000002e+43
7.483190000000000134e+43
7.483190000000000134e+43
7.483190000000000134e+43
7.483190000000000134e+43
7.483190000000000134e+43
7.483190000000000134e+43
7.483190000000000134e+43
2.015269999999999970e+43
7.469589999999999513e+43
7.469589999999999513e+43
7.469589999999999513e+43
7.469589999999999513e+43
2.244499999999999924e+43
2.244499999999999924e+43
5.690749999999999651e+42
5.690749999999999651e+42
1.885710000000000109e+43
1.885710000000000109e+43
1.885710000000000109e+43
1.885710000000000109e+43
1.885710000000000109e+43
1.885710000000000109e+43
1.885710000000000109e+43
7.445969999999999743e+42
7.445969999999999743e+42
7.445969999999999743e+42
2.105289999999999940e+42
1.873199999999999941e+42
1.873199999999999941e+42
1.873199999999999941e+42
1.873199999999999941e+42
2.024100000000000130e+42
5.841770000000000387e+41
5.841770000000000387e+41
5.841770000000000387e+41
5.301430000000000307e+41
1.970260000000000016e+41
1.970260000000000016e+41
6.714309999999999942e+40
9.543809999999999210e+40
8.884190000000000316e+40
8.884190000000000316e+40
7.496090000000000455e+40
3.623229999999999925e+40
5.483929999999999689e+40
1.518969999999999943e+40
1.875800000000000106e+40
3.668290000000000134e+40
1.950320000000000079e+40
1.950320000000000079e+40
1.950320000000000079e+40
6.171929999999999882e+40
6.583819999999999678e+40
6.583819999999999678e+40
3.618239999999999934e+40
1.438960000000000117e+40
3.507420000000000088e+40
3.507420000000000088e+40
5.759930000000000127e+40
4.066469999999999941e+40
1.519090000000000084e+41
1.519090000000000084e+41
1.158059999999999965e+41
1.222109999999999986e+41
1.222109999999999986e+41
1.222109999999999986e+41
1.685949999999999941e+41
1.876000000000000099e+41
1.876000000000000099e+41
5.509739999999999636e+40
5.509739999999999636e+40
5.925520000000000305e+40
5.925520000000000305e+40
2.948650000000000177e+40
2.948650000000000177e+40
1.892959999999999918e+40
7.309689999999999922e+40
1.920910000000000108e+41
3.193260000000000153e+41
5.263360000000000311e+41
1.410739999999999973e+41
1.410739999999999973e+41
4.122159999999999903e+41
1.214850000000000030e+42
1.214850000000000030e+42
1.214850000000000030e+42
4.205689999999999708e+41
4.205689999999999708e+41
4.205689999999999708e+41
4.205689999999999708e+41
1.086320000000000039e+42
5.924670000000000103e+41
6.601190000000000245e+41
6.601190000000000245e+41
6.601190000000000245e+41
6.601190000000000245e+41
2.381370000000000007e+42
2.381370000000000007e+42
8.942659999999999339e+41
3.398139999999999933e+42
1.316720000000000099e+43
7.043399999999999580e+43
4.069379999999999795e+43
4.069379999999999795e+43
1.409909999999999955e+44
6.906409999999999977e+44
8.952890000000000783e+44
4.012129999999999880e+45
1.504499999999999922e+46
1.504499999999999922e+46
4.451479999999999960e+46
2.029649999999999936e+47
2.029649999999999936e+47
2.029649999999999936e+47
9.078550000000000297e+47
4.299030000000000104e+48
2.087420000000000070e+49
2.087420000000000070e+49
2.087420000000000070e+49
9.999710000000000918e+49
5.213550000000000061e+50
5.213550000000000061e+50
3.744669999999999957e+51
3.744669999999999957e+51
3.744669999999999957e+51
3.744669999999999957e+51
2.728790000000000061e+52
2.728790000000000061e+52
2.728790000000000061e+52
2.600550000000000188e+53
1.921909999999999928e+53
7.639060000000000119e+52
2.114630000000000142e+53
9.618030000000000068e+53
9.618030000000000068e+53
3.836919999999999672e+53
1.419909999999999953e+54
4.761790000000000313e+54
4.761790000000000313e+54
4.761790000000000313e+54
2.012189999999999880e+55
8.630259999999999635e+55
8.630259999999999635e+55
8.630259999999999635e+55
3.777869999999999799e+56
1.729009999999999992e+57
1.729009999999999992e+57
1.729009999999999992e+57
7.672680000000000598e+57
3.575050000000000165e+58
1.010799999999999932e+58
1.010799999999999932e+58
4.409069999999999922e+58
2.078129999999999840e+59
2.078129999999999840e+59
2.078129999999999840e+59
9.323139999999999981e+59
4.425989999999999923e+60
2.873600000000000118e+60
3.295239999999999854e+60
1.417989999999999887e+61
1.417989999999999887e+61
1.417989999999999887e+61
8.485159999999999417e+60
8.485159999999999417e+60
8.485159999999999417e+60
2.938449999999999770e+61
1.975909999999999930e+61
1.222050000000000070e+61
1.097410000000000070e+62
2.122290000000000099e+62
2.122290000000000099e+62
1.690630000000000082e+63
5.921250000000000222e+63
2.112289999999999928e+64
2.112289999999999928e+64
1.107409999999999904e+65
4.516860000000000065e+65
1.877560000000000053e+66
1.877560000000000053e+66
9.579069999999999795e+66
4.241070000000000229e+67
4.241070000000000229e+67
4.241070000000000229e+67
2.174179999999999877e+68
9.873789999999999772e+68
4.174599999999999925e+69
4.174599999999999925e+69
2.200969999999999919e+70
1.006639999999999949e+71
1.006639999999999949e+71
5.356470000000000142e+71
2.445569999999999959e+72
1.119559999999999987e+73
1.119559999999999987e+73
1.730410000000000082e+72
1.105700000000000011e+73
5.104660000000000100e+73
1.430560000000000044e+73
1.430560000000000044e+73
1.430560000000000044e+73
1.430560000000000044e+73
9.028309999999999864e+72
9.028309999999999864e+72
9.028309999999999864e+72
9.028309999999999864e+72
2.678560000000000081e+73
2.678560000000000081e+73
2.678560000000000081e+73
3.780220000000000159e+73
8.512129999999999372e+72
1.613749999999999961e+74
1.252270000000000092e+75
2.183310000000000112e+75
4.979199999999999713e+75
7.404760000000000375e+75
3.546090000000000001e+76
5.254879999999999946e+76
1.849170000000000095e+77
2.915340000000000247e+77
1.315840000000000067e+78
2.631770000000000008e+78
1.070449999999999999e+79
2.673829999999999915e+79
1.192359999999999881e+80
1.255369999999999889e+80
4.713899999999999967e+80
4.689269999999999845e+80
4.712649999999999940e+80
8.778549999999999864e+80
8.778549999999999864e+80
7.779139999999999913e+80
1.407809999999999971e+81
3.783869999999999822e+81
3.783869999999999822e+81
7.413500000000000420e+81
2.226409999999999839e+82
8.210329999999999616e+82
1.987379999999999996e+82
6.805000000000000666e+82
2.691100000000000083e+83
2.691100000000000083e+83
2.691100000000000083e+83
2.691100000000000083e+83
2.691100000000000083e+83
6.659169999999999766e+82
6.659169999999999766e+82
6.659169999999999766e+82
6.659169999999999766e+82
6.659169999999999766e+82
6.659169999999999766e+82
1.815060000000000051e+82
5.288759999999999871e+81
5.288759999999999871e+81
5.288759999999999871e+81
5.288759999999999871e+81
5.288759999999999871e+81
5.288759999999999871e+81
5.288759999999999871e+81
1.916959999999999852e+82
5.215429999999999665e+81
5.215429999999999665e+81
1.458409999999999990e+81
1.458409999999999990e+81
1.458409999999999990e+81
1.458409999999999990e+81
1.458409999999999990e+81
1.458409999999999990e+81
4.627319999999999796e+80
1.286389999999999999e+80
4.640899999999999999e+80
4.640899999999999999e+80
2.854949999999999744e+80
2.854949999999999744e+80
7.945609999999999787e+79
7.945609999999999787e+79
1.057309999999999967e+80
3.473410000000000256e+80
3.473410000000000256e+80
3.473410000000000256e+80
8.918900000000000100e+80
8.918900000000000100e+80
3.295740000000000092e+80
1.255029999999999977e+81
1.255029999999999977e+81
1.255029999999999977e+81
1.017809999999999920e+81
1.017809999999999920e+81
3.734179999999999864e+81
3.734179999999999864e+81
7.426430000000000188e+81
1.849889999999999989e+81
1.849889999999999989e+81
1.849889999999999989e+81
1.074710000000000072e+81
3.769300000000000061e+80
1.513429999999999977e+81
6.609670000000000107e+80
7.074089999999999503e+80
7.074089999999999503e+80
7.074089999999999503e+80
2.051059999999999914e+81
6.102099999999999585e+81
6.102099999999999585e+81
6.102099999999999585e+81
1.657120000000000032e+81
6.615229999999999635e+80
6.615229999999999635e+80
1.695969999999999907e+80
1.695969999999999907e+80
4.720710000000000048e+80
1.595330000000000028e+80
1.595330000000000028e+80
5.316720000000000032e+79
2.099529999999999841e+79
1.614160000000000079e+79
1.614160000000000079e+79
1.024060000000000019e+79
1.024060000000000019e+79
1.786769999999999870e+79
1.786769999999999870e+79
2.619299999999999975e+79
2.745069999999999921e+79
1.334430000000000021e+79
3.954789999999999593e+78
1.149169999999999955e+79
1.367189999999999980e+79
2.263880000000000059e+79
1.092629999999999918e+79
1.092629999999999918e+79
6.572590000000000294e+78
4.329440000000000168e+78
3.681729999999999875e+78
1.225369999999999977e+79
1.959709999999999913e+79
2.752229999999999970e+79
3.869429999999999940e+79
3.869429999999999940e+79
3.869429999999999940e+79
9.248469999999999903e+79
8.848390000000000459e+79
3.156469999999999794e+80
9.512870000000000346e+80
2.863839999999999785e+80
3.009679999999999885e+80
3.009679999999999885e+80
3.009679999999999885e+80
3.009679999999999885e+80
6.605539999999999893e+80
1.803210000000000084e+80
5.455779999999999493e+80
5.455779999999999493e+80
1.905629999999999864e+81
5.318130000000000157e+80
2.573899999999999895e+80
5.319779999999999770e+80
5.319779999999999770e+80
5.319779999999999770e+80
1.538789999999999925e+81
5.719359999999999730e+81
5.719359999999999730e+81
5.719359999999999730e+81
5.719359999999999730e+81
5.719359999999999730e+81
5.719359999999999730e+81
5.719359999999999730e+81
5.719359999999999730e+81
5.719359999999999730e+81
5.719359999999999730e+81
5.719359999999999730e+81
5.719359999999999730e+81
5.719359999999999730e+81
2.039000000000000079e+82
2.039000000000000079e+82
2.039000000000000079e+82
8.392969999999999443e+82
8.392969999999999443e+82
8.392969999999999443e+82
8.392969999999999443e+82
8.392969999999999443e+82
8.392969999999999443e+82
8.392969999999999443e+82
8.392969999999999443e+82
8.392969999999999443e+82
8.392969999999999443e+82
8.392969999999999443e+82
8.392969999999999443e+82
8.392969999999999443e+82
8.392969999999999443e+82
8.392969999999999443e+82
8.392969999999999443e+82
8.392969999999999443e+82
8.392969999999999443e+82
8.392969999999999443e+82
8.392969999999999443e+82
8.392969999999999443e+82
8.392969999999999443e+82
8.392969999999999443e+82
8.392969999999999443e+82
8.392969999999999443e+82
8.392969999999999443e+82
8.392969999999999443e+82
8.392969999999999443e+82
8.392969999999999443e+82
8.392969999999999443e+82
8.392969999999999443e+82
8.392969999999999443e+82
8.392969999999999443e+82
8.392969999999999443e+82
8.392969999999999443e+82
8.392969999999999443e+82
8.392969999999999443e+82
8.392969999999999443e+82
8.392969999999999443e+82
8.392969999999999443e+82
8.392969999999999443e+82
8.392969999999999443e+82
8.392969999999999443e+82
8.392969999999999443e+82
8.392969999999999443e+82
8.392969999999999443e+82
8.392969999999999443e+82
8.392969999999999443e+82
8.392969999999999443e+82
8.392969999999999443e+82
8.392969999999999443e+82
8.392969999999999443e+82
8.392969999999999443e+82
8.392969999999999443e+82
8.392969999999999443e+82
8.392969999999999443e+82
8.392969999999999443e+82
8.392969999999999443e+82
8.392969999999999443e+82
8.392969999999999443e+82
8.392969999999999443e+82
8.392969999999999443e+82
8.392969999999999443e+82
8.392969999999999443e+82
8.392969999999999443e+82
8.392969999999999443e+82
8.392969999999999443e+82
8.392969999999999443e+82
8.392969999999999443e+82
8.392969999999999443e+82
8.392969999999999443e+82
8.392969999999999443e+82
8.392969999999999443e+82
8.392969999999999443e+82
8.392969999999999443e+82
8.392969999999999443e+82
8.392969999999999443e+82
8.392969999999999443e+82
8.392969999999999443e+82
8.392969999999999443e+82
8.392969999999999443e+82
8.392969999999999443e+82
8.392969999999999443e+82
8.392969999999999443e+82
8.392969999999999443e+82
8.392969999999999443e+82
8.392969999999999443e+82
8.392969999999999443e+82
8.392969999999999443e+82
8.392969999999999443e+82
8.392969999999999443e+82
8.392969999999999443e+82
8.392969999999999443e+82
8.392969999999999443e+82
8.392969999999999443e+82
8.392969999999999443e+82
8.392969999999999443e+82
8.392969999999999443e+82
8.392969999999999443e+82
8.392969999999999443e+82
8.392969999999999443e+82
8.392969999999999443e+82
8.392969999999999443e+82
8.392969999999999443e+82
8.392969999999999443e+82
8.392969999999999443e+82
2.596779999999999971e+83
1.005459999999999917e+84
2.456519999999999897e+83
2.456519999999999897e+83
2.456519999999999897e+83
2.456519999999999897e+83
2.456519999999999897e+83
2.456519999999999897e+83
2.456519999999999897e+83
2.456519999999999897e+83
2.456519999999999897e+83
2.456519999999999897e+83
6.410630000000000227e+82
1.804990000000000006e+82
1.804990000000000006e+82
1.804990000000000006e+82
1.804990000000000006e+82
1.804990000000000006e+82
1.804990000000000006e+82
1.804990000000000006e+82
1.804990000000000006e+82
4.940479999999999735e+81
1.466699999999999913e+81
1.466699999999999913e+81
5.154249999999999716e+80
5.154249999999999716e+80
1.899519999999999956e+80
4.692189999999999859e+79
1.376840000000000126e+80
1.376840000000000126e+80
9.255449999999999545e+79
2.602580000000000050e+79
2.602580000000000050e+79
1.119280000000000061e+79
1.463319999999999939e+79
1.463319999999999939e+79
5.555950000000000253e+78
3.542969999999999956e+78
2.511540000000000154e+78
2.511540000000000154e+78
2.393639999999999969e+78
4.119939999999999973e+78
6.671559999999999922e+78
2.207889999999999948e+78
2.216039999999999848e+78
1.959180000000000114e+78
4.510879999999999996e+78
4.510879999999999996e+78
3.009180000000000154e+78
4.234189999999999729e+78
1.559490000000000153e+79
1.559490000000000153e+79
2.811099999999999841e+79
2.811099999999999841e+79
7.929909999999999204e+78
4.949240000000000022e+78
4.685240000000000120e+78
1.045879999999999947e+79
5.127169999999999819e+78
4.890500000000000116e+78
6.604199999999999630e+78
2.289779999999999989e+79
1.841079999999999971e+79
3.605709999999999848e+79
1.135919999999999938e+80
3.538140000000000069e+79
5.720309999999999671e+79
5.720309999999999671e+79
1.963520000000000128e+79
8.186399999999999911e+78
4.877570000000000361e+78
2.040259999999999971e+78
1.986610000000000127e+78
2.016339999999999989e+78
3.016459999999999898e+78
6.862230000000000197e+78
7.231849999999999940e+78
1.187779999999999966e+79
2.657669999999999938e+79
2.657669999999999938e+79
1.296570000000000058e+79
1.296570000000000058e+79
4.214520000000000051e+79
4.214520000000000051e+79
4.603050000000000224e+79
3.268959999999999820e+79
3.268959999999999820e+79
1.067090000000000011e+80
1.022369999999999953e+80
1.241480000000000005e+80
1.241480000000000005e+80
3.389559999999999769e+79
4.323190000000000200e+79
1.259830000000000026e+80
1.259830000000000026e+80
1.259830000000000026e+80
3.772450000000000233e+80
3.772450000000000233e+80
1.502529999999999957e+81
1.502529999999999957e+81
1.502529999999999957e+81
4.867789999999999922e+80
4.867789999999999922e+80
1.769379999999999925e+81
7.663309999999999648e+80
7.472360000000000024e+80
7.472360000000000024e+80
7.472360000000000024e+80
1.135419999999999927e+81
1.745540000000000094e+81
4.666389999999999760e+80
1.268950000000000093e+80
5.303810000000000322e+79
1.293079999999999941e+80
1.293079999999999941e+80
1.293079999999999941e+80
1.293079999999999941e+80
4.413970000000000250e+79
4.413970000000000250e+79
4.413970000000000250e+79
1.292420000000000095e+80
1.292420000000000095e+80
1.292420000000000095e+80
4.679279999999999886e+80
4.679279999999999886e+80
2.280199999999999936e+80
2.280199999999999936e+80
2.280199999999999936e+80
8.845259999999999477e+79
1.317200000000000062e+80
1.317200000000000062e+80
1.317200000000000062e+80
1.479829999999999949e+80
7.988710000000000068e+79
7.988710000000000068e+79
7.988710000000000068e+79
1.017009999999999955e+80
1.960549999999999902e+80
1.960549999999999902e+80
1.960549999999999902e+80
9.855409999999999666e+79
4.595630000000000246e+79
2.204209999999999895e+80
8.295189999999999476e+80
1.785330000000000053e+81
1.562069999999999913e+81
1.562069999999999913e+81
7.703420000000000119e+80
7.703420000000000119e+80
8.316160000000000216e+80
8.316160000000000216e+80
4.517900000000000025e+80
4.517900000000000025e+80
5.442799999999999724e+80
5.442799999999999724e+80
5.442799999999999724e+80
5.442799999999999724e+80
3.357569999999999739e+80
3.357569999999999739e+80
3.357569999999999739e+80
3.357569999999999739e+80
3.357569999999999739e+80
3.357569999999999739e+80
3.357569999999999739e+80
3.357569999999999739e+80
3.357569999999999739e+80
3.357569999999999739e+80
3.357569999999999739e+80
3.357569999999999739e+80
3.357569999999999739e+80
3.357569999999999739e+80
3.357569999999999739e+80
3.357569999999999739e+80
3.357569999999999739e+80
3.357569999999999739e+80
3.357569999999999739e+80
3.357569999999999739e+80
3.357569999999999739e+80
3.357569999999999739e+80
3.357569999999999739e+80
3.357569999999999739e+80
3.357569999999999739e+80
3.357569999999999739e+80
3.357569999999999739e+80
3.357569999999999739e+80
3.357569999999999739e+80
3.357569999999999739e+80
3.357569999999999739e+80
3.357569999999999739e+80
3.357569999999999739e+80
3.357569999999999739e+80
3.357569999999999739e+80
3.357569999999999739e+80
3.357569999999999739e+80
3.357569999999999739e+80
3.357569999999999739e+80
3.357569999999999739e+80
3.357569999999999739e+80
3.357569999999999739e+80
3.357569999999999739e+80
3.357569999999999739e+80
3.357569999999999739e+80
3.357569999999999739e+80
3.357569999999999739e+80
3.357569999999999739e+80
3.357569999999999739e+80
3.357569999999999739e+80
3.357569999999999739e+80
3.357569999999999739e+80
3.357569999999999739e+80
3.357569999999999739e+80
3.357569999999999739e+80
3.357569999999999739e+80
3.357569999999999739e+80
3.357569999999999739e+80
3.357569999999999739e+80
3.357569999999999739e+80
3.357569999999999739e+80
3.357569999999999739e+80
3.357569999999999739e+80
3.357569999999999739e+80
3.357569999999999739e+80
3.357569999999999739e+80
3.357569999999999739e+80
3.357569999999999739e+80
3.357569999999999739e+80
3.357569999999999739e+80
3.357569999999999739e+80
3.357569999999999739e+80
3.357569999999999739e+80
3.357569999999999739e+80
3.357569999999999739e+80
3.357569999999999739e+80
3.357569999999999739e+80
3.357569999999999739e+80
3.357569999999999739e+80
3.357569999999999739e+80
3.357569999999999739e+80
3.357569999999999739e+80
3.357569999999999739e+80
3.357569999999999739e+80
3.357569999999999739e+80
3.357569999999999739e+80
3.357569999999999739e+80
3.357569999999999739e+80
3.357569999999999739e+80
3.357569999999999739e+80
3.357569999999999739e+80
3.357569999999999739e+80
3.357569999999999739e+80
3.357569999999999739e+80
3.357569999999999739e+80
3.357569999999999739e+80
3.357569999999999739e+80
3.357569999999999739e+80
3.357569999999999739e+80
6.447820000000000468e+80
1.264669999999999928e+81
1.264669999999999928e+81
1.264669999999999928e+81
4.231360000000000208e+81
2.116560000000000038e+81
2.116560000000000038e+81
7.660059999999999579e+80
2.958039999999999991e+80
4.917130000000000083e+80
1.378099999999999878e+80
1.378099999999999878e+80
3.135799999999999799e+80
2.235749999999999995e+80
8.267509999999999343e+79
5.916580000000000256e+79
5.916580000000000256e+79
1.053119999999999947e+80
1.053119999999999947e+80
1.302319999999999884e+80
1.302319999999999884e+80
6.604540000000000398e+79
6.604540000000000398e+79
1.705740000000000093e+80
1.705740000000000093e+80
3.561520000000000165e+80
1.243780000000000001e+80
4.486559999999999851e+79
1.294300000000000031e+79
7.525820000000000739e+78
5.466180000000000017e+78
3.656489999999999955e+78
3.656489999999999955e+78
5.424389999999999732e+78
9.076490000000000383e+78
1.455329999999999990e+79
7.539039999999999997e+78
4.195600000000000092e+78
1.017570000000000003e+79
8.076040000000000387e+78
1.519640000000000138e+79
2.328950000000000114e+79
2.328950000000000114e+79
3.415009999999999835e+79
3.415009999999999835e+79
3.415009999999999835e+79
1.829300000000000016e+79
1.117619999999999931e+79
1.117619999999999931e+79
1.117619999999999931e+79
2.195770000000000048e+79
3.402449999999999763e+79
3.402449999999999763e+79
1.001189999999999957e+80
3.364000000000000212e+80
1.018340000000000057e+81
1.018340000000000057e+81
1.018340000000000057e+81
1.018340000000000057e+81
1.018340000000000057e+81
2.915619999999999955e+81
1.021300000000000078e+82
1.021300000000000078e+82
1.021300000000000078e+82
1.021300000000000078e+82
4.037890000000000151e+82
1.092010000000000060e+82
4.047459999999999680e+81
1.323050000000000070e+82
1.323050000000000070e+82
4.804849999999999893e+81
1.395569999999999922e+82
3.633429999999999835e+81
1.036010000000000095e+81
8.323860000000000168e+80
3.198459999999999905e+80
3.198459999999999905e+80
3.198459999999999905e+80
4.535859999999999921e+80
1.130430000000000074e+81
1.130430000000000074e+81
3.561839999999999835e+80
2.432840000000000128e+80
8.278359999999999994e+79
8.278359999999999994e+79
8.278359999999999994e+79
1.375219999999999954e+80
1.375219999999999954e+80
1.375219999999999954e+80
1.375219999999999954e+80
4.103739999999999841e+80
4.103739999999999841e+80
4.103739999999999841e+80
4.103739999999999841e+80
1.530270000000000081e+81
8.178370000000000497e+80
8.178370000000000497e+80
8.178370000000000497e+80
8.178370000000000497e+80
1.500479999999999913e+81
4.789000000000000400e+80
4.789000000000000400e+80
1.340650000000000085e+80
1.044059999999999949e+80
2.579630000000000038e+80
8.998970000000000407e+80
5.077540000000000155e+80
5.849100000000000121e+80
5.849100000000000121e+80
2.121249999999999938e+80
4.459540000000000220e+80
2.491520000000000129e+80
8.793380000000000094e+79
2.725539999999999802e+80
1.131730000000000049e+80
1.616299999999999977e+80
5.485359999999999904e+79
5.485359999999999904e+79
2.883909999999999939e+79
2.050719999999999988e+79
2.050719999999999988e+79
2.050719999999999988e+79
2.576049999999999849e+79
3.873059999999999749e+79
2.681650000000000138e+79
2.681650000000000138e+79
7.231220000000000327e+79
4.427029999999999805e+79
5.971150000000000285e+79
5.971150000000000285e+79
1.903260000000000046e+80
3.546869999999999749e+80
2.358660000000000062e+80
2.358660000000000062e+80
2.358660000000000062e+80
1.898289999999999909e+80
2.012839999999999915e+80
6.340019999999999815e+79
2.125110000000000035e+79
2.649739999999999960e+79
7.990029999999999759e+79
2.626680000000000192e+80
9.175089999999999801e+80
5.129149999999999816e+80
5.129149999999999816e+80
5.129149999999999816e+80
5.129149999999999816e+80
9.766350000000001001e+80
9.766350000000001001e+80
9.766350000000001001e+80
9.766350000000001001e+80
4.791589999999999570e+80
1.812840000000000046e+81
1.812840000000000046e+81
1.812840000000000046e+81
2.034109999999999976e+81
2.034109999999999976e+81
8.756870000000000120e+80
9.802299999999999972e+79
1.476190000000000020e+80
1.476190000000000020e+80
1.476190000000000020e+80
1.476190000000000020e+80
1.476190000000000020e+80
6.297989999999999483e+80
6.297989999999999483e+80
6.297989999999999483e+80
6.297989999999999483e+80
6.297989999999999483e+80
6.297989999999999483e+80
6.297989999999999483e+80
6.297989999999999483e+80
6.297989999999999483e+80
6.297989999999999483e+80
6.297989999999999483e+80
6.297989999999999483e+80
6.297989999999999483e+80
6.297989999999999483e+80
6.297989999999999483e+80
6.297989999999999483e+80
6.297989999999999483e+80
6.297989999999999483e+80
6.297989999999999483e+80
6.297989999999999483e+80
6.297989999999999483e+80
6.297989999999999483e+80
6.297989999999999483e+80
6.297989999999999483e+80
6.297989999999999483e+80
6.297989999999999483e+80
6.297989999999999483e+80
6.297989999999999483e+80
6.297989999999999483e+80
6.297989999999999483e+80
6.297989999999999483e+80
6.297989999999999483e+80
6.297989999999999483e+80
6.297989999999999483e+80
6.297989999999999483e+80
6.297989999999999483e+80
6.297989999999999483e+80
6.297989999999999483e+80
6.297989999999999483e+80
6.297989999999999483e+80
6.297989999999999483e+80
6.297989999999999483e+80
6.297989999999999483e+80
6.297989999999999483e+80
6.297989999999999483e+80
6.297989999999999483e+80
6.297989999999999483e+80
6.297989999999999483e+80
6.297989999999999483e+80
6.297989999999999483e+80
6.297989999999999483e+80
6.297989999999999483e+80
6.297989999999999483e+80
6.297989999999999483e+80
6.297989999999999483e+80
6.297989999999999483e+80
6.297989999999999483e+80
6.297989999999999483e+80
6.297989999999999483e+80
6.297989999999999483e+80
6.297989999999999483e+80
6.297989999999999483e+80
6.297989999999999483e+80
6.297989999999999483e+80
6.297989999999999483e+80
6.297989999999999483e+80
6.297989999999999483e+80
6.297989999999999483e+80
6.297989999999999483e+80
6.297989999999999483e+80
6.297989999999999483e+80
6.297989999999999483e+80
6.297989999999999483e+80
6.297989999999999483e+80
6.297989999999999483e+80
6.297989999999999483e+80
6.297989999999999483e+80
6.297989999999999483e+80
6.297989999999999483e+80
6.297989999999999483e+80
6.297989999999999483e+80
6.297989999999999483e+80
6.297989999999999483e+80
6.297989999999999483e+80
6.297989999999999483e+80
6.297989999999999483e+80
6.297989999999999483e+80
6.297989999999999483e+80
6.297989999999999483e+80
6.297989999999999483e+80
6.297989999999999483e+80
6.297989999999999483e+80
1.611749999999999934e+80
1.611749999999999934e+80
1.611749999999999934e+80
2.243459999999999937e+80
2.243459999999999937e+80
8.969560000000000216e+79
3.717309999999999870e+79
3.717309999999999870e+79
3.717309999999999870e+79
1.001390000000000014e+80
2.450430000000000143e+80
6.024279999999999958e+80
6.024279999999999958e+80
2.365979999999999880e+80
9.208730000000000630e+79
3.761319999999999739e+79
3.761319999999999739e+79
3.761319999999999739e+79
2.601939999999999921e+79
6.668509999999999943e+79
6.668509999999999943e+79
4.993440000000000320e+79
7.645490000000000397e+79
7.645490000000000397e+79
7.645490000000000397e+79
1.302049999999999899e+80
3.348840000000000059e+80
1.198060000000000054e+80
3.719249999999999975e+79
3.043379999999999993e+79
1.435450000000000001e+79
3.307420000000000150e+79
8.098460000000000025e+79
1.338330000000000110e+80
3.260770000000000109e+80
3.260770000000000109e+80
9.711719999999999717e+79
9.711719999999999717e+79
9.711719999999999717e+79
3.389430000000000298e+79
3.389430000000000298e+79
9.875690000000000064e+79
3.420189999999999886e+80
2.461849999999999942e+80
8.291179999999999665e+79
8.291179999999999665e+79
2.598850000000000016e+79
3.540630000000000264e+79
2.800519999999999964e+79
9.286539999999999846e+79
9.286539999999999846e+79
9.286539999999999846e+79
1.502039999999999936e+80
4.489009999999999955e+79
1.550739999999999967e+79
1.018970000000000039e+79
2.528000000000000068e+79
2.528000000000000068e+79
2.285180000000000129e+79
2.952940000000000054e+79
2.952940000000000054e+79
1.020610000000000058e+80
1.632760000000000105e+80
9.023579999999999496e+79
2.877689999999999973e+80
2.877689999999999973e+80
1.888980000000000038e+80
2.868390000000000092e+80
2.868390000000000092e+80
2.868390000000000092e+80
5.197549999999999791e+80
3.091459999999999743e+80
1.159259999999999969e+81
1.159259999999999969e+81
3.203429999999999989e+81
4.809749999999999997e+81
4.809749999999999997e+81
4.809749999999999997e+81
4.809749999999999997e+81
3.043420000000000136e+81
3.043420000000000136e+81
3.043420000000000136e+81
1.015969999999999965e+82
1.675189999999999951e+82
1.675189999999999951e+82
6.821440000000000340e+82
1.887410000000000068e+82
1.337620000000000042e+82
1.337620000000000042e+82
1.337620000000000042e+82
1.337620000000000042e+82
1.995369999999999997e+82
1.995369999999999997e+82
1.995369999999999997e+82
7.297619999999999986e+82
4.374609999999999874e+82
4.374609999999999874e+82
1.068250000000000062e+82
3.385539999999999889e+81
5.628939999999999836e+81
1.384559999999999900e+81
1.384559999999999900e+81
1.384559999999999900e+81
9.874490000000000512e+80
9.874490000000000512e+80
9.874490000000000512e+80
9.874490000000000512e+80
1.778179999999999901e+81
5.764989999999999770e+80
1.526440000000000032e+80
1.526440000000000032e+80
7.992640000000000225e+79
7.992640000000000225e+79
7.992640000000000225e+79
3.091870000000000110e+79
5.363120000000000199e+79
5.363120000000000199e+79
5.363120000000000199e+79
1.241710000000000031e+80
1.241710000000000031e+80
1.241710000000000031e+80
1.241710000000000031e+80
1.241710000000000031e+80
3.614549999999999941e+80
3.614549999999999941e+80
3.614549999999999941e+80
3.614549999999999941e+80
1.299409999999999990e+80
1.299409999999999990e+80
4.380359999999999785e+80
1.580620000000000095e+81
1.300810000000000020e+81
3.655899999999999975e+81
9.757680000000000733e+80
9.757680000000000733e+80
1.227919999999999992e+81
4.061770000000000236e+80
1.516200000000000067e+80
6.619289999999999658e+79
1.573380000000000037e+80
5.735740000000000203e+80
1.255309999999999898e+81
7.851300000000000221e+80
7.851300000000000221e+80
7.851300000000000221e+80
7.851300000000000221e+80
1.429220000000000046e+81
1.429220000000000046e+81
1.429220000000000046e+81
1.429220000000000046e+81
1.429220000000000046e+81
4.677120000000000009e+80
4.677120000000000009e+80
3.197379999999999966e+80
5.823750000000000215e+80
3.940269999999999767e+80
8.537980000000000368e+79
1.430230000000000057e+80
1.487789999999999897e+81
3.318029999999999891e+81
3.318029999999999891e+81
2.377319999999999836e+82
1.154320000000000066e+83
3.961649999999999749e+83
3.961649999999999749e+83
3.961649999999999749e+83
1.933010000000000104e+84
1.933010000000000104e+84
2.640559999999999878e+85
2.640559999999999878e+85
2.640559999999999878e+85
2.640559999999999878e+85
1.216610000000000072e+85
1.216610000000000072e+85
1.232609999999999980e+85
4.529669999999999949e+85
1.881310000000000028e+86
2.833869999999999958e+86
5.443280000000000343e+86
3.096380000000000040e+87
1.701830000000000010e+88
5.496929999999999822e+88
2.029300000000000030e+89
2.029300000000000030e+89
1.130340000000000063e+90
3.672859999999999745e+89
1.024819999999999964e+89
1.024819999999999964e+89
1.024819999999999964e+89
7.087150000000000513e+88
6.293779999999999805e+88
1.759430000000000073e+89
8.088629999999999605e+89
1.047339999999999954e+90
2.712769999999999785e+90
9.244760000000000461e+90
4.073179999999999715e+91
1.205900000000000055e+92
4.985109999999999786e+92
2.036510000000000067e+93
9.402409999999999411e+93
3.862150000000000034e+94
1.734830000000000073e+95
7.536390000000000434e+95
7.536390000000000434e+95
7.536390000000000434e+95
7.536390000000000434e+95
1.183329999999999996e+95
1.183329999999999996e+95
8.459570000000000014e+95
6.070939999999999747e+96
6.070939999999999747e+96
6.070939999999999747e+96
3.725070000000000271e+97
2.209449999999999892e+98
2.209449999999999892e+98
5.012410000000000179e+98
4.641450000000000302e+98
1.556690000000000000e+98
4.273960000000000243e+98
2.315640000000000197e+99
1.582580000000000106e+99
5.386690000000000157e+98
1.026019999999999970e+99
3.979419999999999779e+99
3.383119999999999904e+99
1.467390000000000057e+99
3.039790000000000073e+99
1.143440000000000003e+100
1.661499999999999991e+100
1.369690000000000092e+100
3.867890000000000316e+100
1.568449999999999931e+101
4.379430000000000255e+101
8.945839999999999414e+101
3.368490000000000169e+102
1.499899999999999901e+103
5.955059999999999882e+103
2.130320000000000060e+104
2.130320000000000060e+104
1.021669999999999967e+105
4.527650000000000178e+105
2.000040000000000201e+106
8.582860000000000545e+106
4.066819999999999776e+107
1.846709999999999910e+108
8.374749999999999656e+108
3.687660000000000072e+109
3.687660000000000072e+109
3.687660000000000072e+109
3.687660000000000072e+109
5.678300000000000251e+108
5.678300000000000251e+108
5.678300000000000251e+108
6.620949999999999955e+107
1.300419999999999910e+109
1.300419999999999910e+109
1.300419999999999910e+109
1.300419999999999910e+109
1.300419999999999910e+109
1.300419999999999910e+109
1.300419999999999910e+109
1.300419999999999910e+109
1.300419999999999910e+109
1.300419999999999910e+109
1.300419999999999910e+109
1.300419999999999910e+109
1.300419999999999910e+109
1.300419999999999910e+109
3.254319999999999830e+108
3.254319999999999830e+108
3.254319999999999830e+108
8.360719999999999603e+107
8.360719999999999603e+107
8.360719999999999603e+107
8.360719999999999603e+107
8.360719999999999603e+107
8.360719999999999603e+107
8.360719999999999603e+107
3.004700000000000209e+107
3.004700000000000209e+107
3.004700000000000209e+107
1.479909999999999979e+107
2.457609999999999969e+107
2.457609999999999969e+107
7.438789999999999327e+106
1.919019999999999998e+107
7.021140000000000038e+107
7.021140000000000038e+107
2.315970000000000048e+107
2.315970000000000048e+107
2.315970000000000048e+107
6.346489999999999879e+106
6.346489999999999879e+106
6.346489999999999879e+106
1.839020000000000186e+106
1.839020000000000186e+106
1.048099999999999959e+106
3.188790000000000009e+105
3.188790000000000009e+105
1.380899999999999878e+105
2.015430000000000096e+105
2.015430000000000096e+105
2.015430000000000096e+105
5.826800000000000391e+105
2.994889999999999842e+105
2.994889999999999842e+105
2.994889999999999842e+105
2.994889999999999842e+105
3.657920000000000018e+105
1.625679999999999877e+105
5.243750000000000283e+105
5.243750000000000283e+105
1.432069999999999946e+106
3.637499999999999931e+106
9.840090000000000799e+105
3.518370000000000067e+105
3.518370000000000067e+105
3.518370000000000067e+105
3.518370000000000067e+105
2.609249999999999896e+105
2.609249999999999896e+105
2.609249999999999896e+105
1.514240000000000111e+105
1.742909999999999880e+105
5.666440000000000071e+105
2.443299999999999942e+105
5.062910000000000460e+105
5.062910000000000460e+105
5.062910000000000460e+105
1.442289999999999994e+106
1.442289999999999994e+106
4.591200000000000377e+106
1.795180000000000009e+107
1.795180000000000009e+107
1.795180000000000009e+107
1.795180000000000009e+107
1.795180000000000009e+107
6.162389999999999769e+106
6.162389999999999769e+106
6.162389999999999769e+106
6.162389999999999769e+106
1.758009999999999948e+107
1.758009999999999948e+107
8.994969999999999305e+106
8.994969999999999305e+106
3.222780000000000167e+106
6.982620000000000125e+106
1.755350000000000101e+107
1.755350000000000101e+107
1.133319999999999948e+107
1.133319999999999948e+107
3.833450000000000274e+107
3.833450000000000274e+107
6.553960000000000016e+107
2.360249999999999923e+108
2.360249999999999923e+108
2.360249999999999923e+108
2.360249999999999923e+108
2.360249999999999923e+108
6.151810000000000492e+107
1.844420000000000161e+107
4.574880000000000152e+107
4.574880000000000152e+107
4.574880000000000152e+107
1.586400000000000040e+107
4.843209999999999874e+107
1.226649999999999944e+107
1.226649999999999944e+107
5.034150000000000381e+106
1.940419999999999886e+106
1.940419999999999886e+106
8.251780000000000200e+105
7.140099999999999519e+105
1.605560000000000032e+106
1.605560000000000032e+106
3.773420000000000136e+106
5.182610000000000283e+106
1.875760000000000090e+106
1.875760000000000090e+106
1.875760000000000090e+106
4.406570000000000225e+106
2.856749999999999933e+106
2.856749999999999933e+106
2.856749999999999933e+106
9.313999999999999773e+106
1.897230000000000133e+107
1.897230000000000133e+107
1.897230000000000133e+107
8.262199999999999445e+107
3.851020000000000189e+108
3.851020000000000189e+108
3.912939999999999688e+109
3.912939999999999688e+109
1.975370000000000067e+110
1.975370000000000067e+110
1.975370000000000067e+110
1.975370000000000067e+110
1.149680000000000065e+111
8.442500000000000133e+111
8.442500000000000133e+111
8.442500000000000133e+111
8.442500000000000133e+111
8.442500000000000133e+111
3.767080000000000326e+113
3.767080000000000326e+113
2.134259999999999931e+114
2.134259999999999931e+114
1.902559999999999921e+114
8.174099999999999841e+114
8.174099999999999841e+114
6.517509999999999983e+114
4.539310000000000307e+115
7.963249999999999779e+115
7.963249999999999779e+115
5.612169999999999836e+115
2.804609999999999967e+116
4.837769999999999789e+116
4.837769999999999789e+116
4.837769999999999789e+116
2.393849999999999960e+117
7.827670000000000026e+117
7.827670000000000026e+117
7.827670000000000026e+117
3.826540000000000141e+118
1.569800000000000053e+119
1.569800000000000053e+119
7.091439999999999969e+118
3.416439999999999820e+119
1.441359999999999960e+120
3.681899999999999999e+119
4.260439999999999835e+119
1.997070000000000133e+120
9.108259999999999493e+120
3.619909999999999750e+120
1.034599999999999972e+121
4.790450000000000296e+121
2.273789999999999950e+122
2.520329999999999926e+122
1.022960000000000062e+123
1.022960000000000062e+123
1.022960000000000062e+123
3.032569999999999970e+123
3.032569999999999970e+123
3.032569999999999970e+123
3.032569999999999970e+123
1.383109999999999920e+124
1.383109999999999920e+124
2.999150000000000180e+124
3.606280000000000052e+124
1.132220000000000092e+125
8.275970000000000208e+124
1.938330000000000060e+126
6.713829999999999402e+126
2.483319999999999892e+127
8.785700000000000860e+127
4.862960000000000086e+128
2.150849999999999973e+129
8.999540000000000124e+129
8.999540000000000124e+129
4.308310000000000116e+130
1.890649999999999920e+131
1.890649999999999920e+131
4.706039999999999854e+130
2.199630000000000197e+131
9.615730000000000116e+131
9.615730000000000116e+131
9.615730000000000116e+131
4.480860000000000008e+132
1.980690000000000071e+133
1.980690000000000071e+133
1.980690000000000071e+133
9.246279999999999630e+133
4.096040000000000389e+134
4.096040000000000389e+134
1.387369999999999934e+134
6.520529999999999928e+134
2.919989999999999777e+135
2.919989999999999777e+135
2.799610000000000018e+135
2.799610000000000018e+135
2.799610000000000018e+135
6.373529999999999873e+135
2.643560000000000048e+136
2.643560000000000048e+136
2.643560000000000048e+136
1.256709999999999905e+137
6.009019999999999771e+137
6.009019999999999771e+137
6.009019999999999771e+137
3.153990000000000150e+138
1.552280000000000101e+139
1.475089999999999952e+140
1.171880000000000042e+141
4.962070000000000304e+141
4.962070000000000304e+141
3.458380000000000226e+142
1.625989999999999943e+143
7.251639999999999890e+143
3.166209999999999817e+144
1.562279999999999955e+145
6.998700000000000289e+145
3.151660000000000080e+146
1.384689999999999959e+147
6.413590000000000319e+147
2.836369999999999811e+148
1.283519999999999929e+149
1.283519999999999929e+149
5.857380000000000057e+149
2.582239999999999825e+150
1.207709999999999982e+151
1.207709999999999982e+151
1.413729999999999990e+151
3.193299999999999980e+151
3.193299999999999980e+151
3.193299999999999980e+151
7.237149999999999984e+151
2.442790000000000096e+152
5.989839999999999635e+151
5.989839999999999635e+151
2.183259999999999953e+152
8.883720000000000344e+152
8.883720000000000344e+152
8.883720000000000344e+152
8.883720000000000344e+152
2.192779999999999777e+152
5.765189999999999810e+151
5.765189999999999810e+151
5.765189999999999810e+151
5.765189999999999810e+151
1.989459999999999931e+151
1.989459999999999931e+151
1.989459999999999931e+151
1.989459999999999931e+151
1.301770000000000037e+151
3.734639999999999739e+150
3.734639999999999739e+150
1.153699999999999978e+150
1.540339999999999915e+150
1.540339999999999915e+150
1.540339999999999915e+150
6.646449999999999864e+149
1.393140000000000057e+150
1.393140000000000057e+150
3.578759999999999893e+149
3.578759999999999893e+149
1.256950000000000064e+150
1.256950000000000064e+150
1.256950000000000064e+150
6.958320000000000087e+149
6.958320000000000087e+149
6.958320000000000087e+149
2.051720000000000041e+149
3.193569999999999867e+149
1.179659999999999946e+150
1.179659999999999946e+150
1.179659999999999946e+150
9.937780000000000832e+149
2.505339999999999817e+149
2.505339999999999817e+149
8.616710000000000343e+148
1.073930000000000045e+149
3.277239999999999789e+148
9.793719999999999958e+147
6.174439999999999781e+147
1.687019999999999872e+148
6.959099999999999796e+147
2.369809999999999947e+148
4.334269999999999794e+148
4.334269999999999794e+148
3.750850000000000180e+148
3.750850000000000180e+148
1.156159999999999953e+149
6.105920000000000449e+148
7.561360000000000523e+148
7.561360000000000523e+148
7.561360000000000523e+148
1.620439999999999938e+149
4.615419999999999957e+149
4.615419999999999957e+149
1.721710000000000167e+150
1.721710000000000167e+150
6.149979999999999978e+150
6.149979999999999978e+150
6.149979999999999978e+150
6.149979999999999978e+150
2.413100000000000106e+151
2.413100000000000106e+151
8.546950000000000304e+151
3.267189999999999840e+152
8.346369999999999435e+151
8.346369999999999435e+151
8.346369999999999435e+151
8.346369999999999435e+151
8.346369999999999435e+151
3.266159999999999892e+152
8.194239999999999662e+151
8.194239999999999662e+151
2.168900000000000145e+151
2.168900000000000145e+151
2.168900000000000145e+151
6.365279999999999997e+150
6.365279999999999997e+150
1.644540000000000180e+150
1.644540000000000180e+150
5.844639999999999792e+150
5.844639999999999792e+150
5.844639999999999792e+150
1.554619999999999963e+150
4.650979999999999560e+149
4.650979999999999560e+149
4.650979999999999560e+149
1.640379999999999930e+149
1.640379999999999930e+149
1.640379999999999930e+149
1.640379999999999930e+149
1.640379999999999930e+149
1.640379999999999930e+149
1.640379999999999930e+149
1.640379999999999930e+149
1.640379999999999930e+149
1.640379999999999930e+149
6.121679999999999895e+149
6.121679999999999895e+149
3.215450000000000081e+149
3.215450000000000081e+149
3.215450000000000081e+149
1.077649999999999995e+149
1.768929999999999985e+149
6.894230000000000012e+148
2.228190000000000184e+149
2.228190000000000184e+149
1.829259999999999930e+149
4.243979999999999807e+149
4.243979999999999807e+149
1.233359999999999927e+150
1.871970000000000022e+150
1.871970000000000022e+150
1.871970000000000022e+150
7.894130000000000065e+149
3.881380000000000183e+149
1.288230000000000057e+150
4.932150000000000154e+149
6.557580000000000027e+149
7.564930000000000308e+149
7.564930000000000308e+149
1.555180000000000032e+150
5.759450000000000178e+150
3.986240000000000083e+150
3.986240000000000083e+150
1.375770000000000078e+151
5.957220000000000007e+151
1.002100000000000007e+152
3.503310000000000250e+151
1.424530000000000056e+152
5.888340000000000353e+152
3.287129999999999803e+152
2.206310000000000025e+152
1.015659999999999909e+153
1.015659999999999909e+153
2.474020000000000162e+153
3.118829999999999864e+153
1.590369999999999860e+154
7.531210000000000227e+154
7.531210000000000227e+154
7.531210000000000227e+154
3.619490000000000169e+155
1.734609999999999812e+156
1.734609999999999812e+156
1.434500000000000093e+156
6.652519999999999717e+156
6.652519999999999717e+156
4.176830000000000079e+157
9.747000000000000174e+157
9.747000000000000174e+157
9.747000000000000174e+157
7.159890000000000362e+158
2.857720000000000194e+159
2.857720000000000194e+159
2.857720000000000194e+159
3.943300000000000293e+157
3.943300000000000293e+157
9.818369999999999860e+158
9.054999999999999628e+159
1.968050000000000050e+160
1.968050000000000050e+160
2.270759999999999935e+160
1.018450000000000057e+161
1.467270000000000003e+161
1.011180000000000004e+161
4.697320000000000183e+161
1.926719999999999894e+162
8.480010000000000165e+161
1.303700000000000062e+162
5.213429999999999874e+162
2.315160000000000112e+163
2.046359999999999916e+163
6.074819999999999821e+163
2.451830000000000062e+164
1.091769999999999909e+165
2.285019999999999856e+165
2.285019999999999856e+165
9.928339999999999951e+165
4.405059999999999803e+166
1.590049999999999992e+167
5.810710000000000026e+166
2.612950000000000244e+167
1.148309999999999996e+168
4.988270000000000129e+168
4.298540000000000108e+168
1.956479999999999934e+169
8.574970000000000427e+169
8.574970000000000427e+169
9.169589999999999497e+169
1.231830000000000077e+169
1.231830000000000077e+169
1.231830000000000077e+169
2.170559999999999900e+169
2.170559999999999900e+169
2.170559999999999900e+169
2.779440000000000184e+170
1.198410000000000032e+170
3.708640000000000169e+170
1.809960000000000027e+171
1.809960000000000027e+171
1.809960000000000027e+171
1.312739999999999995e+172
5.208689999999999691e+172
5.208689999999999691e+172
5.208689999999999691e+172
2.743739999999999903e+173
1.157910000000000020e+174
1.157910000000000020e+174
5.453489999999999908e+173
3.635429999999999964e+174
1.613150000000000172e+175
4.973080000000000391e+174
9.395639999999999662e+174
3.996009999999999815e+175
1.743550000000000013e+176
8.169739999999999418e+175
2.852139999999999935e+176
1.132839999999999921e+177
4.989339999999999779e+177
5.514070000000000360e+177
5.514070000000000360e+177
5.514070000000000360e+177
2.525949999999999879e+178
7.436910000000000546e+178
3.817879999999999738e+179
1.588269999999999907e+180
7.076080000000000011e+180
2.889069999999999819e+181
2.889069999999999819e+181
2.889069999999999819e+181
2.889069999999999819e+181
1.440580000000000026e+182
1.440580000000000026e+182
1.440580000000000026e+182
1.440580000000000026e+182
8.291020000000000044e+182
1.039860000000000052e+183
1.517889999999999917e+184
7.619840000000000181e+183
3.146820000000000022e+184
1.245480000000000064e+184
2.110120000000000099e+185
6.895019999999999789e+185
6.895019999999999789e+185
6.895019999999999789e+185
6.895019999999999789e+185
2.802499999999999793e+185
7.145409999999999517e+184
7.145409999999999517e+184
7.145409999999999517e+184
4.119900000000000086e+184
4.119900000000000086e+184
4.119900000000000086e+184
1.370100000000000068e+184
1.616110000000000052e+184
1.616110000000000052e+184
1.616110000000000052e+184
8.680960000000000539e+183
1.912010000000000137e+184
5.054069999999999629e+183
1.632919999999999984e+183
2.059809999999999980e+183
6.833639999999999915e+183
6.833639999999999915e+183
6.833639999999999915e+183
1.816650000000000186e+184
7.233509999999999495e+184
7.233509999999999495e+184
2.400769999999999995e+185
2.400769999999999995e+185
2.400769999999999995e+185
2.400769999999999995e+185
2.400769999999999995e+185
2.400769999999999995e+185
2.400769999999999995e+185
2.400769999999999995e+185
2.400769999999999995e+185
8.588200000000000371e+185
8.588200000000000371e+185
3.287489999999999869e+186
3.287489999999999869e+186
1.331329999999999995e+187
3.287489999999999869e+186
3.287489999999999869e+186
3.287489999999999869e+186
3.287489999999999869e+186
3.287489999999999869e+186
3.287489999999999869e+186
3.287489999999999869e+186
3.287489999999999869e+186
3.287489999999999869e+186
1.182479999999999955e+187
4.841670000000000213e+187
4.841670000000000213e+187
4.841670000000000213e+187
1.199299999999999959e+187
1.199299999999999959e+187
1.199299999999999959e+187
1.199299999999999959e+187
1.199299999999999959e+187
1.199299999999999959e+187
2.930999999999999887e+186
2.930999999999999887e+186
2.930999999999999887e+186
2.930999999999999887e+186
2.930999999999999887e+186
2.930999999999999887e+186
2.930999999999999887e+186
2.930999999999999887e+186
2.930999999999999887e+186
8.310700000000000541e+185
8.310700000000000541e+185
8.310700000000000541e+185
8.310700000000000541e+185
2.941980000000000190e+186
7.879139999999999907e+185
7.879139999999999907e+185
2.065200000000000043e+185
2.065200000000000043e+185
2.065200000000000043e+185
2.065200000000000043e+185
7.029600000000000266e+184
7.029600000000000266e+184
2.634349999999999999e+184
2.634349999999999999e+184
1.702800000000000021e+184
1.702800000000000021e+184
4.596769999999999755e+184
4.596769999999999755e+184
7.447469999999999345e+184
7.447469999999999345e+184
7.447469999999999345e+184
7.447469999999999345e+184
4.876569999999999933e+184
4.876569999999999933e+184
1.639479999999999974e+184
5.714699999999999529e+183
7.211130000000000101e+183
7.211130000000000101e+183
7.211130000000000101e+183
7.211130000000000101e+183
2.018609999999999992e+184
7.712289999999999929e+184
4.877809999999999801e+184
4.877809999999999801e+184
1.859319999999999951e+185
1.859319999999999951e+185
2.902200000000000266e+185
8.374190000000000389e+184
2.543020000000000187e+184
2.543020000000000187e+184
1.854300000000000000e+184
1.854300000000000000e+184
1.854300000000000000e+184
1.854300000000000000e+184
1.732800000000000129e+184
1.732800000000000129e+184
1.117180000000000055e+184
1.117180000000000055e+184
1.117180000000000055e+184
1.117180000000000055e+184
1.117180000000000055e+184
1.117180000000000055e+184
1.117180000000000055e+184
1.117180000000000055e+184
1.117180000000000055e+184
1.117180000000000055e+184
1.117180000000000055e+184
1.117180000000000055e+184
1.117180000000000055e+184
1.117180000000000055e+184
1.117180000000000055e+184
1.117180000000000055e+184
1.117180000000000055e+184
1.117180000000000055e+184
1.117180000000000055e+184
1.117180000000000055e+184
1.117180000000000055e+184
1.117180000000000055e+184
1.117180000000000055e+184
1.117180000000000055e+184
1.117180000000000055e+184
1.117180000000000055e+184
1.117180000000000055e+184
1.117180000000000055e+184
1.117180000000000055e+184
1.117180000000000055e+184
1.117180000000000055e+184
1.117180000000000055e+184
1.117180000000000055e+184
1.117180000000000055e+184
1.117180000000000055e+184
1.117180000000000055e+184
1.117180000000000055e+184
1.117180000000000055e+184
1.117180000000000055e+184
1.117180000000000055e+184
1.117180000000000055e+184
1.117180000000000055e+184
1.117180000000000055e+184
1.117180000000000055e+184
1.117180000000000055e+184
1.117180000000000055e+184
1.117180000000000055e+184
1.117180000000000055e+184
1.117180000000000055e+184
1.117180000000000055e+184
1.117180000000000055e+184
1.117180000000000055e+184
1.117180000000000055e+184
1.117180000000000055e+184
1.117180000000000055e+184
1.117180000000000055e+184
1.117180000000000055e+184
1.117180000000000055e+184
1.117180000000000055e+184
1.117180000000000055e+184
1.117180000000000055e+184
1.117180000000000055e+184
1.117180000000000055e+184
1.117180000000000055e+184
1.117180000000000055e+184
1.117180000000000055e+184
1.117180000000000055e+184
1.117180000000000055e+184
1.117180000000000055e+184
1.117180000000000055e+184
1.117180000000000055e+184
1.117180000000000055e+184
1.117180000000000055e+184
1.117180000000000055e+184
1.117180000000000055e+184
1.117180000000000055e+184
1.117180000000000055e+184
1.117180000000000055e+184
1.117180000000000055e+184
1.117180000000000055e+184
1.117180000000000055e+184
1.117180000000000055e+184
1.117180000000000055e+184
1.117180000000000055e+184
1.117180000000000055e+184
1.117180000000000055e+184
1.117180000000000055e+184
1.117180000000000055e+184
1.117180000000000055e+184
1.117180000000000055e+184
1.117180000000000055e+184
1.117180000000000055e+184
1.117180000000000055e+184
1.117180000000000055e+184
1.117180000000000055e+184
1.117180000000000055e+184
1.117180000000000055e+184
1.117180000000000055e+184
1.117180000000000055e+184
1.117180000000000055e+184
1.117180000000000055e+184
1.117180000000000055e+184
1.117180000000000055e+184
1.117180000000000055e+184
1.117180000000000055e+184
1.117180000000000055e+184
1.117180000000000055e+184
1.117180000000000055e+184
1.117180000000000055e+184
1.117180000000000055e+184
1.117180000000000055e+184
1.117180000000000055e+184
1.117180000000000055e+184
1.117180000000000055e+184
1.117180000000000055e+184
1.117180000000000055e+184
1.117180000000000055e+184
1.117180000000000055e+184
1.117180000000000055e+184
1.117180000000000055e+184
1.117180000000000055e+184
1.117180000000000055e+184
1.117180000000000055e+184
1.117180000000000055e+184
1.117180000000000055e+184
1.117180000000000055e+184
1.117180000000000055e+184
1.117180000000000055e+184
1.117180000000000055e+184
1.117180000000000055e+184
1.117180000000000055e+184
1.117180000000000055e+184
1.117180000000000055e+184
1.117180000000000055e+184
1.117180000000000055e+184
1.117180000000000055e+184
1.117180000000000055e+184
1.117180000000000055e+184
1.117180000000000055e+184
1.117180000000000055e+184
1.117180000000000055e+184
1.117180000000000055e+184
8.010680000000000170e+183
5.034870000000000050e+183
3.454619999999999924e+183
3.454619999999999924e+183
4.385230000000000336e+183
4.027630000000000048e+183
7.842199999999999646e+183
7.842199999999999646e+183
7.376110000000000235e+183
6.152650000000000145e+183
4.600440000000000285e+183
4.600440000000000285e+183
8.399039999999999667e+183
8.399039999999999667e+183
1.048629999999999977e+184
1.048629999999999977e+184
1.048629999999999977e+184
5.092810000000000010e+183
3.561950000000000171e+183
3.561950000000000171e+183
3.561950000000000171e+183
3.160040000000000040e+183
5.327420000000000368e+183
5.327420000000000368e+183
3.979180000000000176e+183
1.180980000000000020e+184
6.515260000000000209e+183
6.515260000000000209e+183
6.932929999999999967e+183
6.932929999999999967e+183
1.316550000000000044e+184
1.316550000000000044e+184
3.386430000000000021e+184
3.386430000000000021e+184
3.386430000000000021e+184
3.386430000000000021e+184
3.386430000000000021e+184
1.451580000000000089e+184
1.451580000000000089e+184
1.451580000000000089e+184
5.531699999999999813e+184
1.036990000000000071e+185
3.010319999999999946e+185
7.479710000000000457e+184
2.030070000000000056e+184
7.299830000000000307e+184
2.574559999999999901e+184
2.574559999999999901e+184
2.574559999999999901e+184
2.574559999999999901e+184
7.407269999999999879e+184
7.407269999999999879e+184
7.407269999999999879e+184
7.407269999999999879e+184
2.525760000000000178e+184
2.525760000000000178e+184
9.030710000000000384e+184
9.030710000000000384e+184
2.726009999999999975e+185
2.726009999999999975e+185
7.398649999999999539e+184
7.398649999999999539e+184
7.398649999999999539e+184
1.975189999999999979e+184
7.650690000000000047e+183
2.168529999999999917e+183
8.487990000000000582e+182
8.487990000000000582e+182
8.487990000000000582e+182
2.642670000000000225e+183
1.604290000000000049e+183
8.406700000000000547e+182
5.763910000000000154e+182
5.763910000000000154e+182
9.451639999999999864e+182
1.921119999999999918e+183
2.390669999999999978e+183
2.390669999999999978e+183
2.163620000000000084e+183
2.163620000000000084e+183
2.163620000000000084e+183
6.633030000000000009e+182
7.518879999999999417e+182
7.518879999999999417e+182
5.592620000000000031e+182
5.592620000000000031e+182
5.292049999999999978e+182
1.811239999999999926e+182
3.204680000000000169e+182
3.204680000000000169e+182
3.639350000000000270e+182
2.538810000000000090e+182
1.631460000000000098e+182
1.631460000000000098e+182
4.598249999999999866e+182
5.251709999999999908e+182
7.246990000000000451e+182
2.288070000000000137e+183
2.288070000000000137e+183
2.342909999999999953e+183
1.592269999999999970e+183
1.592269999999999970e+183
1.592269999999999970e+183
2.159400000000000099e+183
2.470930000000000120e+183
8.606379999999999797e+182
8.606379999999999797e+182
6.116999999999999441e+182
4.236260000000000278e+182
2.044079999999999924e+182
6.632139999999999566e+182
9.287729999999999836e+182
1.227380000000000008e+183
3.253629999999999996e+183
3.253629999999999996e+183
8.482189999999999834e+183
5.205760000000000398e+183
5.205760000000000398e+183
2.037929999999999881e+184
2.037929999999999881e+184
3.141370000000000022e+184
3.141370000000000022e+184
3.141370000000000022e+184
3.141370000000000022e+184
2.221530000000000014e+184
2.221530000000000014e+184
2.221530000000000014e+184
7.461920000000000133e+184
1.249770000000000000e+185
4.238220000000000331e+184
4.238220000000000331e+184
4.238220000000000331e+184
2.878330000000000040e+184
2.860019999999999820e+184
2.860019999999999820e+184
1.117930000000000038e+185
1.164129999999999978e+185
1.602769999999999989e+185
1.602769999999999989e+185
1.602769999999999989e+185
1.602769999999999989e+185
4.750359999999999738e+185
4.750359999999999738e+185
4.750359999999999738e+185
2.802130000000000143e+185
2.802130000000000143e+185
2.802130000000000143e+185
2.802130000000000143e+185
4.683540000000000019e+185
4.683540000000000019e+185
1.644480000000000067e+185
1.098570000000000059e+185
3.540080000000000103e+185
3.540080000000000103e+185
7.565719999999999978e+185
2.562979999999999957e+186
7.367500000000000464e+185
1.928330000000000090e+185
1.659599999999999910e+186
8.878009999999999313e+186
8.871509999999999750e+186
1.421749999999999927e+187
7.152410000000000403e+187
4.010129999999999911e+188
6.237889999999999484e+188
2.423300000000000020e+189
1.106680000000000035e+190
5.046980000000000235e+190
5.046980000000000235e+190
5.046980000000000235e+190
2.403150000000000141e+191
1.117620000000000022e+192
1.117620000000000022e+192
1.117620000000000022e+192
5.501810000000000146e+192
2.610330000000000091e+193
1.151070000000000055e+194
1.151070000000000055e+194
5.725840000000000183e+194
2.574070000000000137e+195
2.574070000000000137e+195
2.574070000000000137e+195
2.574070000000000137e+195
2.574070000000000137e+195
2.574070000000000137e+195
2.962049999999999834e+195
1.153540000000000023e+196
1.153540000000000023e+196
1.263729999999999898e+196
4.284490000000000011e+196
4.284490000000000011e+196
4.284490000000000011e+196
4.121159999999999871e+197
2.837570000000000130e+197
5.360309999999999550e+198
3.801049999999999769e+198
3.801049999999999769e+198
9.518670000000000446e+198
4.684019999999999787e+199
3.365690000000000120e+199
3.365690000000000120e+199
7.347040000000000332e+199
3.358869999999999836e+200
3.413430000000000072e+200
3.413430000000000072e+200
9.413360000000000280e+200
4.283659999999999881e+201
8.463559999999999702e+201
8.463559999999999702e+201
3.161760000000000007e+202
1.443579999999999993e+203
4.835579999999999869e+203
4.835579999999999869e+203
2.099920000000000110e+204
9.605790000000000177e+204
3.948009999999999888e+205
3.948009999999999888e+205
3.948009999999999888e+205
3.948009999999999888e+205
1.786640000000000105e+206
1.786640000000000105e+206
1.013720000000000049e+207
4.928390000000000134e+207
2.198069999999999786e+208
2.198069999999999786e+208
2.198069999999999786e+208
2.198069999999999786e+208
3.194529999999999994e+207
3.761970000000000236e+207
3.761970000000000236e+207
3.761970000000000236e+207
3.761970000000000236e+207
2.469039999999999799e+208
2.469039999999999799e+208
1.768500000000000102e+208
1.768500000000000102e+208
5.334159999999999654e+209
5.334159999999999654e+209
1.370110000000000124e+210
1.370110000000000124e+210
1.576550000000000064e+211
1.576550000000000064e+211
5.202400000000000406e+211
5.202400000000000406e+211
4.349849999999999706e+212
4.349849999999999706e+212
1.521059999999999990e+213
1.521059999999999990e+213
1.171869999999999926e+214
1.171869999999999926e+214
4.157450000000000204e+214
4.157450000000000204e+214
3.177789999999999918e+215
3.177789999999999918e+215
1.131050000000000005e+216
1.131050000000000005e+216
3.973570000000000225e+216
3.973570000000000225e+216
1.501789999999999997e+217
6.097510000000000459e+217
6.097510000000000459e+217
6.097510000000000459e+217
2.557779999999999965e+218
2.557779999999999965e+218
2.557779999999999965e+218
2.557779999999999965e+218
2.557779999999999965e+218
6.252460000000000486e+217
6.252460000000000486e+217
6.252460000000000486e+217
1.501789999999999997e+217
1.501789999999999997e+217
1.501789999999999997e+217
1.501789999999999997e+217
4.095739999999999835e+216
4.095739999999999835e+216
4.095739999999999835e+216
4.095739999999999835e+216
1.632909999999999951e+216
1.632909999999999951e+216
1.632909999999999951e+216
1.632909999999999951e+216
1.393429999999999916e+216
1.393429999999999916e+216
1.393429999999999916e+216
1.393429999999999916e+216
2.622839999999999913e+216
2.622839999999999913e+216
2.622839999999999913e+216
2.622839999999999913e+216
7.550499999999999894e+216
7.550499999999999894e+216
7.550499999999999894e+216
2.212460000000000105e+216
6.472189999999999941e+216
6.472189999999999941e+216
1.800580000000000137e+216
6.376580000000000243e+215
2.045060000000000095e+216
7.550499999999999894e+216
7.550499999999999894e+216
7.550499999999999894e+216
7.550499999999999894e+216
7.550499999999999894e+216
7.550499999999999894e+216
7.550499999999999894e+216
1.895419999999999912e+216
5.269469999999999906e+215
5.269469999999999906e+215
5.269469999999999906e+215
5.269469999999999906e+215
5.269469999999999906e+215
5.269469999999999906e+215
5.269469999999999906e+215
5.269469999999999906e+215
5.269469999999999906e+215
5.269469999999999906e+215
5.269469999999999906e+215
5.269469999999999906e+215
1.387250000000000037e+215
1.387250000000000037e+215
4.857270000000000155e+214
1.572130000000000009e+214
1.572130000000000009e+214
1.572130000000000009e+214
3.733479999999999909e+214
3.733479999999999909e+214
1.218950000000000044e+214
4.281370000000000211e+214
1.585090000000000067e+215
5.364499999999999605e+214
3.631040000000000003e+214
3.631040000000000003e+214
1.011899999999999999e+214
8.560429999999999917e+213
1.638019999999999975e+214
1.638019999999999975e+214
1.638019999999999975e+214
1.998290000000000097e+214
1.834860000000000108e+214
1.834860000000000108e+214
1.834860000000000108e+214
1.834860000000000108e+214
1.714959999999999941e+214
4.314290000000000295e+213
1.559949999999999956e+213
1.559949999999999956e+213
3.505229999999999951e+213
3.505229999999999951e+213
2.297560000000000056e+213
2.297560000000000056e+213
1.106939999999999980e+213
3.825899999999999796e+212
4.616439999999999871e+212
1.316120000000000060e+213
2.995129999999999738e+213
1.125179999999999971e+213
1.125179999999999971e+213
4.830550000000000343e+212
4.830550000000000343e+212
4.830550000000000343e+212
4.830550000000000343e+212
1.009509999999999934e+213
4.390129999999999786e+212
2.018140000000000063e+212
6.401190000000000042e+212
2.266850000000000103e+213
2.156359999999999900e+213
1.699889999999999983e+213
1.699889999999999983e+213
1.699889999999999983e+213
1.818139999999999857e+213
2.333919999999999983e+213
2.333919999999999983e+213
2.333919999999999983e+213
2.736420000000000196e+213
3.362280000000000263e+213
1.517330000000000118e+214
1.517330000000000118e+214
2.939709999999999833e+214
4.303270000000000057e+214
2.560329999999999971e+215
2.560329999999999971e+215
9.661070000000000327e+214
6.228170000000000007e+214
6.228170000000000007e+214
6.228170000000000007e+214
6.228170000000000007e+214
6.228170000000000007e+214
6.228170000000000007e+214
6.228170000000000007e+214
6.228170000000000007e+214
6.228170000000000007e+214
6.228170000000000007e+214
6.228170000000000007e+214
6.228170000000000007e+214
6.228170000000000007e+214
6.228170000000000007e+214
6.228170000000000007e+214
6.228170000000000007e+214
6.228170000000000007e+214
6.228170000000000007e+214
6.228170000000000007e+214
6.228170000000000007e+214
6.228170000000000007e+214
6.228170000000000007e+214
6.228170000000000007e+214
6.228170000000000007e+214
6.228170000000000007e+214
6.228170000000000007e+214
6.228170000000000007e+214
6.228170000000000007e+214
6.228170000000000007e+214
6.228170000000000007e+214
6.228170000000000007e+214
6.228170000000000007e+214
6.228170000000000007e+214
6.228170000000000007e+214
6.228170000000000007e+214
6.228170000000000007e+214
6.228170000000000007e+214
6.228170000000000007e+214
6.228170000000000007e+214
6.228170000000000007e+214
6.228170000000000007e+214
6.228170000000000007e+214
6.228170000000000007e+214
6.228170000000000007e+214
6.228170000000000007e+214
6.228170000000000007e+214
6.228170000000000007e+214
6.228170000000000007e+214
6.228170000000000007e+214
6.228170000000000007e+214
6.228170000000000007e+214
6.228170000000000007e+214
6.228170000000000007e+214
6.228170000000000007e+214
6.228170000000000007e+214
6.228170000000000007e+214
6.228170000000000007e+214
6.228170000000000007e+214
6.228170000000000007e+214
6.228170000000000007e+214
6.228170000000000007e+214
6.228170000000000007e+214
6.228170000000000007e+214
6.228170000000000007e+214
6.228170000000000007e+214
6.228170000000000007e+214
6.228170000000000007e+214
6.228170000000000007e+214
6.228170000000000007e+214
6.228170000000000007e+214
6.228170000000000007e+214
6.228170000000000007e+214
6.228170000000000007e+214
6.228170000000000007e+214
6.228170000000000007e+214
6.228170000000000007e+214
6.228170000000000007e+214
6.228170000000000007e+214
6.228170000000000007e+214
6.228170000000000007e+214
6.228170000000000007e+214
6.228170000000000007e+214
6.228170000000000007e+214
6.228170000000000007e+214
6.228170000000000007e+214
6.228170000000000007e+214
6.228170000000000007e+214
6.228170000000000007e+214
6.228170000000000007e+214
6.228170000000000007e+214
6.228170000000000007e+214
6.228170000000000007e+214
6.228170000000000007e+214
6.228170000000000007e+214
6.228170000000000007e+214
6.228170000000000007e+214
6.228170000000000007e+214
6.228170000000000007e+214
6.228170000000000007e+214
6.228170000000000007e+214
6.228170000000000007e+214
6.228170000000000007e+214
6.228170000000000007e+214
6.228170000000000007e+214
6.228170000000000007e+214
6.228170000000000007e+214
6.228170000000000007e+214
6.228170000000000007e+214
6.228170000000000007e+214
6.228170000000000007e+214
6.228170000000000007e+214
6.228170000000000007e+214
6.228170000000000007e+214
6.228170000000000007e+214
6.228170000000000007e+214
6.228170000000000007e+214
6.228170000000000007e+214
6.228170000000000007e+214
6.228170000000000007e+214
6.228170000000000007e+214
6.228170000000000007e+214
6.228170000000000007e+214
6.228170000000000007e+214
6.228170000000000007e+214
6.228170000000000007e+214
6.228170000000000007e+214
6.228170000000000007e+214
6.228170000000000007e+214
1.793200000000000077e+215
1.793200000000000077e+215
7.416960000000000215e+214
7.298390000000000194e+214
2.829630000000000072e+214
2.829630000000000072e+214
8.319609999999999622e+214
2.406879999999999936e+215
5.845739999999999796e+215
5.845739999999999796e+215
1.579000000000000094e+215
6.472840000000000347e+214
6.472840000000000347e+214
1.673830000000000024e+214
7.392559999999999433e+213
7.345139999999999966e+213
7.345139999999999966e+213
7.345139999999999966e+213
6.451789999999999471e+213
6.291560000000000233e+213
6.291560000000000233e+213
6.291560000000000233e+213
6.313659999999999751e+213
5.315870000000000107e+213
1.803409999999999966e+214
1.803409999999999966e+214
3.623199999999999996e+214
7.088110000000000118e+214
2.070010000000000030e+214
2.070010000000000030e+214
7.088110000000000118e+214
4.954940000000000132e+214
4.247569999999999963e+214
1.138309999999999907e+214
1.138309999999999907e+214
9.312130000000000273e+213
1.818969999999999984e+214
1.818969999999999984e+214
6.512949999999999587e+214
1.868510000000000147e+215
1.868510000000000147e+215
7.678150000000000057e+214
1.917090000000000062e+214
1.917090000000000062e+214
6.240480000000000433e+213
1.588139999999999889e+214
4.656720000000000250e+213
4.656720000000000250e+213
3.329940000000000236e+213
3.329940000000000236e+213
1.503620000000000067e+213
4.235950000000000107e+213
6.868410000000000179e+213
2.717549999999999991e+213
1.825389999999999967e+213
1.825389999999999967e+213
5.377789999999999794e+213
4.351440000000000211e+213
4.708079999999999879e+213
4.708079999999999879e+213
4.708079999999999879e+213
8.070259999999999947e+213
1.454680000000000023e+214
5.263140000000000134e+214
2.506470000000000027e+214
1.431899999999999893e+214
5.012880000000000296e+214
1.247460000000000064e+214
2.904769999999999869e+214
4.072970000000000220e+214
1.545239999999999971e+215
1.545239999999999971e+215
5.045279999999999962e+215
4.106520000000000136e+215
4.106520000000000136e+215
4.106520000000000136e+215
1.099950000000000079e+215
1.395959999999999986e+215
1.395959999999999986e+215
1.395959999999999986e+215
1.395959999999999986e+215
3.690579999999999752e+215
3.690579999999999752e+215
3.690579999999999752e+215
3.690579999999999752e+215
3.690579999999999752e+215
3.690579999999999752e+215
3.690579999999999752e+215
3.690579999999999752e+215
3.690579999999999752e+215
3.690579999999999752e+215
1.065750000000000007e+215
4.391320000000000018e+214
4.391320000000000018e+214
4.391320000000000018e+214
1.826270000000000012e+214
4.860800000000000294e+214
1.727290000000000047e+215
1.727290000000000047e+215
3.994120000000000339e+215
1.715389999999999931e+215
1.715389999999999931e+215
1.715389999999999931e+215
6.269999999999999975e+214
5.807960000000000360e+214
2.362640000000000103e+215
2.362640000000000103e+215
1.361480000000000083e+215
1.642469999999999998e+215
4.427939999999999915e+214
4.427939999999999915e+214
7.349240000000000202e+214
5.065719999999999945e+214
1.588419999999999958e+214
1.588419999999999958e+214
4.127089999999999978e+214
6.243570000000000191e+214
6.243570000000000191e+214
6.243570000000000191e+214
2.233019999999999988e+215
6.670920000000000367e+215
2.208799999999999916e+215
2.208799999999999916e+215
6.078870000000000293e+214
2.236030000000000115e+214
1.693809999999999946e+214
1.693809999999999946e+214
1.693809999999999946e+214
4.313699999999999681e+214
5.987190000000000117e+214
5.987190000000000117e+214
2.180690000000000007e+215
2.180690000000000007e+215
5.677559999999999940e+215
5.677559999999999940e+215
5.677559999999999940e+215
2.273810000000000125e+215
8.481219999999999332e+215
8.481219999999999332e+215
2.267980000000000062e+215
5.569599999999999871e+215
5.569599999999999871e+215
5.569599999999999871e+215
5.569599999999999871e+215
5.569599999999999871e+215
5.569599999999999871e+215
1.532599999999999965e+215
1.532599999999999965e+215
1.532599999999999965e+215
5.769039999999999773e+215
5.769039999999999773e+215
3.096190000000000106e+215
3.096190000000000106e+215
3.096190000000000106e+215
3.193120000000000001e+215
2.160960000000000036e+215
1.346249999999999980e+216
9.111269999999999679e+215
2.825699999999999745e+216
3.413850000000000022e+216
3.413850000000000022e+216
4.446430000000000133e+216
2.014680000000000118e+217
2.936690000000000022e+217
2.936690000000000022e+217
6.039469999999999840e+217
2.755229999999999978e+218
5.962289999999999968e+218
3.422670000000000103e+219
1.027130000000000046e+220
4.677550000000000298e+220
4.677550000000000298e+220
4.677550000000000298e+220
2.098450000000000141e+221
9.805820000000000232e+221
3.278089999999999883e+222
3.278089999999999883e+222
1.632029999999999877e+223
1.632029999999999877e+223
7.207390000000000161e+223
3.953850000000000261e+222
5.514149999999999757e+223
2.696480000000000050e+224
2.696480000000000050e+224
2.696480000000000050e+224
1.796619999999999978e+225
1.796619999999999978e+225
1.421230000000000002e+226
1.421230000000000002e+226
1.421230000000000002e+226
1.421230000000000002e+226
1.421230000000000002e+226
6.592570000000000106e+226
1.653159999999999993e+227
7.537290000000000428e+226
7.348850000000000384e+226
2.955979999999999929e+227
4.148400000000000309e+227
4.148400000000000309e+227
4.148400000000000309e+227
2.062440000000000007e+228
5.970320000000000233e+228
2.090890000000000167e+228
2.090890000000000167e+228
9.138500000000000354e+228
3.623939999999999754e+229
2.202329999999999997e+229
2.202329999999999997e+229
9.717599999999999404e+229
4.293340000000000331e+230
6.669050000000000280e+230
6.669050000000000280e+230
6.669050000000000280e+230
3.273329999999999844e+231
1.047609999999999936e+232
3.861159999999999885e+231
1.849409999999999980e+232
8.213299999999999733e+232
3.380699999999999953e+233
2.676450000000000120e+233
1.261090000000000066e+234
5.540650000000000070e+234
2.458520000000000061e+235
5.068889999999999878e+235
5.068889999999999878e+235
5.068889999999999878e+235
7.737899999999999734e+234
7.737899999999999734e+234
7.737899999999999734e+234
1.427220000000000003e+234
4.457110000000000032e+234
3.776460000000000271e+235
9.482589999999999661e+235
7.612479999999999825e+236
7.612479999999999825e+236
2.260230000000000036e+237
1.474230000000000063e+238
6.923489999999999867e+238
2.365249999999999960e+238
9.005399999999999868e+238
3.507900000000000084e+239
1.582560000000000018e+240
6.819629999999999886e+239
2.777280000000000081e+240
1.037839999999999973e+241
4.663839999999999775e+241
3.605330000000000270e+241
3.605330000000000270e+241
1.453490000000000059e+242
6.575709999999999691e+242
1.244320000000000010e+243
1.244320000000000010e+243
5.443950000000000242e+243
2.482100000000000052e+244
8.370100000000000504e+244
8.370100000000000504e+244
2.626309999999999953e+245
9.734999999999999184e+245
9.734999999999999184e+245
2.419630000000000129e+245
9.860130000000000847e+245
9.860130000000000847e+245
3.568340000000000051e+246
9.690710000000000276e+245
9.690710000000000276e+245
9.690710000000000276e+245
3.824380000000000049e+246
1.417039999999999917e+246
3.863530000000000008e+245
1.078839999999999968e+245
1.078839999999999968e+245
7.891109999999999719e+244
7.891109999999999719e+244
7.891109999999999719e+244
7.891109999999999719e+244
1.394150000000000054e+245
1.394150000000000054e+245
1.394150000000000054e+245
1.394150000000000054e+245
4.133210000000000216e+245
4.133210000000000216e+245
1.080010000000000009e+245
1.080010000000000009e+245
3.946169999999999876e+245
3.946169999999999876e+245
3.946169999999999876e+245
3.946169999999999876e+245
1.580160000000000013e+246
1.580160000000000013e+246
4.934259999999999845e+245
1.373890000000000119e+245
3.774760000000000254e+244
3.774760000000000254e+244
2.100759999999999888e+244
8.400419999999999970e+243
3.242360000000000118e+243
3.242360000000000118e+243
4.254820000000000101e+243
2.578240000000000047e+243
1.655039999999999968e+243
6.460870000000000089e+243
6.460870000000000089e+243
5.133539999999999735e+243
5.230029999999999788e+243
5.230029999999999788e+243
1.182979999999999975e+244
1.046030000000000015e+244
1.670860000000000038e+244
1.670860000000000038e+244
5.299689999999999852e+244
6.562730000000000099e+244
1.537960000000000104e+245
1.537960000000000104e+245
1.537960000000000104e+245
3.314619999999999999e+245
1.134070000000000043e+246
2.708840000000000219e+245
9.996469999999999192e+245
3.525150000000000080e+246
1.442699999999999965e+247
1.442699999999999965e+247
3.553310000000000038e+246
3.553310000000000038e+246
8.739459999999999975e+245
8.739459999999999975e+245
8.739459999999999975e+245
2.313959999999999792e+245
2.313959999999999792e+245
2.313959999999999792e+245
2.313959999999999792e+245
2.313959999999999792e+245
6.487449999999999906e+244
6.487449999999999906e+244
6.487449999999999906e+244
6.487449999999999906e+244
6.487449999999999906e+244
1.869379999999999879e+244
1.869379999999999879e+244
1.869379999999999879e+244
1.869379999999999879e+244
1.869379999999999879e+244
1.869379999999999879e+244
1.869379999999999879e+244
6.419469999999999790e+243
3.071200000000000076e+243
3.071200000000000076e+243
3.071200000000000076e+243
3.071200000000000076e+243
6.660210000000000335e+243
6.660210000000000335e+243
6.660210000000000335e+243
4.738260000000000094e+243
4.738260000000000094e+243
1.842629999999999981e+244
1.842629999999999981e+244
2.401280000000000125e+244
2.401280000000000125e+244
2.401280000000000125e+244
9.347350000000000248e+244
7.142019999999999869e+244
2.585170000000000118e+244
6.519170000000000365e+243
6.519170000000000365e+243
1.031470000000000058e+244
1.086989999999999963e+244
3.275179999999999863e+243
1.286629999999999908e+243
6.943330000000000441e+242
8.175300000000000176e+242
6.677210000000000048e+242
1.061740000000000035e+243
1.745990000000000022e+243
1.160740000000000000e+243
3.523779999999999987e+243
1.344099999999999993e+244
1.344099999999999993e+244
2.032519999999999854e+244
8.640789999999999599e+244
3.837050000000000138e+245
1.221919999999999941e+246
6.900950000000000062e+245
3.606589999999999997e+246
1.659060000000000002e+247
