4.538719999999999709e+04
4.538719999999999709e+04
3.511450000000000000e+04
4.421619999999999709e+04
4.421619999999999709e+04
4.421619999999999709e+04
1.086430000000000000e+05
1.089100000000000000e+05
1.093280000000000000e+05
1.137980000000000000e+05
1.231900000000000000e+05
2.866050000000000000e+05
6.898210000000000000e+05
6.597890000000000000e+05
1.673630000000000000e+06
6.107670000000000000e+06
6.107670000000000000e+06
1.489090000000000000e+07
5.103260000000000000e+07
2.115000000000000000e+08
8.751240000000000000e+08
8.751240000000000000e+08
8.751240000000000000e+08
8.751240000000000000e+08
8.751240000000000000e+08
4.499460000000000000e+08
4.499460000000000000e+08
4.499460000000000000e+08
4.499460000000000000e+08
1.096670000000000000e+09
3.899180000000000000e+09
3.899180000000000000e+09
3.899180000000000000e+09
3.899180000000000000e+09
3.899180000000000000e+09
1.675260000000000000e+10
1.675260000000000000e+10
4.116280000000000000e+10
4.126370000000000000e+10
4.142220000000000000e+10
1.021860000000000000e+11
4.369950000000000000e+10
1.101110000000000000e+11
1.058360000000000000e+11
1.058360000000000000e+11
2.327060000000000000e+11
2.327060000000000000e+11
2.234220000000000000e+11
2.234220000000000000e+11
2.234220000000000000e+11
2.234220000000000000e+11
2.070830000000000000e+11
2.070830000000000000e+11
2.070830000000000000e+11
7.131160000000000000e+10
1.830610000000000000e+11
1.830610000000000000e+11
7.706590000000000000e+11
4.295250000000000000e+11
1.762540000000000000e+12
4.165210000000000000e+11
1.765670000000000000e+11
1.165330000000000000e+11
4.962610000000000000e+11
