4.421619999999999709e+04
2.347640000000000146e+04
1.140740000000000000e+05
1.880090000000000000e+05
9.907090000000000000e+06
9.907090000000000000e+06
6.663030000000000000e+06
3.517780000000000000e+07
1.434310000000000000e+08
1.041750000000000000e+08
1.458290000000000000e+08
4.221890000000000000e+08
1.042910000000000000e+08
2.924510000000000000e+07
3.153780000000000000e+07
8.502250000000000000e+06
3.154730000000000000e+06
9.948250000000000000e+06
1.058170000000000000e+07
8.028240000000000000e+06
1.067090000000000000e+07
2.709980000000000000e+06
7.509360000000000000e+05
1.034220000000000000e+05
1.090580000000000000e+05
1.636180000000000000e+05
9.997830000000000291e+04
1.277300000000000000e+05
1.859070000000000000e+06
3.581480000000000000e+07
4.263440000000000000e+08
1.403720000000000000e+08
8.817900000000000000e+07
9.438840000000000000e+06
2.815540000000000000e+07
2.660170000000000000e+06
3.328340000000000000e+05
4.569220000000000000e+05
5.056630000000000000e+05
8.275240000000000000e+05
2.026200000000000000e+06
1.748740000000000000e+06
1.322560000000000000e+07
1.205410000000000000e+07
3.600700000000000000e+06
1.237120000000000000e+08
3.754470000000000000e+07
8.972400000000000000e+07
1.398410000000000000e+08
2.628030000000000000e+07
2.618630000000000000e+07
1.996820000000000000e+06
1.028240000000000000e+05
9.674669999999999709e+04
2.103720000000000000e+05
2.145770000000000073e+04
2.536479999999999927e+04
3.132909999999999854e+04
3.975850000000000000e+05
7.333230000000000000e+05
1.882820000000000000e+05
2.933220000000000000e+06
4.392200000000000000e+07
2.771010000000000000e+07
3.380040000000000000e+06
6.625250000000000000e+05
1.906890000000000000e+05
5.619010000000000000e+05
5.764670000000000000e+05
1.705260000000000000e+05
1.222400000000000000e+06
3.155250000000000000e+06
1.524920000000000000e+06
3.372810000000000000e+06
3.664650000000000000e+07
1.116490000000000000e+08
4.344720000000000000e+08
1.679170000000000000e+08
4.099810000000000000e+07
1.148990000000000000e+07
8.785030000000000000e+06
1.277610000000000000e+06
7.393040000000000000e+05
5.766280000000000000e+05
1.931420000000000000e+06
3.914150000000000000e+05
3.776990000000000000e+05
2.992260000000000000e+05
1.665870000000000000e+06
3.403780000000000000e+05
1.267100000000000000e+05
2.292570000000000000e+05
2.013140000000000000e+06
7.974930000000000000e+05
7.522070000000000000e+06
2.779340000000000000e+06
1.028760000000000000e+06
3.787830000000000000e+05
1.289290000000000000e+06
1.452480000000000000e+06
1.452480000000000000e+06
1.006680000000000000e+06
3.755730000000000000e+05
1.149130000000000000e+05
7.794490000000000000e+05
6.064410000000000000e+06
2.586230000000000000e+06
2.821090000000000000e+07
2.618660000000000000e+07
2.480270000000000000e+06
7.318150000000000000e+06
8.796470000000000000e+05
1.633700000000000000e+05
4.781359999999999854e+04
1.212810000000000036e+04
1.681990000000000146e+04
5.442030000000000291e+04
4.607609999999999854e+04
1.074360000000000000e+05
3.262040000000000000e+05
2.226540000000000000e+05
1.161840000000000000e+06
2.042480000000000000e+05
9.529180000000000291e+04
9.713819999999999709e+04
3.739819999999999709e+04
6.238219999999999709e+04
2.683200000000000000e+04
6.972350000000000000e+04
3.266240000000000000e+05
7.548400000000000000e+04
1.618310000000000036e+04
1.994890000000000146e+04
1.735150000000000000e+04
2.015679999999999927e+04
9.345000000000000000e+04
7.667480000000000291e+04
7.594819999999999709e+04
1.468960000000000000e+05
1.987750000000000000e+06
4.599850000000000000e+05
7.318140000000000000e+06
1.959040000000000000e+06
9.184920000000000000e+06
4.391210000000000000e+06
2.703060000000000000e+06
1.149370000000000000e+06
1.291810000000000000e+07
4.335050000000000000e+05
1.385080000000000000e+06
1.660020000000000000e+05
5.692309999999999854e+04
2.417350000000000000e+04
9.123519999999999709e+04
1.705529999999999927e+04
1.325990000000000000e+05
7.187419999999999709e+04
1.172680000000000000e+06
2.420520000000000000e+06
9.926130000000000000e+06
8.405050000000000000e+05
4.374310000000000000e+06
7.782390000000000000e+05
1.975490000000000000e+05
1.596950000000000000e+05
1.024830000000000000e+05
1.237230000000000000e+05
1.186660000000000000e+05
3.531530000000000291e+04
3.505030000000000291e+04
7.788010000000000582e+04
2.172700000000000000e+05
3.667380000000000000e+05
1.689480000000000000e+05
5.293520000000000000e+05
2.902040000000000000e+05
1.430630000000000000e+06
6.146400000000000000e+05
3.922720000000000000e+05
7.776550000000000000e+05
1.477030000000000000e+06
2.122030000000000000e+05
9.768510000000000582e+04
2.210360000000000000e+06
1.530130000000000000e+05
3.046680000000000000e+05
8.309480000000000000e+05
1.233270000000000000e+05
1.468600000000000000e+05
2.369450000000000000e+05
1.438970000000000000e+05
3.574490000000000000e+05
3.495280000000000000e+05
1.074480000000000000e+06
6.517740000000000000e+05
8.405580000000000000e+05
5.112790000000000000e+05
2.798180000000000000e+05
4.005790000000000146e+04
8.075610000000000582e+04
4.422590000000000146e+04
1.536570000000000000e+05
8.975010000000000582e+04
4.034350000000000000e+05
3.369890000000000000e+06
2.724220000000000000e+06
9.633830000000000000e+06
2.152480000000000000e+07
2.915030000000000000e+06
8.637270000000000000e+05
7.938090000000000000e+05
9.155380000000000000e+05
6.903950000000000000e+05
1.261220000000000000e+06
1.081390000000000000e+07
4.093170000000000000e+07
4.093170000000000000e+07
4.040270000000000000e+07
4.040270000000000000e+07
3.495010000000000000e+06
1.288530000000000000e+06
4.413610000000000000e+06
1.204870000000000000e+06
4.466910000000000000e+06
1.417240000000000000e+07
5.624880000000000000e+07
5.624880000000000000e+07
6.082780000000000000e+08
6.260050000000000000e+08
2.174560000000000000e+08
1.698330000000000000e+08
1.539190000000000000e+07
3.310640000000000000e+06
1.012820000000000000e+06
2.969540000000000000e+05
8.862470000000000000e+05
7.005530000000000291e+04
1.030350000000000000e+05
2.544360000000000000e+06
9.094150000000000000e+05
2.488580000000000000e+05
2.657360000000000000e+06
2.250230000000000000e+07
2.472800000000000000e+06
6.065420000000000000e+06
2.087770000000000000e+05
2.166810000000000000e+05
2.937929999999999927e+04
4.053169999999999709e+04
2.572140000000000146e+04
5.043169999999999709e+04
4.016730000000000291e+04
6.699140000000000000e+05
2.315620000000000000e+05
2.524770000000000000e+05
4.620060000000000000e+05
8.759750000000000000e+04
8.809610000000000000e+05
8.895089999999999418e+04
2.072390000000000000e+05
8.767430000000000291e+04
4.497600000000000000e+05
9.784789999999999418e+04
1.293810000000000000e+05
8.150150000000000000e+05
1.605070000000000000e+06
2.427310000000000000e+06
1.926560000000000000e+06
1.926560000000000000e+06
6.817440000000000000e+06
9.714390000000000000e+07
4.002290000000000000e+08
4.447730000000000000e+08
1.427030000000000000e+08
2.584770000000000000e+06
1.384820000000000000e+06
1.230570000000000000e+05
1.158470000000000000e+05
3.565000000000000000e+05
2.872030000000000000e+06
3.870360000000000000e+06
7.811060000000000000e+06
1.346510000000000000e+07
3.371740000000000000e+06
1.117810000000000000e+06
1.314050000000000000e+05
1.250820000000000000e+05
3.239240000000000000e+05
3.459100000000000000e+06
8.674480000000000000e+06
1.979640000000000000e+06
4.399340000000000000e+07
1.747820000000000000e+08
1.747820000000000000e+08
1.726450000000000000e+08
1.676620000000000000e+07
3.755990000000000000e+07
1.791900000000000000e+06
4.926990000000000000e+06
1.604360000000000000e+06
6.556350000000000000e+05
1.361740000000000000e+06
7.959140000000000000e+05
1.525930000000000000e+05
3.517100000000000000e+05
9.384000000000000000e+05
1.280020000000000000e+07
5.164510000000000000e+07
5.164510000000000000e+07
2.991190000000000000e+06
1.086080000000000000e+07
4.001150000000000000e+06
1.310470000000000000e+06
2.522870000000000000e+06
1.144710000000000000e+06
1.225790000000000000e+06
2.419220000000000000e+06
4.025760000000000000e+06
7.335840000000000000e+06
5.249400000000000000e+07
2.674640000000000000e+07
9.938090000000000000e+06
1.955610000000000000e+06
4.223450000000000000e+05
3.354640000000000000e+06
1.016040000000000000e+06
4.553920000000000000e+05
1.021890000000000000e+05
1.012350000000000000e+06
1.071460000000000000e+06
6.366610000000000000e+05
9.474710000000000582e+04
3.762230000000000000e+05
9.791480000000000000e+05
1.792560000000000000e+06
1.083880000000000000e+06
5.990240000000000000e+05
6.901130000000000000e+05
1.043060000000000000e+07
2.089370000000000000e+06
5.584240000000000000e+05
8.507060000000000000e+05
3.309180000000000000e+06
9.971560000000000000e+06
8.387700000000000000e+06
7.364130000000000000e+06
1.070510000000000000e+08
2.152500000000000000e+06
2.863020000000000000e+06
1.603360000000000000e+06
1.990600000000000000e+06
1.758740000000000000e+06
7.583210000000000000e+06
1.844410000000000000e+07
5.032820000000000000e+06
1.861610000000000000e+07
8.690600000000000000e+06
2.386580000000000000e+06
1.321550000000000000e+06
2.491210000000000000e+06
8.090050000000000000e+06
1.059410000000000000e+08
1.024060000000000000e+08
8.101960000000000000e+06
2.921300000000000000e+06
1.072020000000000000e+07
8.402970000000000000e+06
1.083690000000000000e+07
5.779820000000000000e+06
3.198400000000000000e+06
6.317930000000000000e+06
9.149560000000000000e+06
2.021850000000000000e+07
2.680870000000000000e+07
6.176650000000000000e+05
4.399509999999999854e+04
7.559970000000000255e+03
1.404220000000000073e+04
4.852540000000000146e+04
3.122680000000000000e+05
1.147900000000000000e+06
1.523300000000000000e+07
1.163050000000000000e+08
4.035840000000000000e+08
1.564490000000000000e+09
1.564490000000000000e+09
1.564490000000000000e+09
3.942990000000000000e+08
4.085840000000000000e+08
9.938520000000000000e+07
9.938520000000000000e+07
1.059940000000000000e+08
3.486180000000000000e+07
2.618890000000000000e+06
2.299700000000000000e+05
2.835350000000000000e+05
2.296830000000000000e+05
2.382170000000000000e+05
5.219469999999999709e+04
7.813910000000000582e+04
4.189070000000000000e+05
1.414010000000000000e+07
1.414010000000000000e+07
1.683610000000000000e+08
2.423980000000000000e+09
9.488670000000000000e+09
9.488670000000000000e+09
9.488670000000000000e+09
2.370250000000000000e+09
2.370250000000000000e+09
1.766890000000000000e+08
1.336450000000000000e+07
1.538880000000000000e+06
2.099240000000000000e+05
4.991020000000000000e+05
8.720470000000000000e+05
7.832310000000000000e+06
8.442020000000000000e+06
1.125490000000000000e+07
8.320260000000000000e+06
1.100530000000000000e+07
1.574730000000000000e+08
1.952620000000000000e+07
2.491460000000000000e+07
1.923160000000000000e+07
1.923160000000000000e+07
2.694340000000000000e+06
5.074600000000000000e+06
3.345340000000000000e+06
7.082190000000000000e+06
2.004570000000000000e+06
2.887110000000000000e+06
2.398030000000000000e+05
1.170840000000000000e+06
1.122620000000000000e+06
7.589169999999999709e+04
5.115390000000000000e+05
1.724280000000000000e+06
1.344950000000000000e+06
1.293610000000000000e+07
4.523590000000000000e+06
4.680600000000000000e+07
6.611330000000000000e+06
4.203570000000000000e+06
1.163520000000000000e+06
5.370860000000000000e+05
8.210670000000000000e+05
3.121400000000000000e+05
2.181980000000000000e+05
1.306130000000000000e+05
4.576540000000000000e+05
2.687760000000000000e+06
1.264290000000000000e+06
4.894960000000000000e+06
2.846100000000000000e+06
2.758280000000000000e+07
1.054610000000000000e+07
2.747770000000000000e+07
1.026770000000000000e+08
1.365130000000000000e+08
2.449620000000000000e+07
2.924680000000000000e+06
2.021950000000000000e+06
2.854880000000000000e+06
7.793600000000000000e+06
1.056580000000000000e+07
3.033680000000000000e+07
1.025430000000000000e+07
3.965190000000000000e+07
3.574320000000000000e+08
3.730940000000000000e+07
1.193200000000000000e+07
3.962140000000000000e+06
1.115740000000000000e+06
1.913150000000000000e+06
1.366980000000000000e+07
4.396650000000000000e+06
6.010650000000000000e+07
1.162780000000000000e+08
4.759710000000000000e+07
9.374520000000000000e+06
6.182360000000000000e+06
2.026470000000000000e+06
1.346170000000000000e+06
7.718310000000000000e+05
3.337060000000000000e+05
6.176160000000000000e+05
1.735320000000000000e+05
8.642940000000000000e+05
3.254680000000000000e+05
2.099210000000000000e+05
4.483040000000000000e+05
2.853920000000000000e+05
3.998370000000000000e+05
2.221370000000000000e+05
2.178740000000000000e+05
7.361770000000000000e+05
2.652650000000000000e+05
1.875990000000000000e+05
2.087020000000000073e+04
1.509010000000000000e+05
1.142310000000000000e+05
3.687480000000000000e+05
8.935100000000000000e+05
2.356790000000000000e+06
8.379990000000000000e+05
3.616830000000000000e+05
7.850350000000000000e+06
7.470500000000000000e+05
1.548860000000000000e+06
7.832180000000000000e+06
2.034820000000000000e+07
9.259060000000000000e+06
3.529680000000000000e+06
2.601100000000000000e+06
1.914780000000000000e+06
1.329530000000000000e+06
2.192980000000000000e+06
1.075210000000000000e+07
2.881100000000000000e+07
1.046680000000000000e+08
4.290130000000000000e+08
1.576780000000000000e+09
1.576780000000000000e+09
6.447970000000000000e+09
1.575390000000000000e+09
3.896990000000000000e+08
3.896990000000000000e+08
1.089280000000000000e+08
3.890610000000000000e+08
2.717930000000000000e+07
9.901960000000000000e+06
2.518810000000000000e+06
1.339670000000000000e+07
8.278860000000000000e+06
1.001190000000000000e+06
9.079720000000000000e+06
2.261130000000000000e+07
2.598320000000000000e+06
1.762450000000000000e+06
9.431580000000000000e+05
2.177650000000000000e+05
9.373260000000000582e+04
1.750190000000000000e+05
6.404419999999999709e+04
1.995970000000000000e+05
1.032590000000000000e+05
4.916040000000000000e+05
2.955650000000000000e+05
1.065460000000000000e+06
3.203780000000000000e+06
2.744040000000000000e+06
3.033000000000000000e+06
6.418240000000000000e+05
2.868420000000000000e+06
8.325500000000000000e+05
6.670160000000000000e+05
1.209680000000000000e+06
3.886110000000000000e+05
1.044490000000000000e+06
1.354070000000000000e+06
1.930070000000000000e+06
3.258220000000000000e+05
6.448269999999999709e+04
1.745560000000000000e+05
3.255220000000000000e+06
1.939930000000000000e+06
3.049670000000000000e+06
3.049670000000000000e+06
3.960310000000000000e+06
3.553840000000000000e+07
4.493610000000000000e+08
3.903400000000000000e+08
4.221890000000000000e+08
1.057160000000000000e+08
1.094520000000000000e+07
1.178260000000000000e+06
4.256440000000000000e+05
2.847980000000000000e+05
1.464700000000000000e+06
9.965580000000000000e+06
1.168170000000000000e+08
1.560830000000000000e+09
6.470890000000000000e+09
1.671220000000000000e+09
6.659100000000000000e+09
1.636910000000000000e+09
4.447730000000000000e+08
4.447730000000000000e+08
1.074690000000000000e+08
9.568950000000000000e+06
2.031710000000000000e+06
3.401540000000000000e+05
1.010540000000000000e+05
2.169640000000000000e+05
1.263910000000000000e+06
1.269980000000000000e+06
8.967560000000000582e+04
1.050300000000000000e+05
1.262980000000000000e+06
4.789040000000000000e+06
1.543660000000000000e+07
5.854260000000000000e+07
1.728620000000000000e+06
1.375110000000000000e+06
1.686950000000000000e+07
6.245680000000000000e+07
6.245680000000000000e+07
1.639760000000000000e+07
1.639760000000000000e+07
2.462180000000000000e+06
4.929480000000000000e+07
1.895190000000000000e+08
4.852850000000000000e+07
4.852850000000000000e+07
6.069190000000000000e+06
7.637930000000000000e+05
1.762400000000000000e+05
2.656620000000000000e+05
7.140500000000000000e+05
2.077020000000000000e+06
2.102470000000000000e+06
1.235810000000000000e+07
4.244250000000000000e+08
4.244250000000000000e+08
1.117920000000000000e+08
3.945820000000000000e+07
3.945820000000000000e+07
1.013440000000000000e+07
3.912530000000000000e+07
1.109760000000000000e+08
1.109760000000000000e+08
1.131230000000000000e+07
3.049320000000000000e+06
7.838730000000000000e+06
3.109450000000000000e+06
2.978840000000000000e+07
7.867380000000000000e+06
2.248180000000000000e+06
2.248180000000000000e+06
2.921870000000000000e+07
9.995230000000000000e+07
2.719540000000000000e+07
3.064060000000000000e+07
5.632900000000000000e+06
8.907080000000000000e+06
4.670400000000000000e+07
1.168930000000000000e+08
4.184480000000000000e+08
1.048160000000000000e+08
1.047450000000000000e+08
1.047450000000000000e+08
1.052890000000000000e+08
1.052890000000000000e+08
1.052890000000000000e+08
2.602570000000000000e+07
3.140870000000000000e+06
8.906150000000000000e+05
2.959460000000000000e+06
1.570540000000000000e+06
7.647680000000000000e+05
1.067780000000000000e+06
5.594950000000000000e+05
6.169820000000000000e+05
1.835510000000000000e+06
1.835510000000000000e+06
7.770790000000000000e+05
1.531190000000000000e+06
1.049460000000000000e+06
4.280490000000000000e+05
1.133720000000000000e+06
6.461660000000000000e+06
1.053590000000000000e+06
1.882510000000000000e+06
2.415910000000000000e+06
1.589560000000000000e+05
7.821150000000000000e+04
1.849279999999999927e+04
7.915710000000000582e+04
6.090150000000000000e+05
5.712940000000000000e+05
6.009490000000000000e+06
8.162030000000000000e+06
6.730070000000000000e+06
8.540570000000000000e+06
2.141680000000000000e+07
1.049990000000000000e+07
3.268790000000000000e+07
2.633180000000000000e+06
7.410500000000000000e+05
7.267650000000000000e+06
2.466640000000000000e+06
1.990880000000000000e+06
7.307130000000000000e+06
1.074370000000000000e+07
3.071370000000000000e+06
4.102240000000000000e+06
2.635090000000000000e+06
8.703110000000000000e+05
1.466300000000000000e+06
5.372970000000000000e+05
2.843650000000000000e+05
9.878339999999999418e+04
1.490940000000000000e+05
4.107150000000000000e+06
1.232280000000000000e+07
8.230030000000000000e+06
8.177170000000000000e+06
9.822330000000000000e+07
3.965010000000000000e+08
1.081700000000000000e+08
8.402970000000000000e+06
2.487280000000000000e+06
1.882350000000000000e+05
4.128250000000000000e+04
7.230239999999999418e+04
1.092790000000000000e+05
3.079320000000000000e+05
4.255370000000000000e+05
2.925440000000000000e+06
2.449420000000000000e+06
2.388120000000000000e+06
2.150950000000000000e+06
2.469590000000000000e+05
1.938140000000000000e+06
4.232590000000000000e+06
1.247630000000000000e+06
1.274020000000000000e+05
2.180710000000000000e+06
3.135690000000000000e+05
2.029810000000000000e+06
1.021980000000000000e+06
7.385010000000000000e+05
2.448720000000000000e+06
2.337540000000000000e+06
7.469740000000000000e+05
8.146200000000000000e+06
1.910800000000000000e+07
7.622880000000000000e+06
1.859540000000000000e+07
4.798410000000000000e+06
2.077320000000000000e+06
4.862320000000000000e+06
2.687320000000000000e+07
6.189170000000000000e+06
1.186300000000000000e+07
1.153520000000000000e+07
1.205100000000000000e+07
2.592790000000000000e+07
2.858270000000000000e+06
3.669340000000000000e+06
2.571200000000000000e+05
3.091280000000000000e+05
6.759470000000000000e+05
2.482830000000000000e+06
2.772070000000000000e+07
6.960850000000000000e+06
2.603830000000000000e+07
2.030240000000000000e+06
1.027590000000000000e+07
9.284180000000000000e+06
7.313620000000000000e+05
6.902160000000000000e+05
6.296030000000000291e+04
2.905000000000000000e+04
7.514339999999999418e+04
1.032180000000000000e+05
4.912950000000000000e+05
4.794030000000000000e+05
4.113760000000000000e+05
4.008500000000000000e+05
2.202260000000000000e+05
9.743589999999999418e+04
1.412770000000000000e+05
8.535560000000000000e+05
2.357190000000000000e+06
1.171900000000000000e+07
2.146100000000000000e+06
9.156910000000000582e+04
5.686160000000000000e+05
3.591290000000000000e+05
2.328340000000000000e+06
1.120300000000000000e+07
1.163160000000000000e+06
4.716610000000000000e+05
3.177010000000000000e+05
3.222420000000000000e+05
1.033720000000000000e+06
9.636360000000000000e+05
3.230270000000000000e+06
3.188590000000000000e+07
1.064920000000000000e+08
4.312930000000000000e+08
6.119960000000000000e+08
1.246400000000000000e+08
1.346150000000000000e+08
1.274160000000000000e+07
7.765000000000000000e+06
1.205130000000000000e+06
1.053400000000000000e+06
