4.538719999999999709e+04
4.538719999999999709e+04
3.511450000000000000e+04
4.421619999999999709e+04
4.421619999999999709e+04
2.691429999999999927e+04
4.395530000000000291e+04
4.744990000000000146e+04
4.744990000000000146e+04
8.452619999999999709e+04
7.138089999999999418e+04
1.045310000000000000e+05
4.078800000000000000e+05
3.311990000000000000e+05
8.168460000000000000e+05
2.676640000000000000e+06
2.676640000000000000e+06
4.701500000000000000e+06
1.260820000000000000e+07
4.918480000000000000e+07
2.083010000000000000e+08
2.083010000000000000e+08
2.083010000000000000e+08
2.083010000000000000e+08
2.083010000000000000e+08
1.478320000000000000e+08
1.478320000000000000e+08
4.929130000000000000e+07
4.929130000000000000e+07
7.968110000000000000e+07
2.620640000000000000e+08
2.620640000000000000e+08
2.620640000000000000e+08
2.620640000000000000e+08
2.620640000000000000e+08
9.926900000000000000e+08
9.926900000000000000e+08
3.029350000000000000e+09
3.029350000000000000e+09
3.029350000000000000e+09
7.327340000000000000e+08
2.591250000000000000e+08
1.075320000000000000e+09
1.075320000000000000e+09
1.075320000000000000e+09
3.386850000000000000e+09
3.386850000000000000e+09
3.386850000000000000e+09
3.386850000000000000e+09
3.386850000000000000e+09
3.386850000000000000e+09
9.055610000000000000e+08
9.055610000000000000e+08
9.055610000000000000e+08
9.055610000000000000e+08
3.109920000000000000e+08
3.109920000000000000e+08
1.222970000000000000e+09
1.222970000000000000e+09
3.828170000000000000e+09
1.597180000000000000e+09
4.384830000000000000e+08
4.384830000000000000e+08
4.384830000000000000e+08
4.384830000000000000e+08
1.626980000000000000e+08
1.626980000000000000e+08
1.626980000000000000e+08
1.626980000000000000e+08
1.626980000000000000e+08
1.626980000000000000e+08
1.626980000000000000e+08
5.116310000000000000e+08
1.468050000000000000e+09
1.468050000000000000e+09
4.991190000000000000e+08
4.991190000000000000e+08
4.991190000000000000e+08
4.991190000000000000e+08
3.222520000000000000e+08
3.222520000000000000e+08
3.222520000000000000e+08
3.222520000000000000e+08
5.834440000000000000e+08
5.834440000000000000e+08
2.487440000000000000e+08
6.106120000000000000e+07
1.834980000000000000e+08
1.834980000000000000e+08
1.462110000000000000e+08
3.828960000000000000e+07
1.507590000000000000e+07
5.131580000000000000e+07
7.538590000000000000e+07
2.767490000000000000e+07
1.877150000000000000e+07
5.037960000000000000e+06
1.391910000000000000e+07
1.010460000000000000e+07
1.776490000000000000e+07
5.312530000000000000e+06
5.312530000000000000e+06
1.293890000000000000e+07
4.453610000000000000e+07
2.193950000000000000e+07
2.193950000000000000e+07
7.820070000000000000e+07
2.866020000000000000e+07
3.356950000000000000e+07
1.466470000000000000e+07
5.790340000000000000e+07
5.790340000000000000e+07
1.182110000000000000e+08
7.953820000000000000e+07
3.291460000000000000e+08
1.020900000000000000e+09
2.879540000000000000e+09
5.316580000000000000e+09
5.316580000000000000e+09
2.039640000000000000e+10
6.376850000000000000e+10
2.018320000000000000e+11
2.018320000000000000e+11
2.018320000000000000e+11
7.963790000000000000e+11
2.621750000000000000e+11
2.621750000000000000e+11
2.621750000000000000e+11
2.621750000000000000e+11
1.646930000000000000e+11
1.646930000000000000e+11
1.646930000000000000e+11
1.646930000000000000e+11
2.808250000000000000e+11
2.808250000000000000e+11
7.357410000000000000e+10
1.787490000000000000e+10
5.629860000000000000e+10
5.629860000000000000e+10
2.198140000000000000e+11
5.960960000000000000e+10
2.081460000000000000e+10
2.081460000000000000e+10
5.837610000000000000e+09
5.837610000000000000e+09
3.615190000000000000e+09
3.615190000000000000e+09
1.291210000000000000e+09
5.642040000000000000e+08
1.218260000000000000e+09
1.218260000000000000e+09
1.218260000000000000e+09
1.218260000000000000e+09
3.969380000000000000e+09
3.969380000000000000e+09
2.614970000000000000e+09
1.399190000000000000e+09
1.399190000000000000e+09
1.399190000000000000e+09
2.042440000000000000e+09
2.324570000000000000e+09
8.316960000000000000e+08
8.316960000000000000e+08
2.230240000000000000e+09
5.691740000000000000e+09
5.303290000000000000e+09
5.303290000000000000e+09
5.303290000000000000e+09
5.303290000000000000e+09
1.160660000000000000e+10
1.160660000000000000e+10
4.443600000000000000e+10
4.443600000000000000e+10
4.443600000000000000e+10
1.165790000000000000e+10
1.165790000000000000e+10
4.542850000000000000e+10
4.542850000000000000e+10
1.288480000000000000e+10
1.288480000000000000e+10
1.288480000000000000e+10
4.365790000000000000e+10
4.365790000000000000e+10
1.805710000000000000e+11
7.640030000000000000e+11
3.006740000000000000e+12
9.629000000000000000e+11
9.629000000000000000e+11
2.310760000000000000e+11
9.530510000000000000e+11
5.659300000000000000e+11
5.659300000000000000e+11
5.659300000000000000e+11
5.659300000000000000e+11
8.820400000000000000e+11
8.820400000000000000e+11
8.820400000000000000e+11
2.339720000000000000e+11
7.411910000000000000e+11
1.795780000000000000e+11
1.795780000000000000e+11
1.795780000000000000e+11
7.017400000000000000e+11
7.017400000000000000e+11
1.924010000000000000e+11
5.574300000000000000e+10
1.505110000000000000e+10
1.505110000000000000e+10
1.505110000000000000e+10
6.140360000000000000e+09
2.086270000000000000e+09
7.098320000000000000e+08
7.098320000000000000e+08
5.465990000000000000e+08
1.884440000000000000e+09
6.477600000000000000e+08
6.477600000000000000e+08
9.663130000000000000e+08
9.663130000000000000e+08
9.663130000000000000e+08
3.481250000000000000e+09
9.914860000000000000e+09
3.281750000000000000e+09
2.262900000000000000e+09
6.460530000000000000e+08
2.322150000000000000e+09
1.401450000000000000e+09
2.430630000000000000e+09
8.893770000000000000e+08
8.893770000000000000e+08
1.744360000000000000e+09
1.069490000000000000e+09
1.298650000000000000e+09
5.298590000000000000e+09
1.672660000000000000e+10
2.784830000000000000e+10
4.674090000000000000e+10
4.674090000000000000e+10
4.674090000000000000e+10
1.210250000000000000e+11
8.976970000000000000e+10
8.976970000000000000e+10
3.062300000000000000e+10
2.129690000000000000e+10
4.981160000000000000e+10
4.981160000000000000e+10
1.662650000000000000e+11
1.002810000000000000e+11
3.342540000000000000e+11
3.342540000000000000e+11
1.307670000000000000e+12
2.809690000000000000e+12
9.983010000000000000e+12
9.983010000000000000e+12
9.983010000000000000e+12
6.272920000000000000e+12
6.272920000000000000e+12
1.553410000000000000e+12
1.553410000000000000e+12
2.466400000000000000e+12
7.651620000000000000e+11
3.530780000000000000e+11
3.530780000000000000e+11
2.335640000000000000e+11
2.974380000000000000e+11
3.035360000000000000e+11
8.960430000000000000e+10
1.663030000000000000e+11
1.593370000000000000e+11
2.577030000000000000e+11
2.577030000000000000e+11
7.641970000000000000e+11
1.491730000000000000e+12
3.711510000000000000e+12
1.459790000000000000e+13
6.338110000000000000e+12
1.500360000000000000e+13
4.690790000000000000e+13
4.690790000000000000e+13
3.738540000000000000e+13
1.089050000000000000e+14
4.029710000000000000e+14
4.029710000000000000e+14
6.236410000000000000e+14
1.622120000000000000e+15
6.593410000000000000e+15
6.593410000000000000e+15
5.463670000000000000e+15
2.092020000000000000e+16
2.092020000000000000e+16
2.092020000000000000e+16
4.199330000000000000e+16
4.199330000000000000e+16
4.199330000000000000e+16
4.199330000000000000e+16
2.092020000000000000e+16
2.092020000000000000e+16
2.092020000000000000e+16
8.624630000000000000e+16
1.974040000000000000e+17
8.337630000000000000e+17
8.337630000000000000e+17
2.138110000000000000e+17
6.793390000000000000e+17
6.793390000000000000e+17
6.793390000000000000e+17
6.793390000000000000e+17
6.793390000000000000e+17
6.793390000000000000e+17
6.793390000000000000e+17
6.793390000000000000e+17
2.240010000000000000e+17
2.240010000000000000e+17
2.240010000000000000e+17
6.055290000000000000e+16
1.924750000000000000e+17
1.924750000000000000e+17
1.924750000000000000e+17
1.924750000000000000e+17
1.924750000000000000e+17
4.918540000000000000e+16
4.918540000000000000e+16
4.918540000000000000e+16
4.918540000000000000e+16
1.401640000000000000e+16
1.401640000000000000e+16
4.504350000000000000e+15
1.579860000000000000e+16
1.579860000000000000e+16
1.579860000000000000e+16
8.663850000000000000e+15
3.135730000000000000e+15
3.135730000000000000e+15
9.603710000000000000e+14
1.990090000000000000e+15
1.990090000000000000e+15
1.346910000000000000e+15
1.346910000000000000e+15
1.346910000000000000e+15
5.407410000000000000e+14
5.407410000000000000e+14
5.407410000000000000e+14
3.010640000000000000e+14
8.807540000000000000e+14
8.807540000000000000e+14
8.807540000000000000e+14
1.868700000000000000e+15
1.868700000000000000e+15
1.326380000000000000e+15
1.326380000000000000e+15
1.326380000000000000e+15
1.326380000000000000e+15
2.398420000000000000e+15
2.398420000000000000e+15
2.398420000000000000e+15
2.398420000000000000e+15
7.570620000000000000e+15
2.071930000000000000e+15
6.555230000000000000e+15
6.555230000000000000e+15
6.555230000000000000e+15
2.203040000000000000e+15
8.307800000000000000e+15
3.378030000000000000e+16
3.378030000000000000e+16
1.135960000000000000e+17
2.932080000000000000e+16
2.932080000000000000e+16
1.192130000000000000e+17
1.192130000000000000e+17
3.855300000000000000e+16
1.589440000000000000e+17
1.589440000000000000e+17
1.589440000000000000e+17
5.415210000000000000e+17
5.415210000000000000e+17
5.415210000000000000e+17
5.415210000000000000e+17
5.415210000000000000e+17
5.415210000000000000e+17
2.257320000000000000e+18
7.617470000000000000e+17
7.617470000000000000e+17
7.617470000000000000e+17
7.617470000000000000e+17
7.617470000000000000e+17
2.599840000000000000e+17
7.031740000000000000e+16
2.033800000000000000e+16
5.703920000000000000e+16
3.994200000000000000e+16
3.232930000000000000e+16
1.974330000000000000e+16
7.070190000000000000e+16
1.223410000000000000e+17
2.086670000000000000e+17
2.661660000000000000e+17
2.661660000000000000e+17
2.661660000000000000e+17
6.177870000000000000e+17
1.397160000000000000e+18
1.397160000000000000e+18
1.397160000000000000e+18
3.998240000000000000e+18
1.130990000000000000e+19
1.130990000000000000e+19
3.562030000000000000e+19
1.232940000000000000e+20
4.279929999999999672e+20
4.279929999999999672e+20
1.592369999999999934e+21
5.923460000000000393e+21
2.358190000000000118e+22
9.899279999999999895e+22
4.058299999999999775e+23
1.663370000000000002e+24
7.020500000000000087e+24
1.673620000000000104e+24
4.089400000000000304e+23
1.159650000000000029e+23
1.159650000000000029e+23
1.159650000000000029e+23
1.159650000000000029e+23
5.515370000000000144e+22
5.515370000000000144e+22
5.515370000000000144e+22
5.515370000000000144e+22
3.905760000000000210e+22
1.509820000000000026e+22
1.509820000000000026e+22
8.794650000000000459e+21
1.753289999999999934e+22
1.753289999999999934e+22
5.624240000000000524e+21
4.096359999999999738e+21
1.118059999999999921e+22
1.118059999999999921e+22
1.118059999999999921e+22
1.315299999999999974e+22
4.330629999999999961e+22
1.356250000000000039e+22
6.890959999999999476e+21
1.017200000000000105e+22
3.779180000000000131e+22
1.406300000000000026e+22
1.377120000000000000e+22
3.324280000000000052e+22
1.334949999999999919e+23
7.820899999999999345e+22
1.129130000000000060e+23
1.129130000000000060e+23
3.259320000000000052e+22
5.481499999999999816e+22
3.068710000000000170e+22
1.057849999999999955e+23
3.432279999999999843e+22
8.778489999999999200e+22
1.106170000000000039e+23
4.189950000000000181e+23
4.189950000000000181e+23
4.189950000000000181e+23
1.086489999999999997e+24
3.397569999999999903e+23
2.320069999999999877e+23
7.964869999999999877e+23
3.589020000000000320e+23
3.589020000000000320e+23
3.589020000000000320e+23
1.452309999999999889e+24
3.920339999999999953e+24
3.920339999999999953e+24
2.701610000000000094e+24
2.701610000000000094e+24
2.701610000000000094e+24
2.701610000000000094e+24
3.904099999999999814e+24
3.904099999999999814e+24
3.904099999999999814e+24
3.904099999999999814e+24
1.095490000000000044e+25
1.095490000000000044e+25
4.022029999999999727e+25
4.022029999999999727e+25
1.511789999999999930e+25
3.873079999999999969e+24
3.873079999999999969e+24
1.088929999999999979e+24
8.726510000000000621e+23
8.726510000000000621e+23
8.726510000000000621e+23
3.378519999999999759e+23
5.158579999999999827e+23
2.083929999999999913e+23
2.083929999999999913e+23
6.047049999999999347e+23
7.836240000000000147e+23
7.836240000000000147e+23
3.246959999999999870e+24
1.410989999999999967e+24
2.347460000000000058e+24
1.313040000000000096e+24
1.313040000000000096e+24
8.945470000000000433e+23
8.316029999999999678e+23
8.316029999999999678e+23
8.316029999999999678e+23
1.167739999999999993e+24
1.989779999999999902e+24
1.236450000000000096e+24
1.236450000000000096e+24
3.217589999999999982e+24
8.975879999999999679e+24
