4.538719999999999709e+04
4.538719999999999709e+04
3.511450000000000000e+04
4.421619999999999709e+04
4.421619999999999709e+04
2.786350000000000000e+04
3.352930000000000291e+04
2.347640000000000146e+04
2.347640000000000146e+04
2.982040000000000146e+04
3.228320000000000073e+04
3.316569999999999709e+04
1.140740000000000000e+05
6.893110000000000582e+04
7.425989999999999418e+04
1.880090000000000000e+05
1.880090000000000000e+05
3.302350000000000000e+05
8.856080000000000000e+05
3.454760000000000000e+06
1.463120000000000000e+07
1.463120000000000000e+07
1.463120000000000000e+07
1.463120000000000000e+07
1.463120000000000000e+07
6.763120000000000000e+06
6.763120000000000000e+06
6.763120000000000000e+06
6.763120000000000000e+06
2.251320000000000000e+07
1.442880000000000000e+08
1.442880000000000000e+08
1.442880000000000000e+08
1.442880000000000000e+08
1.442880000000000000e+08
5.883080000000000000e+08
5.883080000000000000e+08
1.739260000000000000e+09
1.739260000000000000e+09
1.739260000000000000e+09
4.272900000000000000e+08
1.495170000000000000e+08
5.981430000000000000e+08
5.981430000000000000e+08
5.981430000000000000e+08
1.731680000000000000e+09
1.731680000000000000e+09
1.731680000000000000e+09
1.731680000000000000e+09
1.731680000000000000e+09
1.731680000000000000e+09
4.249260000000000000e+08
4.249260000000000000e+08
1.695100000000000000e+08
1.695100000000000000e+08
4.556720000000000000e+07
2.408280000000000000e+07
3.501960000000000000e+07
3.501960000000000000e+07
3.501960000000000000e+07
2.794860000000000000e+07
4.439580000000000000e+07
4.439580000000000000e+07
4.439580000000000000e+07
1.528870000000000000e+08
1.144460000000000000e+08
1.144460000000000000e+08
1.144460000000000000e+08
2.498490000000000000e+08
4.741080000000000000e+08
4.741080000000000000e+08
4.741080000000000000e+08
2.358730000000000000e+08
2.427420000000000000e+08
2.427420000000000000e+08
1.058110000000000000e+08
1.058110000000000000e+08
1.031240000000000000e+08
1.031240000000000000e+08
1.286580000000000000e+08
1.286580000000000000e+08
4.169400000000000000e+08
4.169400000000000000e+08
1.127450000000000000e+09
3.954610000000000000e+09
9.832480000000000000e+08
1.225280000000000000e+08
6.064170000000000000e+08
6.064170000000000000e+08
4.970990000000000000e+09
4.970990000000000000e+09
4.970990000000000000e+09
4.970990000000000000e+09
4.970990000000000000e+09
4.970990000000000000e+09
4.970990000000000000e+09
4.970990000000000000e+09
1.663600000000000000e+09
1.663600000000000000e+09
1.663600000000000000e+09
1.044230000000000000e+09
1.026300000000000000e+09
1.026300000000000000e+09
6.362230000000000000e+08
4.048280000000000000e+08
5.946970000000000000e+08
5.946970000000000000e+08
9.758870000000000000e+08
2.289390000000000000e+09
1.277120000000000000e+09
4.174970000000000000e+08
1.278690000000000000e+09
4.343150000000000000e+09
6.571320000000000000e+09
6.571320000000000000e+09
6.571320000000000000e+09
6.571320000000000000e+09
6.571320000000000000e+09
2.167750000000000000e+10
1.190890000000000000e+10
2.730680000000000000e+10
1.093480000000000000e+11
1.093480000000000000e+11
2.495760000000000000e+11
1.058530000000000000e+12
4.590210000000000000e+12
4.590210000000000000e+12
1.749160000000000000e+13
7.720530000000000000e+13
7.720530000000000000e+13
7.720530000000000000e+13
1.509320000000000000e+14
1.509320000000000000e+14
1.509320000000000000e+14
1.509320000000000000e+14
1.805130000000000000e+14
1.508530000000000000e+14
5.663950000000000000e+14
5.663950000000000000e+14
4.237580000000000000e+14
8.124870000000000000e+14
2.257070000000000000e+14
9.262390000000000000e+14
1.825520000000000000e+15
5.027670000000000000e+15
1.311310000000000000e+15
1.311310000000000000e+15
5.192540000000000000e+15
2.139080000000000000e+16
2.139080000000000000e+16
2.139080000000000000e+16
2.139080000000000000e+16
2.139080000000000000e+16
2.139080000000000000e+16
2.139080000000000000e+16
2.139080000000000000e+16
2.139080000000000000e+16
2.139080000000000000e+16
2.139080000000000000e+16
2.139080000000000000e+16
2.360130000000000000e+16
7.909860000000000000e+15
7.909860000000000000e+15
7.909860000000000000e+15
7.909860000000000000e+15
7.909860000000000000e+15
7.909860000000000000e+15
3.221720000000000000e+16
3.221720000000000000e+16
3.221720000000000000e+16
3.221720000000000000e+16
3.221720000000000000e+16
3.221720000000000000e+16
9.522760000000000000e+16
2.333030000000000000e+16
2.333030000000000000e+16
2.333030000000000000e+16
8.544060000000000000e+16
2.291420000000000000e+16
2.291420000000000000e+16
2.291420000000000000e+16
6.244650000000000000e+15
6.244650000000000000e+15
6.244650000000000000e+15
6.244650000000000000e+15
6.244650000000000000e+15
2.479470000000000000e+15
2.479470000000000000e+15
6.861090000000000000e+14
2.599670000000000000e+14
2.183300000000000000e+14
2.183300000000000000e+14
7.756990000000000000e+14
1.766770000000000000e+15
3.148520000000000000e+15
3.148520000000000000e+15
3.148520000000000000e+15
1.180820000000000000e+15
3.072440000000000000e+15
7.831620000000000000e+14
7.831620000000000000e+14
7.831620000000000000e+14
2.853650000000000000e+15
2.853650000000000000e+15
7.815160000000000000e+14
4.094680000000000000e+14
1.232590000000000000e+14
1.232590000000000000e+14
1.232590000000000000e+14
1.486970000000000000e+14
5.667080000000000000e+13
1.829650000000000000e+13
1.829650000000000000e+13
1.529990000000000000e+13
4.510160000000000000e+13
2.129090000000000000e+13
2.129090000000000000e+13
2.283400000000000000e+13
2.283400000000000000e+13
3.044400000000000000e+13
4.317520000000000000e+13
4.652750000000000000e+13
1.365620000000000000e+13
3.320370000000000000e+13
3.163740000000000000e+13
3.726110000000000000e+13
2.614640000000000000e+13
6.886950000000000000e+13
3.168220000000000000e+13
2.414300000000000000e+13
3.194040000000000000e+13
1.379120000000000000e+13
1.011910000000000000e+13
1.749520000000000000e+13
4.315280000000000000e+13
1.067030000000000000e+14
1.275560000000000000e+14
1.275560000000000000e+14
1.275560000000000000e+14
4.138100000000000000e+14
3.174170000000000000e+14
3.174170000000000000e+14
1.192960000000000000e+14
3.810730000000000000e+13
7.752950000000000000e+13
2.660480000000000000e+14
7.725920000000000000e+14
2.491500000000000000e+14
9.468250000000000000e+14
9.468250000000000000e+14
3.981500000000000000e+15
3.981500000000000000e+15
1.849440000000000000e+16
8.867950000000000000e+16
8.867950000000000000e+16
3.232780000000000000e+16
3.232780000000000000e+16
9.134880000000000000e+15
9.134880000000000000e+15
1.154480000000000000e+16
4.381110000000000000e+15
1.342200000000000000e+16
1.342200000000000000e+16
1.091700000000000000e+16
4.667220000000000000e+15
1.848420000000000000e+15
5.312280000000000000e+14
7.215490000000000000e+14
1.374040000000000000e+15
1.374040000000000000e+15
1.374040000000000000e+15
3.513230000000000000e+15
3.513230000000000000e+15
2.728430000000000000e+15
9.644870000000000000e+15
4.372030000000000000e+15
6.874650000000000000e+15
2.674130000000000000e+16
2.674130000000000000e+16
2.649770000000000000e+16
1.094140000000000000e+17
5.126270000000000000e+17
5.126270000000000000e+17
5.333090000000000000e+17
2.365040000000000000e+18
1.091150000000000000e+19
1.091150000000000000e+19
1.075940000000000000e+19
5.153330000000000000e+19
5.153330000000000000e+19
5.153330000000000000e+19
8.255120000000000000e+19
8.255120000000000000e+19
2.791840000000000000e+20
2.791840000000000000e+20
1.862660000000000000e+20
1.862660000000000000e+20
1.862660000000000000e+20
6.211750000000000328e+20
9.769369999999999672e+20
3.037600000000000000e+21
1.110379999999999921e+22
3.055149999999999803e+21
8.284900000000000393e+21
3.263850000000000144e+22
3.263850000000000144e+22
3.263850000000000144e+22
3.263850000000000144e+22
3.263850000000000144e+22
3.263850000000000144e+22
3.263850000000000144e+22
1.239179999999999921e+22
1.239179999999999921e+22
1.239179999999999921e+22
6.771970000000000197e+21
9.728320000000000000e+21
9.728320000000000000e+21
9.728320000000000000e+21
8.130949999999999541e+21
1.549620000000000079e+22
1.549620000000000079e+22
1.549620000000000079e+22
1.111860000000000079e+22
1.144399999999999895e+22
1.144399999999999895e+22
1.144399999999999895e+22
2.032500000000000079e+22
2.086789999999999961e+22
2.086789999999999961e+22
2.086789999999999961e+22
4.571490000000000197e+22
3.706980000000000184e+22
3.706980000000000184e+22
9.516020000000000918e+21
5.772189999999999803e+21
7.272699999999999607e+21
7.272699999999999607e+21
7.272699999999999607e+21
2.593650000000000092e+22
9.129980000000000026e+22
9.129980000000000026e+22
9.129980000000000026e+22
4.035599999999999895e+23
1.018269999999999971e+23
1.018269999999999971e+23
1.018269999999999971e+23
1.018269999999999971e+23
4.884739999999999974e+23
4.884739999999999974e+23
4.884739999999999974e+23
4.884739999999999974e+23
4.884739999999999974e+23
4.884739999999999974e+23
4.884739999999999974e+23
4.884739999999999974e+23
4.884739999999999974e+23
4.884739999999999974e+23
1.308039999999999948e+23
1.308039999999999948e+23
4.988059999999999984e+23
4.988059999999999984e+23
1.922510000000000160e+23
1.922510000000000160e+23
1.922510000000000160e+23
1.922510000000000160e+23
4.772500000000000037e+23
1.830000000000000071e+24
1.830000000000000071e+24
4.772500000000000037e+23
4.772500000000000037e+23
1.238819999999999932e+23
1.238819999999999932e+23
1.238819999999999932e+23
6.156059999999999816e+22
3.701019999999999816e+22
1.537829999999999919e+23
1.537829999999999919e+23
3.968400000000000063e+23
8.768669999999999468e+23
8.768669999999999468e+23
8.768669999999999468e+23
4.139920000000000197e+24
1.498060000000000059e+25
1.498060000000000059e+25
1.498060000000000059e+25
3.044409999999999841e+25
5.166489999999999575e+25
1.352400000000000060e+25
3.961019999999999775e+24
2.209750000000000107e+24
3.948630000000000074e+24
3.948630000000000074e+24
1.532720000000000021e+24
1.678470000000000028e+24
3.503739999999999791e+24
3.503739999999999791e+24
3.503739999999999791e+24
4.086140000000000127e+24
1.550539999999999938e+25
1.550539999999999938e+25
4.456310000000000146e+25
1.422910000000000027e+26
1.422910000000000027e+26
7.282370000000000131e+25
1.175429999999999923e+26
1.175429999999999923e+26
1.175429999999999923e+26
3.585390000000000220e+26
1.516909999999999919e+27
1.516909999999999919e+27
1.516909999999999919e+27
7.100789999999999887e+27
3.304300000000000026e+28
3.304300000000000026e+28
3.304300000000000026e+28
1.668339999999999938e+29
8.012700000000000339e+29
2.790120000000000027e+29
8.389070000000000118e+28
4.743160000000000109e+28
2.964649999999999889e+28
6.683450000000000405e+28
6.683450000000000405e+28
7.622610000000000313e+28
7.622610000000000313e+28
2.468919999999999928e+29
2.468919999999999928e+29
4.533389999999999885e+29
1.223949999999999968e+30
1.223949999999999968e+30
1.223949999999999968e+30
4.173199999999999865e+30
1.589880000000000108e+31
8.445810000000000351e+30
6.993270000000000244e+30
6.993270000000000244e+30
6.993270000000000244e+30
2.185550000000000111e+31
6.310240000000000173e+31
6.310240000000000173e+31
2.658439999999999862e+31
1.210880000000000044e+32
3.658429999999999782e+32
3.658429999999999782e+32
2.259100000000000054e+32
1.073350000000000061e+33
3.575410000000000084e+33
1.223480000000000032e+33
1.742720000000000139e+33
1.173800000000000048e+33
1.207229999999999955e+33
3.358689999999999873e+33
5.394360000000000509e+33
2.660589999999999892e+33
2.877109999999999735e+33
8.023959999999999393e+32
5.287880000000000030e+32
7.089270000000000444e+32
1.793749999999999870e+33
1.793749999999999870e+33
2.365289999999999970e+33
6.825280000000000043e+33
2.507020000000000160e+34
2.507020000000000160e+34
6.441119999999999705e+34
3.898629999999999860e+34
3.108419999999999822e+34
3.108419999999999822e+34
1.006560000000000052e+35
3.091900000000000037e+35
1.123819999999999933e+36
4.366630000000000160e+35
4.366630000000000160e+35
2.037960000000000096e+36
9.278709999999999883e+36
8.355609999999999462e+36
8.355609999999999462e+36
3.923739999999999985e+37
1.857769999999999881e+38
2.105920000000000177e+38
2.105920000000000177e+38
1.296539999999999998e+38
1.602910000000000004e+38
1.080720000000000068e+38
4.294529999999999770e+38
2.644220000000000044e+38
2.166190000000000128e+38
3.281949999999999861e+38
3.281949999999999861e+38
5.442850000000000236e+38
1.387580000000000132e+39
8.285249999999999948e+38
8.285249999999999948e+38
2.809309999999999786e+39
1.033590000000000031e+40
1.532460000000000011e+40
1.532460000000000011e+40
6.536710000000000565e+39
6.712669999999999659e+39
2.088359999999999909e+40
5.056069999999999835e+39
1.395649999999999910e+40
5.394280000000000331e+40
1.505089999999999972e+40
1.505089999999999972e+40
7.309970000000000348e+40
3.385350000000000098e+41
3.385350000000000098e+41
1.945889999999999973e+40
1.317690000000000004e+41
6.820139999999999895e+41
9.903429999999999823e+42
