4.538719999999999709e+04
4.538719999999999709e+04
3.511450000000000000e+04
4.421619999999999709e+04
4.421619999999999709e+04
2.786350000000000000e+04
3.352930000000000291e+04
2.347640000000000146e+04
2.347640000000000146e+04
4.182040000000000146e+04
3.531659999999999854e+04
5.171800000000000000e+04
2.018040000000000000e+05
9.480639999999999418e+04
1.809340000000000000e+05
5.862760000000000000e+05
5.862760000000000000e+05
1.029790000000000000e+06
2.761630000000000000e+06
1.077310000000000000e+07
4.562510000000000000e+07
4.562510000000000000e+07
4.562510000000000000e+07
4.562510000000000000e+07
4.562510000000000000e+07
3.238030000000000000e+07
3.238030000000000000e+07
1.079650000000000000e+07
1.079650000000000000e+07
1.565960000000000000e+07
4.206920000000000000e+07
4.206920000000000000e+07
4.206920000000000000e+07
4.206920000000000000e+07
4.206920000000000000e+07
1.593570000000000000e+08
1.593570000000000000e+08
4.713380000000000000e+08
4.713380000000000000e+08
4.713380000000000000e+08
1.172630000000000000e+08
4.146910000000000000e+07
1.720890000000000000e+08
1.720890000000000000e+08
1.720890000000000000e+08
4.835720000000000000e+08
4.835720000000000000e+08
4.835720000000000000e+08
4.835720000000000000e+08
4.835720000000000000e+08
4.835720000000000000e+08
1.292950000000000000e+08
1.292950000000000000e+08
5.126540000000000000e+07
5.126540000000000000e+07
1.741290000000000000e+07
9.529180000000000000e+06
3.072130000000000000e+07
3.072130000000000000e+07
9.590090000000000000e+07
4.728090000000000000e+07
1.309440000000000000e+07
1.309440000000000000e+07
1.309440000000000000e+07
1.688280000000000000e+07
1.263790000000000000e+07
1.263790000000000000e+07
1.263790000000000000e+07
2.759000000000000000e+07
5.235430000000000000e+07
5.235430000000000000e+07
5.235430000000000000e+07
2.604670000000000000e+07
2.604670000000000000e+07
2.604670000000000000e+07
8.606060000000000000e+06
2.155280000000000000e+07
7.724630000000000000e+07
7.724630000000000000e+07
3.997960000000000000e+07
1.542550000000000000e+08
6.089550000000000000e+08
6.089550000000000000e+08
1.392960000000000000e+09
5.742140000000000000e+09
1.121860000000000000e+09
1.302280000000000000e+08
5.849080000000000000e+08
5.849080000000000000e+08
2.334720000000000000e+09
5.974840000000000000e+08
2.193300000000000000e+08
2.193300000000000000e+08
3.995310000000000000e+07
3.995310000000000000e+07
2.998740000000000000e+07
1.546570000000000000e+07
6.044380000000000000e+06
2.640470000000000000e+06
3.802910000000000000e+06
2.374540000000000000e+06
2.374540000000000000e+06
1.401440000000000000e+06
4.083420000000000000e+06
8.573870000000000000e+06
1.415770000000000000e+07
3.412480000000000000e+07
1.093520000000000000e+07
1.100090000000000000e+07
4.292450000000000000e+07
1.584760000000000000e+08
1.584760000000000000e+08
3.941140000000000000e+08
1.259170000000000000e+09
5.002860000000000000e+09
1.744860000000000000e+10
4.835630000000000000e+10
4.835630000000000000e+10
4.835630000000000000e+10
2.160010000000000000e+11
8.732810000000000000e+11
3.315110000000000000e+12
3.315110000000000000e+12
3.315110000000000000e+12
1.325220000000000000e+13
1.325220000000000000e+13
5.743070000000000000e+13
5.743070000000000000e+13
5.743070000000000000e+13
5.743070000000000000e+13
5.743070000000000000e+13
5.743070000000000000e+13
5.743070000000000000e+13
2.078310000000000000e+14
2.078310000000000000e+14
6.699910000000000000e+13
2.228050000000000000e+14
2.228050000000000000e+14
2.228050000000000000e+14
8.814700000000000000e+14
2.163040000000000000e+14
5.439220000000000000e+13
5.439220000000000000e+13
1.184000000000000000e+13
1.184000000000000000e+13
3.120620000000000000e+12
3.120620000000000000e+12
1.038060000000000000e+12
3.916090000000000000e+11
3.916090000000000000e+11
3.916090000000000000e+11
3.630180000000000000e+11
4.311340000000000000e+11
1.371310000000000000e+11
1.371310000000000000e+11
1.350880000000000000e+11
8.501700000000000000e+10
8.501700000000000000e+10
8.501700000000000000e+10
2.397090000000000000e+11
4.293860000000000000e+11
2.397150000000000000e+11
2.397150000000000000e+11
7.190640000000000000e+11
1.753770000000000000e+12
2.445990000000000000e+12
2.445990000000000000e+12
2.445990000000000000e+12
8.452770000000000000e+12
2.666310000000000000e+13
2.666310000000000000e+13
1.124920000000000000e+14
1.124920000000000000e+14
1.124920000000000000e+14
3.133070000000000000e+13
3.133070000000000000e+13
1.388500000000000000e+14
1.388500000000000000e+14
3.905380000000000000e+13
3.905380000000000000e+13
3.905380000000000000e+13
1.519670000000000000e+14
1.519670000000000000e+14
1.519670000000000000e+14
1.519670000000000000e+14
1.519670000000000000e+14
5.570190000000000000e+13
5.570190000000000000e+13
1.433020000000000000e+13
5.787550000000000000e+13
4.842190000000000000e+13
4.842190000000000000e+13
4.842190000000000000e+13
4.842190000000000000e+13
8.701150000000000000e+13
8.701150000000000000e+13
8.701150000000000000e+13
2.569570000000000000e+13
6.808780000000000000e+13
1.732850000000000000e+13
1.732850000000000000e+13
1.732850000000000000e+13
6.864690000000000000e+13
6.864690000000000000e+13
1.903560000000000000e+13
5.549820000000000000e+12
1.114850000000000000e+12
1.114850000000000000e+12
7.772720000000000000e+11
2.640440000000000000e+11
1.008610000000000000e+11
3.143160000000000000e+10
3.143160000000000000e+10
2.902010000000000000e+10
6.381040000000000000e+10
2.699750000000000000e+10
4.139230000000000000e+10
3.826890000000000000e+10
3.826890000000000000e+10
3.826890000000000000e+10
8.163730000000000000e+10
1.708270000000000000e+11
7.896130000000000000e+10
5.304340000000000000e+10
2.519540000000000000e+10
7.389880000000000000e+10
5.147370000000000000e+10
7.901070000000000000e+10
1.382310000000000000e+11
1.382310000000000000e+11
2.425890000000000000e+11
1.496830000000000000e+11
3.912290000000000000e+11
1.636920000000000000e+12
5.493360000000000000e+12
1.326810000000000000e+13
1.326810000000000000e+13
1.326810000000000000e+13
1.326810000000000000e+13
5.143140000000000000e+13
5.143140000000000000e+13
5.143140000000000000e+13
1.699600000000000000e+13
7.288590000000000000e+12
2.759100000000000000e+13
2.759100000000000000e+13
7.938300000000000000e+13
3.722320000000000000e+13
3.722320000000000000e+13
3.722320000000000000e+13
1.478620000000000000e+14
3.756450000000000000e+14
1.590680000000000000e+15
1.590680000000000000e+15
1.590680000000000000e+15
4.736640000000000000e+14
4.736640000000000000e+14
1.188000000000000000e+14
1.188000000000000000e+14
1.513060000000000000e+14
4.576630000000000000e+13
4.576630000000000000e+13
4.576630000000000000e+13
3.817060000000000000e+13
3.817060000000000000e+13
1.675730000000000000e+13
6.551090000000000000e+12
1.054770000000000000e+13
9.633620000000000000e+12
2.192430000000000000e+13
2.192430000000000000e+13
6.962180000000000000e+13
2.161200000000000000e+14
2.331070000000000000e+14
8.256070000000000000e+14
3.847540000000000000e+14
6.644950000000000000e+14
2.687610000000000000e+15
2.687610000000000000e+15
2.470120000000000000e+15
9.432110000000000000e+15
2.285580000000000000e+16
2.285580000000000000e+16
3.982060000000000000e+16
1.286090000000000000e+17
5.705630000000000000e+17
5.705630000000000000e+17
2.321830000000000000e+17
1.115270000000000000e+18
1.115270000000000000e+18
1.115270000000000000e+18
1.842240000000000000e+18
1.842240000000000000e+18
6.809850000000000000e+18
6.809850000000000000e+18
4.315940000000000000e+18
1.698180000000000000e+19
1.698180000000000000e+19
6.957470000000000000e+19
1.339220000000000000e+20
3.985590000000000000e+19
3.985590000000000000e+19
8.513490000000000000e+18
3.193130000000000000e+19
1.642480000000000000e+19
1.642480000000000000e+19
1.642480000000000000e+19
1.642480000000000000e+19
1.642480000000000000e+19
1.642480000000000000e+19
1.642480000000000000e+19
7.761550000000000000e+18
7.761550000000000000e+18
7.761550000000000000e+18
2.082030000000000000e+18
5.246160000000000000e+18
5.246160000000000000e+18
5.246160000000000000e+18
5.246160000000000000e+18
5.246160000000000000e+18
2.852190000000000000e+18
2.852190000000000000e+18
2.852190000000000000e+18
2.852190000000000000e+18
2.067250000000000000e+18
2.067250000000000000e+18
7.583210000000000000e+17
2.349440000000000000e+18
4.345960000000000000e+18
4.345960000000000000e+18
2.734450000000000000e+18
8.547100000000000000e+17
8.547100000000000000e+17
2.380250000000000000e+17
3.787840000000000000e+17
3.787840000000000000e+17
1.994800000000000000e+17
1.994800000000000000e+17
1.994800000000000000e+17
7.023990000000000000e+16
1.412170000000000000e+17
6.473270000000000000e+16
6.364060000000000000e+16
1.419610000000000000e+17
5.601420000000000000e+17
5.601420000000000000e+17
9.643780000000000000e+17
9.643780000000000000e+17
3.739070000000000000e+18
3.739070000000000000e+18
3.739070000000000000e+18
3.739070000000000000e+18
3.739070000000000000e+18
3.739070000000000000e+18
2.655210000000000000e+18
2.655210000000000000e+18
2.655210000000000000e+18
9.032140000000000000e+17
1.270850000000000000e+18
1.270850000000000000e+18
1.270850000000000000e+18
9.044240000000000000e+17
2.710480000000000000e+18
1.083450000000000000e+19
1.083450000000000000e+19
1.392230000000000000e+19
4.801770000000000000e+18
4.801770000000000000e+18
2.046460000000000000e+19
2.046460000000000000e+19
1.704350000000000000e+19
6.714850000000000000e+19
6.714850000000000000e+19
2.035230000000000000e+20
2.410740000000000000e+20
2.410740000000000000e+20
2.410740000000000000e+20
2.410740000000000000e+20
1.956650000000000000e+20
1.956650000000000000e+20
1.956650000000000000e+20
8.296250000000000000e+19
1.451100000000000000e+20
1.451100000000000000e+20
1.451100000000000000e+20
1.451100000000000000e+20
1.109070000000000000e+20
2.791370000000000000e+19
7.837190000000000000e+18
1.291000000000000000e+19
1.787390000000000000e+19
1.787390000000000000e+19
5.480750000000000000e+18
1.972500000000000000e+19
6.126120000000000000e+19
6.126120000000000000e+19
6.126120000000000000e+19
6.126120000000000000e+19
6.126120000000000000e+19
1.391400000000000000e+20
4.905470000000000328e+20
4.905470000000000328e+20
4.905470000000000328e+20
3.511030000000000328e+20
6.526390000000000328e+20
6.526390000000000328e+20
2.174000000000000000e+21
7.398860000000000131e+21
3.060239999999999895e+22
3.060239999999999895e+22
1.134390000000000066e+22
1.762070000000000066e+22
5.823990000000000066e+22
2.022510000000000118e+23
2.022510000000000118e+23
7.389199999999999895e+23
3.189629999999999745e+24
8.903269999999999835e+23
2.922520000000000245e+24
1.014939999999999984e+24
4.356090000000000207e+23
4.356090000000000207e+23
4.356090000000000207e+23
9.188180000000000121e+23
9.188180000000000121e+23
9.188180000000000121e+23
9.188180000000000121e+23
2.960429999999999933e+24
9.891409999999999630e+24
9.891409999999999630e+24
9.891409999999999630e+24
9.891409999999999630e+24
4.667189999999999814e+24
2.031970000000000129e+24
2.031970000000000129e+24
2.031970000000000129e+24
2.202859999999999997e+24
5.538869999999999478e+24
2.250639999999999929e+24
2.250639999999999929e+24
6.451070000000000013e+24
4.537399999999999767e+24
1.552889999999999966e+25
1.552889999999999966e+25
3.064090000000000038e+25
7.548030000000000107e+25
2.069940000000000001e+25
8.921979999999999993e+24
3.588630000000000144e+25
2.646300000000000004e+25
2.646300000000000004e+25
9.525730000000000257e+25
6.678860000000000388e+25
4.036370000000000197e+25
4.036370000000000197e+25
1.085329999999999895e+25
1.972540000000000009e+25
4.350239999999999938e+25
2.076019999999999884e+25
2.076019999999999884e+25
7.636700000000000021e+25
2.560470000000000134e+26
2.483260000000000109e+26
1.788179999999999858e+26
1.788179999999999858e+26
1.018879999999999968e+26
1.232540000000000033e+26
1.152090000000000083e+26
1.152090000000000083e+26
2.774829999999999904e+26
2.983499999999999837e+26
6.010240000000000179e+26
8.727930000000000214e+26
8.171589999999999824e+26
9.388640000000000031e+26
2.555010000000000135e+27
2.555010000000000135e+27
7.643060000000000112e+27
8.128239999999999758e+27
8.128239999999999758e+27
9.392139999999999758e+27
5.929920000000000422e+27
8.401989999999999642e+27
2.669250000000000111e+28
6.952619999999999642e+28
5.925370000000000227e+28
1.600079999999999852e+29
1.600079999999999852e+29
1.600079999999999852e+29
3.337700000000000154e+29
1.468880000000000055e+29
5.904190000000000118e+29
2.411599999999999848e+29
6.800319999999999302e+29
5.254390000000000259e+29
5.254390000000000259e+29
3.955389999999999755e+29
2.473419999999999998e+29
2.904289999999999833e+29
2.904289999999999833e+29
3.181510000000000222e+29
4.461069999999999808e+29
7.174120000000000077e+29
1.792510000000000093e+29
2.089649999999999854e+29
2.554459999999999971e+29
2.883950000000000097e+29
2.883950000000000097e+29
2.979790000000000094e+29
7.067419999999999640e+29
9.864870000000000675e+29
9.864870000000000675e+29
