4.538719999999999709e+04
4.538719999999999709e+04
3.511450000000000000e+04
4.421619999999999709e+04
4.421619999999999709e+04
2.691429999999999927e+04
4.395530000000000291e+04
4.744990000000000146e+04
4.744990000000000146e+04
6.027209999999999854e+04
6.524980000000000291e+04
6.703350000000000000e+04
2.305620000000000000e+05
1.393210000000000000e+05
1.500920000000000000e+05
3.799980000000000000e+05
3.799980000000000000e+05
5.498660000000000000e+05
1.320800000000000000e+06
5.052130000000000000e+06
2.002390000000000000e+07
2.002390000000000000e+07
2.002390000000000000e+07
2.002390000000000000e+07
2.002390000000000000e+07
1.346710000000000000e+07
1.346710000000000000e+07
1.346710000000000000e+07
1.346710000000000000e+07
2.085450000000000000e+07
7.110040000000000000e+07
7.110040000000000000e+07
7.110040000000000000e+07
7.110040000000000000e+07
7.110040000000000000e+07
2.898990000000000000e+08
2.898990000000000000e+08
8.844810000000000000e+08
8.844810000000000000e+08
8.844810000000000000e+08
2.117600000000000000e+08
7.409850000000000000e+07
2.964320000000000000e+08
2.964320000000000000e+08
2.964320000000000000e+08
8.581970000000000000e+08
8.581970000000000000e+08
8.581970000000000000e+08
8.581970000000000000e+08
8.581970000000000000e+08
8.581970000000000000e+08
2.119960000000000000e+08
2.119960000000000000e+08
2.119960000000000000e+08
2.119960000000000000e+08
5.944760000000000000e+07
5.944760000000000000e+07
2.282570000000000000e+08
2.282570000000000000e+08
2.282570000000000000e+08
6.410800000000000000e+07
1.728280000000000000e+07
1.728280000000000000e+07
1.728280000000000000e+07
1.728280000000000000e+07
6.412730000000000000e+06
6.412730000000000000e+06
6.412730000000000000e+06
6.412730000000000000e+06
6.412730000000000000e+06
6.412730000000000000e+06
6.412730000000000000e+06
2.016590000000000000e+07
6.083380000000000000e+07
6.083380000000000000e+07
2.145000000000000000e+07
2.145000000000000000e+07
2.145000000000000000e+07
2.145000000000000000e+07
1.627390000000000000e+07
1.627390000000000000e+07
1.627390000000000000e+07
1.627390000000000000e+07
2.163070000000000000e+07
2.163070000000000000e+07
7.463390000000000000e+06
2.114540000000000000e+06
5.493350000000000000e+06
5.493350000000000000e+06
4.456450000000000000e+06
1.260880000000000000e+06
4.934560000000000000e+05
1.522210000000000000e+06
2.164830000000000000e+06
8.884300000000000000e+05
7.621140000000000000e+05
2.096440000000000000e+05
5.792150000000000000e+05
4.204820000000000000e+05
7.392510000000000000e+05
2.210700000000000000e+05
2.210700000000000000e+05
5.384260000000000000e+05
1.853270000000000000e+06
9.129650000000000000e+05
9.129650000000000000e+05
2.447200000000000000e+06
8.821820000000000000e+05
5.578650000000000000e+05
2.186780000000000000e+05
5.321900000000000000e+05
5.321900000000000000e+05
7.127170000000000000e+05
5.163740000000000000e+05
1.422650000000000000e+06
4.036580000000000000e+06
1.037340000000000000e+07
1.609460000000000000e+07
1.609460000000000000e+07
6.124370000000000000e+07
1.998420000000000000e+08
6.051170000000000000e+08
6.051170000000000000e+08
6.051170000000000000e+08
2.378940000000000000e+09
7.832540000000000000e+08
7.832540000000000000e+08
7.832540000000000000e+08
7.832540000000000000e+08
4.920260000000000000e+08
4.920260000000000000e+08
4.920260000000000000e+08
4.920260000000000000e+08
8.389720000000000000e+08
8.389720000000000000e+08
2.198050000000000000e+08
5.340180000000000000e+07
1.587250000000000000e+08
1.587250000000000000e+08
5.871150000000000000e+08
1.592940000000000000e+08
5.554190000000000000e+07
5.554190000000000000e+07
1.505040000000000000e+07
1.505040000000000000e+07
1.036690000000000000e+07
1.036690000000000000e+07
3.939830000000000000e+06
1.883070000000000000e+06
2.585120000000000000e+06
2.585120000000000000e+06
2.585120000000000000e+06
2.585120000000000000e+06
7.818080000000000000e+06
7.818080000000000000e+06
5.411340000000000000e+06
2.860880000000000000e+06
2.860880000000000000e+06
2.860880000000000000e+06
4.297770000000000000e+06
4.681860000000000000e+06
1.675090000000000000e+06
1.675090000000000000e+06
4.491860000000000000e+06
1.146360000000000000e+07
1.068120000000000000e+07
1.068120000000000000e+07
1.068120000000000000e+07
1.068120000000000000e+07
2.153720000000000000e+07
2.153720000000000000e+07
8.078130000000000000e+07
8.078130000000000000e+07
8.078130000000000000e+07
2.011530000000000000e+07
2.011530000000000000e+07
7.362600000000000000e+07
7.362600000000000000e+07
2.199290000000000000e+07
2.199290000000000000e+07
2.199290000000000000e+07
4.798050000000000000e+07
4.798050000000000000e+07
1.931860000000000000e+08
7.556280000000000000e+08
2.684180000000000000e+09
9.171930000000000000e+08
9.171930000000000000e+08
2.293210000000000000e+08
8.694180000000000000e+08
5.480300000000000000e+08
5.480300000000000000e+08
5.480300000000000000e+08
5.480300000000000000e+08
8.541430000000000000e+08
8.541430000000000000e+08
8.541430000000000000e+08
2.265720000000000000e+08
7.177490000000000000e+08
1.738990000000000000e+08
1.738990000000000000e+08
1.738990000000000000e+08
6.392360000000000000e+08
6.392360000000000000e+08
1.732770000000000000e+08
4.883690000000000000e+07
1.321310000000000000e+07
1.321310000000000000e+07
1.321310000000000000e+07
4.866540000000000000e+06
1.892120000000000000e+06
6.803990000000000000e+05
6.803990000000000000e+05
6.803990000000000000e+05
1.570900000000000000e+06
6.401820000000000000e+05
6.401820000000000000e+05
4.301540000000000000e+05
4.301540000000000000e+05
4.301540000000000000e+05
1.392050000000000000e+06
2.201370000000000000e+06
7.169610000000000000e+05
4.850690000000000000e+05
1.419870000000000000e+05
4.043180000000000000e+05
2.421820000000000000e+05
4.217920000000000000e+05
1.678410000000000000e+05
1.678410000000000000e+05
3.258600000000000000e+05
1.966340000000000000e+05
2.609770000000000000e+05
9.015100000000000000e+05
2.338240000000000000e+06
2.611040000000000000e+06
3.311940000000000000e+06
3.311940000000000000e+06
3.311940000000000000e+06
1.023060000000000000e+07
6.108700000000000000e+06
6.108700000000000000e+06
2.234200000000000000e+06
1.108750000000000000e+06
1.568420000000000000e+06
5.401310000000000000e+06
1.070770000000000000e+07
8.505300000000000000e+06
2.443420000000000000e+07
2.443420000000000000e+07
6.790200000000000000e+07
1.047200000000000000e+08
3.658780000000000000e+08
3.658780000000000000e+08
3.658780000000000000e+08
2.308290000000000000e+08
2.308290000000000000e+08
5.716200000000000000e+07
5.716200000000000000e+07
9.075790000000000000e+07
2.815620000000000000e+07
1.299250000000000000e+07
1.299250000000000000e+07
8.594640000000000000e+06
1.094510000000000000e+07
7.176250000000000000e+06
1.948470000000000000e+06
2.585710000000000000e+06
3.150220000000000000e+06
3.150220000000000000e+06
3.150220000000000000e+06
9.282720000000000000e+06
9.282720000000000000e+06
9.282720000000000000e+06
3.083750000000000000e+07
3.083750000000000000e+07
9.523360000000000000e+06
4.725180000000000000e+06
4.725180000000000000e+06
4.725180000000000000e+06
2.817120000000000000e+06
3.661920000000000000e+06
3.661920000000000000e+06
1.319000000000000000e+07
2.019430000000000000e+07
5.804510000000000000e+07
5.804510000000000000e+07
1.649600000000000000e+07
5.212540000000000000e+07
5.212540000000000000e+07
5.212540000000000000e+07
2.519200000000000000e+07
2.519200000000000000e+07
2.519200000000000000e+07
2.519200000000000000e+07
5.212540000000000000e+07
5.212540000000000000e+07
5.212540000000000000e+07
2.010070000000000000e+08
2.010070000000000000e+08
5.663570000000000000e+08
1.725490000000000000e+09
4.549690000000000000e+08
4.549690000000000000e+08
1.725490000000000000e+09
6.714590000000000000e+09
6.714590000000000000e+09
6.714590000000000000e+09
6.714590000000000000e+09
6.714590000000000000e+09
6.714590000000000000e+09
2.595090000000000000e+09
2.595090000000000000e+09
2.595090000000000000e+09
7.355950000000000000e+08
6.336100000000000000e+08
6.336100000000000000e+08
6.336100000000000000e+08
6.336100000000000000e+08
6.900650000000000000e+08
