4.538719999999999709e+04
4.538719999999999709e+04
3.511450000000000000e+04
4.421619999999999709e+04
4.421619999999999709e+04
2.786350000000000000e+04
3.352930000000000291e+04
2.347640000000000146e+04
2.347640000000000146e+04
2.424309999999999854e+04
2.633070000000000073e+04
6.149609999999999854e+04
2.232160000000000000e+05
1.869540000000000000e+05
1.747810000000000000e+05
6.410300000000000000e+05
6.410300000000000000e+05
1.514380000000000000e+06
5.158620000000000000e+06
2.153770000000000000e+07
9.211390000000000000e+07
9.211390000000000000e+07
9.211390000000000000e+07
9.211390000000000000e+07
9.211390000000000000e+07
4.920700000000000000e+07
4.920700000000000000e+07
4.920700000000000000e+07
4.920700000000000000e+07
8.450860000000000000e+07
3.617100000000000000e+08
3.617100000000000000e+08
3.617100000000000000e+08
3.617100000000000000e+08
3.617100000000000000e+08
1.554140000000000000e+09
1.554140000000000000e+09
4.510780000000000000e+09
4.510780000000000000e+09
4.510780000000000000e+09
1.244200000000000000e+09
5.245560000000000000e+08
1.941360000000000000e+09
1.941360000000000000e+09
2.006400000000000000e+09
4.790420000000000000e+09
4.790420000000000000e+09
4.790420000000000000e+09
1.094720000000000000e+10
1.094720000000000000e+10
1.094720000000000000e+10
3.066120000000000000e+09
2.781990000000000000e+09
1.523010000000000000e+09
1.523010000000000000e+09
5.763430000000000000e+08
1.171130000000000000e+09
3.075620000000000000e+09
3.075620000000000000e+09
1.621880000000000000e+09
5.034820000000000000e+09
1.995470000000000000e+09
9.273480000000000000e+08
1.658120000000000000e+09
7.049160000000000000e+09
5.208070000000000000e+09
5.208070000000000000e+09
9.091310000000000000e+09
3.814100000000000000e+10
9.291660000000000000e+10
9.291660000000000000e+10
3.042980000000000000e+11
3.042980000000000000e+11
3.042980000000000000e+11
3.193790000000000000e+11
1.183570000000000000e+12
1.183570000000000000e+12
4.097620000000000000e+12
1.091870000000000000e+13
4.657400000000000000e+13
4.657400000000000000e+13
1.872290000000000000e+14
1.833480000000000000e+14
1.833480000000000000e+14
1.833480000000000000e+14
3.888850000000000000e+13
8.643580000000000000e+13
2.189650000000000000e+13
2.189650000000000000e+13
7.812680000000000000e+13
3.117290000000000000e+14
7.680210000000000000e+13
7.680210000000000000e+13
1.948230000000000000e+13
1.948230000000000000e+13
1.948230000000000000e+13
2.953480000000000000e+12
2.953480000000000000e+12
1.201320000000000000e+13
1.201320000000000000e+13
3.435220000000000000e+12
3.435220000000000000e+12
1.477330000000000000e+13
1.477330000000000000e+13
4.592680000000000000e+12
4.947270000000000000e+12
4.947270000000000000e+12
2.047800000000000000e+12
7.519220000000000000e+12
2.048000000000000000e+13
8.036730000000000000e+12
7.549450000000000000e+12
3.387220000000000000e+13
8.284830000000000000e+13
8.284830000000000000e+13
2.257010000000000000e+14
5.152090000000000000e+14
1.941400000000000000e+14
1.941400000000000000e+14
1.941400000000000000e+14
5.894540000000000000e+14
1.701760000000000000e+15
1.701760000000000000e+15
1.701760000000000000e+15
7.227550000000000000e+15
2.276890000000000000e+15
1.289230000000000000e+15
5.335110000000000000e+15
