4.538719999999999709e+04
4.538719999999999709e+04
3.511450000000000000e+04
4.421619999999999709e+04
4.421619999999999709e+04
2.786350000000000000e+04
3.352930000000000291e+04
2.347640000000000146e+04
2.347640000000000146e+04
2.982040000000000146e+04
3.228320000000000073e+04
3.316569999999999709e+04
1.140740000000000000e+05
6.893110000000000582e+04
7.425989999999999418e+04
1.880090000000000000e+05
1.880090000000000000e+05
2.720530000000000000e+05
6.534810000000000000e+05
2.499610000000000000e+06
9.907090000000000000e+06
9.907090000000000000e+06
9.907090000000000000e+06
9.907090000000000000e+06
9.907090000000000000e+06
6.663030000000000000e+06
6.663030000000000000e+06
6.663030000000000000e+06
6.663030000000000000e+06
1.031800000000000000e+07
3.517780000000000000e+07
3.517780000000000000e+07
3.517780000000000000e+07
3.517780000000000000e+07
3.517780000000000000e+07
1.434310000000000000e+08
1.434310000000000000e+08
4.240360000000000000e+08
4.240360000000000000e+08
4.240360000000000000e+08
1.041750000000000000e+08
3.645260000000000000e+07
1.458290000000000000e+08
1.458290000000000000e+08
1.458290000000000000e+08
4.221890000000000000e+08
4.221890000000000000e+08
4.221890000000000000e+08
4.221890000000000000e+08
4.221890000000000000e+08
4.221890000000000000e+08
1.042910000000000000e+08
1.042910000000000000e+08
1.042910000000000000e+08
1.042910000000000000e+08
2.924510000000000000e+07
2.924510000000000000e+07
1.122900000000000000e+08
1.122900000000000000e+08
1.122900000000000000e+08
3.153780000000000000e+07
8.502250000000000000e+06
8.502250000000000000e+06
8.502250000000000000e+06
8.502250000000000000e+06
3.154730000000000000e+06
3.154730000000000000e+06
3.154730000000000000e+06
3.154730000000000000e+06
3.154730000000000000e+06
3.154730000000000000e+06
3.154730000000000000e+06
9.948250000000000000e+06
3.001050000000000000e+07
3.001050000000000000e+07
1.058170000000000000e+07
1.058170000000000000e+07
1.058170000000000000e+07
1.058170000000000000e+07
8.028240000000000000e+06
8.028240000000000000e+06
8.028240000000000000e+06
8.028240000000000000e+06
1.067090000000000000e+07
1.067090000000000000e+07
3.681850000000000000e+06
1.043150000000000000e+06
2.709990000000000000e+06
2.709990000000000000e+06
2.198490000000000000e+06
6.220280000000000000e+05
2.434260000000000000e+05
7.509030000000000000e+05
1.067890000000000000e+06
4.381860000000000000e+05
3.757780000000000000e+05
1.033740000000000000e+05
2.855760000000000000e+05
2.071330000000000000e+05
3.637420000000000000e+05
1.087460000000000000e+05
1.087460000000000000e+05
1.597170000000000000e+05
4.589590000000000000e+05
1.616650000000000000e+05
1.616650000000000000e+05
4.313100000000000000e+05
1.573160000000000000e+05
1.000490000000000000e+05
4.035259999999999854e+04
9.804680000000000291e+04
9.804680000000000291e+04
1.363620000000000000e+05
1.117780000000000000e+05
3.124580000000000000e+05
8.291610000000000000e+05
2.266870000000000000e+06
2.776570000000000000e+06
2.776570000000000000e+06
1.004510000000000000e+07
3.392440000000000000e+07
8.479370000000000000e+07
8.479370000000000000e+07
8.479370000000000000e+07
3.421820000000000000e+08
1.525550000000000000e+08
6.942650000000000000e+07
6.942650000000000000e+07
6.942650000000000000e+07
4.409140000000000000e+07
4.409140000000000000e+07
4.409140000000000000e+07
4.409140000000000000e+07
6.585550000000000000e+07
6.585550000000000000e+07
1.781250000000000000e+07
4.462810000000000000e+06
1.267450000000000000e+07
1.267450000000000000e+07
4.674610000000000000e+07
1.266550000000000000e+07
4.664820000000000000e+06
4.664820000000000000e+06
1.263630000000000000e+06
1.263630000000000000e+06
9.734020000000000000e+05
9.734020000000000000e+05
3.677270000000000000e+05
1.690090000000000000e+05
2.137750000000000000e+05
2.137750000000000000e+05
2.137750000000000000e+05
2.137750000000000000e+05
6.244350000000000000e+05
6.244350000000000000e+05
4.334630000000000000e+05
2.322050000000000000e+05
2.322050000000000000e+05
9.004410000000000000e+05
1.352690000000000000e+06
1.473580000000000000e+06
5.272240000000000000e+05
5.272240000000000000e+05
1.413780000000000000e+06
3.608080000000000000e+06
3.114000000000000000e+06
3.114000000000000000e+06
3.114000000000000000e+06
3.114000000000000000e+06
6.278960000000000000e+06
6.278960000000000000e+06
2.355090000000000000e+07
2.355090000000000000e+07
2.355090000000000000e+07
5.864410000000000000e+06
5.864410000000000000e+06
2.146490000000000000e+07
2.146490000000000000e+07
6.411800000000000000e+06
6.411800000000000000e+06
6.411800000000000000e+06
1.398820000000000000e+07
1.398820000000000000e+07
5.632130000000000000e+07
2.202960000000000000e+08
7.825440000000000000e+08
2.673980000000000000e+08
2.673980000000000000e+08
6.685620000000000000e+07
2.534700000000000000e+08
1.597730000000000000e+08
1.597730000000000000e+08
1.597730000000000000e+08
1.597730000000000000e+08
2.490170000000000000e+08
2.490170000000000000e+08
2.490170000000000000e+08
6.229850000000000000e+07
1.844350000000000000e+08
4.679760000000000000e+07
4.679760000000000000e+07
4.679760000000000000e+07
1.720240000000000000e+08
1.720240000000000000e+08
4.663020000000000000e+07
1.314240000000000000e+07
3.555760000000000000e+06
3.555760000000000000e+06
3.555760000000000000e+06
1.309620000000000000e+06
5.091840000000000000e+05
1.831010000000000000e+05
1.831010000000000000e+05
1.831010000000000000e+05
4.227420000000000000e+05
1.722780000000000000e+05
1.722780000000000000e+05
1.157580000000000000e+05
1.157580000000000000e+05
1.157580000000000000e+05
3.746130000000000000e+05
5.924070000000000000e+05
1.929380000000000000e+05
1.305320000000000000e+05
3.820919999999999709e+04
1.088040000000000000e+05
6.516780000000000291e+04
1.134890000000000000e+05
4.516330000000000291e+04
4.516330000000000291e+04
7.285919999999999709e+04
4.893480000000000291e+04
5.580400000000000000e+04
1.927880000000000000e+05
5.000330000000000000e+05
5.580730000000000000e+05
7.075770000000000000e+05
7.075770000000000000e+05
7.075770000000000000e+05
2.185000000000000000e+06
1.305240000000000000e+06
1.305240000000000000e+06
4.776050000000000000e+05
2.373060000000000000e+05
3.360380000000000000e+05
1.158090000000000000e+06
2.293360000000000000e+06
1.828680000000000000e+06
5.261720000000000000e+06
5.261720000000000000e+06
1.461260000000000000e+07
2.241110000000000000e+07
7.839470000000000000e+07
7.839470000000000000e+07
7.839470000000000000e+07
4.983400000000000000e+07
4.983400000000000000e+07
1.234080000000000000e+07
1.234080000000000000e+07
1.959380000000000000e+07
6.078670000000000000e+06
1.975520000000000000e+06
1.975520000000000000e+06
1.410620000000000000e+06
1.191490000000000000e+06
7.812120000000000000e+05
2.121120000000000000e+05
2.814820000000000000e+05
3.429360000000000000e+05
3.429360000000000000e+05
3.429360000000000000e+05
1.010520000000000000e+06
1.010520000000000000e+06
1.010520000000000000e+06
3.357000000000000000e+06
3.357000000000000000e+06
1.036720000000000000e+06
5.143870000000000000e+05
5.143870000000000000e+05
5.143870000000000000e+05
3.066740000000000000e+05
3.986400000000000000e+05
3.986400000000000000e+05
1.435870000000000000e+06
2.198370000000000000e+06
6.318840000000000000e+06
6.318840000000000000e+06
1.795770000000000000e+06
5.674410000000000000e+06
5.674410000000000000e+06
5.674410000000000000e+06
2.742430000000000000e+06
2.742430000000000000e+06
2.742430000000000000e+06
2.742430000000000000e+06
6.065670000000000000e+06
6.065670000000000000e+06
6.065670000000000000e+06
2.339060000000000000e+07
2.339060000000000000e+07
6.590520000000000000e+07
2.007900000000000000e+08
5.294330000000000000e+07
5.294330000000000000e+07
2.007900000000000000e+08
7.813560000000000000e+08
7.813560000000000000e+08
7.813560000000000000e+08
7.813560000000000000e+08
7.813560000000000000e+08
7.813560000000000000e+08
3.019830000000000000e+08
3.019830000000000000e+08
3.019830000000000000e+08
8.559890000000000000e+07
7.373120000000000000e+07
7.373120000000000000e+07
7.373120000000000000e+07
7.373120000000000000e+07
8.030070000000000000e+07
2.066340000000000000e+07
2.066340000000000000e+07
2.066340000000000000e+07
5.163870000000000000e+07
1.579900000000000000e+07
1.579900000000000000e+07
5.819180000000000000e+06
2.297660000000000000e+06
2.297660000000000000e+06
2.297660000000000000e+06
1.820640000000000000e+06
1.329570000000000000e+06
1.329570000000000000e+06
3.756320000000000000e+05
4.964980000000000000e+05
1.037010000000000000e+06
1.037010000000000000e+06
1.037010000000000000e+06
1.037010000000000000e+06
3.473480000000000000e+06
3.473480000000000000e+06
3.473480000000000000e+06
1.902800000000000000e+06
7.039230000000000000e+05
7.039230000000000000e+05
7.039230000000000000e+05
1.189570000000000000e+06
8.376250000000000000e+05
6.792520000000000000e+05
6.792520000000000000e+05
4.463610000000000000e+05
4.463610000000000000e+05
5.381300000000000000e+05
5.381300000000000000e+05
9.057290000000000000e+05
8.841930000000000000e+05
2.995940000000000000e+06
9.035880000000000000e+05
9.035880000000000000e+05
6.120150000000000000e+05
6.120150000000000000e+05
2.819730000000000000e+05
2.457600000000000000e+05
2.276810000000000000e+05
2.276810000000000000e+05
6.181050000000000000e+05
6.091630000000000000e+05
1.463520000000000000e+06
4.115570000000000000e+05
4.115570000000000000e+05
9.828480000000000000e+05
3.609780000000000000e+06
3.609780000000000000e+06
3.609780000000000000e+06
1.433060000000000000e+06
1.433060000000000000e+06
1.433060000000000000e+06
1.433060000000000000e+06
3.594710000000000000e+06
3.594710000000000000e+06
1.367380000000000000e+07
4.667820000000000000e+06
4.667820000000000000e+06
4.667820000000000000e+06
4.667820000000000000e+06
3.910370000000000000e+06
1.401330000000000000e+06
5.006180000000000000e+06
1.727760000000000000e+06
2.025180000000000000e+06
1.420010000000000000e+06
1.420010000000000000e+06
6.361550000000000000e+05
1.562620000000000000e+06
2.165320000000000000e+06
2.165320000000000000e+06
2.165320000000000000e+06
9.471970000000000000e+05
9.471970000000000000e+05
9.471970000000000000e+05
2.439400000000000000e+06
2.439400000000000000e+06
2.439400000000000000e+06
2.439400000000000000e+06
2.439400000000000000e+06
2.439400000000000000e+06
6.649640000000000000e+06
1.690690000000000000e+06
1.690690000000000000e+06
1.690690000000000000e+06
6.307630000000000000e+05
6.307630000000000000e+05
6.307630000000000000e+05
1.541780000000000000e+06
1.541780000000000000e+06
4.796300000000000000e+05
1.929920000000000000e+05
5.495180000000000000e+05
1.388700000000000000e+06
5.084760000000000000e+05
1.309060000000000000e+06
1.309060000000000000e+06
4.610650000000000000e+06
2.809730000000000000e+06
1.018500000000000000e+07
1.018500000000000000e+07
1.018500000000000000e+07
1.546110000000000000e+07
4.343500000000000000e+06
1.722430000000000000e+07
1.722430000000000000e+07
4.737930000000000000e+07
4.737930000000000000e+07
1.175800000000000000e+07
1.175800000000000000e+07
4.397960000000000000e+07
4.397960000000000000e+07
4.397960000000000000e+07
1.202120000000000000e+07
1.202120000000000000e+07
4.165540000000000000e+06
1.189140000000000000e+06
4.348710000000000000e+06
1.670670000000000000e+07
1.229060000000000000e+07
1.229060000000000000e+07
3.465850000000000000e+06
9.996350000000000000e+05
1.477340000000000000e+06
1.477340000000000000e+06
1.477340000000000000e+06
4.357050000000000000e+05
2.743750000000000000e+05
1.013990000000000000e+05
1.013990000000000000e+05
4.754459999999999854e+04
8.030150000000000000e+04
6.677669999999999709e+04
2.502990000000000146e+04
2.502990000000000146e+04
2.036870000000000073e+04
3.297030000000000291e+04
2.410659999999999854e+04
2.410659999999999854e+04
2.824840000000000146e+04
1.827120000000000073e+04
3.820509999999999854e+04
3.820509999999999854e+04
9.139710000000000582e+04
1.367850000000000000e+05
1.367850000000000000e+05
7.738339999999999418e+04
7.738339999999999418e+04
5.164390000000000146e+04
1.229310000000000000e+05
1.804360000000000000e+05
1.804360000000000000e+05
2.162900000000000000e+05
1.556300000000000000e+05
1.556300000000000000e+05
5.478490000000000000e+05
1.679930000000000000e+06
2.109490000000000000e+06
1.185380000000000000e+06
3.739410000000000000e+05
3.739410000000000000e+05
1.108110000000000000e+06
1.951270000000000000e+06
1.951270000000000000e+06
7.236860000000000000e+05
2.006430000000000000e+05
1.167200000000000000e+05
3.430290000000000000e+05
2.495670000000000000e+05
9.295230000000000291e+04
1.600420000000000000e+05
1.600420000000000000e+05
2.231950000000000000e+05
1.876060000000000000e+05
5.923770000000000000e+05
1.631550000000000000e+05
1.175730000000000000e+05
1.947340000000000000e+05
6.280509999999999854e+04
6.280509999999999854e+04
1.019780000000000000e+05
2.996620000000000000e+05
2.996620000000000000e+05
1.047380000000000000e+05
1.047380000000000000e+05
4.336759999999999854e+04
4.498759999999999854e+04
4.498759999999999854e+04
2.950059999999999854e+04
3.685209999999999854e+04
4.307790000000000146e+04
1.169010000000000000e+05
1.709730000000000000e+05
4.723910000000000000e+05
1.483990000000000000e+06
5.476300000000000000e+05
3.944840000000000000e+05
3.944840000000000000e+05
1.265590000000000000e+05
1.265590000000000000e+05
2.338570000000000000e+05
6.345280000000000291e+04
4.056869999999999709e+04
2.713309999999999854e+04
1.843500000000000000e+04
1.843500000000000000e+04
3.020120000000000073e+04
3.344709999999999854e+04
6.010719999999999709e+04
6.010719999999999709e+04
4.966630000000000291e+04
2.909209999999999854e+04
1.925770000000000073e+04
1.925770000000000073e+04
2.583100000000000000e+04
3.379569999999999709e+04
5.021640000000000146e+04
1.505910000000000000e+05
1.566820000000000000e+05
1.566820000000000000e+05
1.566820000000000000e+05
1.566820000000000000e+05
1.508530000000000000e+05
1.285560000000000000e+05
1.285560000000000000e+05
3.868140000000000146e+04
1.108560000000000000e+05
1.273370000000000000e+05
2.875580000000000000e+05
2.875580000000000000e+05
2.875580000000000000e+05
2.462920000000000000e+05
8.788500000000000000e+05
2.961510000000000000e+06
2.961510000000000000e+06
3.332730000000000000e+06
3.332730000000000000e+06
9.732700000000000000e+05
9.732700000000000000e+05
7.712280000000000000e+05
2.998780000000000000e+06
2.998780000000000000e+06
9.678750000000000000e+06
1.226990000000000000e+07
1.226990000000000000e+07
4.578230000000000000e+06
4.578230000000000000e+06
3.284600000000000000e+06
3.284600000000000000e+06
2.330160000000000000e+06
8.433100000000000000e+06
1.539980000000000000e+07
1.539980000000000000e+07
2.872420000000000000e+07
7.362460000000000000e+06
7.362460000000000000e+06
7.362460000000000000e+06
4.200440000000000000e+06
1.689790000000000000e+06
4.532060000000000000e+06
1.349470000000000000e+06
1.927070000000000000e+06
1.927070000000000000e+06
1.927070000000000000e+06
1.927070000000000000e+06
5.884880000000000000e+06
5.884880000000000000e+06
2.165900000000000000e+07
6.040600000000000000e+06
2.288470000000000000e+06
2.288470000000000000e+06
7.268310000000000000e+05
7.268310000000000000e+05
2.150080000000000000e+06
7.766290000000000000e+05
2.322280000000000000e+06
7.426420000000000000e+05
2.783240000000000000e+05
2.783240000000000000e+05
2.783240000000000000e+05
1.535380000000000000e+05
1.535380000000000000e+05
9.543939999999999418e+04
9.543939999999999418e+04
1.153760000000000000e+05
1.201450000000000000e+05
1.396570000000000000e+05
4.053019999999999709e+04
1.079330000000000000e+05
1.353230000000000000e+05
3.964520000000000000e+05
1.529690000000000000e+05
1.529690000000000000e+05
9.439960000000000582e+04
3.494340000000000146e+04
2.859559999999999854e+04
8.426500000000000000e+04
1.339190000000000000e+05
1.339190000000000000e+05
2.223230000000000000e+05
2.223230000000000000e+05
2.223230000000000000e+05
1.995210000000000000e+05
1.205080000000000000e+05
3.643300000000000000e+05
1.107640000000000000e+06
1.610540000000000000e+06
1.966200000000000000e+06
1.966200000000000000e+06
1.966200000000000000e+06
1.433280000000000000e+06
4.058560000000000000e+06
1.236970000000000000e+06
3.998450000000000000e+06
5.258450000000000000e+06
