4.538719999999999709e+04
4.538719999999999709e+04
3.511450000000000000e+04
4.421619999999999709e+04
4.421619999999999709e+04
2.786350000000000000e+04
3.352930000000000291e+04
2.347640000000000146e+04
2.347640000000000146e+04
2.424309999999999854e+04
2.633070000000000073e+04
6.149609999999999854e+04
2.232160000000000000e+05
1.869540000000000000e+05
1.747810000000000000e+05
6.410300000000000000e+05
6.410300000000000000e+05
1.514380000000000000e+06
5.158620000000000000e+06
2.153770000000000000e+07
9.211390000000000000e+07
9.211390000000000000e+07
9.211390000000000000e+07
9.211390000000000000e+07
9.211390000000000000e+07
4.920700000000000000e+07
4.920700000000000000e+07
4.920700000000000000e+07
4.920700000000000000e+07
8.450860000000000000e+07
3.617100000000000000e+08
3.617100000000000000e+08
3.617100000000000000e+08
3.617100000000000000e+08
3.617100000000000000e+08
1.554140000000000000e+09
1.554140000000000000e+09
4.510780000000000000e+09
4.510780000000000000e+09
4.510780000000000000e+09
1.244200000000000000e+09
5.245560000000000000e+08
1.941360000000000000e+09
1.941360000000000000e+09
2.006400000000000000e+09
4.790420000000000000e+09
4.790420000000000000e+09
4.790420000000000000e+09
1.094720000000000000e+10
1.094720000000000000e+10
1.094720000000000000e+10
3.066120000000000000e+09
2.781990000000000000e+09
1.523010000000000000e+09
1.523010000000000000e+09
5.763430000000000000e+08
1.171130000000000000e+09
3.075620000000000000e+09
3.075620000000000000e+09
1.621880000000000000e+09
5.034820000000000000e+09
1.995470000000000000e+09
9.273480000000000000e+08
1.658120000000000000e+09
7.049160000000000000e+09
5.208070000000000000e+09
5.208070000000000000e+09
9.091310000000000000e+09
3.814100000000000000e+10
9.291660000000000000e+10
9.291660000000000000e+10
3.042980000000000000e+11
3.042980000000000000e+11
3.042980000000000000e+11
3.193790000000000000e+11
1.183570000000000000e+12
1.183570000000000000e+12
4.097620000000000000e+12
1.091870000000000000e+13
4.657400000000000000e+13
4.657400000000000000e+13
1.872290000000000000e+14
1.833480000000000000e+14
1.833480000000000000e+14
1.833480000000000000e+14
3.888850000000000000e+13
8.643580000000000000e+13
2.189650000000000000e+13
2.189650000000000000e+13
7.812680000000000000e+13
3.117290000000000000e+14
7.680210000000000000e+13
7.680210000000000000e+13
1.948230000000000000e+13
1.948230000000000000e+13
1.948230000000000000e+13
2.953480000000000000e+12
2.953480000000000000e+12
1.201320000000000000e+13
1.201320000000000000e+13
3.435220000000000000e+12
3.435220000000000000e+12
1.477330000000000000e+13
1.477330000000000000e+13
4.592680000000000000e+12
4.947270000000000000e+12
4.947270000000000000e+12
2.047800000000000000e+12
7.519220000000000000e+12
2.048000000000000000e+13
8.036730000000000000e+12
7.549450000000000000e+12
3.387220000000000000e+13
8.284830000000000000e+13
8.284830000000000000e+13
2.257010000000000000e+14
5.152090000000000000e+14
1.941400000000000000e+14
1.941400000000000000e+14
1.941400000000000000e+14
5.894540000000000000e+14
1.701760000000000000e+15
1.701760000000000000e+15
1.701760000000000000e+15
7.227550000000000000e+15
2.276890000000000000e+15
1.289230000000000000e+15
5.335110000000000000e+15
5.335110000000000000e+15
1.370240000000000000e+16
1.370240000000000000e+16
5.811160000000000000e+16
5.811160000000000000e+16
2.279410000000000000e+17
2.279410000000000000e+17
9.903240000000000000e+17
2.301070000000000000e+17
2.535490000000000000e+17
3.119930000000000000e+17
1.314880000000000000e+17
1.364500000000000000e+17
4.113450000000000000e+17
4.113450000000000000e+17
3.863000000000000000e+17
9.726910000000000000e+17
2.160530000000000000e+18
3.181800000000000000e+18
1.621020000000000000e+18
1.955380000000000000e+18
1.955380000000000000e+18
5.548930000000000000e+18
5.658150000000000000e+18
1.380510000000000000e+19
5.794920000000000000e+19
2.371480000000000000e+20
8.362960000000000000e+20
3.403299999999999869e+21
3.403299999999999869e+21
3.403299999999999869e+21
1.402870000000000066e+22
6.203679999999999790e+22
2.205399999999999927e+23
9.213690000000000543e+23
3.981629999999999761e+24
1.720240000000000041e+25
7.601510000000000331e+25
3.306759999999999940e+26
1.439490000000000034e+27
1.439490000000000034e+27
1.439490000000000034e+27
6.045879999999999863e+26
6.045879999999999863e+26
6.045879999999999863e+26
6.045879999999999863e+26
6.044029999999999772e+26
6.044029999999999772e+26
2.538040000000000030e+26
2.538040000000000030e+26
1.132019999999999926e+26
1.132019999999999926e+26
1.132019999999999926e+26
3.009200000000000055e+25
3.242660000000000039e+25
3.242660000000000039e+25
3.242660000000000039e+25
2.038239999999999861e+25
7.776049999999999451e+25
7.776049999999999451e+25
3.435050000000000134e+25
7.819819999999999993e+25
3.398400000000000056e+26
3.398400000000000056e+26
5.193249999999999784e+26
5.193249999999999784e+26
2.049230000000000019e+27
2.049230000000000019e+27
1.324539999999999870e+27
1.255250000000000087e+27
5.342620000000000151e+27
1.349260000000000105e+27
2.699960000000000192e+27
6.766330000000000523e+27
6.766330000000000523e+27
6.559990000000000537e+27
2.415660000000000190e+28
9.498869999999999504e+28
3.763630000000000105e+28
8.722889999999999563e+28
8.722889999999999563e+28
3.508730000000000246e+29
1.109389999999999936e+29
1.253030000000000055e+29
4.673149999999999742e+29
4.673149999999999742e+29
1.833850000000000034e+29
3.585239999999999873e+29
1.560900000000000028e+30
4.042969999999999650e+29
1.562640000000000064e+30
6.717729999999999688e+30
6.717729999999999688e+30
6.717729999999999688e+30
2.952139999999999884e+31
1.294759999999999926e+32
3.017300000000000154e+31
1.269549999999999923e+32
4.718629999999999994e+32
2.027160000000000133e+33
2.027160000000000133e+33
2.027160000000000133e+33
8.726169999999999560e+33
8.726169999999999560e+33
8.726169999999999560e+33
8.726169999999999560e+33
3.214610000000000084e+34
3.214610000000000084e+34
3.375390000000000174e+34
3.375390000000000174e+34
3.375390000000000174e+34
3.375390000000000174e+34
9.011869999999999222e+34
9.011869999999999222e+34
2.271870000000000038e+34
6.883510000000000344e+33
6.744189999999999632e+33
6.744189999999999632e+33
6.744189999999999632e+33
2.489690000000000084e+33
5.269570000000000369e+33
2.208440000000000081e+34
1.238900000000000052e+34
2.014779999999999886e+34
8.015469999999999792e+34
8.015469999999999792e+34
2.187540000000000028e+35
8.402009999999999714e+35
8.402009999999999714e+35
2.114210000000000065e+35
1.547879999999999997e+35
3.454620000000000251e+35
1.430959999999999866e+36
1.430959999999999866e+36
2.432230000000000102e+36
8.203179999999999462e+36
3.556839999999999979e+37
3.555749999999999964e+37
1.301219999999999944e+38
4.819009999999999673e+38
2.040790000000000107e+38
4.877489999999999905e+38
2.140810000000000089e+39
9.125910000000000256e+39
9.322580000000000313e+39
9.880870000000000530e+39
9.880870000000000530e+39
9.880870000000000530e+39
4.686599999999999999e+39
1.132159999999999985e+40
3.399960000000000032e+40
3.399960000000000032e+40
3.359350000000000097e+40
1.286050000000000047e+41
1.286050000000000047e+41
3.186709999999999974e+40
1.104140000000000028e+41
4.680439999999999939e+41
4.680439999999999939e+41
9.995750000000000023e+40
4.829389999999999900e+41
4.829389999999999900e+41
4.829389999999999900e+41
4.829389999999999900e+41
1.914189999999999946e+42
8.204420000000000440e+42
8.204420000000000440e+42
2.073890000000000033e+42
8.753619999999999454e+42
8.753619999999999454e+42
3.816600000000000019e+42
9.388090000000000483e+42
4.167299999999999955e+42
4.167299999999999955e+42
4.683640000000000141e+42
1.779800000000000031e+43
2.001939999999999962e+43
2.001939999999999962e+43
1.017339999999999988e+43
3.117250000000000213e+43
3.117250000000000213e+43
3.117250000000000213e+43
3.874160000000000076e+43
1.501210000000000030e+44
1.501210000000000030e+44
1.501210000000000030e+44
5.940310000000000142e+44
1.414860000000000023e+44
1.414860000000000023e+44
1.414860000000000023e+44
6.420109999999999871e+44
6.420109999999999871e+44
