4.538719999999999709e+04
4.538719999999999709e+04
3.511450000000000000e+04
4.421619999999999709e+04
4.421619999999999709e+04
2.786350000000000000e+04
3.352930000000000291e+04
2.347640000000000146e+04
2.347640000000000146e+04
2.982040000000000146e+04
3.228320000000000073e+04
3.316569999999999709e+04
1.140740000000000000e+05
6.893110000000000582e+04
7.425989999999999418e+04
1.880090000000000000e+05
1.880090000000000000e+05
2.720530000000000000e+05
6.534810000000000000e+05
2.499610000000000000e+06
9.907090000000000000e+06
9.907090000000000000e+06
9.907090000000000000e+06
9.907090000000000000e+06
9.907090000000000000e+06
6.663030000000000000e+06
6.663030000000000000e+06
6.663030000000000000e+06
6.663030000000000000e+06
1.031800000000000000e+07
3.517780000000000000e+07
3.517780000000000000e+07
3.517780000000000000e+07
3.517780000000000000e+07
3.517780000000000000e+07
1.434310000000000000e+08
1.434310000000000000e+08
4.240360000000000000e+08
4.240360000000000000e+08
4.240360000000000000e+08
1.041750000000000000e+08
3.645260000000000000e+07
1.458290000000000000e+08
1.458290000000000000e+08
1.458290000000000000e+08
4.221890000000000000e+08
4.221890000000000000e+08
4.221890000000000000e+08
4.221890000000000000e+08
4.221890000000000000e+08
4.221890000000000000e+08
1.042910000000000000e+08
1.042910000000000000e+08
1.042910000000000000e+08
1.042910000000000000e+08
2.924510000000000000e+07
2.924510000000000000e+07
1.122900000000000000e+08
1.122900000000000000e+08
1.122900000000000000e+08
3.153780000000000000e+07
8.502250000000000000e+06
8.502250000000000000e+06
8.502250000000000000e+06
8.502250000000000000e+06
3.154730000000000000e+06
3.154730000000000000e+06
3.154730000000000000e+06
3.154730000000000000e+06
3.154730000000000000e+06
3.154730000000000000e+06
3.154730000000000000e+06
9.948250000000000000e+06
3.001050000000000000e+07
3.001050000000000000e+07
1.058170000000000000e+07
1.058170000000000000e+07
1.058170000000000000e+07
1.058170000000000000e+07
8.028240000000000000e+06
8.028240000000000000e+06
8.028240000000000000e+06
8.028240000000000000e+06
1.067090000000000000e+07
1.067090000000000000e+07
3.681850000000000000e+06
1.043150000000000000e+06
2.709990000000000000e+06
2.709990000000000000e+06
2.198490000000000000e+06
6.220280000000000000e+05
2.434260000000000000e+05
7.509030000000000000e+05
1.067890000000000000e+06
4.381860000000000000e+05
3.757780000000000000e+05
1.033740000000000000e+05
2.855760000000000000e+05
2.071330000000000000e+05
3.637420000000000000e+05
1.087460000000000000e+05
1.087460000000000000e+05
1.597170000000000000e+05
4.589590000000000000e+05
1.616650000000000000e+05
1.616650000000000000e+05
4.313100000000000000e+05
1.573160000000000000e+05
1.000490000000000000e+05
4.035259999999999854e+04
9.804680000000000291e+04
9.804680000000000291e+04
1.363620000000000000e+05
1.117780000000000000e+05
3.124580000000000000e+05
8.291610000000000000e+05
2.266870000000000000e+06
2.776570000000000000e+06
2.776570000000000000e+06
1.004510000000000000e+07
3.392440000000000000e+07
8.479370000000000000e+07
8.479370000000000000e+07
8.479370000000000000e+07
3.421820000000000000e+08
1.525550000000000000e+08
6.942650000000000000e+07
6.942650000000000000e+07
6.942650000000000000e+07
9.779050000000000000e+07
1.304160000000000000e+08
1.304160000000000000e+08
1.304160000000000000e+08
4.481700000000000000e+08
1.332050000000000000e+09
7.823110000000000000e+08
1.691830000000000000e+08
8.261600000000000000e+08
3.557760000000000000e+09
5.763790000000000000e+09
5.763790000000000000e+09
5.763790000000000000e+09
2.768990000000000000e+10
2.572920000000000000e+10
2.572920000000000000e+10
2.984530000000000000e+09
3.067220000000000000e+09
9.169120000000000000e+10
4.929750000000000000e+10
1.095960000000000000e+11
5.469000000000000000e+11
4.525310000000000000e+12
4.525310000000000000e+12
3.199310000000000000e+13
1.466690000000000000e+14
7.608360000000000000e+14
7.608360000000000000e+14
7.608360000000000000e+14
7.608360000000000000e+14
4.650270000000000000e+15
4.650270000000000000e+15
2.157270000000000000e+15
4.108550000000000000e+15
1.354810000000000000e+16
3.896310000000000000e+16
3.056650000000000000e+17
3.056650000000000000e+17
3.056650000000000000e+17
3.056650000000000000e+17
1.894560000000000000e+18
1.825550000000000000e+18
7.607830000000000000e+18
1.259690000000000000e+19
6.298760000000000000e+19
8.165520000000000000e+19
8.165520000000000000e+19
1.897700000000000000e+20
1.897700000000000000e+20
4.599140000000000000e+20
4.599140000000000000e+20
4.599140000000000000e+20
2.708220000000000131e+21
9.845589999999999017e+21
9.845589999999999017e+21
3.618020000000000184e+22
1.804610000000000071e+23
7.536089999999999746e+23
7.536089999999999746e+23
3.218789999999999902e+24
1.557359999999999977e+25
6.822960000000000330e+25
6.822960000000000330e+25
3.008359999999999842e+26
3.008359999999999842e+26
3.008359999999999842e+26
3.008359999999999842e+26
3.008359999999999842e+26
1.624660000000000080e+25
5.317809999999999780e+25
2.456670000000000081e+26
2.456670000000000081e+26
2.456670000000000081e+26
2.456670000000000081e+26
2.185380000000000096e+27
2.185380000000000096e+27
2.185380000000000096e+27
4.116200000000000316e+26
1.075600000000000014e+27
1.075600000000000014e+27
1.027679999999999899e+28
1.180549999999999966e+29
6.891810000000000265e+28
6.453340000000000094e+28
4.398389999999999920e+29
1.444800000000000072e+30
2.986999999999999922e+30
2.986999999999999922e+30
1.619619999999999968e+31
7.321110000000000180e+31
2.483120000000000082e+32
2.483120000000000082e+32
1.240630000000000037e+33
5.644420000000000288e+33
2.275439999999999807e+34
8.022599999999999657e+33
3.890300000000000093e+34
1.689900000000000053e+35
7.160319999999999346e+35
5.056410000000000115e+35
5.056410000000000115e+35
2.358640000000000057e+36
2.358640000000000057e+36
4.478729999999999932e+36
2.271550000000000076e+37
1.023919999999999996e+38
1.023919999999999996e+38
3.472859999999999769e+38
1.673460000000000069e+39
1.673460000000000069e+39
1.673460000000000069e+39
6.951520000000000070e+39
6.951520000000000070e+39
6.951520000000000070e+39
2.253709999999999999e+39
2.253709999999999999e+39
2.253709999999999999e+39
2.253709999999999999e+39
2.027710000000000004e+39
1.119060000000000061e+40
1.119060000000000061e+40
8.123550000000000038e+39
8.123550000000000038e+39
2.713360000000000034e+40
1.159230000000000001e+42
7.676010000000000297e+42
2.431899999999999881e+42
2.431899999999999881e+42
1.520789999999999945e+43
8.951679999999999498e+43
6.824260000000000208e+43
1.922839999999999965e+43
9.698880000000000264e+43
4.706329999999999854e+44
9.208800000000000300e+44
9.208800000000000300e+44
4.426939999999999998e+45
2.106060000000000098e+46
6.862230000000000201e+46
2.257749999999999995e+46
1.068090000000000077e+47
4.705989999999999713e+47
1.849739999999999989e+48
1.849739999999999989e+48
8.764419999999999919e+48
3.895700000000000149e+49
3.895700000000000149e+49
2.410969999999999987e+49
1.141360000000000045e+50
5.075199999999999895e+50
5.075199999999999895e+50
8.625319999999999404e+50
4.087019999999999981e+51
4.087019999999999981e+51
1.618610000000000025e+52
5.311329999999999737e+52
5.311329999999999737e+52
5.311329999999999737e+52
1.493130000000000035e+52
6.393870000000000486e+52
6.393870000000000486e+52
6.393870000000000486e+52
4.234809999999999905e+52
4.234809999999999905e+52
5.353989999999999707e+52
4.701370000000000152e+53
1.555780000000000035e+53
4.205959999999999688e+53
4.456359999999999695e+54
2.697139999999999822e+55
2.320409999999999867e+55
7.941959999999999918e+54
4.253179999999999878e+55
1.748570000000000078e+56
3.383449999999999948e+56
1.158649999999999943e+57
5.596259999999999721e+57
2.690380000000000151e+58
8.932999999999999808e+58
8.932999999999999808e+58
4.172460000000000010e+59
1.899579999999999992e+60
7.551329999999999363e+60
7.551329999999999363e+60
3.499759999999999863e+61
1.561380000000000001e+62
6.644150000000000298e+62
6.644150000000000298e+62
3.074749999999999982e+63
1.362379999999999987e+64
1.362379999999999987e+64
3.373499999999999802e+63
1.206109999999999984e+64
4.940669999999999831e+64
4.940669999999999831e+64
1.705529999999999905e+64
1.705529999999999905e+64
1.705529999999999905e+64
4.554890000000000288e+63
4.554890000000000288e+63
4.554890000000000288e+63
4.554890000000000288e+63
1.629999999999999965e+63
3.661219999999999814e+63
9.387369999999999695e+62
9.387369999999999695e+62
9.387369999999999695e+62
9.387369999999999695e+62
9.387369999999999695e+62
9.387369999999999695e+62
3.107460000000000075e+62
3.107460000000000075e+62
3.107460000000000075e+62
3.107460000000000075e+62
1.908720000000000086e+62
1.908720000000000086e+62
1.908720000000000086e+62
1.908720000000000086e+62
2.919600000000000057e+62
1.352259999999999991e+62
1.352259999999999991e+62
1.352259999999999991e+62
4.048019999999999943e+62
8.543299999999999713e+62
8.543299999999999713e+62
8.543299999999999713e+62
3.206920000000000073e+63
1.135209999999999966e+64
3.096910000000000169e+63
3.096910000000000169e+63
3.096910000000000169e+63
3.096910000000000169e+63
1.241419999999999926e+63
1.241419999999999926e+63
1.241419999999999926e+63
1.241419999999999926e+63
3.201439999999999912e+63
9.351629999999999240e+62
3.401819999999999640e+63
9.671909999999999860e+62
9.671909999999999860e+62
2.805779999999999913e+62
2.805779999999999913e+62
2.805779999999999913e+62
2.805779999999999913e+62
9.894690000000000411e+61
9.894690000000000411e+61
9.894690000000000411e+61
9.894690000000000411e+61
9.894690000000000411e+61
9.894690000000000411e+61
3.433090000000000116e+62
1.197029999999999930e+62
1.197029999999999930e+62
1.197029999999999930e+62
1.197029999999999930e+62
1.197029999999999930e+62
6.565560000000000308e+61
1.737839999999999930e+61
4.818879999999999653e+60
1.187659999999999970e+61
1.531149999999999959e+61
1.531149999999999959e+61
6.444779999999999599e+60
2.176269999999999967e+61
5.930220000000000078e+61
5.930220000000000078e+61
5.952340000000000540e+61
5.952340000000000540e+61
5.952340000000000540e+61
5.952340000000000540e+61
6.398490000000000300e+61
6.398490000000000300e+61
6.398490000000000300e+61
2.306229999999999948e+61
2.306229999999999948e+61
2.306229999999999948e+61
2.306229999999999948e+61
1.456810000000000031e+61
1.456810000000000031e+61
1.456810000000000031e+61
4.156909999999999907e+61
4.863419999999999829e+61
4.863419999999999829e+61
1.877710000000000041e+62
7.100459999999999615e+62
1.406310000000000075e+63
7.688779999999999573e+62
1.865030000000000013e+62
4.621980000000000282e+61
6.219279999999999777e+61
5.071120000000000039e+61
5.071120000000000039e+61
5.071120000000000039e+61
4.436310000000000271e+61
9.690070000000000461e+61
9.690070000000000461e+61
9.690070000000000461e+61
2.327069999999999956e+62
8.437120000000000253e+62
8.437120000000000253e+62
8.437120000000000253e+62
3.179420000000000157e+63
3.179420000000000157e+63
8.479499999999999805e+62
8.479499999999999805e+62
8.479499999999999805e+62
8.479499999999999805e+62
8.479499999999999805e+62
2.454219999999999949e+62
2.454219999999999949e+62
7.044200000000000278e+61
2.403260000000000090e+61
2.403260000000000090e+61
2.403260000000000090e+61
1.297960000000000025e+61
1.297960000000000025e+61
1.368380000000000012e+61
3.347629999999999878e+61
6.530809999999999875e+61
2.452139999999999791e+62
2.452139999999999791e+62
4.508910000000000186e+61
3.883670000000000061e+61
3.883670000000000061e+61
2.284880000000000208e+62
8.574439999999999539e+62
9.988470000000000479e+62
9.988470000000000479e+62
4.391219999999999782e+63
1.882400000000000050e+64
4.691199999999999849e+64
4.691199999999999849e+64
2.401680000000000210e+65
1.080849999999999939e+66
4.282130000000000096e+66
2.269650000000000057e+67
1.044640000000000037e+68
4.669859999999999656e+68
2.008240000000000093e+69
2.008240000000000093e+69
2.008240000000000093e+69
9.485899999999999416e+69
9.485899999999999416e+69
7.170829999999999443e+70
3.508419999999999844e+71
1.632450000000000098e+72
1.632450000000000098e+72
1.632450000000000098e+72
1.632450000000000098e+72
1.632450000000000098e+72
9.633869999999999675e+72
9.633869999999999675e+72
9.633869999999999675e+72
5.862030000000000489e+73
5.862030000000000489e+73
3.497779999999999921e+74
1.499210000000000039e+75
1.499210000000000039e+75
1.499210000000000039e+75
1.193589999999999979e+76
4.376180000000000142e+76
1.145949999999999945e+76
1.145949999999999945e+76
5.505089999999999903e+76
2.260240000000000043e+77
2.260240000000000043e+77
2.260240000000000043e+77
1.072370000000000017e+78
4.634089999999999754e+78
4.634089999999999754e+78
1.177340000000000036e+78
5.568079999999999846e+78
2.412940000000000127e+79
6.435100000000000199e+78
6.435100000000000199e+78
3.040479999999999695e+79
1.375959999999999981e+80
1.375959999999999981e+80
4.165080000000000256e+79
1.977819999999999983e+80
9.229739999999999485e+80
9.229739999999999485e+80
9.229739999999999485e+80
4.426439999999999624e+81
2.020940000000000034e+82
2.020940000000000034e+82
1.333249999999999949e+82
1.333249999999999949e+82
1.333249999999999949e+82
1.487500000000000017e+82
4.534860000000000069e+82
4.534860000000000069e+82
4.534860000000000069e+82
1.520170000000000036e+82
8.753789999999999339e+82
8.969860000000000380e+82
1.144000000000000090e+84
1.144000000000000090e+84
3.607100000000000194e+84
2.264610000000000155e+85
1.210289999999999949e+86
1.210289999999999949e+86
1.210289999999999949e+86
5.713410000000000364e+86
2.891459999999999808e+87
1.157680000000000047e+88
4.671419999999999747e+88
2.124000000000000023e+89
9.990249999999999997e+89
2.382219999999999945e+89
5.977369999999999988e+88
2.750599999999999877e+89
1.409650000000000104e+90
1.409650000000000104e+90
5.537090000000000005e+90
2.537960000000000022e+91
1.284120000000000060e+92
1.284120000000000060e+92
3.391800000000000025e+91
1.562470000000000070e+92
7.901709999999999532e+92
3.402740000000000173e+93
1.387529999999999913e+93
6.433069999999999666e+93
2.970020000000000090e+94
2.970020000000000090e+94
3.135210000000000077e+94
3.135210000000000077e+94
3.135210000000000077e+94
3.135210000000000077e+94
9.064060000000000585e+94
9.064060000000000585e+94
9.064060000000000585e+94
9.064060000000000585e+94
4.317400000000000145e+95
4.317400000000000145e+95
2.277889999999999853e+96
1.064239999999999997e+97
4.160359999999999658e+97
3.479770000000000209e+97
2.126139999999999939e+98
2.906119999999999986e+98
2.906119999999999986e+98
1.321440000000000071e+99
6.160369999999999746e+99
6.160369999999999746e+99
2.590879999999999852e+100
1.160499999999999930e+101
5.215239999999999702e+101
1.509589999999999966e+101
1.509589999999999966e+101
6.358229999999999396e+101
2.833670000000000236e+102
1.095840000000000060e+102
1.095840000000000060e+102
4.669299999999999645e+102
2.091979999999999820e+103
1.668130000000000017e+103
1.668130000000000017e+103
7.386499999999999810e+103
3.344770000000000261e+104
6.785750000000000416e+104
6.785750000000000416e+104
3.086840000000000156e+105
1.408580000000000068e+106
4.909669999999999771e+106
1.298950000000000019e+106
5.993490000000000180e+106
5.993490000000000180e+106
1.465149999999999988e+106
1.465149999999999988e+106
1.650769999999999886e+105
1.389929999999999935e+105
1.389929999999999935e+105
1.389929999999999935e+105
1.835520000000000195e+106
1.079870000000000006e+107
2.311170000000000106e+107
2.311170000000000106e+107
2.032079999999999997e+108
9.295290000000000324e+108
3.662580000000000106e+108
3.662580000000000106e+108
2.221930000000000021e+109
9.997760000000000815e+109
7.971400000000000188e+109
1.460150000000000019e+109
1.169689999999999942e+110
5.313460000000000267e+110
1.103120000000000065e+111
2.533489999999999991e+110
2.269799999999999890e+111
1.040300000000000017e+112
3.911659999999999891e+112
3.911659999999999891e+112
2.444339999999999987e+113
1.119020000000000049e+114
4.950129999999999687e+114
1.687809999999999967e+115
8.388709999999999155e+115
3.836579999999999868e+116
7.406960000000000435e+115
7.406960000000000435e+115
7.406960000000000435e+115
7.406960000000000435e+115
7.406960000000000435e+115
7.406960000000000435e+115
2.653649999999999994e+115
1.102269999999999961e+116
1.865589999999999839e+116
