4.538719999999999709e+04
4.538719999999999709e+04
3.511450000000000000e+04
4.421619999999999709e+04
4.421619999999999709e+04
2.786350000000000000e+04
3.352930000000000291e+04
2.347640000000000146e+04
2.347640000000000146e+04
2.982040000000000146e+04
3.228320000000000073e+04
3.316569999999999709e+04
1.140740000000000000e+05
6.893110000000000582e+04
7.425989999999999418e+04
1.880090000000000000e+05
1.880090000000000000e+05
2.720530000000000000e+05
6.534810000000000000e+05
2.499610000000000000e+06
9.907090000000000000e+06
9.907090000000000000e+06
9.907090000000000000e+06
9.907090000000000000e+06
9.907090000000000000e+06
6.663030000000000000e+06
6.663030000000000000e+06
6.663030000000000000e+06
6.663030000000000000e+06
1.031800000000000000e+07
3.517780000000000000e+07
3.517780000000000000e+07
3.517780000000000000e+07
3.517780000000000000e+07
3.517780000000000000e+07
1.434310000000000000e+08
1.434310000000000000e+08
4.240360000000000000e+08
4.240360000000000000e+08
4.240360000000000000e+08
1.041750000000000000e+08
3.645260000000000000e+07
1.458290000000000000e+08
1.458290000000000000e+08
1.458290000000000000e+08
4.221890000000000000e+08
4.221890000000000000e+08
4.221890000000000000e+08
4.221890000000000000e+08
4.221890000000000000e+08
4.221890000000000000e+08
1.042910000000000000e+08
1.042910000000000000e+08
1.042910000000000000e+08
1.042910000000000000e+08
2.924510000000000000e+07
2.924510000000000000e+07
1.122900000000000000e+08
1.122900000000000000e+08
1.122900000000000000e+08
3.153780000000000000e+07
8.502250000000000000e+06
8.502250000000000000e+06
8.502250000000000000e+06
8.502250000000000000e+06
3.154730000000000000e+06
3.154730000000000000e+06
3.154730000000000000e+06
3.154730000000000000e+06
3.154730000000000000e+06
3.154730000000000000e+06
3.154730000000000000e+06
9.948250000000000000e+06
3.001050000000000000e+07
3.001050000000000000e+07
1.058170000000000000e+07
1.058170000000000000e+07
1.058170000000000000e+07
1.058170000000000000e+07
8.028240000000000000e+06
8.028240000000000000e+06
8.028240000000000000e+06
8.028240000000000000e+06
1.067090000000000000e+07
1.067090000000000000e+07
3.681840000000000000e+06
1.043150000000000000e+06
2.709980000000000000e+06
2.709980000000000000e+06
2.198460000000000000e+06
6.220190000000000000e+05
2.434320000000000000e+05
7.509360000000000000e+05
1.067950000000000000e+06
4.382810000000000000e+05
3.759660000000000000e+05
1.034220000000000000e+05
2.857380000000000000e+05
2.074320000000000000e+05
3.646870000000000000e+05
1.090580000000000000e+05
1.090580000000000000e+05
1.605680000000000000e+05
4.625870000000000000e+05
1.636180000000000000e+05
1.636180000000000000e+05
4.385770000000000000e+05
1.581010000000000000e+05
9.997830000000000291e+04
3.919059999999999854e+04
9.537700000000000000e+04
9.537700000000000000e+04
1.277300000000000000e+05
9.254250000000000000e+04
2.549620000000000000e+05
7.234210000000000000e+05
1.859070000000000000e+06
2.884420000000000000e+06
2.884420000000000000e+06
1.097590000000000000e+07
3.581480000000000000e+07
1.084470000000000000e+08
1.084470000000000000e+08
1.084470000000000000e+08
4.263440000000000000e+08
1.403720000000000000e+08
1.403720000000000000e+08
1.403720000000000000e+08
1.403720000000000000e+08
8.817900000000000000e+07
8.817900000000000000e+07
8.817900000000000000e+07
8.817900000000000000e+07
1.399270000000000000e+08
1.399270000000000000e+08
3.761520000000000000e+07
9.438840000000000000e+06
2.805490000000000000e+07
2.805490000000000000e+07
1.037730000000000000e+08
2.815540000000000000e+07
9.817090000000000000e+06
9.817090000000000000e+06
2.660170000000000000e+06
2.660170000000000000e+06
1.832370000000000000e+06
1.832370000000000000e+06
6.963700000000000000e+05
3.328340000000000000e+05
4.569220000000000000e+05
4.569220000000000000e+05
4.569220000000000000e+05
4.569220000000000000e+05
1.381860000000000000e+06
1.381860000000000000e+06
9.564600000000000000e+05
5.056630000000000000e+05
5.056630000000000000e+05
5.056630000000000000e+05
7.596360000000000000e+05
8.275240000000000000e+05
2.960750000000000000e+05
2.960750000000000000e+05
7.939430000000000000e+05
2.026200000000000000e+06
1.748740000000000000e+06
1.748740000000000000e+06
1.748740000000000000e+06
1.748740000000000000e+06
3.526090000000000000e+06
3.526090000000000000e+06
1.322560000000000000e+07
1.322560000000000000e+07
1.322560000000000000e+07
3.293300000000000000e+06
3.293300000000000000e+06
1.205410000000000000e+07
1.205410000000000000e+07
3.600700000000000000e+06
3.600700000000000000e+06
3.600700000000000000e+06
7.855400000000000000e+06
7.855400000000000000e+06
3.162850000000000000e+07
1.237120000000000000e+08
4.394560000000000000e+08
1.501640000000000000e+08
1.501640000000000000e+08
3.754470000000000000e+07
1.423420000000000000e+08
8.972400000000000000e+07
8.972400000000000000e+07
8.972400000000000000e+07
8.972400000000000000e+07
1.398410000000000000e+08
1.398410000000000000e+08
1.398410000000000000e+08
3.498520000000000000e+07
1.035740000000000000e+08
2.628030000000000000e+07
2.628030000000000000e+07
2.628030000000000000e+07
9.660390000000000000e+07
9.660390000000000000e+07
2.618630000000000000e+07
7.380420000000000000e+06
1.996820000000000000e+06
1.996820000000000000e+06
1.996820000000000000e+06
7.354500000000000000e+05
2.859440000000000000e+05
1.028240000000000000e+05
1.028240000000000000e+05
1.028240000000000000e+05
2.374000000000000000e+05
9.674669999999999709e+04
9.674669999999999709e+04
6.500650000000000000e+04
6.500650000000000000e+04
6.500650000000000000e+04
2.103720000000000000e+05
3.326790000000000000e+05
1.083500000000000000e+05
7.330550000000000000e+04
2.145770000000000073e+04
6.110219999999999709e+04
3.659950000000000000e+04
6.374290000000000146e+04
2.536479999999999927e+04
2.536479999999999927e+04
4.092480000000000291e+04
2.748000000000000000e+04
3.132909999999999854e+04
1.082220000000000000e+05
2.806960000000000000e+05
3.134440000000000000e+05
3.975850000000000000e+05
3.975850000000000000e+05
3.975850000000000000e+05
1.228140000000000000e+06
7.333230000000000000e+05
7.333230000000000000e+05
2.682060000000000000e+05
1.331000000000000000e+05
1.882820000000000000e+05
6.484040000000000000e+05
1.285410000000000000e+06
1.021020000000000000e+06
2.933220000000000000e+06
2.933220000000000000e+06
8.151340000000000000e+06
1.257120000000000000e+07
4.392200000000000000e+07
4.392200000000000000e+07
4.392200000000000000e+07
2.771010000000000000e+07
2.771010000000000000e+07
6.862060000000000000e+06
6.862060000000000000e+06
1.089510000000000000e+07
3.380040000000000000e+06
1.098490000000000000e+06
1.098490000000000000e+06
7.843720000000000000e+05
6.625250000000000000e+05
4.343920000000000000e+05
1.179450000000000000e+05
1.565180000000000000e+05
1.906890000000000000e+05
1.906890000000000000e+05
1.906890000000000000e+05
5.619010000000000000e+05
5.619010000000000000e+05
5.619010000000000000e+05
1.866650000000000000e+06
1.866650000000000000e+06
5.764670000000000000e+05
2.860240000000000000e+05
2.860240000000000000e+05
2.860240000000000000e+05
1.705260000000000000e+05
2.216630000000000000e+05
2.216630000000000000e+05
7.984130000000000000e+05
1.222400000000000000e+06
3.513580000000000000e+06
3.513580000000000000e+06
9.985360000000000000e+05
3.155250000000000000e+06
3.155250000000000000e+06
3.155250000000000000e+06
1.524920000000000000e+06
1.524920000000000000e+06
1.524920000000000000e+06
1.524920000000000000e+06
3.372810000000000000e+06
3.372810000000000000e+06
3.372810000000000000e+06
1.300630000000000000e+07
1.300630000000000000e+07
3.664650000000000000e+07
1.116490000000000000e+08
2.943900000000000000e+07
2.943900000000000000e+07
1.116490000000000000e+08
4.344720000000000000e+08
4.344720000000000000e+08
4.344720000000000000e+08
4.344720000000000000e+08
4.344720000000000000e+08
4.344720000000000000e+08
1.679170000000000000e+08
1.679170000000000000e+08
1.679170000000000000e+08
4.759710000000000000e+07
4.099810000000000000e+07
4.099810000000000000e+07
4.099810000000000000e+07
4.099810000000000000e+07
4.465110000000000000e+07
1.148990000000000000e+07
1.148990000000000000e+07
1.148990000000000000e+07
2.871360000000000000e+07
8.785030000000000000e+06
8.785030000000000000e+06
3.235750000000000000e+06
1.277610000000000000e+06
1.277610000000000000e+06
1.277610000000000000e+06
1.012360000000000000e+06
7.393040000000000000e+05
7.393040000000000000e+05
2.088690000000000000e+05
2.760770000000000000e+05
5.766280000000000000e+05
5.766280000000000000e+05
5.766280000000000000e+05
5.766280000000000000e+05
1.931420000000000000e+06
1.931420000000000000e+06
1.931420000000000000e+06
1.058050000000000000e+06
3.914150000000000000e+05
3.914150000000000000e+05
3.914150000000000000e+05
6.614570000000000000e+05
4.657600000000000000e+05
3.776990000000000000e+05
3.776990000000000000e+05
2.482000000000000000e+05
2.482000000000000000e+05
2.992260000000000000e+05
2.992260000000000000e+05
5.036370000000000000e+05
4.916580000000000000e+05
1.665870000000000000e+06
5.025360000000000000e+05
5.025360000000000000e+05
3.403780000000000000e+05
3.403780000000000000e+05
1.569450000000000000e+05
1.367430000000000000e+05
1.267100000000000000e+05
1.267100000000000000e+05
3.435570000000000000e+05
3.387650000000000000e+05
8.141060000000000000e+05
2.292570000000000000e+05
2.292570000000000000e+05
5.479540000000000000e+05
2.013140000000000000e+06
2.013140000000000000e+06
2.013140000000000000e+06
7.974930000000000000e+05
7.974930000000000000e+05
7.974930000000000000e+05
7.974930000000000000e+05
2.011960000000000000e+06
2.011960000000000000e+06
7.522070000000000000e+06
2.779340000000000000e+06
2.779340000000000000e+06
2.779340000000000000e+06
2.779340000000000000e+06
2.328340000000000000e+06
8.343890000000000000e+05
2.980810000000000000e+06
1.028760000000000000e+06
1.205850000000000000e+06
8.455140000000000000e+05
8.455140000000000000e+05
3.787830000000000000e+05
9.304280000000000000e+05
1.289290000000000000e+06
1.289290000000000000e+06
1.289290000000000000e+06
5.639860000000000000e+05
5.639860000000000000e+05
5.639860000000000000e+05
1.452480000000000000e+06
1.452480000000000000e+06
1.452480000000000000e+06
1.452480000000000000e+06
1.452480000000000000e+06
1.452480000000000000e+06
3.959370000000000000e+06
1.006680000000000000e+06
1.006680000000000000e+06
1.006680000000000000e+06
3.755730000000000000e+05
3.755730000000000000e+05
3.755730000000000000e+05
9.180150000000000000e+05
9.180150000000000000e+05
2.855850000000000000e+05
1.149130000000000000e+05
3.271980000000000000e+05
8.268670000000000000e+05
3.027600000000000000e+05
7.794490000000000000e+05
7.794490000000000000e+05
2.745300000000000000e+06
1.672990000000000000e+06
6.064410000000000000e+06
6.064410000000000000e+06
6.064410000000000000e+06
9.205930000000000000e+06
2.586230000000000000e+06
1.025580000000000000e+07
1.025580000000000000e+07
2.821090000000000000e+07
2.821090000000000000e+07
7.001020000000000000e+06
7.001020000000000000e+06
2.618660000000000000e+07
2.618660000000000000e+07
2.618660000000000000e+07
7.157740000000000000e+06
7.157740000000000000e+06
2.480270000000000000e+06
7.080470000000000000e+05
2.589330000000000000e+06
9.947640000000000000e+06
7.318150000000000000e+06
7.318150000000000000e+06
2.063660000000000000e+06
5.952090000000000000e+05
8.796470000000000000e+05
8.796470000000000000e+05
8.796470000000000000e+05
2.594300000000000000e+05
1.633700000000000000e+05
6.037590000000000146e+04
6.037590000000000146e+04
2.830929999999999927e+04
4.781359999999999854e+04
3.976059999999999854e+04
1.490350000000000000e+04
1.490350000000000000e+04
1.212810000000000036e+04
1.963140000000000146e+04
1.435370000000000073e+04
1.435370000000000073e+04
1.681990000000000146e+04
1.087910000000000036e+04
2.274829999999999927e+04
2.274829999999999927e+04
5.442030000000000291e+04
8.144530000000000291e+04
8.144530000000000291e+04
4.607609999999999854e+04
4.607609999999999854e+04
3.075009999999999854e+04
7.319669999999999709e+04
1.074360000000000000e+05
1.074360000000000000e+05
1.287850000000000000e+05
9.266600000000000000e+04
9.266600000000000000e+04
3.262040000000000000e+05
1.000280000000000000e+06
1.256050000000000000e+06
7.058070000000000000e+05
2.226540000000000000e+05
2.226540000000000000e+05
6.598000000000000000e+05
1.161840000000000000e+06
1.161840000000000000e+06
4.309040000000000000e+05
1.194690000000000000e+05
6.949789999999999418e+04
2.042480000000000000e+05
1.485990000000000000e+05
5.534590000000000146e+04
9.529180000000000291e+04
9.529180000000000291e+04
1.328920000000000000e+05
1.116980000000000000e+05
3.526850000000000000e+05
9.713819999999999709e+04
7.000689999999999418e+04
1.159460000000000000e+05
3.739819999999999709e+04
3.739819999999999709e+04
6.071180000000000291e+04
1.783900000000000000e+05
1.783900000000000000e+05
6.238219999999999709e+04
6.238219999999999709e+04
2.583470000000000073e+04
2.683200000000000000e+04
2.683200000000000000e+04
1.759509999999999854e+04
2.197979999999999927e+04
2.569300000000000000e+04
6.972350000000000000e+04
1.019740000000000000e+05
2.817490000000000000e+05
8.851000000000000000e+05
3.266240000000000000e+05
2.352830000000000000e+05
2.352830000000000000e+05
7.548400000000000000e+04
7.548400000000000000e+04
1.394800000000000000e+05
3.784530000000000291e+04
2.419650000000000000e+04
1.618310000000000036e+04
1.099520000000000073e+04
1.099520000000000073e+04
1.801300000000000000e+04
1.994890000000000146e+04
3.584990000000000146e+04
3.584990000000000146e+04
2.962259999999999854e+04
1.735150000000000000e+04
1.148589999999999964e+04
1.148589999999999964e+04
1.540639999999999964e+04
2.015679999999999927e+04
2.995070000000000073e+04
8.981700000000000000e+04
9.345000000000000000e+04
9.345000000000000000e+04
9.345000000000000000e+04
9.345000000000000000e+04
8.997380000000000291e+04
7.667480000000000291e+04
7.667480000000000291e+04
2.307079999999999927e+04
6.611800000000000000e+04
7.594819999999999709e+04
1.715090000000000000e+05
1.715090000000000000e+05
1.715090000000000000e+05
1.468960000000000000e+05
5.241750000000000000e+05
1.766340000000000000e+06
1.766340000000000000e+06
1.987750000000000000e+06
1.987750000000000000e+06
5.804890000000000000e+05
5.804890000000000000e+05
4.599850000000000000e+05
1.788570000000000000e+06
1.788570000000000000e+06
5.772720000000000000e+06
7.318140000000000000e+06
7.318140000000000000e+06
2.730610000000000000e+06
2.730610000000000000e+06
1.959040000000000000e+06
1.959040000000000000e+06
1.389780000000000000e+06
5.029770000000000000e+06
9.184920000000000000e+06
9.184920000000000000e+06
1.713210000000000000e+07
4.391210000000000000e+06
4.391210000000000000e+06
4.391210000000000000e+06
2.505280000000000000e+06
1.007850000000000000e+06
2.703060000000000000e+06
8.048710000000000000e+05
1.149370000000000000e+06
1.149370000000000000e+06
1.149370000000000000e+06
1.149370000000000000e+06
3.509930000000000000e+06
3.509930000000000000e+06
1.291810000000000000e+07
3.602810000000000000e+06
1.364920000000000000e+06
1.364920000000000000e+06
4.335050000000000000e+05
4.335050000000000000e+05
1.282370000000000000e+06
4.632070000000000000e+05
1.385080000000000000e+06
4.429360000000000000e+05
1.660020000000000000e+05
1.660020000000000000e+05
1.660020000000000000e+05
9.157480000000000291e+04
9.157480000000000291e+04
5.692309999999999854e+04
5.692309999999999854e+04
6.881369999999999709e+04
7.165850000000000000e+04
8.329619999999999709e+04
2.417350000000000000e+04
6.437459999999999854e+04
8.071119999999999709e+04
2.364570000000000000e+05
9.123519999999999709e+04
9.123519999999999709e+04
5.630290000000000146e+04
2.084129999999999927e+04
1.705529999999999927e+04
5.025800000000000000e+04
7.987269999999999709e+04
7.987269999999999709e+04
1.325990000000000000e+05
1.325990000000000000e+05
1.325990000000000000e+05
1.189990000000000000e+05
7.187419999999999709e+04
2.172940000000000000e+05
6.606170000000000000e+05
9.605660000000000000e+05
1.172680000000000000e+06
1.172680000000000000e+06
1.172680000000000000e+06
8.548200000000000000e+05
2.420520000000000000e+06
7.377700000000000000e+05
2.384690000000000000e+06
3.136250000000000000e+06
9.926130000000000000e+06
2.843570000000000000e+06
1.263770000000000000e+06
8.405050000000000000e+05
8.405050000000000000e+05
8.405050000000000000e+05
2.352440000000000000e+06
4.374310000000000000e+06
4.374310000000000000e+06
4.374310000000000000e+06
4.374310000000000000e+06
2.422740000000000000e+06
7.782390000000000000e+05
2.530550000000000000e+05
2.530550000000000000e+05
4.100120000000000000e+05
1.975490000000000000e+05
1.405470000000000000e+05
1.405470000000000000e+05
1.080970000000000000e+05
1.596950000000000000e+05
1.865240000000000000e+05
6.340009999999999854e+04
1.024830000000000000e+05
1.024830000000000000e+05
2.590510000000000000e+05
1.237230000000000000e+05
1.237230000000000000e+05
1.237230000000000000e+05
1.237230000000000000e+05
1.415820000000000000e+05
3.643950000000000000e+05
1.186660000000000000e+05
5.780859999999999854e+04
9.704880000000000291e+04
3.531530000000000291e+04
3.531530000000000291e+04
4.449800000000000000e+04
4.449800000000000000e+04
3.293669999999999709e+04
3.505030000000000291e+04
9.968530000000000291e+04
6.601000000000000000e+04
6.044059999999999854e+04
7.788010000000000582e+04
7.788010000000000582e+04
1.201260000000000000e+05
9.350700000000000000e+04
2.172700000000000000e+05
2.172700000000000000e+05
6.708940000000000000e+05
1.078270000000000000e+06
3.667380000000000000e+05
3.667380000000000000e+05
3.667380000000000000e+05
2.268120000000000000e+05
1.689480000000000000e+05
1.689480000000000000e+05
1.689480000000000000e+05
2.714090000000000000e+05
5.293520000000000000e+05
1.728700000000000000e+05
1.021420000000000000e+05
2.902040000000000000e+05
2.902040000000000000e+05
5.405740000000000000e+05
1.382300000000000000e+06
5.452380000000000000e+05
1.430630000000000000e+06
4.542630000000000000e+05
1.398940000000000000e+06
8.768890000000000000e+05
6.146400000000000000e+05
6.146400000000000000e+05
1.775790000000000000e+05
1.777870000000000000e+05
3.922720000000000000e+05
3.922720000000000000e+05
3.922720000000000000e+05
2.574120000000000000e+05
7.776550000000000000e+05
7.776550000000000000e+05
7.776550000000000000e+05
1.477030000000000000e+06
1.477030000000000000e+06
1.477030000000000000e+06
1.477030000000000000e+06
7.368160000000000000e+05
2.122030000000000000e+05
7.960539999999999418e+04
7.960539999999999418e+04
9.768510000000000582e+04
9.768510000000000582e+04
2.352540000000000000e+05
8.449080000000000000e+05
2.210360000000000000e+06
2.210360000000000000e+06
8.181580000000000000e+05
2.854590000000000000e+05
2.854590000000000000e+05
1.530130000000000000e+05
2.900420000000000000e+05
2.900420000000000000e+05
1.134140000000000000e+05
3.046680000000000000e+05
1.179400000000000000e+05
3.722080000000000000e+05
8.309480000000000000e+05
8.309480000000000000e+05
8.309480000000000000e+05
8.309480000000000000e+05
3.677680000000000000e+05
1.233270000000000000e+05
7.068150000000000000e+04
7.068150000000000000e+04
1.642450000000000000e+05
1.468600000000000000e+05
2.393860000000000000e+05
2.393860000000000000e+05
2.393860000000000000e+05
2.369450000000000000e+05
2.135870000000000000e+05
2.135870000000000000e+05
2.135870000000000000e+05
1.438970000000000000e+05
1.863480000000000000e+05
1.863480000000000000e+05
1.863480000000000000e+05
3.574490000000000000e+05
2.242970000000000000e+05
8.904670000000000000e+05
3.376310000000000000e+05
3.495280000000000000e+05
4.294590000000000000e+05
4.294590000000000000e+05
7.470530000000000000e+05
1.074480000000000000e+06
7.678590000000000000e+05
7.678590000000000000e+05
3.246820000000000000e+05
6.517740000000000000e+05
1.089790000000000000e+06
2.849840000000000000e+05
8.405580000000000000e+05
8.405580000000000000e+05
5.112790000000000000e+05
5.112790000000000000e+05
5.112790000000000000e+05
5.112790000000000000e+05
8.625390000000000000e+05
2.518130000000000000e+05
9.108310000000000582e+04
2.798180000000000000e+05
1.810910000000000000e+05
1.810910000000000000e+05
1.217480000000000000e+05
4.005790000000000146e+04
6.455180000000000291e+04
6.455180000000000291e+04
1.159610000000000000e+05
8.075610000000000582e+04
8.075610000000000582e+04
2.765220000000000073e+04
2.765220000000000073e+04
4.422590000000000146e+04
1.226320000000000000e+05
7.976239999999999418e+04
1.536570000000000000e+05
1.536570000000000000e+05
1.536570000000000000e+05
2.100970000000000000e+05
2.100970000000000000e+05
8.975010000000000582e+04
2.923810000000000000e+05
1.959590000000000000e+05
5.269790000000000000e+05
4.034350000000000000e+05
4.034350000000000000e+05
5.561270000000000000e+05
1.845340000000000000e+06
3.369890000000000000e+06
3.369890000000000000e+06
3.369890000000000000e+06
9.771910000000000000e+05
2.724220000000000000e+06
1.084460000000000000e+07
2.921660000000000000e+07
2.921660000000000000e+07
9.633830000000000000e+06
9.633830000000000000e+06
3.564770000000000000e+07
3.564770000000000000e+07
2.152480000000000000e+07
2.152480000000000000e+07
6.035200000000000000e+06
2.237220000000000000e+06
2.915030000000000000e+06
8.320570000000000000e+05
3.305110000000000000e+05
3.305110000000000000e+05
8.637270000000000000e+05
8.637270000000000000e+05
7.938090000000000000e+05
7.938090000000000000e+05
7.938090000000000000e+05
7.938090000000000000e+05
9.155380000000000000e+05
9.155380000000000000e+05
9.155380000000000000e+05
9.155380000000000000e+05
6.903950000000000000e+05
6.903950000000000000e+05
6.903950000000000000e+05
6.903950000000000000e+05
1.073850000000000000e+06
3.726690000000000000e+06
1.261220000000000000e+06
1.261220000000000000e+06
3.845250000000000000e+06
3.845250000000000000e+06
1.081390000000000000e+07
1.081390000000000000e+07
4.040270000000000000e+07
1.325770000000000000e+07
4.093170000000000000e+07
1.117830000000000000e+07
1.117830000000000000e+07
4.093170000000000000e+07
4.093170000000000000e+07
1.485660000000000000e+08
4.040270000000000000e+07
4.040270000000000000e+07
4.040270000000000000e+07
4.040270000000000000e+07
4.040270000000000000e+07
4.040270000000000000e+07
4.040270000000000000e+07
1.210970000000000000e+07
4.040680000000000000e+07
1.065340000000000000e+07
3.495010000000000000e+06
1.288530000000000000e+06
1.288530000000000000e+06
1.288530000000000000e+06
1.288530000000000000e+06
1.288530000000000000e+06
1.288530000000000000e+06
1.288530000000000000e+06
4.413610000000000000e+06
4.413610000000000000e+06
4.413610000000000000e+06
4.413610000000000000e+06
1.204870000000000000e+06
1.204870000000000000e+06
1.204870000000000000e+06
4.466910000000000000e+06
4.466910000000000000e+06
1.417240000000000000e+07
1.417240000000000000e+07
1.417240000000000000e+07
1.417240000000000000e+07
1.417240000000000000e+07
5.624880000000000000e+07
5.624880000000000000e+07
5.624880000000000000e+07
5.624880000000000000e+07
5.624880000000000000e+07
5.624880000000000000e+07
5.624880000000000000e+07
1.765980000000000000e+08
4.916010000000000000e+07
1.627670000000000000e+08
6.082780000000000000e+08
2.371390000000000000e+09
2.371390000000000000e+09
2.371390000000000000e+09
6.260050000000000000e+08
6.260050000000000000e+08
6.260050000000000000e+08
6.260050000000000000e+08
2.174560000000000000e+08
2.174560000000000000e+08
5.688360000000000000e+07
5.688360000000000000e+07
1.698330000000000000e+08
4.362370000000000000e+07
4.362370000000000000e+07
4.362370000000000000e+07
1.539190000000000000e+07
4.648680000000000000e+06
4.648680000000000000e+06
4.648680000000000000e+06
3.310640000000000000e+06
3.310640000000000000e+06
3.310640000000000000e+06
8.344020000000000000e+05
1.012820000000000000e+06
1.012820000000000000e+06
3.577300000000000000e+05
1.303330000000000000e+05
2.969540000000000000e+05
1.120270000000000000e+05
2.629420000000000000e+05
2.629420000000000000e+05
8.862470000000000000e+05
5.758730000000000000e+05
2.243660000000000000e+05
2.243660000000000000e+05
7.005530000000000291e+04
1.030350000000000000e+05
1.030350000000000000e+05
1.030350000000000000e+05
1.030350000000000000e+05
2.754550000000000000e+05
7.489100000000000000e+05
7.489100000000000000e+05
2.544360000000000000e+06
2.544360000000000000e+06
9.094150000000000000e+05
9.094150000000000000e+05
9.094150000000000000e+05
3.988810000000000000e+05
2.488580000000000000e+05
2.488580000000000000e+05
2.488580000000000000e+05
5.532070000000000000e+05
1.001580000000000000e+06
2.657360000000000000e+06
2.657360000000000000e+06
9.584910000000000000e+06
5.732620000000000000e+06
2.250230000000000000e+07
2.250230000000000000e+07
2.250230000000000000e+07
3.561880000000000000e+07
9.199980000000000000e+06
2.472800000000000000e+06
2.472800000000000000e+06
1.631560000000000000e+06
1.631560000000000000e+06
6.065420000000000000e+06
1.980850000000000000e+06
2.472170000000000000e+06
7.059230000000000000e+05
2.087770000000000000e+05
9.318500000000000000e+04
2.166810000000000000e+05
2.166810000000000000e+05
2.166810000000000000e+05
1.326770000000000000e+05
1.326770000000000000e+05
5.691230000000000291e+04
2.937929999999999927e+04
4.973219999999999709e+04
4.973219999999999709e+04
4.053169999999999709e+04
4.053169999999999709e+04
4.053169999999999709e+04
1.947550000000000000e+04
2.572140000000000146e+04
2.572140000000000146e+04
1.357820000000000073e+04
2.955900000000000000e+04
8.571800000000000000e+04
5.043169999999999709e+04
7.371650000000000000e+04
2.925520000000000073e+04
2.925520000000000073e+04
4.016730000000000291e+04
1.026840000000000000e+05
2.322430000000000000e+05
8.164480000000000000e+05
6.699140000000000000e+05
6.699140000000000000e+05
6.699140000000000000e+05
2.216680000000000000e+05
2.315620000000000000e+05
1.067660000000000000e+05
1.067660000000000000e+05
3.666670000000000000e+05
2.524770000000000000e+05
2.380710000000000000e+05
2.380710000000000000e+05
2.380710000000000000e+05
4.620060000000000000e+05
3.803370000000000000e+05
1.497290000000000000e+05
1.497290000000000000e+05
8.759750000000000000e+04
2.229320000000000000e+05
5.206930000000000000e+05
5.206930000000000000e+05
8.809610000000000000e+05
3.094160000000000000e+05
3.094160000000000000e+05
8.895089999999999418e+04
8.895089999999999418e+04
6.249409999999999854e+04
2.215030000000000000e+05
8.221360000000000582e+04
2.072390000000000000e+05
3.328840000000000000e+05
9.662310000000000582e+04
8.767430000000000291e+04
8.767430000000000291e+04
2.688790000000000000e+05
1.360520000000000000e+05
1.612210000000000000e+05
4.497600000000000000e+05
4.497600000000000000e+05
4.497600000000000000e+05
2.778580000000000000e+05
9.784789999999999418e+04
3.893359999999999854e+04
3.512300000000000000e+04
4.029259999999999854e+04
1.293810000000000000e+05
2.248020000000000000e+05
3.548400000000000000e+05
8.150150000000000000e+05
8.150150000000000000e+05
2.981180000000000000e+06
1.695420000000000000e+06
6.078160000000000000e+06
1.605070000000000000e+06
1.605070000000000000e+06
2.427310000000000000e+06
2.427310000000000000e+06
2.427310000000000000e+06
2.427310000000000000e+06
7.145920000000000000e+06
1.926560000000000000e+06
1.926560000000000000e+06
1.926560000000000000e+06
1.926560000000000000e+06
1.926560000000000000e+06
1.926560000000000000e+06
1.926560000000000000e+06
1.926560000000000000e+06
6.817440000000000000e+06
6.817440000000000000e+06
6.817440000000000000e+06
2.570250000000000000e+07
2.570250000000000000e+07
9.714390000000000000e+07
4.002290000000000000e+08
4.002290000000000000e+08
4.002290000000000000e+08
4.002290000000000000e+08
4.002290000000000000e+08
1.636910000000000000e+09
4.447730000000000000e+08
4.447730000000000000e+08
1.063180000000000000e+08
1.063180000000000000e+08
4.307610000000000000e+07
1.427030000000000000e+08
3.902710000000000000e+07
1.052990000000000000e+07
8.275180000000000000e+06
2.584770000000000000e+06
2.584770000000000000e+06
2.584770000000000000e+06
4.182990000000000000e+06
1.384820000000000000e+06
1.384820000000000000e+06
3.886720000000000000e+05
2.276900000000000000e+05
1.230570000000000000e+05
1.230570000000000000e+05
1.230570000000000000e+05
1.157810000000000000e+05
1.158470000000000000e+05
1.158470000000000000e+05
1.158470000000000000e+05
1.964950000000000000e+05
3.565000000000000000e+05
3.565000000000000000e+05
3.565000000000000000e+05
1.053350000000000000e+06
2.872030000000000000e+06
1.847800000000000000e+06
1.847800000000000000e+06
1.847800000000000000e+06
3.870360000000000000e+06
7.672780000000000000e+06
7.672780000000000000e+06
2.344130000000000000e+06
7.811060000000000000e+06
2.909480000000000000e+07
1.041030000000000000e+08
4.016070000000000000e+07
1.346510000000000000e+07
1.346510000000000000e+07
3.940610000000000000e+06
1.017840000000000000e+07
3.371740000000000000e+06
9.256710000000000000e+05
3.039870000000000000e+06
1.117810000000000000e+06
1.117810000000000000e+06
4.049340000000000000e+05
4.049340000000000000e+05
2.367110000000000000e+05
1.314050000000000000e+05
1.314050000000000000e+05
1.314050000000000000e+05
1.606900000000000000e+05
1.250820000000000000e+05
8.952610000000000582e+04
8.952610000000000582e+04
1.912270000000000000e+05
3.239240000000000000e+05
4.570200000000000000e+05
4.570200000000000000e+05
1.497260000000000000e+06
3.459100000000000000e+06
2.418320000000000000e+06
2.418320000000000000e+06
2.418320000000000000e+06
8.674480000000000000e+06
1.537400000000000000e+07
4.861120000000000000e+06
1.979640000000000000e+06
1.979640000000000000e+06
5.585480000000000000e+06
1.348910000000000000e+07
4.399340000000000000e+07
4.399340000000000000e+07
4.399340000000000000e+07
4.399340000000000000e+07
4.399340000000000000e+07
1.747820000000000000e+08
1.747820000000000000e+08
1.747820000000000000e+08
1.747820000000000000e+08
1.747820000000000000e+08
6.606610000000000000e+08
6.606610000000000000e+08
1.726450000000000000e+08
1.726450000000000000e+08
1.726450000000000000e+08
1.726450000000000000e+08
5.583610000000000000e+07
1.676620000000000000e+07
6.582610000000000000e+07
6.582610000000000000e+07
3.755990000000000000e+07
3.755990000000000000e+07
9.599200000000000000e+06
3.482730000000000000e+06
5.155050000000000000e+06
1.791900000000000000e+06
1.791900000000000000e+06
5.178330000000000000e+06
4.926990000000000000e+06
4.926990000000000000e+06
4.926990000000000000e+06
4.926990000000000000e+06
4.404400000000000000e+06
1.604360000000000000e+06
4.420250000000000000e+05
4.420250000000000000e+05
9.064860000000000000e+05
6.556350000000000000e+05
2.431670000000000000e+05
2.431670000000000000e+05
7.965890000000000000e+05
1.361740000000000000e+06
8.900320000000000000e+05
2.752770000000000000e+05
2.752770000000000000e+05
7.959140000000000000e+05
1.231650000000000000e+06
1.231650000000000000e+06
3.410620000000000000e+05
1.525930000000000000e+05
3.428340000000000000e+05
3.428340000000000000e+05
2.125590000000000000e+05
3.517100000000000000e+05
3.517100000000000000e+05
1.167700000000000000e+06
9.384000000000000000e+05
9.384000000000000000e+05
3.093720000000000000e+06
3.093720000000000000e+06
3.801410000000000000e+06
1.280020000000000000e+07
5.164510000000000000e+07
5.164510000000000000e+07
5.164510000000000000e+07
5.164510000000000000e+07
5.164510000000000000e+07
5.164510000000000000e+07
5.164510000000000000e+07
5.164510000000000000e+07
5.164510000000000000e+07
1.872470000000000000e+07
9.411790000000000000e+06
2.991190000000000000e+06
2.991190000000000000e+06
9.121230000000000000e+06
1.505670000000000000e+07
1.086080000000000000e+07
2.981540000000000000e+06
2.981540000000000000e+06
2.981540000000000000e+06
4.001150000000000000e+06
4.001150000000000000e+06
4.001150000000000000e+06
3.078810000000000000e+06
1.310470000000000000e+06
1.310470000000000000e+06
1.310470000000000000e+06
2.522870000000000000e+06
2.522870000000000000e+06
2.522870000000000000e+06
2.522870000000000000e+06
1.144710000000000000e+06
1.144710000000000000e+06
1.144710000000000000e+06
1.144710000000000000e+06
1.225790000000000000e+06
1.225790000000000000e+06
1.225790000000000000e+06
1.225790000000000000e+06
3.083470000000000000e+06
2.419220000000000000e+06
2.419220000000000000e+06
9.771140000000000000e+06
3.086760000000000000e+06
4.025760000000000000e+06
4.025760000000000000e+06
4.025760000000000000e+06
2.597430000000000000e+06
7.335840000000000000e+06
2.929850000000000000e+07
2.929850000000000000e+07
5.249400000000000000e+07
5.249400000000000000e+07
1.436620000000000000e+07
1.436620000000000000e+07
8.798320000000000000e+06
2.674640000000000000e+07
2.674640000000000000e+07
7.109240000000000000e+06
9.938090000000000000e+06
9.938090000000000000e+06
9.938090000000000000e+06
2.754250000000000000e+06
1.955610000000000000e+06
1.955610000000000000e+06
1.955610000000000000e+06
8.018380000000000000e+05
1.345530000000000000e+06
4.223450000000000000e+05
4.223450000000000000e+05
4.223450000000000000e+05
9.518630000000000000e+05
3.354640000000000000e+06
3.354640000000000000e+06
2.894340000000000000e+06
1.016040000000000000e+06
1.016040000000000000e+06
1.016040000000000000e+06
1.693230000000000000e+06
1.693230000000000000e+06
4.553920000000000000e+05
1.763520000000000000e+05
3.554570000000000000e+05
2.081610000000000000e+05
1.021890000000000000e+05
3.097280000000000000e+05
9.939160000000000000e+05
1.606550000000000000e+06
1.012350000000000000e+06
2.892120000000000000e+05
2.892120000000000000e+05
8.507210000000000000e+05
1.071460000000000000e+06
1.071460000000000000e+06
2.960730000000000000e+05
2.960730000000000000e+05
6.366610000000000000e+05
2.605410000000000000e+05
2.605410000000000000e+05
9.474710000000000582e+04
9.474710000000000582e+04
6.166880000000000291e+04
1.817090000000000000e+05
1.153900000000000000e+05
3.762230000000000000e+05
5.266490000000000000e+05
1.865530000000000000e+05
2.583540000000000000e+05
9.791480000000000000e+05
2.763300000000000000e+06
2.763300000000000000e+06
1.792560000000000000e+06
1.792560000000000000e+06
1.792560000000000000e+06
7.927060000000000000e+05
1.083880000000000000e+06
1.083880000000000000e+06
3.783690000000000000e+06
3.783690000000000000e+06
2.290920000000000000e+06
5.990240000000000000e+05
5.990240000000000000e+05
4.044680000000000000e+05
6.901130000000000000e+05
6.901130000000000000e+05
2.701570000000000000e+06
3.760160000000000000e+06
1.043060000000000000e+07
1.043060000000000000e+07
1.043060000000000000e+07
7.888790000000000000e+06
7.888790000000000000e+06
2.089370000000000000e+06
2.089370000000000000e+06
3.863350000000000000e+06
1.332800000000000000e+06
5.584240000000000000e+05
5.584240000000000000e+05
5.584240000000000000e+05
1.439310000000000000e+06
8.507060000000000000e+05
8.507060000000000000e+05
2.554140000000000000e+06
2.554140000000000000e+06
3.309180000000000000e+06
3.309180000000000000e+06
1.319920000000000000e+06
3.918460000000000000e+06
9.971560000000000000e+06
9.971560000000000000e+06
2.912720000000000000e+07
8.387700000000000000e+06
8.387700000000000000e+06
2.128880000000000000e+06
2.128880000000000000e+06
2.128880000000000000e+06
7.364130000000000000e+06
7.364130000000000000e+06
2.654130000000000000e+07
2.654130000000000000e+07
1.070510000000000000e+08
2.813510000000000000e+07
8.661610000000000000e+06
8.661610000000000000e+06
2.152500000000000000e+06
2.152500000000000000e+06
9.024250000000000000e+05
2.863020000000000000e+06
2.863020000000000000e+06
2.863020000000000000e+06
1.603360000000000000e+06
1.603360000000000000e+06
1.603360000000000000e+06
1.603360000000000000e+06
1.990600000000000000e+06
1.990600000000000000e+06
1.990600000000000000e+06
1.990600000000000000e+06
1.758740000000000000e+06
1.758740000000000000e+06
1.758740000000000000e+06
1.758740000000000000e+06
1.977680000000000000e+06
7.583210000000000000e+06
7.583210000000000000e+06
2.763020000000000000e+07
6.846970000000000000e+07
6.846970000000000000e+07
1.844410000000000000e+07
5.376870000000000000e+06
2.026440000000000000e+07
5.032820000000000000e+06
5.032820000000000000e+06
1.728710000000000000e+07
1.728710000000000000e+07
5.032820000000000000e+06
1.861610000000000000e+07
1.861610000000000000e+07
1.861610000000000000e+07
8.690600000000000000e+06
8.690600000000000000e+06
8.690600000000000000e+06
8.690600000000000000e+06
8.442070000000000000e+06
2.386580000000000000e+06
2.386580000000000000e+06
1.120020000000000000e+06
1.321550000000000000e+06
1.321550000000000000e+06
3.727440000000000000e+05
9.749240000000000000e+05
2.491210000000000000e+06
2.491210000000000000e+06
2.491210000000000000e+06
2.491210000000000000e+06
8.090050000000000000e+06
8.090050000000000000e+06
8.090050000000000000e+06
8.090050000000000000e+06
2.879550000000000000e+07
1.059410000000000000e+08
3.840780000000000000e+08
1.024060000000000000e+08
1.024060000000000000e+08
1.024060000000000000e+08
1.024060000000000000e+08
1.024060000000000000e+08
2.651940000000000000e+07
8.101960000000000000e+06
8.101960000000000000e+06
2.921300000000000000e+06
2.921300000000000000e+06
2.921300000000000000e+06
2.921300000000000000e+06
2.921300000000000000e+06
2.921300000000000000e+06
1.072020000000000000e+07
1.072020000000000000e+07
3.144610000000000000e+07
8.402970000000000000e+06
8.402970000000000000e+06
3.323810000000000000e+07
3.323810000000000000e+07
1.083690000000000000e+07
1.083690000000000000e+07
1.083690000000000000e+07
1.083690000000000000e+07
5.779820000000000000e+06
5.779820000000000000e+06
5.779820000000000000e+06
2.173100000000000000e+06
3.198400000000000000e+06
3.198400000000000000e+06
3.198400000000000000e+06
7.895980000000000000e+06
2.015040000000000000e+07
6.317930000000000000e+06
6.317930000000000000e+06
6.317930000000000000e+06
2.652550000000000000e+06
9.149560000000000000e+06
9.149560000000000000e+06
3.464980000000000000e+07
7.319500000000000000e+07
2.021850000000000000e+07
2.021850000000000000e+07
2.021850000000000000e+07
6.885440000000000000e+07
2.680870000000000000e+07
7.499510000000000000e+06
2.048100000000000000e+06
6.176650000000000000e+05
6.176650000000000000e+05
2.468940000000000000e+05
1.020740000000000000e+05
4.399509999999999854e+04
4.399509999999999854e+04
2.688870000000000073e+04
2.290179999999999927e+04
1.563839999999999964e+04
7.559970000000000255e+03
6.003699999999999818e+03
8.389370000000000800e+03
1.330729999999999927e+04
1.404220000000000073e+04
1.855809999999999854e+04
1.855809999999999854e+04
4.852540000000000146e+04
4.852540000000000146e+04
1.208420000000000000e+05
1.208420000000000000e+05
1.208420000000000000e+05
3.122680000000000000e+05
1.015940000000000000e+06
1.015940000000000000e+06
3.220700000000000000e+06
1.147900000000000000e+06
4.209100000000000000e+06
4.209100000000000000e+06
1.523300000000000000e+07
1.523300000000000000e+07
1.523300000000000000e+07
4.253500000000000000e+07
4.253500000000000000e+07
1.163050000000000000e+08
1.163050000000000000e+08
4.149590000000000000e+08
1.052720000000000000e+08
4.035840000000000000e+08
4.035840000000000000e+08
1.564490000000000000e+09
1.564490000000000000e+09
1.564490000000000000e+09
1.564490000000000000e+09
1.564490000000000000e+09
1.564490000000000000e+09
1.564490000000000000e+09
1.564490000000000000e+09
1.564490000000000000e+09
1.564490000000000000e+09
1.564490000000000000e+09
1.564490000000000000e+09
3.942990000000000000e+08
3.942990000000000000e+08
3.942990000000000000e+08
9.889930000000000000e+07
9.889930000000000000e+07
9.889930000000000000e+07
4.085840000000000000e+08
4.085840000000000000e+08
4.085840000000000000e+08
4.085840000000000000e+08
9.938520000000000000e+07
9.938520000000000000e+07
9.938520000000000000e+07
9.938520000000000000e+07
9.938520000000000000e+07
9.938520000000000000e+07
2.941380000000000000e+07
1.059940000000000000e+08
1.059940000000000000e+08
1.059940000000000000e+08
3.486180000000000000e+07
3.486180000000000000e+07
3.486180000000000000e+07
9.854600000000000000e+06
9.854600000000000000e+06
9.854600000000000000e+06
2.618890000000000000e+06
1.073310000000000000e+06
8.288140000000000000e+05
2.299700000000000000e+05
2.299700000000000000e+05
2.538440000000000000e+05
2.835350000000000000e+05
2.835350000000000000e+05
2.835350000000000000e+05
4.407740000000000000e+05
2.296830000000000000e+05
2.296830000000000000e+05
2.296830000000000000e+05
2.296830000000000000e+05
2.475820000000000000e+05
7.360850000000000000e+04
2.382170000000000000e+05
1.528730000000000000e+05
3.897460000000000000e+05
1.762460000000000000e+05
5.219469999999999709e+04
8.717769999999999709e+04
8.717769999999999709e+04
7.813910000000000582e+04
7.813910000000000582e+04
2.366220000000000000e+05
2.366220000000000000e+05
4.189070000000000000e+05
4.189070000000000000e+05
4.189070000000000000e+05
1.321990000000000000e+06
3.724840000000000000e+06
1.414010000000000000e+07
1.414010000000000000e+07
1.414010000000000000e+07
1.414010000000000000e+07
1.414010000000000000e+07
1.414010000000000000e+07
4.604640000000000000e+07
1.683610000000000000e+08
1.683610000000000000e+08
6.070230000000000000e+08
6.070230000000000000e+08
2.423980000000000000e+09
2.423980000000000000e+09
9.488670000000000000e+09
9.488670000000000000e+09
9.488670000000000000e+09
9.488670000000000000e+09
9.488670000000000000e+09
9.488670000000000000e+09
2.636220000000000000e+09
9.488670000000000000e+09
9.488670000000000000e+09
9.488670000000000000e+09
9.488670000000000000e+09
9.488670000000000000e+09
2.370250000000000000e+09
2.370250000000000000e+09
2.370250000000000000e+09
2.370250000000000000e+09
2.370250000000000000e+09
2.370250000000000000e+09
2.370250000000000000e+09
2.370250000000000000e+09
6.270220000000000000e+08
1.766890000000000000e+08
1.766890000000000000e+08
1.766890000000000000e+08
1.766890000000000000e+08
5.287840000000000000e+07
5.287840000000000000e+07
1.336450000000000000e+07
1.336450000000000000e+07
4.655890000000000000e+06
1.538880000000000000e+06
1.538880000000000000e+06
5.071860000000000000e+05
3.597490000000000000e+05
2.099240000000000000e+05
2.099240000000000000e+05
2.099240000000000000e+05
2.831900000000000000e+05
4.991020000000000000e+05
4.991020000000000000e+05
4.991020000000000000e+05
8.720470000000000000e+05
8.720470000000000000e+05
8.720470000000000000e+05
2.659450000000000000e+06
7.832310000000000000e+06
7.832310000000000000e+06
7.832310000000000000e+06
7.832310000000000000e+06
3.023210000000000000e+07
3.023210000000000000e+07
8.442020000000000000e+06
3.020060000000000000e+07
3.020060000000000000e+07
3.020060000000000000e+07
1.125490000000000000e+07
3.819590000000000000e+06
3.819590000000000000e+06
3.819590000000000000e+06
8.320260000000000000e+06
8.320260000000000000e+06
8.320260000000000000e+06
3.058330000000000000e+07
1.100530000000000000e+07
3.954120000000000000e+07
3.954120000000000000e+07
1.574730000000000000e+08
1.574730000000000000e+08
1.574730000000000000e+08
3.800480000000000000e+07
3.800480000000000000e+07
1.952620000000000000e+07
1.952620000000000000e+07
1.952620000000000000e+07
1.952620000000000000e+07
2.491460000000000000e+07
2.491460000000000000e+07
6.940790000000000000e+06
6.940790000000000000e+06
1.923160000000000000e+07
1.923160000000000000e+07
1.923160000000000000e+07
1.923160000000000000e+07
1.923160000000000000e+07
1.923160000000000000e+07
7.236380000000000000e+06
7.236380000000000000e+06
2.694340000000000000e+06
9.951880000000000000e+06
7.200190000000000000e+06
1.846050000000000000e+06
5.074600000000000000e+06
5.074600000000000000e+06
8.934650000000000000e+06
8.934650000000000000e+06
3.345340000000000000e+06
9.402230000000000000e+05
2.607050000000000000e+06
2.607050000000000000e+06
7.082190000000000000e+06
7.082190000000000000e+06
7.082190000000000000e+06
2.004570000000000000e+06
2.004570000000000000e+06
2.004570000000000000e+06
7.306070000000000000e+06
2.887110000000000000e+06
2.887110000000000000e+06
8.252580000000000000e+05
2.790830000000000000e+05
2.398030000000000000e+05
2.398030000000000000e+05
2.398030000000000000e+05
7.449000000000000000e+05
1.170840000000000000e+06
1.170840000000000000e+06
3.913990000000000000e+05
1.288920000000000000e+05
3.168200000000000000e+05
1.122620000000000000e+06
7.266250000000000000e+05
4.150650000000000000e+05
1.670270000000000000e+05
7.589169999999999709e+04
1.101360000000000000e+05
1.046090000000000000e+05
1.654790000000000000e+05
5.115390000000000000e+05
4.702850000000000000e+05
4.708960000000000000e+05
1.724280000000000000e+06
1.724280000000000000e+06
1.924510000000000000e+06
4.896970000000000000e+06
4.896970000000000000e+06
1.344950000000000000e+06
3.490980000000000000e+06
1.293610000000000000e+07
1.293610000000000000e+07
1.293610000000000000e+07
4.523590000000000000e+06
4.523590000000000000e+06
4.523590000000000000e+06
4.523590000000000000e+06
1.199440000000000000e+07
4.680600000000000000e+07
4.680600000000000000e+07
4.680600000000000000e+07
4.680600000000000000e+07
4.680600000000000000e+07
1.389560000000000000e+07
6.611330000000000000e+06
2.371140000000000000e+06
7.019050000000000000e+05
1.663630000000000000e+06
4.203570000000000000e+06
4.203570000000000000e+06
4.203570000000000000e+06
1.163520000000000000e+06
1.163520000000000000e+06
3.588420000000000000e+06
3.588420000000000000e+06
1.242480000000000000e+06
5.370860000000000000e+05
5.370860000000000000e+05
5.370860000000000000e+05
4.164140000000000000e+05
8.210670000000000000e+05
2.787180000000000000e+05
2.787180000000000000e+05
3.121400000000000000e+05
3.121400000000000000e+05
9.112070000000000000e+05
2.481750000000000000e+05
6.024710000000000000e+05
2.181980000000000000e+05
8.366719999999999709e+04
3.782969999999999709e+04
1.306130000000000000e+05
1.306130000000000000e+05
1.279450000000000000e+05
1.715900000000000000e+05
1.715900000000000000e+05
4.576540000000000000e+05
4.375650000000000000e+05
7.055950000000000000e+05
2.687760000000000000e+06
2.687760000000000000e+06
2.687760000000000000e+06
1.264290000000000000e+06
1.264290000000000000e+06
1.264290000000000000e+06
1.264290000000000000e+06
1.288040000000000000e+06
1.288040000000000000e+06
4.894960000000000000e+06
4.894960000000000000e+06
1.134040000000000000e+07
2.846100000000000000e+06
2.846100000000000000e+06
7.904800000000000000e+06
2.758280000000000000e+07
2.758280000000000000e+07
2.758280000000000000e+07
1.247830000000000000e+07
1.247830000000000000e+07
3.273810000000000000e+06
1.054610000000000000e+07
2.747770000000000000e+07
2.747770000000000000e+07
2.747770000000000000e+07
2.747770000000000000e+07
1.026770000000000000e+08
1.026770000000000000e+08
1.026770000000000000e+08
1.026770000000000000e+08
1.026770000000000000e+08
4.144450000000000000e+08
1.365130000000000000e+08
1.365130000000000000e+08
1.365130000000000000e+08
3.474140000000000000e+07
2.449610000000000000e+07
2.449610000000000000e+07
6.482100000000000000e+06
6.482100000000000000e+06
1.038080000000000000e+07
2.924680000000000000e+06
2.924680000000000000e+06
2.924680000000000000e+06
2.021950000000000000e+06
2.021950000000000000e+06
2.021950000000000000e+06
2.021950000000000000e+06
2.854880000000000000e+06
2.854880000000000000e+06
1.074800000000000000e+07
1.074800000000000000e+07
7.793600000000000000e+06
7.793600000000000000e+06
7.793600000000000000e+06
7.793600000000000000e+06
1.056580000000000000e+07
1.056580000000000000e+07
1.056580000000000000e+07
1.056580000000000000e+07
3.033680000000000000e+07
3.033680000000000000e+07
3.033680000000000000e+07
3.033680000000000000e+07
1.025430000000000000e+07
1.025430000000000000e+07
1.025430000000000000e+07
3.965190000000000000e+07
3.965190000000000000e+07
3.965190000000000000e+07
1.451140000000000000e+08
1.451140000000000000e+08
1.023910000000000000e+08
3.574320000000000000e+08
3.574320000000000000e+08
8.843590000000000000e+07
1.435490000000000000e+08
3.730940000000000000e+07
3.730940000000000000e+07
1.193200000000000000e+07
1.193200000000000000e+07
1.193200000000000000e+07
3.029470000000000000e+06
1.311010000000000000e+06
3.962130000000000000e+06
3.962130000000000000e+06
1.221900000000000000e+06
1.115740000000000000e+06
1.115740000000000000e+06
1.115740000000000000e+06
1.115740000000000000e+06
1.913150000000000000e+06
1.913150000000000000e+06
1.913150000000000000e+06
1.913150000000000000e+06
3.987700000000000000e+06
1.366980000000000000e+07
1.366980000000000000e+07
4.936180000000000000e+06
1.466260000000000000e+07
1.466260000000000000e+07
4.396650000000000000e+06
4.396650000000000000e+06
1.584560000000000000e+07
6.010650000000000000e+07
6.010650000000000000e+07
3.543250000000000000e+07
3.543250000000000000e+07
3.543250000000000000e+07
1.162780000000000000e+08
1.546170000000000000e+08
1.546170000000000000e+08
1.546170000000000000e+08
4.759710000000000000e+07
3.681950000000000000e+07
3.681950000000000000e+07
9.374520000000000000e+06
9.374520000000000000e+06
1.918030000000000000e+07
1.918030000000000000e+07
1.918030000000000000e+07
6.182360000000000000e+06
3.162940000000000000e+06
3.162940000000000000e+06
3.162940000000000000e+06
2.026470000000000000e+06
2.923650000000000000e+06
7.751460000000000000e+05
7.751460000000000000e+05
1.346170000000000000e+06
8.627430000000000000e+05
8.627430000000000000e+05
8.627430000000000000e+05
7.718310000000000000e+05
8.048490000000000000e+05
2.432980000000000000e+05
2.432980000000000000e+05
3.337060000000000000e+05
2.594310000000000000e+05
2.594310000000000000e+05
2.594310000000000000e+05
6.176160000000000000e+05
1.099100000000000000e+06
3.590850000000000000e+05
3.590850000000000000e+05
1.735320000000000000e+05
8.805600000000000000e+04
8.805600000000000000e+04
3.465810000000000000e+05
8.642940000000000000e+05
1.375420000000000000e+06
9.909240000000000000e+05
9.909240000000000000e+05
3.254680000000000000e+05
1.888080000000000000e+05
2.865820000000000000e+05
2.865820000000000000e+05
2.099210000000000000e+05
2.831730000000000000e+05
2.308140000000000000e+05
2.308140000000000000e+05
4.483040000000000000e+05
2.481620000000000000e+05
3.686210000000000000e+05
3.686210000000000000e+05
2.853920000000000000e+05
2.997570000000000000e+05
2.618300000000000000e+05
2.618300000000000000e+05
3.998370000000000000e+05
2.397890000000000000e+05
3.381030000000000000e+05
9.572339999999999418e+04
2.221370000000000000e+05
3.617930000000000000e+05
2.178740000000000000e+05
2.178740000000000000e+05
2.178740000000000000e+05
1.526160000000000000e+05
2.046050000000000000e+05
2.046050000000000000e+05
7.361770000000000000e+05
1.132860000000000000e+06
9.621330000000000000e+05
2.652650000000000000e+05
2.652650000000000000e+05
2.652650000000000000e+05
5.492780000000000000e+05
1.875990000000000000e+05
1.875990000000000000e+05
1.054340000000000000e+05
7.491830000000000291e+04
5.277519999999999709e+04
2.087020000000000073e+04
2.283470000000000073e+04
3.912159999999999854e+04
5.558440000000000146e+04
1.509010000000000000e+05
1.509010000000000000e+05
1.509010000000000000e+05
3.688660000000000000e+05
1.142310000000000000e+05
2.639720000000000000e+05
7.453360000000000000e+05
3.687480000000000000e+05
3.687480000000000000e+05
1.331920000000000000e+06
4.416860000000000000e+05
8.935100000000000000e+05
8.935100000000000000e+05
2.882140000000000000e+05
7.105920000000000000e+05
2.356790000000000000e+06
2.356790000000000000e+06
8.379990000000000000e+05
8.379990000000000000e+05
8.379990000000000000e+05
8.379990000000000000e+05
8.379990000000000000e+05
8.379990000000000000e+05
8.379990000000000000e+05
3.616820000000000000e+05
7.831040000000000000e+05
2.945760000000000000e+06
2.945760000000000000e+06
7.850350000000000000e+06
2.534230000000000000e+06
7.470490000000000000e+05
7.470490000000000000e+05
7.470490000000000000e+05
4.762630000000000000e+05
4.762630000000000000e+05
4.762630000000000000e+05
1.548860000000000000e+06
2.015710000000000000e+06
2.015710000000000000e+06
7.832170000000000000e+06
7.832170000000000000e+06
2.123910000000000000e+07
7.064590000000000000e+07
7.064590000000000000e+07
2.034820000000000000e+07
2.034820000000000000e+07
2.034820000000000000e+07
2.034820000000000000e+07
9.259060000000000000e+06
4.659920000000000000e+06
4.659920000000000000e+06
4.659920000000000000e+06
3.529680000000000000e+06
7.532930000000000000e+06
7.532930000000000000e+06
1.936420000000000000e+06
2.601100000000000000e+06
7.766250000000000000e+06
7.766250000000000000e+06
3.292410000000000000e+06
1.914780000000000000e+06
6.003240000000000000e+05
2.310970000000000000e+06
1.335340000000000000e+06
1.329530000000000000e+06
1.329530000000000000e+06
1.329530000000000000e+06
1.150260000000000000e+06
2.192980000000000000e+06
2.192980000000000000e+06
2.192980000000000000e+06
3.297250000000000000e+06
1.075210000000000000e+07
1.075210000000000000e+07
1.075210000000000000e+07
2.881100000000000000e+07
2.881100000000000000e+07
2.881100000000000000e+07
2.881100000000000000e+07
1.046680000000000000e+08
1.046680000000000000e+08
3.891170000000000000e+08
3.891170000000000000e+08
1.584420000000000000e+09
4.290130000000000000e+08
4.290130000000000000e+08
4.290130000000000000e+08
4.290130000000000000e+08
1.576780000000000000e+09
1.576780000000000000e+09
1.576780000000000000e+09
1.576780000000000000e+09
1.576780000000000000e+09
6.447970000000000000e+09
6.447970000000000000e+09
6.447970000000000000e+09
6.447970000000000000e+09
1.575390000000000000e+09
1.575390000000000000e+09
1.575390000000000000e+09
1.575390000000000000e+09
1.575390000000000000e+09
1.575390000000000000e+09
3.896990000000000000e+08
3.896990000000000000e+08
3.896990000000000000e+08
3.896990000000000000e+08
3.896990000000000000e+08
3.896990000000000000e+08
3.896990000000000000e+08
3.896990000000000000e+08
3.896990000000000000e+08
1.089280000000000000e+08
1.089280000000000000e+08
1.089280000000000000e+08
1.089280000000000000e+08
3.890610000000000000e+08
1.021090000000000000e+08
1.021090000000000000e+08
2.717930000000000000e+07
2.717930000000000000e+07
2.717930000000000000e+07
2.717930000000000000e+07
9.901960000000000000e+06
9.901960000000000000e+06
3.399680000000000000e+06
3.399680000000000000e+06
2.518810000000000000e+06
2.518810000000000000e+06
7.392530000000000000e+06
7.392530000000000000e+06
1.339670000000000000e+07
1.339670000000000000e+07
1.339670000000000000e+07
1.339670000000000000e+07
8.278860000000000000e+06
8.278860000000000000e+06
2.745200000000000000e+06
6.940250000000000000e+05
1.001190000000000000e+06
1.001190000000000000e+06
1.001190000000000000e+06
1.001190000000000000e+06
2.420760000000000000e+06
9.079720000000000000e+06
5.972190000000000000e+06
5.972190000000000000e+06
2.261130000000000000e+07
2.261130000000000000e+07
3.395690000000000000e+07
9.825700000000000000e+06
2.598320000000000000e+06
2.598320000000000000e+06
1.762440000000000000e+06
1.762440000000000000e+06
1.762440000000000000e+06
1.762440000000000000e+06
2.569220000000000000e+06
2.569220000000000000e+06
9.431580000000000000e+05
9.431580000000000000e+05
9.431580000000000000e+05
9.431580000000000000e+05
7.384770000000000000e+05
2.177650000000000000e+05
1.435820000000000000e+05
5.732080000000000291e+04
9.373260000000000582e+04
9.373260000000000582e+04
1.534190000000000000e+05
2.936960000000000000e+05
1.750190000000000000e+05
1.750190000000000000e+05
1.191450000000000000e+05
5.244719999999999709e+04
6.404419999999999709e+04
6.404419999999999709e+04
9.807000000000000000e+04
8.961439999999999418e+04
1.995970000000000000e+05
1.995970000000000000e+05
1.995970000000000000e+05
2.776550000000000000e+05
1.032590000000000000e+05
1.032590000000000000e+05
2.768060000000000000e+05
2.091060000000000000e+05
4.916040000000000000e+05
4.916040000000000000e+05
4.916040000000000000e+05
7.410960000000000000e+05
2.955650000000000000e+05
2.955650000000000000e+05
1.401780000000000000e+05
3.306850000000000000e+05
3.306850000000000000e+05
1.065460000000000000e+06
2.981340000000000000e+06
1.140810000000000000e+06
3.203780000000000000e+06
3.203780000000000000e+06
1.461230000000000000e+06
2.744040000000000000e+06
2.744040000000000000e+06
2.744040000000000000e+06
8.037050000000000000e+06
8.037050000000000000e+06
3.033000000000000000e+06
3.033000000000000000e+06
3.033000000000000000e+06
3.033000000000000000e+06
2.562790000000000000e+06
6.418240000000000000e+05
6.418240000000000000e+05
2.397260000000000000e+06
2.868420000000000000e+06
2.868420000000000000e+06
2.868420000000000000e+06
2.868420000000000000e+06
2.868420000000000000e+06
8.325500000000000000e+05
8.325500000000000000e+05
2.492870000000000000e+05
6.670160000000000000e+05
6.670160000000000000e+05
2.307490000000000000e+06
1.209680000000000000e+06
1.209680000000000000e+06
1.209680000000000000e+06
1.209680000000000000e+06
2.414730000000000000e+06
1.142490000000000000e+06
3.886110000000000000e+05
1.504390000000000000e+06
1.504390000000000000e+06
1.899480000000000000e+06
1.044490000000000000e+06
1.044490000000000000e+06
1.044490000000000000e+06
8.705520000000000000e+05
1.354070000000000000e+06
1.354070000000000000e+06
1.354070000000000000e+06
3.140870000000000000e+06
1.930070000000000000e+06
4.899230000000000000e+05
4.899230000000000000e+05
2.260530000000000000e+05
3.258220000000000000e+05
1.054680000000000000e+05
6.448269999999999709e+04
6.448269999999999709e+04
6.448269999999999709e+04
6.448269999999999709e+04
1.080580000000000000e+05
7.962000000000000000e+04
1.745560000000000000e+05
1.745560000000000000e+05
5.715080000000000000e+05
1.008510000000000000e+06
3.255220000000000000e+06
3.255220000000000000e+06
3.255220000000000000e+06
1.939930000000000000e+06
1.939930000000000000e+06
1.939930000000000000e+06
1.939930000000000000e+06
3.049670000000000000e+06
3.049670000000000000e+06
3.049670000000000000e+06
3.049670000000000000e+06
3.049670000000000000e+06
3.049670000000000000e+06
3.049670000000000000e+06
1.019070000000000000e+06
1.019070000000000000e+06
3.960300000000000000e+06
1.244760000000000000e+07
1.244760000000000000e+07
3.553840000000000000e+07
3.553840000000000000e+07
1.290520000000000000e+08
4.493610000000000000e+08
4.493610000000000000e+08
4.493610000000000000e+08
1.098090000000000000e+08
1.098090000000000000e+08
3.903400000000000000e+08
3.903400000000000000e+08
3.903400000000000000e+08
1.043960000000000000e+08
4.221890000000000000e+08
4.221890000000000000e+08
4.221890000000000000e+08
4.221890000000000000e+08
1.057160000000000000e+08
1.057160000000000000e+08
2.800460000000000000e+07
1.094520000000000000e+07
1.094520000000000000e+07
1.094520000000000000e+07
4.377210000000000000e+06
4.358000000000000000e+06
1.178260000000000000e+06
1.178260000000000000e+06
1.170760000000000000e+06
1.122820000000000000e+06
4.256440000000000000e+05
4.256440000000000000e+05
5.166860000000000000e+05
4.438030000000000000e+05
2.847980000000000000e+05
2.847980000000000000e+05
6.607550000000000000e+05
1.177490000000000000e+06
1.464700000000000000e+06
1.464700000000000000e+06
1.464700000000000000e+06
4.100200000000000000e+06
9.965580000000000000e+06
9.965580000000000000e+06
3.233700000000000000e+07
3.233700000000000000e+07
1.168170000000000000e+08
1.168170000000000000e+08
4.129980000000000000e+08
1.560830000000000000e+09
1.560830000000000000e+09
1.560830000000000000e+09
1.560830000000000000e+09
1.560830000000000000e+09
6.470890000000000000e+09
6.470890000000000000e+09
1.671220000000000000e+09
1.671220000000000000e+09
1.671220000000000000e+09
1.671220000000000000e+09
1.671220000000000000e+09
6.659100000000000000e+09
6.659100000000000000e+09
6.659100000000000000e+09
6.659100000000000000e+09
6.659100000000000000e+09
6.659100000000000000e+09
1.636910000000000000e+09
4.447730000000000000e+08
4.447730000000000000e+08
4.447730000000000000e+08
4.447730000000000000e+08
4.447730000000000000e+08
4.447730000000000000e+08
4.447730000000000000e+08
4.447730000000000000e+08
4.447730000000000000e+08
4.447730000000000000e+08
1.074690000000000000e+08
1.074690000000000000e+08
3.410240000000000000e+07
3.410240000000000000e+07
9.568950000000000000e+06
9.568950000000000000e+06
5.621800000000000000e+06
5.621800000000000000e+06
5.621800000000000000e+06
2.031710000000000000e+06
3.425800000000000000e+06
9.068700000000000000e+05
3.401540000000000000e+05
3.401540000000000000e+05
3.401540000000000000e+05
3.401540000000000000e+05
2.573930000000000000e+05
1.010540000000000000e+05
6.631350000000000000e+04
6.631350000000000000e+04
9.443400000000000000e+04
2.169640000000000000e+05
4.178870000000000000e+05
4.178870000000000000e+05
1.263910000000000000e+06
1.263910000000000000e+06
1.263910000000000000e+06
3.711100000000000000e+05
1.269980000000000000e+06
1.269980000000000000e+06
7.033330000000000000e+05
7.033330000000000000e+05
1.929410000000000000e+05
8.967550000000000000e+04
1.316980000000000000e+05
1.316980000000000000e+05
1.316980000000000000e+05
1.050300000000000000e+05
2.569030000000000000e+05
2.569030000000000000e+05
7.033300000000000000e+05
1.262980000000000000e+06
1.262980000000000000e+06
4.789030000000000000e+06
4.789030000000000000e+06
4.789030000000000000e+06
4.789030000000000000e+06
4.789030000000000000e+06
4.789030000000000000e+06
1.543660000000000000e+07
5.854260000000000000e+07
5.854260000000000000e+07
5.854260000000000000e+07
5.854260000000000000e+07
1.620460000000000000e+07
5.424180000000000000e+06
1.728620000000000000e+06
1.728620000000000000e+06
1.728620000000000000e+06
5.065060000000000000e+06
2.126040000000000000e+06
1.375110000000000000e+06
4.388660000000000000e+06
4.388660000000000000e+06
6.838930000000000000e+06
1.686950000000000000e+07
1.686950000000000000e+07
1.686950000000000000e+07
1.686950000000000000e+07
6.245680000000000000e+07
6.245680000000000000e+07
6.245680000000000000e+07
6.245680000000000000e+07
6.245680000000000000e+07
6.245680000000000000e+07
1.639760000000000000e+07
1.639760000000000000e+07
1.639760000000000000e+07
1.639760000000000000e+07
1.639760000000000000e+07
1.639760000000000000e+07
1.639760000000000000e+07
4.852000000000000000e+06
2.462180000000000000e+06
2.462180000000000000e+06
2.462180000000000000e+06
6.361090000000000000e+06
1.492780000000000000e+07
4.929480000000000000e+07
4.929480000000000000e+07
1.453940000000000000e+07
1.453940000000000000e+07
5.310750000000000000e+07
1.895190000000000000e+08
1.895190000000000000e+08
1.895190000000000000e+08
1.895190000000000000e+08
4.852850000000000000e+07
4.852850000000000000e+07
4.852850000000000000e+07
4.852850000000000000e+07
4.852850000000000000e+07
1.550170000000000000e+07
6.069190000000000000e+06
6.069190000000000000e+06
6.069190000000000000e+06
4.717190000000000000e+06
9.253130000000000000e+06
2.363730000000000000e+06
7.637930000000000000e+05
1.022500000000000000e+06
1.022500000000000000e+06
3.147230000000000000e+05
1.762400000000000000e+05
1.762400000000000000e+05
5.880720000000000000e+05
2.400510000000000000e+05
2.656620000000000000e+05
6.330640000000000000e+05
6.330640000000000000e+05
3.999920000000000000e+05
7.140490000000000000e+05
7.140490000000000000e+05
7.140490000000000000e+05
8.319010000000000000e+05
2.077020000000000000e+06
7.039610000000000000e+06
1.870560000000000000e+06
4.446820000000000000e+06
2.102470000000000000e+06
7.104090000000000000e+06
2.738570000000000000e+06
5.504600000000000000e+06
1.235810000000000000e+07
1.235810000000000000e+07
3.347740000000000000e+07
1.146120000000000000e+08
4.244250000000000000e+08
4.244250000000000000e+08
4.244250000000000000e+08
4.244250000000000000e+08
4.244250000000000000e+08
4.244250000000000000e+08
4.244250000000000000e+08
4.244250000000000000e+08
1.117920000000000000e+08
1.117920000000000000e+08
3.945820000000000000e+07
3.945820000000000000e+07
3.945820000000000000e+07
3.945820000000000000e+07
3.945820000000000000e+07
3.945820000000000000e+07
3.945820000000000000e+07
3.945820000000000000e+07
3.000210000000000000e+07
3.000210000000000000e+07
1.013440000000000000e+07
1.013440000000000000e+07
1.305100000000000000e+07
1.305100000000000000e+07
3.912530000000000000e+07
3.912530000000000000e+07
1.109760000000000000e+08
1.109760000000000000e+08
1.109760000000000000e+08
1.109760000000000000e+08
1.109760000000000000e+08
1.109760000000000000e+08
1.109760000000000000e+08
1.109760000000000000e+08
1.109760000000000000e+08
2.918560000000000000e+07
1.131230000000000000e+07
3.369580000000000000e+06
1.276360000000000000e+06
1.276360000000000000e+06
3.049320000000000000e+06
3.049320000000000000e+06
7.838730000000000000e+06
7.838730000000000000e+06
7.838730000000000000e+06
7.838730000000000000e+06
3.109450000000000000e+06
3.109450000000000000e+06
3.109450000000000000e+06
3.109450000000000000e+06
7.869700000000000000e+06
7.869700000000000000e+06
2.978840000000000000e+07
2.978840000000000000e+07
2.978840000000000000e+07
2.978840000000000000e+07
7.867380000000000000e+06
2.248170000000000000e+06
2.248170000000000000e+06
2.248170000000000000e+06
2.248170000000000000e+06
2.248170000000000000e+06
2.248170000000000000e+06
2.248170000000000000e+06
2.248170000000000000e+06
2.248170000000000000e+06
2.248170000000000000e+06
8.004990000000000000e+06
2.921870000000000000e+07
1.097970000000000000e+08
4.039890000000000000e+08
9.995230000000000000e+07
9.995230000000000000e+07
9.995230000000000000e+07
9.995230000000000000e+07
9.995230000000000000e+07
2.719540000000000000e+07
2.719540000000000000e+07
1.106860000000000000e+08
3.064060000000000000e+07
3.064060000000000000e+07
3.064060000000000000e+07
3.064060000000000000e+07
1.123540000000000000e+07
5.632900000000000000e+06
5.632900000000000000e+06
5.632900000000000000e+06
5.141520000000000000e+06
8.907070000000000000e+06
3.639570000000000000e+07
3.639570000000000000e+07
4.670400000000000000e+07
4.670400000000000000e+07
4.670400000000000000e+07
4.670400000000000000e+07
1.168930000000000000e+08
1.168930000000000000e+08
1.168930000000000000e+08
1.168930000000000000e+08
4.184480000000000000e+08
4.184480000000000000e+08
4.184480000000000000e+08
1.048160000000000000e+08
1.048160000000000000e+08
1.048160000000000000e+08
2.942990000000000000e+07
9.499410000000000000e+06
3.130370000000000000e+07
1.047450000000000000e+08
1.047450000000000000e+08
1.047450000000000000e+08
1.047450000000000000e+08
1.047450000000000000e+08
1.047450000000000000e+08
1.047450000000000000e+08
2.582080000000000000e+07
1.052890000000000000e+08
1.052890000000000000e+08
1.052890000000000000e+08
1.052890000000000000e+08
1.052890000000000000e+08
1.052890000000000000e+08
1.052890000000000000e+08
1.052890000000000000e+08
1.052890000000000000e+08
1.052890000000000000e+08
1.052890000000000000e+08
1.052890000000000000e+08
2.602570000000000000e+07
2.602570000000000000e+07
9.270860000000000000e+06
3.140870000000000000e+06
3.140870000000000000e+06
3.140870000000000000e+06
7.649290000000000000e+06
3.192020000000000000e+06
8.906150000000000000e+05
3.529440000000000000e+06
1.198410000000000000e+07
8.504430000000000000e+06
2.959460000000000000e+06
2.959460000000000000e+06
8.708470000000000000e+05
1.570540000000000000e+06
1.570540000000000000e+06
1.570540000000000000e+06
1.570540000000000000e+06
1.148990000000000000e+06
7.647680000000000000e+05
7.647680000000000000e+05
7.647680000000000000e+05
7.814340000000000000e+05
1.067780000000000000e+06
2.708000000000000000e+05
9.225110000000000582e+04
2.059620000000000000e+05
5.594950000000000000e+05
5.594950000000000000e+05
4.445110000000000000e+05
1.586940000000000000e+06
6.169820000000000000e+05
6.169820000000000000e+05
7.619600000000000000e+05
7.619600000000000000e+05
1.835510000000000000e+06
1.835510000000000000e+06
1.835510000000000000e+06
1.835510000000000000e+06
1.835510000000000000e+06
1.835510000000000000e+06
1.835510000000000000e+06
1.835510000000000000e+06
7.770790000000000000e+05
2.190670000000000000e+05
6.201250000000000000e+05
6.201250000000000000e+05
1.531190000000000000e+06
7.887060000000000000e+05
7.887060000000000000e+05
3.034320000000000000e+06
1.049460000000000000e+06
1.167320000000000000e+06
4.280490000000000000e+05
4.280490000000000000e+05
4.280490000000000000e+05
6.144170000000000000e+05
1.133720000000000000e+06
1.133720000000000000e+06
1.133720000000000000e+06
6.934480000000000000e+05
2.401490000000000000e+06
2.401490000000000000e+06
6.461650000000000000e+06
1.161440000000000000e+07
1.161440000000000000e+07
2.952310000000000000e+06
1.053590000000000000e+06
2.697910000000000000e+06
2.697910000000000000e+06
2.697910000000000000e+06
1.882510000000000000e+06
5.961300000000000000e+06
1.586400000000000000e+06
1.586400000000000000e+06
2.415910000000000000e+06
2.415910000000000000e+06
8.999390000000000000e+05
2.577980000000000000e+05
1.589560000000000000e+05
1.589560000000000000e+05
1.246590000000000000e+05
4.493200000000000000e+04
7.821150000000000000e+04
2.755300000000000000e+04
3.196929999999999927e+04
3.152670000000000073e+04
1.849279999999999927e+04
6.188540000000000146e+04
3.854569999999999709e+04
6.451909999999999854e+04
7.915710000000000582e+04
7.915710000000000582e+04
9.863230000000000291e+04
2.424160000000000000e+05
6.090150000000000000e+05
6.090150000000000000e+05
1.427490000000000000e+06
1.427490000000000000e+06
5.712940000000000000e+05
5.712940000000000000e+05
2.133240000000000000e+06
6.699300000000000000e+06
6.009490000000000000e+06
1.644500000000000000e+06
1.644500000000000000e+06
6.526480000000000000e+06
8.162020000000000000e+06
8.162020000000000000e+06
8.162020000000000000e+06
8.162020000000000000e+06
6.730070000000000000e+06
6.730070000000000000e+06
6.730070000000000000e+06
6.730070000000000000e+06
8.540570000000000000e+06
2.703410000000000000e+07
1.082150000000000000e+08
3.068560000000000000e+07
2.141680000000000000e+07
6.616470000000000000e+06
6.616470000000000000e+06
6.616470000000000000e+06
1.049990000000000000e+07
1.049990000000000000e+07
1.049990000000000000e+07
1.049990000000000000e+07
3.268790000000000000e+07
3.268790000000000000e+07
8.128700000000000000e+06
8.128700000000000000e+06
2.633180000000000000e+06
2.633180000000000000e+06
2.633180000000000000e+06
7.410490000000000000e+05
7.410490000000000000e+05
2.434970000000000000e+06
2.434970000000000000e+06
2.434970000000000000e+06
7.267650000000000000e+06
7.267650000000000000e+06
7.267650000000000000e+06
7.267650000000000000e+06
2.466640000000000000e+06
2.466640000000000000e+06
6.960210000000000000e+05
6.960210000000000000e+05
1.990880000000000000e+06
1.990880000000000000e+06
1.990880000000000000e+06
7.307120000000000000e+06
7.307120000000000000e+06
2.863500000000000000e+07
1.074370000000000000e+07
1.074370000000000000e+07
1.074370000000000000e+07
1.074370000000000000e+07
8.955940000000000000e+06
8.955940000000000000e+06
3.071370000000000000e+06
3.071370000000000000e+06
3.885160000000000000e+06
1.742060000000000000e+06
4.102240000000000000e+06
4.102240000000000000e+06
2.546040000000000000e+06
7.923970000000000000e+06
2.635090000000000000e+06
7.853120000000000000e+05
1.282460000000000000e+06
1.282460000000000000e+06
8.703110000000000000e+05
4.087330000000000000e+05
1.114720000000000000e+06
1.114720000000000000e+06
1.466300000000000000e+06
5.372970000000000000e+05
5.372970000000000000e+05
5.372970000000000000e+05
5.372970000000000000e+05
5.372970000000000000e+05
1.956700000000000000e+06
5.197380000000000000e+05
2.843650000000000000e+05
1.528480000000000000e+05
1.528480000000000000e+05
6.076259999999999854e+04
9.878330000000000291e+04
1.460670000000000000e+05
1.460670000000000000e+05
1.490940000000000000e+05
1.490940000000000000e+05
3.872030000000000000e+05
1.382450000000000000e+06
1.841420000000000000e+06
4.107150000000000000e+06
1.572580000000000000e+07
1.572580000000000000e+07
1.232280000000000000e+07
1.232280000000000000e+07
1.232280000000000000e+07
1.232280000000000000e+07
1.851410000000000000e+07
8.230030000000000000e+06
8.230030000000000000e+06
2.068090000000000000e+06
3.503200000000000000e+06
8.177170000000000000e+06
8.177170000000000000e+06
8.177170000000000000e+06
2.715530000000000000e+07
9.822330000000000000e+07
3.965010000000000000e+08
3.965010000000000000e+08
3.965010000000000000e+08
3.965010000000000000e+08
3.965010000000000000e+08
3.965010000000000000e+08
1.081700000000000000e+08
1.081700000000000000e+08
2.676920000000000000e+07
2.676920000000000000e+07
2.676920000000000000e+07
8.402970000000000000e+06
2.574520000000000000e+06
6.906600000000000000e+05
2.487280000000000000e+06
2.487280000000000000e+06
1.046900000000000000e+06
1.046900000000000000e+06
2.883310000000000000e+05
1.882350000000000000e+05
1.880570000000000000e+05
7.512500000000000000e+04
3.106390000000000146e+04
4.128250000000000000e+04
4.280369999999999709e+04
1.076940000000000000e+05
7.230239999999999418e+04
7.230239999999999418e+04
1.654390000000000000e+05
1.654390000000000000e+05
2.580880000000000000e+05
1.092790000000000000e+05
3.484510000000000000e+05
1.287330000000000000e+05
3.079320000000000000e+05
3.079320000000000000e+05
1.151700000000000000e+06
6.801030000000000000e+05
4.255370000000000000e+05
4.255370000000000000e+05
4.255370000000000000e+05
8.549020000000000000e+05
1.092250000000000000e+06
2.925440000000000000e+06
2.925440000000000000e+06
2.043400000000000000e+06
6.438480000000000000e+06
2.449420000000000000e+06
2.449420000000000000e+06
2.984210000000000000e+06
9.112670000000000000e+05
2.388120000000000000e+06
2.388120000000000000e+06
2.150950000000000000e+06
2.150950000000000000e+06
2.150950000000000000e+06
5.472800000000000000e+05
6.064350000000000000e+05
2.469590000000000000e+05
2.469590000000000000e+05
2.469590000000000000e+05
6.208120000000000000e+05
5.323290000000000000e+05
1.938140000000000000e+06
1.938140000000000000e+06
1.938140000000000000e+06
4.232590000000000000e+06
4.232590000000000000e+06
4.232590000000000000e+06
4.232590000000000000e+06
4.232590000000000000e+06
1.247630000000000000e+06
3.571380000000000000e+05
1.860480000000000000e+05
3.142610000000000000e+05
1.274020000000000000e+05
1.274020000000000000e+05
2.965940000000000000e+05
8.426790000000000000e+05
2.180710000000000000e+06
9.109980000000000000e+05
9.109980000000000000e+05
9.109980000000000000e+05
3.135690000000000000e+05
2.922890000000000000e+05
9.974480000000000000e+05
3.891070000000000000e+06
2.029810000000000000e+06
2.355200000000000000e+06
6.816600000000000000e+05
6.816600000000000000e+05
1.021980000000000000e+06
7.360020000000000000e+05
2.937060000000000000e+05
2.937060000000000000e+05
7.385010000000000000e+05
1.099860000000000000e+06
7.118980000000000000e+05
7.118980000000000000e+05
2.448720000000000000e+06
6.233750000000000000e+06
7.961140000000000000e+06
7.961140000000000000e+06
2.337540000000000000e+06
1.088250000000000000e+06
7.469740000000000000e+05
7.469740000000000000e+05
7.469740000000000000e+05
2.090830000000000000e+06
2.277940000000000000e+06
2.277940000000000000e+06
8.146200000000000000e+06
8.146200000000000000e+06
1.910800000000000000e+07
1.910800000000000000e+07
1.910800000000000000e+07
7.630260000000000000e+06
2.833090000000000000e+07
2.833090000000000000e+07
7.622880000000000000e+06
1.859540000000000000e+07
1.859540000000000000e+07
1.859540000000000000e+07
1.859540000000000000e+07
1.859540000000000000e+07
1.859540000000000000e+07
4.798410000000000000e+06
4.798410000000000000e+06
4.798410000000000000e+06
4.798410000000000000e+06
4.798410000000000000e+06
2.077320000000000000e+06
2.077320000000000000e+06
2.077320000000000000e+06
2.077320000000000000e+06
4.862320000000000000e+06
1.726250000000000000e+07
6.875780000000000000e+07
6.875780000000000000e+07
2.687320000000000000e+07
2.687320000000000000e+07
2.687320000000000000e+07
7.840840000000000000e+06
6.189170000000000000e+06
6.189170000000000000e+06
6.189170000000000000e+06
6.189170000000000000e+06
1.186300000000000000e+07
4.665580000000000000e+07
1.153520000000000000e+07
1.153520000000000000e+07
1.153520000000000000e+07
1.153520000000000000e+07
1.153520000000000000e+07
6.059450000000000000e+06
1.205100000000000000e+07
3.305490000000000000e+06
3.305490000000000000e+06
8.050670000000000000e+06
2.592790000000000000e+07
7.552410000000000000e+06
7.552410000000000000e+06
7.552410000000000000e+06
2.858270000000000000e+06
1.782490000000000000e+06
1.782490000000000000e+06
1.782490000000000000e+06
3.669340000000000000e+06
2.547240000000000000e+06
7.537460000000000000e+05
2.571200000000000000e+05
2.571200000000000000e+05
3.442090000000000000e+05
3.442090000000000000e+05
9.798870000000000000e+05
3.091280000000000000e+05
6.759470000000000000e+05
6.759470000000000000e+05
6.759470000000000000e+05
6.759470000000000000e+05
1.929080000000000000e+06
7.000660000000000000e+06
2.482830000000000000e+06
2.482830000000000000e+06
9.798420000000000000e+06
9.798420000000000000e+06
2.772070000000000000e+07
2.772070000000000000e+07
6.960850000000000000e+06
6.960850000000000000e+06
6.960850000000000000e+06
6.960850000000000000e+06
6.960850000000000000e+06
6.960850000000000000e+06
6.960850000000000000e+06
2.603830000000000000e+07
7.225540000000000000e+06
7.225540000000000000e+06
7.225540000000000000e+06
2.030240000000000000e+06
8.487970000000000000e+05
2.864670000000000000e+06
1.027590000000000000e+07
1.027590000000000000e+07
1.027590000000000000e+07
1.027590000000000000e+07
3.079110000000000000e+06
9.284180000000000000e+06
9.284180000000000000e+06
2.313680000000000000e+06
2.313680000000000000e+06
7.313620000000000000e+05
4.754730000000000000e+05
4.754730000000000000e+05
1.730960000000000000e+06
6.902160000000000000e+05
1.124390000000000000e+06
3.357330000000000000e+05
9.297369999999999709e+04
6.296030000000000291e+04
4.273650000000000000e+04
4.273650000000000000e+04
1.706970000000000073e+04
2.905000000000000000e+04
4.032400000000000000e+04
4.032400000000000000e+04
3.147809999999999854e+04
7.514339999999999418e+04
5.749369999999999709e+04
5.749369999999999709e+04
1.032180000000000000e+05
1.032180000000000000e+05
1.802910000000000000e+05
6.444059999999999854e+04
1.381140000000000000e+05
4.912950000000000000e+05
2.878130000000000000e+05
2.174120000000000000e+05
1.360110000000000000e+05
4.794030000000000000e+05
8.222100000000000000e+05
6.347920000000000000e+05
1.472690000000000000e+06
4.113750000000000000e+05
4.113750000000000000e+05
3.781270000000000000e+05
1.193760000000000000e+06
4.008500000000000000e+05
3.032840000000000000e+05
5.428970000000000000e+05
5.428970000000000000e+05
2.202260000000000000e+05
1.991240000000000000e+05
1.184080000000000000e+05
1.184080000000000000e+05
9.743589999999999418e+04
1.172390000000000000e+05
1.503390000000000000e+05
1.503390000000000000e+05
1.412770000000000000e+05
1.305850000000000000e+05
3.734600000000000000e+05
3.734600000000000000e+05
8.535560000000000000e+05
2.184250000000000000e+06
2.184250000000000000e+06
6.414740000000000000e+05
2.357190000000000000e+06
2.357190000000000000e+06
8.091030000000000000e+05
2.874500000000000000e+06
1.171900000000000000e+07
1.171900000000000000e+07
3.181150000000000000e+07
8.675300000000000000e+06
2.146100000000000000e+06
2.146100000000000000e+06
8.844660000000000000e+05
3.251360000000000000e+05
9.156910000000000582e+04
2.791430000000000000e+05
7.183250000000000000e+05
5.686160000000000000e+05
5.686160000000000000e+05
5.686160000000000000e+05
2.223590000000000000e+05
3.591290000000000000e+05
3.591290000000000000e+05
1.416640000000000000e+06
9.542070000000000000e+05
2.328340000000000000e+06
2.328340000000000000e+06
2.328340000000000000e+06
3.343640000000000000e+06
1.120300000000000000e+07
1.120300000000000000e+07
2.851760000000000000e+06
8.097150000000000000e+06
2.508990000000000000e+06
1.163160000000000000e+06
3.979510000000000000e+05
1.470840000000000000e+05
4.487400000000000000e+05
4.716610000000000000e+05
3.688210000000000000e+05
9.666840000000000000e+05
3.177010000000000000e+05
3.177010000000000000e+05
3.604570000000000000e+05
3.604570000000000000e+05
3.604570000000000000e+05
3.222420000000000000e+05
2.784590000000000000e+05
1.033720000000000000e+06
1.033720000000000000e+06
1.033720000000000000e+06
1.789910000000000000e+06
1.789910000000000000e+06
1.789910000000000000e+06
9.636360000000000000e+05
2.681880000000000000e+06
2.681880000000000000e+06
2.681880000000000000e+06
3.230270000000000000e+06
1.175590000000000000e+07
1.175590000000000000e+07
1.175590000000000000e+07
3.188590000000000000e+07
3.188590000000000000e+07
3.188590000000000000e+07
1.064920000000000000e+08
1.064920000000000000e+08
1.064920000000000000e+08
4.312930000000000000e+08
4.312930000000000000e+08
4.312930000000000000e+08
4.312930000000000000e+08
4.312930000000000000e+08
1.746170000000000000e+09
6.119960000000000000e+08
2.082730000000000000e+08
5.528150000000000000e+07
5.528150000000000000e+07
1.246400000000000000e+08
1.246400000000000000e+08
3.641640000000000000e+07
3.641640000000000000e+07
1.346150000000000000e+08
1.346150000000000000e+08
4.878330000000000000e+07
4.878330000000000000e+07
1.274160000000000000e+07
1.274160000000000000e+07
7.765000000000000000e+06
7.765000000000000000e+06
7.765000000000000000e+06
2.192980000000000000e+06
3.297250000000000000e+06
3.297250000000000000e+06
1.205130000000000000e+06
4.733090000000000000e+05
1.263960000000000000e+06
1.263960000000000000e+06
