4.538719999999999709e+04
4.538719999999999709e+04
3.511450000000000000e+04
4.421619999999999709e+04
4.421619999999999709e+04
2.786350000000000000e+04
3.352930000000000291e+04
2.347640000000000146e+04
2.347640000000000146e+04
2.982040000000000146e+04
3.228320000000000073e+04
3.316569999999999709e+04
1.140740000000000000e+05
6.893110000000000582e+04
7.425989999999999418e+04
1.880090000000000000e+05
1.880090000000000000e+05
2.720530000000000000e+05
6.534810000000000000e+05
2.499610000000000000e+06
9.907090000000000000e+06
9.907090000000000000e+06
9.907090000000000000e+06
9.907090000000000000e+06
9.907090000000000000e+06
6.663030000000000000e+06
6.663030000000000000e+06
6.663030000000000000e+06
6.663030000000000000e+06
1.031800000000000000e+07
3.517780000000000000e+07
3.517780000000000000e+07
3.517780000000000000e+07
3.517780000000000000e+07
3.517780000000000000e+07
1.434310000000000000e+08
1.434310000000000000e+08
4.240360000000000000e+08
4.240360000000000000e+08
4.240360000000000000e+08
1.041750000000000000e+08
3.645260000000000000e+07
1.458290000000000000e+08
1.458290000000000000e+08
1.458290000000000000e+08
4.221890000000000000e+08
4.221890000000000000e+08
4.221890000000000000e+08
4.221890000000000000e+08
4.221890000000000000e+08
4.221890000000000000e+08
1.042910000000000000e+08
1.042910000000000000e+08
1.042910000000000000e+08
1.042910000000000000e+08
2.924510000000000000e+07
2.924510000000000000e+07
1.122900000000000000e+08
1.122900000000000000e+08
1.122900000000000000e+08
3.153780000000000000e+07
8.502250000000000000e+06
8.502250000000000000e+06
8.502250000000000000e+06
8.502250000000000000e+06
3.154730000000000000e+06
3.154730000000000000e+06
3.154730000000000000e+06
3.154730000000000000e+06
3.154730000000000000e+06
3.154730000000000000e+06
3.154730000000000000e+06
9.948250000000000000e+06
3.001050000000000000e+07
3.001050000000000000e+07
1.058170000000000000e+07
1.058170000000000000e+07
1.058170000000000000e+07
1.058170000000000000e+07
8.028240000000000000e+06
8.028240000000000000e+06
8.028240000000000000e+06
8.028240000000000000e+06
1.067090000000000000e+07
1.067090000000000000e+07
3.681840000000000000e+06
1.043150000000000000e+06
2.709980000000000000e+06
2.709980000000000000e+06
2.198460000000000000e+06
6.220190000000000000e+05
2.434320000000000000e+05
7.509360000000000000e+05
1.067950000000000000e+06
4.382810000000000000e+05
3.759660000000000000e+05
1.034220000000000000e+05
2.857380000000000000e+05
2.074320000000000000e+05
3.646870000000000000e+05
1.090580000000000000e+05
1.090580000000000000e+05
1.605680000000000000e+05
4.625870000000000000e+05
1.636180000000000000e+05
1.636180000000000000e+05
4.385770000000000000e+05
1.581010000000000000e+05
9.997830000000000291e+04
3.919059999999999854e+04
9.537700000000000000e+04
9.537700000000000000e+04
1.277300000000000000e+05
9.254250000000000000e+04
2.549620000000000000e+05
7.234210000000000000e+05
1.859070000000000000e+06
2.884420000000000000e+06
2.884420000000000000e+06
1.097590000000000000e+07
3.581480000000000000e+07
1.084470000000000000e+08
1.084470000000000000e+08
1.084470000000000000e+08
4.263440000000000000e+08
1.403720000000000000e+08
1.403720000000000000e+08
1.403720000000000000e+08
1.403720000000000000e+08
8.817900000000000000e+07
8.817900000000000000e+07
8.817900000000000000e+07
8.817900000000000000e+07
1.399270000000000000e+08
1.399270000000000000e+08
3.761520000000000000e+07
9.438840000000000000e+06
2.805490000000000000e+07
2.805490000000000000e+07
1.037730000000000000e+08
2.815540000000000000e+07
9.817090000000000000e+06
9.817090000000000000e+06
2.660170000000000000e+06
2.660170000000000000e+06
1.832370000000000000e+06
1.832370000000000000e+06
6.963700000000000000e+05
3.328340000000000000e+05
4.569220000000000000e+05
4.569220000000000000e+05
4.569220000000000000e+05
4.569220000000000000e+05
1.381860000000000000e+06
1.381860000000000000e+06
9.564600000000000000e+05
5.056630000000000000e+05
5.056630000000000000e+05
5.056630000000000000e+05
7.596360000000000000e+05
8.275240000000000000e+05
2.960750000000000000e+05
2.960750000000000000e+05
7.939430000000000000e+05
2.026200000000000000e+06
1.748740000000000000e+06
1.748740000000000000e+06
1.748740000000000000e+06
1.748740000000000000e+06
3.526090000000000000e+06
3.526090000000000000e+06
1.322560000000000000e+07
1.322560000000000000e+07
1.322560000000000000e+07
3.293300000000000000e+06
3.293300000000000000e+06
1.205410000000000000e+07
1.205410000000000000e+07
3.600700000000000000e+06
3.600700000000000000e+06
3.600700000000000000e+06
7.855400000000000000e+06
7.855400000000000000e+06
3.162850000000000000e+07
1.237120000000000000e+08
4.394560000000000000e+08
1.501640000000000000e+08
1.501640000000000000e+08
3.754470000000000000e+07
1.423420000000000000e+08
8.972400000000000000e+07
8.972400000000000000e+07
8.972400000000000000e+07
8.972400000000000000e+07
1.398410000000000000e+08
1.398410000000000000e+08
1.398410000000000000e+08
3.498520000000000000e+07
1.035740000000000000e+08
2.628030000000000000e+07
2.628030000000000000e+07
2.628030000000000000e+07
9.660390000000000000e+07
9.660390000000000000e+07
2.618630000000000000e+07
7.380420000000000000e+06
1.996820000000000000e+06
1.996820000000000000e+06
1.996820000000000000e+06
7.354500000000000000e+05
2.859440000000000000e+05
1.028240000000000000e+05
1.028240000000000000e+05
1.028240000000000000e+05
2.374000000000000000e+05
9.674669999999999709e+04
9.674669999999999709e+04
6.500650000000000000e+04
6.500650000000000000e+04
6.500650000000000000e+04
2.103720000000000000e+05
3.326790000000000000e+05
1.083500000000000000e+05
7.330550000000000000e+04
2.145770000000000073e+04
6.110219999999999709e+04
3.659950000000000000e+04
6.374290000000000146e+04
2.536479999999999927e+04
2.536479999999999927e+04
4.092480000000000291e+04
2.748000000000000000e+04
3.132909999999999854e+04
1.082220000000000000e+05
2.806960000000000000e+05
3.134440000000000000e+05
3.975850000000000000e+05
3.975850000000000000e+05
3.975850000000000000e+05
1.228140000000000000e+06
7.333230000000000000e+05
7.333230000000000000e+05
2.682060000000000000e+05
1.331000000000000000e+05
1.882820000000000000e+05
6.484040000000000000e+05
1.285410000000000000e+06
1.021020000000000000e+06
2.933220000000000000e+06
2.933220000000000000e+06
8.151340000000000000e+06
1.257120000000000000e+07
4.392200000000000000e+07
4.392200000000000000e+07
4.392200000000000000e+07
2.771010000000000000e+07
2.771010000000000000e+07
6.862060000000000000e+06
6.862060000000000000e+06
1.089510000000000000e+07
3.380040000000000000e+06
1.098490000000000000e+06
1.098490000000000000e+06
7.843720000000000000e+05
6.625250000000000000e+05
4.343920000000000000e+05
1.179450000000000000e+05
1.565180000000000000e+05
1.906890000000000000e+05
1.906890000000000000e+05
1.906890000000000000e+05
5.619010000000000000e+05
5.619010000000000000e+05
5.619010000000000000e+05
1.866650000000000000e+06
1.866650000000000000e+06
5.764670000000000000e+05
2.860240000000000000e+05
2.860240000000000000e+05
2.860240000000000000e+05
1.705260000000000000e+05
2.216630000000000000e+05
2.216630000000000000e+05
7.984130000000000000e+05
1.222400000000000000e+06
3.513580000000000000e+06
3.513580000000000000e+06
9.985360000000000000e+05
3.155250000000000000e+06
3.155250000000000000e+06
3.155250000000000000e+06
1.524920000000000000e+06
1.524920000000000000e+06
1.524920000000000000e+06
1.524920000000000000e+06
3.372810000000000000e+06
3.372810000000000000e+06
3.372810000000000000e+06
1.300630000000000000e+07
1.300630000000000000e+07
3.664650000000000000e+07
1.116490000000000000e+08
2.943900000000000000e+07
2.943900000000000000e+07
1.116490000000000000e+08
4.344720000000000000e+08
4.344720000000000000e+08
4.344720000000000000e+08
4.344720000000000000e+08
4.344720000000000000e+08
4.344720000000000000e+08
1.679170000000000000e+08
1.679170000000000000e+08
1.679170000000000000e+08
4.759710000000000000e+07
4.099810000000000000e+07
4.099810000000000000e+07
4.099810000000000000e+07
4.099810000000000000e+07
4.465110000000000000e+07
1.148990000000000000e+07
1.148990000000000000e+07
1.148990000000000000e+07
2.871360000000000000e+07
8.785030000000000000e+06
8.785030000000000000e+06
3.235750000000000000e+06
1.277610000000000000e+06
1.277610000000000000e+06
1.277610000000000000e+06
1.012360000000000000e+06
7.393040000000000000e+05
7.393040000000000000e+05
2.088690000000000000e+05
2.760770000000000000e+05
5.766280000000000000e+05
5.766280000000000000e+05
5.766280000000000000e+05
5.766280000000000000e+05
1.931420000000000000e+06
1.931420000000000000e+06
1.931420000000000000e+06
1.058050000000000000e+06
3.914150000000000000e+05
3.914150000000000000e+05
3.914150000000000000e+05
6.614570000000000000e+05
4.657600000000000000e+05
3.776990000000000000e+05
3.776990000000000000e+05
2.482000000000000000e+05
2.482000000000000000e+05
2.992260000000000000e+05
2.992260000000000000e+05
5.036370000000000000e+05
4.916580000000000000e+05
1.665870000000000000e+06
5.025360000000000000e+05
5.025360000000000000e+05
3.403780000000000000e+05
3.403780000000000000e+05
1.569450000000000000e+05
1.367430000000000000e+05
1.267100000000000000e+05
1.267100000000000000e+05
3.435570000000000000e+05
3.387650000000000000e+05
8.141060000000000000e+05
2.292570000000000000e+05
2.292570000000000000e+05
5.479540000000000000e+05
2.013140000000000000e+06
2.013140000000000000e+06
2.013140000000000000e+06
7.974930000000000000e+05
7.974930000000000000e+05
7.974930000000000000e+05
7.974930000000000000e+05
2.011960000000000000e+06
2.011960000000000000e+06
7.522070000000000000e+06
2.779340000000000000e+06
2.779340000000000000e+06
2.779340000000000000e+06
2.779340000000000000e+06
2.328340000000000000e+06
8.343890000000000000e+05
2.980810000000000000e+06
1.028760000000000000e+06
1.205850000000000000e+06
8.455140000000000000e+05
8.455140000000000000e+05
3.787830000000000000e+05
9.304280000000000000e+05
1.289290000000000000e+06
1.289290000000000000e+06
1.289290000000000000e+06
5.639860000000000000e+05
5.639860000000000000e+05
5.639860000000000000e+05
1.452480000000000000e+06
1.452480000000000000e+06
1.452480000000000000e+06
1.452480000000000000e+06
1.452480000000000000e+06
1.452480000000000000e+06
3.959370000000000000e+06
1.006680000000000000e+06
1.006680000000000000e+06
1.006680000000000000e+06
3.755730000000000000e+05
3.755730000000000000e+05
3.755730000000000000e+05
9.180150000000000000e+05
9.180150000000000000e+05
2.855850000000000000e+05
1.149130000000000000e+05
3.271980000000000000e+05
8.268670000000000000e+05
3.027600000000000000e+05
7.794490000000000000e+05
7.794490000000000000e+05
2.745300000000000000e+06
1.672990000000000000e+06
6.064410000000000000e+06
6.064410000000000000e+06
6.064410000000000000e+06
9.205930000000000000e+06
2.586230000000000000e+06
1.025580000000000000e+07
1.025580000000000000e+07
2.821090000000000000e+07
2.821090000000000000e+07
7.001020000000000000e+06
7.001020000000000000e+06
2.618660000000000000e+07
2.618660000000000000e+07
2.618660000000000000e+07
7.157740000000000000e+06
7.157740000000000000e+06
2.480270000000000000e+06
7.080470000000000000e+05
2.589330000000000000e+06
9.947640000000000000e+06
7.318150000000000000e+06
7.318150000000000000e+06
2.063660000000000000e+06
5.952090000000000000e+05
8.796470000000000000e+05
8.796470000000000000e+05
8.796470000000000000e+05
2.594300000000000000e+05
1.633700000000000000e+05
6.037590000000000146e+04
6.037590000000000146e+04
2.830929999999999927e+04
4.781359999999999854e+04
3.976059999999999854e+04
1.490350000000000000e+04
1.490350000000000000e+04
1.212810000000000036e+04
1.963140000000000146e+04
1.435370000000000073e+04
1.435370000000000073e+04
1.681990000000000146e+04
1.087910000000000036e+04
2.274829999999999927e+04
2.274829999999999927e+04
5.442030000000000291e+04
8.144530000000000291e+04
8.144530000000000291e+04
4.607609999999999854e+04
4.607609999999999854e+04
3.075009999999999854e+04
7.319669999999999709e+04
1.074360000000000000e+05
1.074360000000000000e+05
1.287850000000000000e+05
9.266600000000000000e+04
9.266600000000000000e+04
3.262040000000000000e+05
1.000280000000000000e+06
1.256050000000000000e+06
7.058070000000000000e+05
2.226540000000000000e+05
2.226540000000000000e+05
6.598000000000000000e+05
1.161840000000000000e+06
1.161840000000000000e+06
4.309040000000000000e+05
1.194690000000000000e+05
6.949789999999999418e+04
2.042480000000000000e+05
1.485990000000000000e+05
5.534590000000000146e+04
9.529180000000000291e+04
9.529180000000000291e+04
1.328920000000000000e+05
1.116980000000000000e+05
3.526850000000000000e+05
9.713819999999999709e+04
7.000689999999999418e+04
1.159460000000000000e+05
3.739819999999999709e+04
3.739819999999999709e+04
6.071180000000000291e+04
1.783900000000000000e+05
1.783900000000000000e+05
6.238219999999999709e+04
6.238219999999999709e+04
2.583470000000000073e+04
2.683200000000000000e+04
2.683200000000000000e+04
1.759509999999999854e+04
2.197979999999999927e+04
2.569300000000000000e+04
6.972350000000000000e+04
1.019740000000000000e+05
2.817490000000000000e+05
8.851000000000000000e+05
3.266240000000000000e+05
2.352830000000000000e+05
2.352830000000000000e+05
7.548400000000000000e+04
7.548400000000000000e+04
1.394800000000000000e+05
3.784530000000000291e+04
2.419650000000000000e+04
1.618310000000000036e+04
1.099520000000000073e+04
1.099520000000000073e+04
1.801300000000000000e+04
1.994890000000000146e+04
3.584990000000000146e+04
3.584990000000000146e+04
2.962259999999999854e+04
1.735150000000000000e+04
1.148589999999999964e+04
1.148589999999999964e+04
1.540639999999999964e+04
2.015679999999999927e+04
2.995070000000000073e+04
8.981700000000000000e+04
9.345000000000000000e+04
9.345000000000000000e+04
9.345000000000000000e+04
9.345000000000000000e+04
8.997380000000000291e+04
7.667480000000000291e+04
7.667480000000000291e+04
2.307079999999999927e+04
6.611800000000000000e+04
7.594819999999999709e+04
1.715090000000000000e+05
1.715090000000000000e+05
1.715090000000000000e+05
1.468960000000000000e+05
5.241750000000000000e+05
1.766340000000000000e+06
1.766340000000000000e+06
1.987750000000000000e+06
1.987750000000000000e+06
5.804890000000000000e+05
5.804890000000000000e+05
4.599850000000000000e+05
1.788570000000000000e+06
1.788570000000000000e+06
5.772720000000000000e+06
7.318140000000000000e+06
7.318140000000000000e+06
2.730610000000000000e+06
2.730610000000000000e+06
1.959040000000000000e+06
1.959040000000000000e+06
1.389780000000000000e+06
5.029770000000000000e+06
9.184920000000000000e+06
9.184920000000000000e+06
1.713210000000000000e+07
4.391210000000000000e+06
4.391210000000000000e+06
4.391210000000000000e+06
2.505280000000000000e+06
1.007850000000000000e+06
2.703060000000000000e+06
8.048710000000000000e+05
1.149370000000000000e+06
1.149370000000000000e+06
1.149370000000000000e+06
1.149370000000000000e+06
3.509930000000000000e+06
3.509930000000000000e+06
1.291810000000000000e+07
3.602810000000000000e+06
1.364920000000000000e+06
1.364920000000000000e+06
4.335050000000000000e+05
4.335050000000000000e+05
1.282370000000000000e+06
4.632070000000000000e+05
1.385080000000000000e+06
4.429360000000000000e+05
1.660020000000000000e+05
1.660020000000000000e+05
1.660020000000000000e+05
9.157480000000000291e+04
9.157480000000000291e+04
5.692309999999999854e+04
5.692309999999999854e+04
6.881369999999999709e+04
7.165850000000000000e+04
8.329619999999999709e+04
2.417350000000000000e+04
6.437459999999999854e+04
8.071119999999999709e+04
2.364570000000000000e+05
9.123519999999999709e+04
9.123519999999999709e+04
5.630290000000000146e+04
2.084129999999999927e+04
1.705529999999999927e+04
5.025800000000000000e+04
7.987269999999999709e+04
7.987269999999999709e+04
1.325990000000000000e+05
1.325990000000000000e+05
1.325990000000000000e+05
1.189990000000000000e+05
7.187419999999999709e+04
2.172940000000000000e+05
6.606170000000000000e+05
9.605660000000000000e+05
1.172680000000000000e+06
1.172680000000000000e+06
1.172680000000000000e+06
8.548200000000000000e+05
2.420520000000000000e+06
7.377700000000000000e+05
2.384690000000000000e+06
3.136250000000000000e+06
