5.961029999999999518e+02
1.553729999999999905e+02
1.049800000000000000e+04
8.439240000000000000e+05
6.989990000000000000e+07
1.756040000000000000e+07
1.109170000000000000e+06
4.461909999999999854e+04
9.052989999999999782e+03
1.124600000000000000e+04
1.126170000000000073e+03
1.370980000000000018e+03
5.714609999999999854e+04
1.651990000000000146e+04
2.601550000000000000e+07
3.713510000000000000e+08
1.142490000000000000e+07
2.410870000000000000e+06
1.550250000000000000e+08
3.061280000000000000e+09
2.970140000000000000e+10
2.359760000000000000e+10
9.271510000000000000e+09
2.194320000000000000e+11
5.944850000000000000e+12
6.049780000000000000e+10
7.227270000000000000e+08
9.341260000000000000e+06
1.702020000000000000e+07
1.344050000000000000e+05
1.048090000000000000e+06
7.237610000000000000e+06
9.857480000000000000e+06
1.462910000000000000e+07
3.896920000000000000e+06
2.271260000000000000e+05
5.907650000000000000e+08
1.222290000000000000e+10
4.575440000000000000e+07
2.263629999999999927e+04
1.106320000000000073e+04
5.444750000000000000e+03
1.780009999999999991e+03
5.011069999999999709e+03
2.941420000000000073e+03
1.032410000000000000e+07
7.563820000000000000e+07
1.921960000000000000e+08
1.999200000000000000e+08
5.653390000000000000e+08
3.670810000000000000e+09
1.495030000000000000e+10
1.772650000000000000e+09
2.002900000000000000e+07
4.746250000000000000e+09
4.734580000000000000e+09
7.257700000000000000e+09
8.170250000000000000e+12
3.162620000000000000e+13
2.121650000000000000e+13
1.191370000000000000e+13
7.635280000000000000e+09
9.855890000000000000e+06
2.948400000000000000e+06
4.864820000000000000e+05
7.298630000000000291e+04
7.884090000000000000e+06
1.499190000000000000e+06
2.682320000000000000e+06
5.551410000000000000e+06
2.853000000000000000e+07
7.033970000000000000e+07
1.378290000000000000e+08
9.641420000000000000e+06
3.486190000000000000e+09
8.929360000000000000e+08
2.194380000000000000e+09
6.516270000000000000e+08
5.524920000000000000e+07
4.155610000000000000e+06
1.914610000000000000e+07
7.746600000000000000e+07
1.259900000000000000e+08
2.690540000000000000e+09
4.957240000000000000e+07
4.304730000000000000e+09
1.625940000000000000e+11
3.115650000000000000e+10
4.099260000000000000e+11
4.244310000000000000e+09
3.315630000000000000e+09
1.024240000000000000e+09
9.004910000000000000e+09
5.225360000000000000e+08
1.276910000000000000e+10
2.119050000000000000e+09
4.315640000000000000e+08
2.149400000000000000e+08
5.499190000000000000e+08
5.279140000000000000e+07
1.850260000000000000e+05
2.605540000000000000e+05
7.767490000000000000e+05
1.662400000000000000e+05
6.558560000000000582e+04
3.550000000000000000e+05
9.129420000000000000e+05
3.361550000000000000e+05
1.966590000000000000e+07
1.654950000000000000e+07
3.103750000000000000e+07
5.421290000000000000e+07
3.929380000000000000e+07
2.010080000000000000e+10
2.139940000000000000e+09
3.263390000000000000e+08
1.467900000000000000e+09
9.448790000000000000e+09
2.299940000000000000e+09
6.088550000000000000e+09
8.349430000000000000e+08
1.119420000000000000e+08
5.977830000000000000e+06
7.259900000000000000e+06
2.050390000000000000e+08
1.026060000000000000e+10
9.219330000000000000e+09
7.678000000000000000e+11
7.064360000000000000e+12
3.002930000000000000e+10
3.509370000000000000e+10
5.561480000000000000e+10
9.716090000000000000e+10
1.006610000000000000e+10
1.235610000000000000e+08
9.706840000000000000e+05
1.869920000000000000e+06
6.100210000000000000e+05
1.903650000000000000e+08
1.902730000000000000e+09
1.987500000000000000e+09
4.866250000000000000e+10
6.751110000000000000e+10
6.166280000000000000e+09
5.256530000000000000e+08
8.965600000000000000e+08
3.591090000000000000e+10
3.373610000000000000e+08
1.167660000000000000e+07
1.452340000000000000e+07
1.230430000000000000e+09
1.140810000000000000e+09
6.265470000000000000e+08
3.188070000000000000e+08
8.533160000000000000e+07
2.302160000000000000e+07
6.424400000000000000e+08
5.256890000000000000e+10
4.320710000000000000e+09
5.962740000000000000e+09
1.755490000000000000e+09
1.806720000000000000e+07
2.084850000000000000e+09
3.511080000000000000e+08
1.172630000000000000e+10
2.386130000000000000e+08
1.726520000000000000e+08
8.948780000000000000e+07
2.987230000000000000e+08
2.559640000000000000e+09
2.477600000000000000e+09
8.923060000000000000e+10
1.802950000000000000e+12
4.673180000000000000e+10
1.083570000000000000e+08
6.187830000000000000e+07
1.500200000000000000e+05
7.007639999999999418e+04
3.618719999999999800e+03
8.246050000000000000e+04
3.663320000000000000e+06
3.097020000000000073e+04
6.097280000000000291e+04
1.603030000000000000e+05
1.810980000000000000e+06
2.197600000000000000e+06
3.279119999999999709e+04
1.581410000000000082e+03
1.581330000000000000e+05
2.738480000000000000e+05
2.349220000000000073e+04
8.083290000000000000e+05
1.624260000000000000e+08
2.205210000000000000e+08
1.453920000000000000e+09
2.262710000000000000e+09
4.717980000000000000e+09
1.506940000000000000e+09
9.774420000000000000e+08
7.703560000000000000e+07
2.522520000000000000e+08
2.703540000000000000e+09
1.525370000000000000e+09
2.136010000000000000e+07
2.161030000000000000e+06
1.151980000000000000e+09
4.923790000000000000e+09
1.607760000000000000e+10
2.880030000000000000e+11
2.440380000000000000e+11
8.489160000000000000e+13
2.599960000000000000e+15
4.356620000000000000e+14
1.693340000000000000e+13
6.697510000000000000e+11
2.380930000000000000e+08
8.707860000000000000e+07
7.081060000000000000e+06
8.991330000000000291e+04
6.121460000000000000e+06
3.562550000000000000e+06
1.605500000000000000e+08
1.595690000000000000e+07
3.378580000000000000e+09
1.141910000000000000e+10
2.920830000000000000e+11
3.292230000000000000e+12
8.452540000000000000e+10
2.906830000000000000e+09
1.731060000000000000e+08
5.654230000000000000e+07
1.972110000000000000e+07
2.535660000000000000e+07
1.180460000000000000e+06
9.418000000000000000e+07
3.633360000000000000e+10
1.241240000000000000e+12
1.665160000000000000e+10
1.076410000000000000e+08
1.757630000000000000e+06
2.037400000000000000e+06
1.263770000000000000e+08
2.736840000000000000e+08
2.115250000000000000e+08
5.010340000000000000e+07
6.305530000000000000e+07
8.573140000000000000e+08
5.367760000000000000e+07
6.095770000000000000e+08
5.352480000000000000e+06
1.560350000000000000e+05
1.917299999999999955e+03
4.587710000000000036e+03
1.757380000000000109e+03
6.278180000000000291e+04
2.646630000000000000e+06
2.773200000000000000e+04
4.081420000000000000e+06
3.199200000000000000e+07
2.163510000000000000e+08
3.533740000000000000e+07
6.149980000000000000e+08
1.545660000000000000e+07
4.532150000000000000e+07
7.576530000000000000e+07
1.109840000000000000e+07
4.603800000000000000e+06
2.499500000000000000e+06
3.136630000000000000e+06
1.885990000000000146e+04
9.889809999999999491e+03
2.072829999999999927e+04
2.535149999999999864e+02
6.890540000000000020e+01
4.582050000000000000e+04
4.120840000000000146e+04
2.541830000000000000e+05
2.028970000000000073e+04
2.237590000000000000e+05
2.512080000000000000e+06
7.518189999999999418e+04
2.263110000000000000e+05
8.430839999999999418e+04
2.270770000000000000e+06
1.324170000000000000e+05
7.389760000000000218e+03
7.505930000000000000e+05
9.473510000000000000e+06
5.966160000000000000e+06
5.159550000000000000e+07
1.772150000000000000e+09
1.213920000000000000e+09
3.645720000000000000e+08
1.245380000000000000e+09
1.722730000000000000e+07
1.793650000000000000e+08
3.042060000000000000e+08
3.072990000000000000e+06
4.643390000000000000e+06
7.339050000000000000e+05
6.361810000000000000e+05
2.250050000000000000e+06
3.185380000000000000e+06
3.946460000000000000e+07
9.683280000000000000e+07
3.313450000000000000e+07
4.138960000000000000e+07
2.440930000000000000e+07
4.453910000000000000e+05
4.147140000000000000e+05
6.997239999999999418e+04
5.239600000000000000e+04
9.550869999999999709e+04
6.247899999999999636e+03
9.319069999999999709e+03
3.465100000000000000e+05
3.449650000000000000e+07
1.031170000000000000e+07
5.793790000000000000e+06
1.160270000000000000e+06
3.733880000000000000e+06
2.247630000000000000e+06
1.474490000000000000e+06
1.559930000000000000e+05
4.799969999999999709e+04
3.087480000000000000e+06
1.323070000000000000e+05
1.911760000000000000e+06
4.553710000000000000e+06
4.362500000000000000e+08
7.722610000000000000e+07
2.397310000000000000e+08
2.561580000000000000e+06
2.177330000000000000e+06
3.487210000000000000e+07
2.439360000000000000e+07
8.261320000000000000e+05
2.223520000000000000e+05
9.013610000000000582e+04
8.931700000000000000e+04
4.715050000000000000e+05
3.583940000000000000e+07
6.714780000000000000e+06
3.322120000000000000e+06
1.013510000000000000e+09
5.896570000000000000e+10
6.239060000000000000e+10
1.175760000000000000e+10
1.435110000000000000e+09
2.819350000000000000e+08
2.600500000000000000e+06
1.312520000000000000e+06
1.566240000000000000e+05
7.292190000000000000e+05
1.442510000000000000e+06
6.877990000000000000e+07
1.027830000000000000e+08
1.504430000000000000e+07
3.531520000000000000e+05
1.078260000000000000e+05
1.596310000000000000e+07
3.929480000000000000e+08
5.173990000000000000e+07
1.977610000000000000e+05
2.132940000000000000e+05
1.411850000000000000e+06
2.107570000000000000e+06
1.833590000000000000e+07
7.165200000000000000e+05
1.224100000000000000e+07
1.658610000000000000e+09
1.860600000000000000e+08
3.771770000000000000e+09
1.182070000000000000e+09
1.524740000000000000e+13
1.444500000000000000e+11
5.437050000000000000e+08
7.637010000000000000e+08
3.149490000000000000e+08
2.338440000000000000e+08
1.283000000000000000e+07
4.760670000000000000e+06
5.151980000000000000e+06
1.088310000000000000e+08
2.870090000000000000e+05
1.454420000000000000e+06
3.753840000000000000e+08
8.423590000000000000e+11
7.568730000000000000e+10
7.489370000000000000e+09
3.815030000000000000e+09
1.432740000000000000e+10
1.665130000000000000e+12
1.216210000000000000e+11
6.084080000000000000e+07
1.293910000000000000e+08
8.025800000000000000e+07
1.355740000000000000e+08
1.051420000000000000e+08
4.956620000000000000e+09
5.409060000000000000e+10
5.125540000000000000e+08
2.164040000000000000e+08
5.660460000000000000e+07
2.744180000000000000e+08
2.982670000000000000e+07
6.366730000000000000e+06
4.537940000000000000e+07
2.947560000000000000e+06
1.123630000000000000e+07
2.759750000000000000e+08
4.760610000000000000e+07
9.971710000000000000e+06
2.768470000000000000e+07
5.071350000000000000e+07
7.854290000000000000e+07
1.192420000000000000e+10
2.106510000000000000e+08
1.630930000000000000e+07
4.500060000000000000e+07
1.828150000000000000e+07
3.306600000000000000e+07
1.476180000000000000e+07
1.112820000000000000e+05
1.910290000000000000e+06
2.875510000000000000e+06
6.989750000000000000e+06
1.672730000000000000e+07
1.563140000000000000e+08
9.514020000000000000e+06
2.321890000000000000e+09
5.393140000000000000e+09
4.985530000000000000e+08
2.376910000000000000e+07
4.582390000000000000e+07
4.513440000000000000e+09
1.659080000000000000e+08
2.097860000000000000e+07
5.535920000000000000e+07
1.167240000000000000e+07
7.153240000000000000e+07
1.579590000000000000e+07
2.593380000000000000e+05
4.277980000000000018e+02
9.721169999999999618e+02
4.749500000000000000e+03
6.297680000000000000e+05
1.173050000000000000e+06
7.429760000000000000e+06
8.244520000000000000e+08
3.520040000000000000e+09
7.081980000000000000e+09
2.808350000000000000e+07
2.866760000000000000e+08
1.260810000000000000e+09
6.894770000000000000e+07
1.131130000000000000e+08
1.578400000000000000e+08
1.579820000000000000e+08
3.374960000000000000e+08
3.539780000000000000e+09
1.232270000000000000e+08
7.957400000000000000e+09
5.154680000000000000e+08
1.276500000000000000e+07
2.452820000000000000e+09
1.129990000000000000e+09
1.919890000000000000e+08
4.541510000000000000e+08
1.409970000000000000e+08
1.130760000000000000e+10
1.893880000000000000e+09
2.775460000000000000e+08
2.443700000000000000e+09
6.366240000000000000e+10
4.407680000000000000e+08
1.049840000000000000e+07
5.005640000000000000e+06
1.558970000000000000e+09
7.920590000000000000e+08
2.014690000000000000e+08
1.264420000000000000e+08
9.535110000000000000e+10
7.352730000000000000e+09
2.716120000000000000e+10
2.467080000000000000e+07
9.412750000000000000e+05
7.226670000000000000e+08
9.109600000000000000e+09
3.130910000000000000e+09
2.415220000000000000e+07
4.477400000000000000e+06
5.496160000000000000e+07
5.174250000000000000e+06
1.224860000000000000e+06
5.902810000000000000e+06
2.087970000000000000e+07
1.285110000000000000e+09
4.535110000000000000e+09
5.838430000000000000e+08
2.109630000000000000e+09
1.758510000000000000e+07
5.744180000000000000e+06
1.682300000000000000e+06
3.928090000000000000e+06
7.656030000000000000e+07
1.392620000000000000e+10
3.234300000000000000e+11
8.719660000000000000e+10
2.885270000000000000e+09
2.507150000000000000e+08
2.519380000000000000e+07
1.598890000000000000e+07
3.736980000000000000e+06
3.985450000000000000e+05
2.309250000000000000e+06
9.861290000000000000e+05
6.520830000000000000e+08
6.888620000000000000e+07
3.577110000000000000e+07
5.565570000000000000e+09
6.375810000000000000e+08
3.317270000000000000e+07
9.179400000000000000e+06
5.216510000000000000e+07
2.246800000000000000e+09
2.559830000000000000e+09
4.073680000000000000e+08
1.163830000000000000e+09
7.611200000000000000e+11
1.186650000000000000e+12
9.486930000000000000e+12
2.027190000000000000e+13
2.078300000000000000e+13
4.864530000000000000e+13
5.199120000000000000e+13
7.141920000000000000e+13
5.111860000000000000e+11
6.741560000000000000e+11
5.213100000000000000e+09
7.027320000000000000e+05
2.839420000000000000e+06
3.940590000000000000e+07
6.669390000000000000e+06
2.297060000000000000e+07
2.758220000000000000e+07
2.156790000000000000e+08
6.563960000000000000e+09
1.018110000000000000e+12
5.850960000000000000e+12
6.786150000000000000e+13
3.221070000000000000e+13
6.004400000000000000e+11
1.387020000000000000e+09
8.852670000000000000e+08
1.369070000000000000e+08
1.169850000000000000e+09
9.051500000000000000e+07
4.470410000000000000e+07
6.469630000000000000e+09
8.465390000000000000e+09
6.336720000000000000e+11
1.037920000000000000e+13
1.178640000000000000e+14
1.758050000000000000e+12
9.843390000000000000e+11
2.754760000000000000e+09
9.458140000000000000e+12
3.626260000000000000e+12
1.310930000000000000e+11
3.120980000000000000e+09
9.904420000000000000e+10
7.333040000000000000e+10
2.343680000000000000e+10
4.029580000000000000e+09
1.494440000000000000e+10
1.831610000000000000e+09
3.016520000000000000e+09
1.301420000000000000e+08
1.204700000000000000e+10
1.125000000000000000e+09
1.606240000000000000e+11
2.732020000000000000e+12
1.701350000000000000e+12
8.551680000000000000e+12
3.593590000000000000e+12
5.526960000000000000e+12
9.038210000000000000e+09
5.710720000000000000e+09
2.823420000000000000e+11
5.645770000000000000e+10
1.421500000000000000e+09
6.562750000000000000e+09
2.860460000000000000e+09
2.068930000000000000e+09
1.694360000000000000e+09
1.547620000000000000e+08
1.854870000000000000e+08
6.951870000000000000e+09
1.517140000000000000e+13
9.619320000000000000e+12
3.401040000000000000e+12
2.436100000000000000e+12
2.787800000000000000e+11
9.495660000000000000e+09
1.511210000000000000e+10
3.844230000000000000e+11
1.015660000000000000e+12
3.184230000000000000e+13
1.430940000000000000e+14
2.089440000000000000e+13
4.963870000000000000e+10
8.977020000000000000e+10
1.263760000000000000e+11
1.506610000000000000e+10
1.291760000000000000e+10
1.200190000000000000e+09
2.161600000000000000e+07
2.811540000000000000e+07
2.152780000000000000e+06
5.728930000000000291e+03
1.632990000000000066e+02
2.176059999999999945e+03
1.458329999999999927e+03
4.402400000000000000e+04
8.674870000000000000e+06
2.117750000000000000e+08
2.769370000000000000e+10
2.731850000000000000e+10
3.143820000000000000e+10
2.526230000000000000e+11
5.325130000000000000e+09
2.104850000000000000e+09
1.456250000000000000e+12
7.344550000000000000e+11
1.229610000000000000e+14
2.026500000000000000e+12
3.450270000000000000e+12
1.254630000000000000e+11
8.719840000000000000e+10
5.187220000000000000e+10
2.257870000000000000e+11
7.990080000000000000e+09
2.971200000000000000e+10
1.094200000000000000e+12
1.232810000000000000e+11
2.876820000000000000e+11
8.783630000000000000e+09
1.644410000000000000e+07
1.433500000000000000e+08
4.594240000000000000e+07
2.635210000000000000e+08
7.256230000000000000e+08
4.171150000000000000e+09
4.188110000000000000e+11
8.275930000000000000e+11
1.458670000000000000e+14
3.600880000000000000e+15
2.116980000000000000e+13
4.085240000000000000e+12
4.043410000000000000e+09
2.133610000000000000e+08
5.565440000000000000e+07
8.277310000000000000e+06
3.470269999999999709e+04
4.052199999999999818e+03
7.744700000000000273e+02
2.117170000000000000e+05
2.953610000000000000e+05
2.050590000000000000e+08
9.447990000000000000e+10
3.603060000000000000e+11
1.740410000000000000e+11
2.104820000000000000e+09
7.272170000000000000e+08
6.118830000000000000e+07
2.098490000000000000e+07
1.946450000000000000e+07
1.631210000000000000e+09
1.817790000000000000e+09
1.806560000000000000e+09
5.235290000000000000e+09
1.436340000000000000e+09
4.893100000000000000e+10
5.372390000000000000e+08
8.869190000000000000e+07
9.672100000000000000e+06
5.471310000000000000e+05
1.602410000000000000e+06
1.343470000000000000e+05
2.684290000000000146e+04
2.715650000000000091e+03
1.029460000000000000e+06
1.027440000000000000e+09
3.715940000000000000e+06
1.462780000000000000e+06
4.387940000000000000e+07
3.007320000000000000e+09
3.369050000000000000e+08
5.875020000000000000e+07
1.345080000000000000e+06
6.896410000000000000e+06
1.738020000000000000e+07
1.160180000000000000e+06
9.836920000000000000e+06
1.799580000000000000e+07
2.315930000000000000e+08
2.266410000000000000e+10
9.570140000000000000e+08
3.077700000000000000e+07
1.948940000000000000e+10
7.967040000000000000e+10
2.641570000000000000e+11
1.947820000000000000e+08
1.108770000000000000e+07
2.106220000000000000e+07
3.308590000000000000e+07
1.327720000000000000e+05
1.221400000000000000e+04
3.650330000000000291e+04
6.921539999999999964e+03
1.003850000000000000e+04
1.170889999999999964e+04
1.896200000000000000e+06
1.784190000000000000e+05
4.353330000000000000e+08
1.158280000000000000e+10
2.458070000000000000e+09
6.543740000000000000e+11
4.129290000000000000e+12
4.851770000000000000e+12
8.485740000000000000e+10
4.649950000000000000e+10
2.046750000000000000e+08
3.349570000000000000e+08
3.213070000000000000e+08
3.985830000000000000e+08
6.062250000000000000e+09
4.619330000000000000e+07
7.510100000000000000e+04
3.203099999999999909e+03
3.626539999999999964e+02
1.599110000000000014e+02
3.085039999999999964e+03
4.803320000000000000e+07
4.549520000000000000e+07
2.732430000000000000e+08
2.645990000000000000e+08
1.581020000000000000e+09
8.816500000000000000e+08
3.034480000000000000e+09
1.001270000000000000e+08
5.695400000000000000e+08
9.042180000000000000e+06
1.067220000000000000e+06
1.229790000000000000e+08
3.977390000000000000e+10
3.473970000000000000e+10
3.263190000000000000e+09
4.033850000000000000e+08
1.105490000000000000e+08
3.959390000000000000e+07
4.209860000000000000e+06
6.140700000000000000e+05
3.791680000000000000e+05
1.046510000000000036e+04
1.914400000000000000e+04
7.851960000000000582e+04
6.057400000000000000e+05
3.268510000000000000e+06
2.969150000000000000e+05
1.302900000000000000e+05
1.251900000000000000e+06
8.605380000000000000e+06
5.334450000000000000e+06
2.024560000000000000e+05
1.720920000000000000e+05
4.465330000000000000e+06
9.255840000000000000e+06
2.784040000000000000e+09
1.979660000000000000e+10
3.649530000000000000e+10
5.348080000000000000e+10
1.860330000000000000e+12
6.146440000000000000e+10
2.628690000000000000e+08
3.293620000000000000e+08
2.627960000000000000e+07
4.092990000000000146e+04
6.736359999999999673e+03
1.799409999999999854e+04
5.147360000000000000e+06
5.943060000000000000e+08
1.041620000000000000e+09
7.792270000000000000e+07
2.466940000000000000e+07
3.390770000000000000e+06
2.836370000000000000e+06
5.241410000000000000e+06
4.838660000000000000e+06
