     0.0000000        0.29975275        0.01355892
     0.1000000        0.15940813        0.01400250
     0.2000000        0.08548377        0.01380276
     0.3000000        0.04854307        0.01083443
     0.4000000        0.02677889        0.00952915
     0.5000000        0.01310756        0.00900555
     0.6000000        0.00870255        0.00719026
     0.7000000        0.00732564        0.00593683
     0.8000000        0.00530047        0.00548600
     0.9000000        0.00569571        0.00443851
     1.0000000        0.00460059        0.00385730
     1.1000000        0.00311615        0.00364395
     1.2000000        0.00381976        0.00373704
     1.3000000        0.00304548        0.00344323
     1.4000000        0.00180385        0.00348222
     1.5000000        0.00129998        0.00366487
     1.6000000        0.00181153        0.00342277
     1.7000000        0.00175728        0.00364352
     1.8000000        0.00328637        0.00385235
     1.9000000        0.00452979        0.00372119
     2.0000000        0.00465422        0.00367057
     2.1000000        0.00498863        0.00355433
     2.2000000        0.00505629        0.00344095
     2.3000000        0.00582893        0.00330269
     2.4000000        0.00748274        0.00307241
     2.5000000        0.00734219        0.00285603
     2.6000000        0.00642116        0.00263129
     2.7000000        0.00564597        0.00246491
     2.8000000        0.00518672        0.00255206
     2.9000000        0.00534182        0.00259803
     3.0000000        0.00597598        0.00262612
     3.1000000        0.00496672        0.00282335
     3.2000000        0.00325814        0.00332340
     3.3000000        0.00066751        0.00386921
     3.4000000       -0.00102933        0.00431427
     3.5000000       -0.00029330        0.00413898
     3.6000000        0.00070387        0.00375207
     3.7000000        0.00069339        0.00362339
     3.8000000       -0.00024313        0.00374624
     3.9000000        0.00129595        0.00391369
     4.0000000        0.00448897        0.00319003
     4.1000000        0.00405454        0.00283050
     4.2000000        0.00405691        0.00260690
     4.3000000        0.00598655        0.00260700
     4.4000000        0.00810569        0.00258509
     4.5000000        0.00850740        0.00294472
     4.6000000        0.00717166        0.00301641
     4.7000000        0.00685687        0.00308312
     4.8000000        0.00736271        0.00338916
     4.9000000        0.00700877        0.00359025
     5.0000000        0.00728203        0.00317009
     5.1000000        0.00842041        0.00301397
     5.2000000        0.00725227        0.00257432
     5.3000000        0.00462723        0.00237684
     5.4000000        0.00324893        0.00235325
     5.5000000        0.00125234        0.00242319
     5.6000000        0.00042124        0.00289922
     5.7000000       -0.00002094        0.00325097
     5.8000000        0.00065184        0.00304452
     5.9000000       -0.00017283        0.00271294
     6.0000000       -0.00019416        0.00278581
     6.1000000        0.00139942        0.00319669
     6.2000000        0.00182572        0.00339492
     6.3000000        0.00136794        0.00345452
     6.4000000        0.00096902        0.00345431
     6.5000000        0.00096397        0.00352700
     6.6000000        0.00088508        0.00346072
     6.7000000        0.00157809        0.00343444
     6.8000000       -0.00001224        0.00334792
     6.9000000       -0.00165124        0.00336008
     7.0000000       -0.00246270        0.00345668
     7.1000000       -0.00152597        0.00389922
     7.2000000        0.00110638        0.00474886
     7.3000000        0.00321549        0.00590562
     7.4000000        0.00496508        0.00755077
     7.5000000        0.00348937        0.00598883
     7.6000000        0.00389148        0.00582804
     7.7000000        0.00306730        0.00563482
     7.8000000        0.00234732        0.00547118
     7.9000000        0.00098282        0.00521801
     8.0000000        0.00081913        0.00446092
     8.1000000        0.00163522        0.00363109
     8.2000000        0.00107084        0.00344693
     8.3000000        0.00215725        0.00353453
     8.4000000        0.00347756        0.00371629
     8.5000000        0.00207461        0.00398763
     8.6000000        0.00055612        0.00375324
     8.7000000        0.00163375        0.00374325
     8.8000000        0.00344055        0.00350035
     8.9000000        0.00446238        0.00351949
     9.0000000        0.00457208        0.00408680
     9.1000000        0.00510901        0.00512323
     9.2000000        0.00756097        0.00571185
     9.3000000        0.01057325        0.00581162
     9.4000000        0.01447427        0.00608804
     9.5000000        0.01985991        0.00612435
     9.6000000        0.03112312        0.00702811
     9.7000000        0.05031151        0.00845469
     9.8000000        0.08796510        0.00978272
     9.9000000        0.16061091        0.01161914
    10.0000000        0.29975275        0.01355892
