     0.0000000        0.99519994        0.00931288
     0.1000000        0.82252314        0.00713351
     0.2000000        0.69632345        0.00854788
     0.3000000        0.59748431        0.00312983
     0.4000000        0.51168568        0.00862280
     0.5000000        0.44302760        0.01483961
     0.6000000        0.38938333        0.01642525
     0.7000000        0.33225319        0.01343690
     0.8000000        0.29175747        0.00569535
     0.9000000        0.25031907        0.00436116
     1.0000000        0.21823870        0.00621913
     1.1000000        0.18773469        0.00756160
     1.2000000        0.16632666        0.00470391
     1.3000000        0.14242130        0.00508364
     1.4000000        0.12493727        0.00142785
     1.5000000        0.10193722        0.00776747
     1.6000000        0.08810274        0.00319225
     1.7000000        0.08191085        0.00076068
     1.8000000        0.06877575        0.00078124
     1.9000000        0.05752069        0.00311744
     2.0000000        0.05084429        0.00559414
     2.1000000        0.04564466        0.00517108
     2.2000000        0.03489686        0.00413101
     2.3000000        0.02919544        0.00370177
     2.4000000        0.02066645        0.00209316
     2.5000000        0.02037014        0.00046916
     2.6000000        0.01088660        0.00259185
     2.7000000        0.00898502        0.00953134
     2.8000000        0.00847347        0.00558876
     2.9000000        0.01075397        0.00566315
     3.0000000        0.01028863        0.00352790
     3.1000000        0.00976369        0.00231127
     3.2000000        0.00819636        0.00246291
     3.3000000        0.00588528        0.00452326
     3.4000000        0.00683362        0.00799711
     3.5000000        0.00038431        0.00470038
     3.6000000        0.00632984        0.00366825
     3.7000000        0.00796863        0.00362536
     3.8000000        0.00858902        0.00534121
     3.9000000        0.00882807        0.00170926
     4.0000000        0.01021767        0.00288796
     4.1000000        0.00711224        0.00272710
     4.2000000        0.00189118        0.00243804
     4.3000000        0.00471756        0.00283428
     4.4000000        0.00411767        0.00727386
     4.5000000        0.00462708        0.00586577
     4.6000000        0.00258738        0.00700661
     4.7000000        0.00637919        0.00721084
     4.8000000        0.00810644        0.00412874
     4.9000000        0.00702304        0.00101431
     5.0000000        0.00740338        0.00520821
     5.1000000        0.00503428        0.00407562
     5.2000000        0.00120328        0.00130335
     5.3000000        0.00218903        0.00243014
     5.4000000        0.00339700        0.00343166
     5.5000000        0.00011456        0.00173051
     5.6000000        0.00091957        0.00271493
     5.7000000       -0.00402673        0.00114140
     5.8000000       -0.00068918        0.00323194
     5.9000000       -0.00396128        0.00408407
     6.0000000       -0.00504062        0.00919407
     6.1000000       -0.00393295        0.01249884
     6.2000000       -0.00334714        0.01075034
     6.3000000       -0.00090502        0.00787983
     6.4000000       -0.00041640        0.01019566
     6.5000000        0.00373001        0.00357021
     6.6000000        0.00786297        0.00575342
     6.7000000        0.01392714        0.00380267
     6.8000000        0.01229217        0.00511195
     6.9000000        0.01098233        0.00464232
     7.0000000        0.01330727        0.00501983
     7.1000000        0.01414601        0.00348587
     7.2000000        0.01767827        0.00523050
     7.3000000        0.02482141        0.00492541
     7.4000000        0.02648793        0.00783489
     7.5000000        0.03459194        0.01198379
     7.6000000        0.03581673        0.01228987
     7.7000000        0.04611718        0.00416786
     7.8000000        0.05500449        0.00608281
     7.9000000        0.06548791        0.00222990
     8.0000000        0.06621185        0.00356246
     8.1000000        0.07456785        0.00182390
     8.2000000        0.08554751        0.00654155
     8.3000000        0.09664429        0.01332111
     8.4000000        0.11613442        0.00718379
     8.5000000        0.13455205        0.00565690
     8.6000000        0.14500234        0.00467637
     8.7000000        0.15233417        0.00324475
     8.8000000        0.16899780        0.00645313
     8.9000000        0.19573410        0.01052315
     9.0000000        0.22570786        0.01165816
     9.1000000        0.25597246        0.00957706
     9.2000000        0.29699871        0.01365164
     9.3000000        0.34171038        0.01408777
     9.4000000        0.38449368        0.01373921
     9.5000000        0.44776776        0.02095340
     9.6000000        0.52179987        0.01944162
     9.7000000        0.61217445        0.01779437
     9.8000000        0.70975996        0.01792351
     9.9000000        0.83217130        0.01190338
    10.0000000        1.00480006        0.00931288
