     0.0000000        1.00000000        0.00000007
     0.1000000        0.87097018        0.00158523
     0.2000000        0.76328588        0.00326951
     0.3000000        0.67817665        0.00417186
     0.4000000        0.60601662        0.00386466
     0.5000000        0.54640373        0.00442336
     0.6000000        0.49181776        0.00550271
     0.7000000        0.44889352        0.00535527
     0.8000000        0.41101382        0.00504233
     0.9000000        0.37140058        0.00556407
     1.0000000        0.34154647        0.00625098
     1.1000000        0.31155794        0.00588235
     1.2000000        0.28097588        0.00535861
     1.3000000        0.25722917        0.00666945
     1.4000000        0.23832530        0.00621812
     1.5000000        0.22402271        0.00721163
     1.6000000        0.20409393        0.00823883
     1.7000000        0.18778174        0.01032115
     1.8000000        0.16774310        0.00903823
     1.9000000        0.15403717        0.00798373
     2.0000000        0.13792035        0.00659162
     2.1000000        0.12466007        0.00601108
     2.2000000        0.11781167        0.00741985
     2.3000000        0.10334702        0.00383964
     2.4000000        0.09844789        0.00467456
     2.5000000        0.08782182        0.00465400
     2.6000000        0.08199026        0.00487381
     2.7000000        0.07691703        0.00796258
     2.8000000        0.06885911        0.00542758
     2.9000000        0.06557977        0.00541860
     3.0000000        0.06014141        0.00397075
     3.1000000        0.06208891        0.00419247
     3.2000000        0.05829162        0.00501692
     3.3000000        0.05463834        0.00624812
     3.4000000        0.04545749        0.00627102
     3.5000000        0.04066816        0.00558170
     3.6000000        0.03711145        0.00551559
     3.7000000        0.03242414        0.00688751
     3.8000000        0.03026492        0.00906581
     3.9000000        0.02924365        0.00897436
     4.0000000        0.02263364        0.00776133
     4.1000000        0.02134877        0.00481369
     4.2000000        0.02163197        0.00361991
     4.3000000        0.02239304        0.00366307
     4.4000000        0.02136004        0.00484970
     4.5000000        0.02050668        0.00522584
     4.6000000        0.01951852        0.00625375
     4.7000000        0.02079098        0.00509281
     4.8000000        0.01934167        0.00484500
     4.9000000        0.01373556        0.00626832
     5.0000000        0.01513898        0.00372702
     5.1000000        0.01955865        0.00504948
     5.2000000        0.01930833        0.00536755
     5.3000000        0.01441550        0.00438302
     5.4000000        0.01573216        0.00304213
     5.5000000        0.01712292        0.00224610
     5.6000000        0.01935310        0.00243598
     5.7000000        0.02097639        0.00201659
     5.8000000        0.02092439        0.00198019
     5.9000000        0.02127791        0.00226636
     6.0000000        0.02287733        0.00231429
     6.1000000        0.02354642        0.00245653
     6.2000000        0.02460736        0.00318531
     6.3000000        0.02752928        0.00386309
     6.4000000        0.03119834        0.00492628
     6.5000000        0.03733355        0.00637535
     6.6000000        0.03942862        0.00478103
     6.7000000        0.04558629        0.00624389
     6.8000000        0.04964315        0.00766356
     6.9000000        0.05536249        0.00575937
     7.0000000        0.05839348        0.00419419
     7.1000000        0.06427866        0.00465845
     7.2000000        0.06738007        0.00473706
     7.3000000        0.07063896        0.00466717
     7.4000000        0.07484588        0.00451656
     7.5000000        0.08241126        0.00554756
     7.6000000        0.08988475        0.00566990
     7.7000000        0.09665470        0.00597273
     7.8000000        0.11289902        0.00674247
     7.9000000        0.12136606        0.00694418
     8.0000000        0.13452652        0.00679830
     8.1000000        0.14616193        0.00787911
     8.2000000        0.16025679        0.00733469
     8.3000000        0.18031437        0.00727032
     8.4000000        0.19386475        0.00630859
     8.5000000        0.21421263        0.00560611
     8.6000000        0.23501734        0.00596683
     8.7000000        0.25942402        0.00636125
     8.8000000        0.28632346        0.00635033
     8.9000000        0.31191162        0.00622891
     9.0000000        0.33726451        0.00730028
     9.1000000        0.37525411        0.00673618
     9.2000000        0.41563154        0.00777545
     9.3000000        0.45938716        0.00663803
     9.4000000        0.50513312        0.00581968
     9.5000000        0.55786357        0.00643392
     9.6000000        0.61935055        0.00523702
     9.7000000        0.69049120        0.00473880
     9.8000000        0.77461977        0.00377008
     9.9000000        0.87338906        0.00228586
    10.0000000        1.00000000        0.00000005
