     0.0000000        1.00588322        0.00543909
     0.1000000        0.88012320        0.00465437
     0.2000000        0.78447501        0.00438567
     0.3000000        0.69959565        0.00520868
     0.4000000        0.62921986        0.00553480
     0.5000000        0.56556558        0.00549977
     0.6000000        0.51376318        0.00609488
     0.7000000        0.46495419        0.00694534
     0.8000000        0.41735662        0.00645778
     0.9000000        0.37525427        0.00654809
     1.0000000        0.34085596        0.00626947
     1.1000000        0.31039837        0.00575900
     1.2000000        0.27792372        0.00518117
     1.3000000        0.25302954        0.00402801
     1.4000000        0.23203510        0.00496397
     1.5000000        0.21614962        0.00440836
     1.6000000        0.19896070        0.00423729
     1.7000000        0.18232708        0.00395934
     1.8000000        0.16299898        0.00454155
     1.9000000        0.15069992        0.00492489
     2.0000000        0.13886006        0.00419129
     2.1000000        0.12599405        0.00434322
     2.2000000        0.11800169        0.00451820
     2.3000000        0.10222824        0.00440248
     2.4000000        0.09440543        0.00345570
     2.5000000        0.08600952        0.00413610
     2.6000000        0.08189461        0.00431957
     2.7000000        0.07695484        0.00406994
     2.8000000        0.06793717        0.00472321
     2.9000000        0.06236786        0.00473588
     3.0000000        0.05404952        0.00437933
     3.1000000        0.05130950        0.00437641
     3.2000000        0.04357988        0.00579889
     3.3000000        0.03722992        0.00641313
     3.4000000        0.02989241        0.00648630
     3.5000000        0.02372808        0.00604790
     3.6000000        0.02055162        0.00578739
     3.7000000        0.01843400        0.00532089
     3.8000000        0.01829440        0.00472887
     3.9000000        0.02237972        0.00454398
     4.0000000        0.02086012        0.00412533
     4.1000000        0.01945534        0.00469683
     4.2000000        0.01813958        0.00506482
     4.3000000        0.01864639        0.00564579
     4.4000000        0.01614824        0.00554699
     4.5000000        0.01321916        0.00503888
     4.6000000        0.01510477        0.00551273
     4.7000000        0.01613958        0.00584537
     4.8000000        0.01712054        0.00602442
     4.9000000        0.01705242        0.00543213
     5.0000000        0.01984285        0.00480860
     5.1000000        0.01868632        0.00488718
     5.2000000        0.02132009        0.00492736
     5.3000000        0.01757707        0.00486514
     5.4000000        0.01892573        0.00521508
     5.5000000        0.01866152        0.00504895
     5.6000000        0.01739735        0.00521495
     5.7000000        0.01847264        0.00513555
     5.8000000        0.01970607        0.00504892
     5.9000000        0.01883400        0.00525511
     6.0000000        0.01995453        0.00501735
     6.1000000        0.01954534        0.00450512
     6.2000000        0.02080523        0.00485415
     6.3000000        0.02377503        0.00517049
     6.4000000        0.02539099        0.00516796
     6.5000000        0.03150469        0.00493619
     6.6000000        0.03730761        0.00514255
     6.7000000        0.04101582        0.00425647
     6.8000000        0.04552223        0.00405354
     6.9000000        0.04813709        0.00399733
     7.0000000        0.05366219        0.00398804
     7.1000000        0.05952463        0.00354512
     7.2000000        0.06721415        0.00384964
     7.3000000        0.06979375        0.00456170
     7.4000000        0.07982217        0.00438528
     7.5000000        0.08786432        0.00477847
     7.6000000        0.09992402        0.00504258
     7.7000000        0.10581437        0.00546362
     7.8000000        0.11755161        0.00524075
     7.9000000        0.12564609        0.00536519
     8.0000000        0.13459550        0.00564193
     8.1000000        0.14558079        0.00471798
     8.2000000        0.16109797        0.00490377
     8.3000000        0.17700894        0.00546115
     8.4000000        0.19638810        0.00433857
     8.5000000        0.21262525        0.00536685
     8.6000000        0.23840577        0.00527514
     8.7000000        0.25832969        0.00521897
     8.8000000        0.28367068        0.00428111
     8.9000000        0.31101181        0.00546995
     9.0000000        0.34049669        0.00572797
     9.1000000        0.37084381        0.00613365
     9.2000000        0.40962440        0.00600984
     9.3000000        0.45118705        0.00614751
     9.4000000        0.49865447        0.00614150
     9.5000000        0.55829614        0.00631706
     9.6000000        0.61969147        0.00578135
     9.7000000        0.69160316        0.00631586
     9.8000000        0.77034281        0.00599469
     9.9000000        0.86793870        0.00627641
    10.0000000        0.99411678        0.00543909
