     0.0000000        2.00000000        0.00000000
     0.1000000        1.58971336        0.00272431
     0.2000000        1.27054945        0.00565703
     0.3000000        1.02786671        0.00748823
     0.4000000        0.83096095        0.00539745
     0.5000000        0.68447427        0.00320974
     0.6000000        0.56341817        0.00119912
     0.7000000        0.46086638        0.00203839
     0.8000000        0.37559660        0.00326782
     0.9000000        0.31159907        0.00469507
     1.0000000        0.26357769        0.00532941
     1.1000000        0.22263006        0.00424707
     1.2000000        0.18287496        0.00235568
     1.3000000        0.15225431        0.00146274
     1.4000000        0.12760103        0.00147107
     1.5000000        0.10955691        0.00196025
     1.6000000        0.09031767        0.00275776
     1.7000000        0.07450052        0.00379431
     1.8000000        0.06931888        0.00416887
     1.9000000        0.06120825        0.00681815
     2.0000000        0.04900307        0.00373617
     2.1000000        0.04023428        0.00458240
     2.2000000        0.03773630        0.00379901
     2.3000000        0.03026651        0.00599163
     2.4000000        0.02202974        0.00726484
     2.5000000        0.01772635        0.01023645
     2.6000000        0.01362348        0.00948844
     2.7000000        0.01476857        0.00762758
     2.8000000        0.00755782        0.00842219
     2.9000000        0.00421302        0.00734877
     3.0000000        0.00252887        0.00814419
     3.1000000        0.00007870        0.01154048
     3.2000000        0.00046075        0.01191739
     3.3000000        0.00876856        0.00773257
     3.4000000        0.00718848        0.00587107
     3.5000000        0.00039845        0.00601266
     3.6000000       -0.00167603        0.00379389
     3.7000000        0.00262481        0.00487262
     3.8000000        0.00124096        0.00214341
     3.9000000        0.00520294        0.00795374
     4.0000000        0.00006467        0.00393408
     4.1000000        0.00052835        0.00362125
     4.2000000        0.00164684        0.00377023
     4.3000000       -0.00160710        0.00401922
     4.4000000       -0.00071648        0.00326014
     4.5000000        0.00148946        0.00404908
     4.6000000        0.00477407        0.00283795
     4.7000000        0.00300098        0.00366509
     4.8000000       -0.00151427        0.00398864
     4.9000000       -0.00305898        0.00239560
     5.0000000       -0.00253935        0.00182464
     5.1000000       -0.00351471        0.00392216
     5.2000000       -0.00501077        0.00542823
     5.3000000       -0.00165600        0.00452673
     5.4000000       -0.00361540        0.00392819
     5.5000000       -0.00866041        0.00319691
     5.6000000       -0.00746259        0.00393712
     5.7000000       -0.00472115        0.00444916
     5.8000000       -0.00264755        0.00638125
     5.9000000       -0.00264070        0.00482316
     6.0000000       -0.00108838        0.00492036
     6.1000000        0.00168918        0.00218637
     6.2000000        0.00280832        0.00208069
     6.3000000        0.00375721        0.00304927
     6.4000000        0.00515344        0.00204469
     6.5000000        0.00201744        0.00217704
     6.6000000        0.00538594        0.00183357
     6.7000000        0.00648523        0.00197240
     6.8000000        0.00839735        0.00297968
     6.9000000        0.00727884        0.00161968
     7.0000000        0.00806265        0.00267736
     7.1000000        0.01077815        0.00245566
     7.2000000        0.01348213        0.00424793
     7.3000000        0.01873455        0.00515159
     7.4000000        0.02071837        0.00468529
     7.5000000        0.02492294        0.00451702
     7.6000000        0.02421307        0.00518238
     7.7000000        0.03243473        0.00608692
     7.8000000        0.03539897        0.00386569
     7.9000000        0.04119229        0.00278878
     8.0000000        0.04604756        0.00303344
     8.1000000        0.05295443        0.00183505
     8.2000000        0.06060786        0.00101575
     8.3000000        0.07121093        0.00158093
     8.4000000        0.09024716        0.00265747
     8.5000000        0.11252752        0.00359589
     8.6000000        0.13028248        0.00301319
     8.7000000        0.15751960        0.00202622
     8.8000000        0.18678844        0.00446017
     8.9000000        0.22423654        0.00629385
     9.0000000        0.27153809        0.00709892
     9.1000000        0.32570727        0.00581779
     9.2000000        0.39203703        0.00731726
     9.3000000        0.47042901        0.00828242
     9.4000000        0.57047691        0.00549313
     9.5000000        0.69132846        0.00645118
     9.6000000        0.84425788        0.00533006
     9.7000000        1.03103567        0.00434307
     9.8000000        1.26709636        0.00427345
     9.9000000        1.58539479        0.00526781
    10.0000000        2.00000000        0.00000006
