4.979279999999999973e+01
3.658039999999999964e+03
2.279180000000000000e+05
6.520410000000000000e+05
2.688230000000000000e+10
1.361380000000000000e+12
1.090450000000000000e+12
1.269130000000000000e+12
1.838280000000000000e+12
1.766200000000000000e+14
2.336550000000000000e+16
1.488960000000000000e+19
1.377379999999999974e+22
4.923429999999999583e+24
1.563589999999999961e+22
5.922849999999999777e+22
5.661379999999999486e+27
6.072120000000000124e+26
4.258299999999999829e+29
2.735010000000000044e+27
1.477309999999999992e+30
9.353389999999999159e+31
2.156549999999999876e+32
9.037779999999999930e+32
6.540969999999999841e+31
1.047739999999999988e+31
4.585860000000000241e+33
1.520489999999999966e+35
8.982270000000000129e+39
8.066260000000000082e+44
1.417979999999999991e+44
2.739750000000000119e+44
1.803989999999999890e+45
5.081729999999999714e+48
1.516940000000000106e+52
2.423309999999999969e+56
1.295109999999999882e+58
4.525789999999999821e+61
4.231829999999999981e+64
2.265509999999999941e+66
1.648399999999999949e+69
9.235960000000000278e+71
1.747079999999999959e+77
3.622959999999999685e+75
2.958690000000000184e+75
3.805350000000000065e+77
2.226959999999999916e+79
2.586389999999999802e+81
1.359940000000000043e+83
6.458120000000000257e+86
2.243559999999999868e+88
1.546059999999999925e+90
1.483790000000000066e+95
6.148820000000000397e+96
2.655350000000000015e+96
1.520340000000000068e+98
5.253419999999999518e+99
5.586520000000000406e+99
1.274609999999999934e+101
8.012729999999999494e+104
2.554760000000000023e+106
9.482399999999999538e+106
2.566319999999999835e+108
1.238449999999999939e+109
1.591270000000000055e+109
6.511860000000000299e+111
2.895819999999999966e+115
4.429930000000000339e+116
4.882849999999999877e+119
3.954249999999999770e+120
9.378960000000000640e+124
1.008129999999999994e+126
4.315859999999999736e+128
3.008529999999999938e+129
3.614220000000000203e+130
1.429390000000000062e+132
1.237889999999999949e+138
1.715910000000000008e+134
3.387410000000000204e+136
1.235529999999999986e+142
4.160719999999999829e+142
2.795220000000000081e+145
2.687500000000000096e+147
1.574649999999999906e+148
4.074660000000000017e+149
8.106189999999999798e+150
3.119620000000000162e+153
1.729930000000000083e+155
3.525879999999999760e+158
3.192929999999999746e+166
4.772599999999999736e+165
1.422520000000000088e+168
1.528140000000000143e+169
3.677329999999999998e+168
3.570410000000000146e+167
3.916119999999999781e+170
1.227390000000000087e+171
6.769460000000000062e+170
2.641839999999999879e+172
1.681359999999999914e+175
9.866569999999999574e+176
1.684900000000000067e+178
5.495589999999999651e+181
1.349569999999999991e+179
6.523330000000000387e+182
1.137340000000000005e+187
1.680559999999999950e+187
2.058260000000000077e+187
1.122410000000000005e+192
2.850309999999999891e+192
5.507869999999999857e+196
1.319580000000000073e+198
1.137770000000000024e+202
7.393880000000000425e+208
1.986359999999999880e+209
3.149920000000000071e+213
1.488929999999999942e+215
7.635950000000000086e+216
1.226200000000000058e+218
3.221689999999999764e+220
2.540080000000000003e+219
1.604560000000000038e+224
9.008840000000000089e+222
8.112999999999999585e+223
3.288889999999999899e+227
1.942830000000000126e+228
4.562699999999999759e+233
2.054729999999999820e+230
1.054569999999999949e+233
6.707749999999999684e+233
5.287250000000000088e+234
2.582210000000000185e+235
4.899629999999999560e+236
1.975179999999999995e+236
9.814639999999999746e+234
1.019460000000000021e+236
2.587749999999999899e+237
3.899310000000000014e+238
6.884089999999999629e+240
6.899240000000000329e+244
6.555970000000000108e+244
6.082230000000000432e+242
4.304529999999999546e+242
3.827290000000000268e+244
2.898590000000000038e+249
1.251169999999999925e+249
1.143550000000000000e+250
2.709549999999999914e+247
1.424359999999999954e+246
3.149439999999999918e+246
1.810139999999999969e+245
2.574069999999999933e+246
2.957780000000000162e+246
2.129280000000000154e+246
9.145139999999999580e+245
2.066540000000000021e+247
1.031590000000000044e+245
8.146070000000000042e+247
6.950919999999999940e+243
3.387309999999999903e+246
1.312810000000000065e+247
1.411839999999999893e+247
4.274989999999999857e+247
3.380029999999999845e+246
2.471619999999999903e+247
8.449929999999999277e+246
2.531950000000000112e+248
2.243890000000000183e+249
1.320329999999999904e+248
8.229970000000000122e+246
4.764270000000000263e+247
2.335449999999999996e+249
1.278070000000000109e+251
1.801219999999999884e+250
3.367569999999999806e+252
6.248199999999999962e+251
9.511860000000000038e+250
3.257889999999999912e+256
9.277160000000000554e+255
3.496740000000000006e+254
2.622280000000000040e+257
6.322159999999999868e+256
5.775040000000000274e+255
2.634330000000000071e+257
4.039270000000000317e+261
5.564189999999999796e+259
7.293999999999999557e+259
4.036369999999999949e+259
2.007350000000000002e+257
5.195390000000000196e+258
2.448819999999999837e+255
7.894309999999999934e+259
2.133219999999999930e+258
7.188739999999999829e+261
5.070849999999999974e+263
9.762960000000000145e+262
6.192250000000000016e+264
1.856119999999999850e+262
8.151109999999999756e+261
8.602960000000000140e+261
2.142799999999999939e+261
8.566159999999999373e+259
9.465619999999999565e+260
1.871200000000000015e+261
4.495549999999999747e+262
7.998209999999999986e+265
5.707960000000000138e+262
1.009860000000000087e+261
2.822380000000000041e+261
3.155209999999999946e+259
8.202879999999999510e+259
3.463110000000000046e+260
1.419849999999999988e+265
7.435330000000000263e+267
4.911959999999999754e+267
1.827629999999999968e+268
1.022149999999999954e+267
1.745080000000000069e+269
1.008540000000000016e+270
2.563770000000000077e+272
7.358650000000000668e+271
1.472839999999999984e+273
6.697420000000000384e+273
3.346640000000000138e+274
1.285480000000000008e+275
1.006269999999999986e+276
1.504080000000000061e+277
1.705079999999999943e+278
2.403269999999999996e+277
8.431710000000000115e+280
1.006840000000000031e+282
7.949269999999999349e+280
2.633929999999999909e+278
7.504440000000000494e+275
7.218280000000000297e+275
1.149710000000000034e+276
8.014640000000000047e+276
3.874050000000000057e+273
8.955259999999999621e+271
3.471409999999999997e+272
1.775340000000000007e+274
5.171330000000000056e+271
5.017460000000000294e+271
5.381420000000000254e+274
4.046119999999999769e+275
5.758520000000000497e+275
1.573020000000000039e+276
7.147729999999999805e+278
8.169130000000000662e+277
3.888289999999999914e+279
1.911140000000000052e+281
7.927119999999999804e+281
9.026169999999999446e+281
4.797050000000000234e+282
8.910469999999999433e+281
1.130339999999999921e+280
5.570850000000000062e+281
1.159080000000000015e+286
2.655810000000000176e+282
3.023260000000000139e+283
7.859510000000000521e+284
1.572550000000000078e+289
1.957729999999999831e+290
9.927640000000000599e+287
2.354490000000000094e+286
6.902459999999999787e+288
1.849370000000000070e+290
3.319570000000000102e+289
6.592810000000000234e+290
1.245370000000000002e+290
8.669850000000000582e+289
1.511989999999999888e+285
3.431960000000000069e+284
5.109439999999999754e+282
8.122990000000000253e+282
2.701810000000000055e+281
4.744749999999999803e+280
1.545769999999999979e+282
3.711069999999999992e+283
3.907269999999999739e+283
5.667700000000000015e+281
1.693149999999999880e+281
1.357820000000000006e+278
9.797260000000000573e+280
3.358960000000000249e+282
9.762390000000000357e+278
1.189650000000000047e+276
1.701910000000000119e+278
1.707500000000000145e+281
6.586599999999999620e+279
2.025140000000000081e+280
2.759199999999999969e+282
1.326440000000000046e+281
4.231350000000000045e+282
1.234849999999999998e+286
7.061629999999999745e+286
3.481030000000000193e+286
3.064899999999999737e+285
1.315639999999999898e+288
3.374280000000000112e+289
2.468570000000000128e+287
2.452760000000000051e+287
2.508489999999999818e+288
1.288240000000000071e+284
1.361000000000000074e+283
4.796180000000000033e+282
4.751409999999999810e+283
3.352389999999999896e+285
-1.093629999999999977e+287
3.124119999999999822e+287
1.942430000000000100e+289
6.697290000000000123e+285
1.754159999999999872e+285
2.619849999999999942e+282
6.211090000000000029e+283
1.726240000000000125e+282
2.030519999999999991e+285
7.083549999999999997e+286
8.333109999999999990e+286
8.104270000000000062e+289
8.820090000000000169e+290
1.303380000000000015e+292
4.172349999999999761e+290
8.108870000000000011e+289
5.145029999999999937e+291
1.011270000000000019e+293
8.856050000000000018e+291
9.439719999999999864e+292
1.993950000000000139e+294
3.854330000000000122e+297
6.506219999999999902e+298
2.617029999999999775e+301
1.911229999999999835e+296
1.469359999999999999e+296
1.475449999999999926e+299
5.574649999999999527e+297
7.416779999999999754e+297
7.584030000000000418e+295
2.256480000000000114e+294
5.477310000000000174e+291
3.110380000000000212e+291
5.965679999999999859e+290
2.865779999999999974e+287
5.503680000000000039e+284
1.797630000000000022e+286
6.247889999999999621e+287
1.068180000000000052e+291
4.084099999999999739e+290
2.811900000000000161e+287
5.485389999999999720e+287
2.537400000000000189e+285
5.399699999999999993e+283
5.051639999999999653e+283
5.245439999999999586e+285
6.414509999999999534e+285
1.877180000000000198e+283
6.611050000000000251e+285
4.532960000000000026e+285
4.174609999999999986e+288
3.843499999999999830e+287
4.550090000000000047e+286
1.542739999999999985e+287
1.412170000000000132e+288
6.620350000000000036e+286
5.541860000000000338e+285
6.128580000000000272e+288
3.777540000000000218e+288
1.368739999999999985e+287
4.640630000000000231e+288
2.077440000000000038e+286
8.083689999999999220e+283
1.825569999999999998e+284
5.216300000000000123e+283
7.361829999999999595e+280
1.214310000000000111e+282
3.309209999999999874e+282
1.550470000000000069e+283
1.686999999999999859e+281
2.328870000000000151e+287
1.926979999999999972e+286
1.001530000000000037e+288
1.694679999999999933e+285
4.107109999999999824e+283
1.117530000000000033e+285
1.357769999999999884e+285
1.172820000000000058e+279
8.102980000000000269e+279
3.503189999999999997e+283
6.285909999999999923e+279
5.631880000000000328e+282
5.209849999999999995e+281
3.343379999999999803e+286
1.130090000000000057e+286
1.952989999999999947e+288
1.156019999999999982e+288
3.474090000000000259e+290
6.734760000000000202e+291
9.014580000000000022e+286
7.723079999999999632e+286
6.409149999999999883e+287
6.644020000000000410e+284
6.097449999999999610e+285
1.404460000000000023e+285
2.143009999999999909e+283
7.484309999999999897e+282
1.097859999999999991e+284
6.079550000000000194e+289
2.041010000000000104e+291
2.759410000000000084e+289
3.638290000000000099e+288
8.730909999999999162e+286
5.894779999999999805e+285
9.545349999999999165e+286
1.898030000000000110e+283
6.157409999999999953e+280
7.682419999999999866e+279
3.444169999999999865e+278
7.236129999999999819e+277
7.516489999999999541e+277
2.881769999999999844e+273
4.414579999999999974e+271
1.358430000000000012e+273
4.232820000000000284e+272
2.344759999999999826e+277
1.322360000000000059e+275
7.138340000000000218e+274
9.191339999999999638e+275
2.048919999999999880e+276
2.657510000000000104e+275
5.315879999999999778e+276
1.730420000000000060e+276
7.554730000000000043e+274
8.611949999999999423e+274
6.902029999999999663e+274
3.770279999999999795e+277
1.958389999999999991e+276
5.247089999999999828e+274
1.550909999999999882e+272
1.223120000000000052e+271
1.323620000000000053e+271
1.725209999999999949e+272
7.014060000000000167e+271
2.942680000000000121e+271
2.012320000000000066e+274
2.825679999999999970e+275
6.780700000000000455e+273
1.275229999999999960e+277
7.680370000000000319e+278
3.313729999999999887e+279
7.057229999999999783e+276
8.386559999999999984e+274
1.898299999999999921e+274
3.583829999999999967e+273
1.267529999999999959e+275
7.661060000000000393e+277
6.198230000000000091e+279
2.693890000000000002e+281
4.734109999999999648e+280
1.085279999999999985e+282
4.445380000000000030e+286
2.171950000000000141e+286
4.408839999999999695e+284
6.782570000000000083e+285
7.029409999999999729e+285
1.865860000000000016e+284
1.749850000000000111e+284
7.437340000000000302e+282
1.894140000000000084e+286
1.409029999999999937e+289
8.990260000000000124e+288
1.528629999999999924e+289
3.930440000000000272e+290
1.115510000000000073e+289
6.072449999999999663e+290
2.881600000000000052e+291
5.836930000000000256e+293
2.937959999999999833e+292
1.160490000000000058e+295
5.082969999999999828e+293
2.322369999999999950e+295
1.473790000000000028e+297
5.559090000000000306e+292
1.122239999999999964e+295
6.155829999999999862e+292
2.314269999999999921e+291
3.423369999999999792e+290
2.604690000000000184e+288
9.897560000000000280e+289
6.451060000000000484e+288
7.716939999999999751e+289
9.182930000000000300e+290
3.435689999999999893e+288
4.949919999999999770e+292
5.129799999999999571e+294
1.241030000000000084e+293
3.177560000000000073e+292
2.170759999999999906e+293
4.995680000000000190e+293
4.781799999999999963e+291
3.731580000000000028e+292
1.315299999999999944e+293
6.923539999999999954e+293
2.938930000000000166e+295
2.494349999999999960e+295
6.968580000000000117e+295
8.319970000000000062e+294
3.336049999999999927e+294
6.826309999999999898e+297
5.069040000000000385e+295
5.091709999999999800e+293
7.818899999999999466e+294
1.919240000000000127e+294
8.818429999999999580e+293
2.722760000000000079e+293
8.348749999999999489e+290
6.648809999999999981e+289
1.855140000000000053e+286
2.575160000000000262e+285
1.348969999999999984e+285
1.013119999999999962e+286
2.497579999999999951e+285
3.736330000000000228e+285
2.548579999999999904e+282
1.827440000000000052e+281
5.963189999999999858e+282
2.761380000000000122e+283
4.565969999999999600e+279
7.267589999999999802e+279
1.356190000000000097e+283
2.498779999999999932e+282
1.511919999999999999e+282
3.511889999999999945e+284
9.517300000000000301e+284
1.294740000000000094e+285
7.039290000000000389e+283
8.330200000000000497e+282
4.826119999999999635e+283
7.869799999999999647e+282
1.789929999999999951e+285
1.871860000000000128e+285
3.958220000000000003e+286
1.059029999999999960e+285
5.276459999999999787e+288
1.122909999999999974e+288
1.213730000000000042e+288
5.832040000000000012e+288
7.509189999999999584e+285
2.815549999999999968e+285
1.085230000000000068e+286
1.676559999999999950e+286
8.465179999999999621e+285
5.528939999999999856e+287
6.407600000000000517e+285
3.990440000000000137e+288
9.110980000000000189e+288
3.405390000000000282e+290
3.795890000000000034e+292
4.007510000000000319e+290
2.122259999999999880e+291
2.312200000000000130e+288
3.153000000000000115e+287
9.118579999999999540e+286
2.005360000000000140e+286
5.096330000000000315e+282
9.898099999999999859e+281
9.737300000000000765e+280
2.903100000000000065e+280
1.125489999999999927e+280
3.541510000000000125e+277
5.599670000000000195e+278
2.199130000000000113e+280
3.766809999999999784e+280
1.230949999999999932e+285
3.984840000000000213e+281
7.533399999999999555e+276
1.597130000000000008e+277
8.199530000000000215e+278
3.666360000000000167e+279
5.784650000000000258e+281
3.907699999999999892e+280
3.186259999999999818e+280
6.796919999999999543e+282
9.768990000000000384e+284
2.626369999999999944e+282
3.524130000000000201e+286
2.672479999999999959e+284
1.339229999999999993e+285
5.672209999999999858e+282
1.796669999999999978e+281
7.312299999999999604e+284
4.730060000000000090e+281
2.653939999999999984e+281
8.434999999999999744e+282
6.006070000000000620e+278
3.820899999999999782e+276
4.753530000000000204e+275
5.494920000000000182e+274
3.165500000000000142e+274
6.791140000000000393e+273
1.522570000000000082e+273
8.047050000000000322e+271
6.141470000000000355e+272
2.089469999999999959e+275
3.654549999999999995e+274
1.566630000000000013e+278
8.897379999999999989e+277
7.820460000000000314e+278
9.017500000000000367e+275
2.101719999999999900e+275
9.578770000000000218e+276
9.598899999999999469e+278
1.748810000000000085e+282
1.161970000000000055e+283
6.822450000000000315e+284
6.766630000000000201e+286
5.832249999999999528e+285
7.656160000000000162e+284
4.132879999999999650e+283
2.454440000000000160e+283
2.918369999999999825e+279
1.347669999999999917e+277
3.490340000000000043e+279
4.029860000000000215e+278
5.948030000000000456e+282
3.561979999999999872e+281
1.094769999999999933e+280
4.692760000000000157e+278
1.075259999999999914e+277
7.962569999999999493e+278
1.842240000000000071e+280
1.837580000000000051e+280
2.224859999999999857e+278
1.301380000000000062e+281
1.042620000000000073e+281
6.842290000000000154e+280
4.178670000000000392e+280
1.277090000000000011e+278
2.792189999999999962e+278
1.939239999999999942e+280
4.116410000000000283e+280
7.426769999999999710e+281
5.798199999999999885e+281
1.995320000000000124e+283
2.233950000000000199e+283
6.837760000000000117e+282
1.106729999999999929e+284
1.574990000000000078e+283
1.684929999999999991e+282
3.243929999999999988e+282
4.728869999999999505e+282
1.218300000000000024e+281
1.026839999999999911e+280
5.144329999999999768e+277
5.719979999999999668e+276
2.001549999999999970e+278
2.450450000000000157e+281
4.867799999999999826e+282
4.498499999999999936e+282
7.478940000000000520e+283
1.376979999999999965e+287
7.821630000000000268e+287
1.912040000000000069e+287
1.138739999999999971e+286
5.097279999999999871e+282
2.175039999999999926e+282
9.875190000000000838e+282
6.788660000000000161e+286
2.801030000000000238e+285
3.745040000000000136e+285
4.304339999999999950e+285
4.571320000000000177e+284
3.355039999999999962e+284
3.308529999999999920e+288
3.204419999999999815e+286
4.459559999999999609e+283
1.489970000000000050e+284
5.557909999999999767e+281
5.061779999999999883e+279
4.935449999999999708e+278
3.734449999999999709e+281
3.256219999999999853e+282
8.344700000000000647e+280
1.193289999999999999e+280
1.408129999999999879e+279
5.700289999999999720e+277
5.040379999999999596e+276
6.561959999999999758e+274
1.326220000000000044e+278
1.984450000000000044e+279
1.141040000000000073e+277
1.718349999999999970e+276
1.573620000000000015e+275
1.699420000000000035e+272
4.918229999999999827e+272
1.182389999999999916e+276
2.083880000000000090e+278
3.411370000000000207e+275
2.418160000000000092e+274
9.609419999999999480e+269
3.687249999999999846e+268
2.843079999999999955e+268
9.238479999999999463e+267
1.156830000000000028e+265
8.948259999999999489e+265
1.007559999999999950e+266
3.611230000000000182e+267
9.638820000000000013e+266
4.604609999999999782e+265
4.895089999999999774e+266
1.468769999999999939e+269
2.700869999999999949e+269
9.620879999999999419e+265
4.470439999999999791e+265
3.018839999999999886e+266
2.882309999999999855e+267
2.458780000000000116e+271
1.137980000000000095e+274
3.223990000000000095e+273
9.004350000000000324e+273
1.006069999999999956e+273
1.568630000000000047e+273
1.578610000000000107e+273
5.954750000000000019e+267
2.564310000000000039e+269
3.274879999999999785e+265
2.819749999999999910e+267
1.930560000000000013e+268
2.589670000000000206e+270
1.620889999999999959e+268
1.795260000000000037e+270
1.080099999999999947e+271
6.612709999999999626e+267
1.607640000000000031e+266
3.636629999999999865e+263
4.709570000000000094e+264
1.852339999999999908e+266
8.666720000000000079e+265
1.868589999999999891e+265
2.056850000000000074e+269
4.999969999999999951e+267
8.754620000000000068e+265
4.946990000000000357e+264
1.628359999999999946e+266
2.309329999999999990e+266
2.234790000000000011e+266
1.030140000000000067e+271
1.795189999999999875e+271
2.985420000000000184e+269
5.021329999999999920e+268
2.733800000000000088e+268
1.366100000000000105e+270
1.877209999999999938e+271
1.895699999999999912e+272
1.987039999999999936e+272
2.495469999999999916e+274
2.074479999999999979e+275
1.072669999999999955e+279
2.468569999999999928e+277
2.971779999999999879e+279
4.376780000000000189e+277
1.558859999999999946e+277
1.357640000000000000e+276
1.090739999999999941e+277
6.469609999999999644e+277
7.672200000000000388e+275
4.173390000000000005e+276
9.346580000000000211e+280
4.479280000000000208e+278
4.856099999999999853e+278
4.101140000000000334e+277
6.269849999999999796e+276
3.439040000000000013e+279
2.116700000000000005e+282
2.015009999999999905e+281
3.174210000000000015e+280
4.505609999999999835e+279
1.041560000000000019e+281
2.373500000000000193e+279
2.835890000000000087e+278
4.518049999999999994e+278
5.337109999999999961e+281
2.298050000000000109e+278
1.578399999999999922e+277
4.833319999999999844e+275
1.470340000000000072e+275
1.541459999999999997e+277
1.162050000000000015e+278
1.302740000000000058e+278
1.440649999999999929e+277
8.827479999999999381e+278
1.124469999999999929e+280
2.183409999999999974e+280
3.512250000000000185e+275
2.505549999999999837e+273
2.574210000000000013e+275
2.549500000000000130e+275
4.305719999999999899e+277
1.847940000000000046e+277
1.757759999999999979e+277
1.074389999999999971e+276
4.483150000000000305e+273
2.803320000000000059e+272
3.352929999999999823e+274
1.620069999999999989e+275
4.711409999999999654e+277
1.378940000000000019e+277
2.604290000000000100e+279
7.748530000000000066e+277
1.190209999999999896e+279
2.642019999999999930e+279
2.752849999999999927e+278
2.092689999999999979e+278
2.625859999999999820e+280
2.713499999999999938e+279
3.797859999999999999e+274
1.936120000000000056e+273
1.080569999999999937e+272
1.923210000000000085e+270
1.662249999999999991e+271
6.913519999999999269e+271
1.328020000000000050e+275
8.248420000000000409e+276
1.251590000000000034e+272
5.416649999999999493e+272
4.479990000000000173e+272
6.760860000000000126e+267
1.021129999999999973e+265
1.468629999999999965e+268
5.519509999999999863e+265
1.919600000000000016e+263
3.577340000000000183e+267
1.598429999999999923e+270
7.474090000000000580e+269
1.589570000000000075e+271
2.389470000000000010e+272
5.409109999999999653e+270
2.205999999999999828e+267
2.964570000000000222e+266
2.201450000000000133e+266
2.499519999999999902e+265
1.876969999999999864e+265
2.029369999999999931e+264
4.703200000000000037e+266
4.841849999999999891e+265
3.740320000000000171e+270
4.333939999999999791e+266
1.866370000000000105e+266
7.378690000000000646e+265
7.863910000000000380e+264
2.076120000000000025e+259
9.209369999999999602e+254
3.279279999999999975e+258
5.819160000000000009e+258
2.031549999999999956e+256
5.214139999999999875e+255
5.019909999999999642e+255
8.440860000000000333e+256
1.027949999999999947e+258
1.785359999999999999e+258
8.964460000000000109e+259
9.610970000000000358e+260
4.144550000000000264e+261
1.788959999999999948e+261
1.976909999999999840e+261
1.371869999999999936e+262
2.124800000000000016e+264
4.277909999999999834e+264
4.418039999999999819e+266
3.182929999999999890e+265
3.432380000000000229e+263
2.940800000000000035e+262
2.046790000000000093e+262
8.856449999999999389e+261
1.166960000000000014e+263
1.272510000000000088e+264
8.610099999999999772e+262
2.919300000000000151e+260
1.638990000000000137e+259
5.792209999999999469e+260
2.424039999999999851e+261
2.969189999999999844e+261
7.970580000000000107e+259
2.015280000000000139e+261
3.312470000000000277e+262
4.263910000000000042e+263
1.508089999999999923e+262
4.428900000000000085e+259
2.350410000000000032e+257
1.397719999999999988e+258
1.567240000000000095e+257
2.672659999999999982e+256
2.061730000000000111e+255
2.530279999999999855e+255
5.096270000000000223e+255
9.181829999999999220e+255
2.589599999999999907e+254
7.424330000000000156e+253
6.322010000000000338e+252
5.412030000000000258e+250
3.063030000000000041e+246
2.310650000000000087e+249
2.416409999999999939e+253
2.639899999999999895e+257
1.342410000000000033e+257
3.534449999999999981e+257
1.616869999999999985e+258
1.416819999999999975e+255
1.070329999999999963e+255
1.689029999999999966e+256
1.036599999999999926e+255
3.511699999999999842e+252
5.213100000000000156e+252
2.083709999999999882e+256
2.542749999999999854e+259
1.510690000000000038e+259
9.558610000000000882e+264
1.489809999999999880e+263
7.261060000000000369e+264
1.059900000000000041e+263
1.643729999999999970e+264
2.173270000000000019e+266
3.350250000000000219e+267
6.533999999999999869e+264
4.516320000000000054e+264
1.440039999999999896e+264
2.046399999999999929e+266
6.495130000000000169e+265
5.110250000000000344e+264
1.044230000000000044e+265
3.212180000000000003e+265
1.119809999999999912e+265
6.747770000000000563e+266
1.659190000000000090e+266
9.217050000000000790e+267
6.737839999999999745e+269
1.657489999999999965e+270
2.871480000000000168e+271
2.365040000000000163e+274
6.481059999999999785e+275
2.706679999999999906e+274
3.156880000000000293e+272
4.446049999999999917e+272
2.683819999999999871e+272
2.849040000000000103e+273
1.366880000000000092e+270
1.912569999999999976e+272
5.829019999999999841e+273
1.088730000000000021e+274
7.874059999999999935e+272
2.770919999999999903e+273
2.136539999999999969e+276
1.559270000000000090e+280
4.322769999999999970e+282
7.877020000000000096e+278
4.038490000000000058e+279
2.579180000000000060e+282
5.740439999999999812e+284
9.754939999999999578e+287
4.893120000000000064e+284
7.208529999999999571e+285
3.280030000000000021e+288
8.038270000000000409e+289
1.511029999999999915e+293
9.183260000000000395e+287
7.986779999999999758e+289
3.478260000000000210e+290
1.788059999999999905e+291
3.464839999999999992e+288
5.586260000000000087e+286
2.027269999999999952e+289
1.158379999999999992e+288
2.429010000000000135e+287
6.429639999999999702e+286
7.000629999999999539e+285
1.005640000000000034e+288
1.483300000000000026e+288
1.154879999999999976e+286
6.653579999999999889e+285
8.224439999999999490e+286
2.812299999999999966e+288
1.238709999999999976e+291
1.192579999999999990e+290
3.210089999999999939e+288
7.927389999999999851e+286
5.497779999999999771e+287
1.953970000000000026e+285
4.333579999999999702e+287
9.106089999999999385e+287
1.273209999999999975e+287
1.429869999999999936e+289
1.054590000000000001e+289
4.139079999999999798e+289
1.015350000000000082e+287
2.400879999999999913e+290
2.061669999999999969e+294
9.798350000000000011e+294
7.608969999999999958e+294
4.561189999999999661e+295
1.995950000000000142e+294
2.598939999999999990e+293
6.532319999999999548e+293
4.925659999999999889e+290
3.639299999999999860e+288
1.319840000000000055e+286
7.279940000000000093e+286
4.069690000000000191e+287
4.447740000000000222e+289
2.392419999999999959e+291
3.960589999999999795e+291
2.593729999999999769e+291
1.712289999999999842e+290
3.582490000000000245e+290
3.905220000000000135e+289
9.754490000000000235e+289
1.828749999999999974e+295
7.681910000000000016e+295
1.638880000000000022e+295
1.735290000000000046e+299
9.060870000000000230e+297
2.135259999999999991e+296
2.664870000000000155e+294
2.400160000000000011e+290
2.302319999999999984e+292
1.856819999999999977e+289
2.290470000000000115e+289
6.062720000000000413e+289
4.286830000000000417e+289
7.389559999999999977e+291
2.623060000000000073e+292
3.046309999999999869e+290
5.849020000000000284e+291
5.650879999999999914e+292
6.694299999999999650e+292
3.004360000000000075e+293
4.023749999999999801e+294
1.236670000000000109e+295
8.169080000000000004e+291
5.442759999999999655e+292
3.026980000000000156e+294
4.195640000000000242e+291
5.398310000000000333e+289
5.600649999999999853e+290
2.498570000000000158e+293
4.782189999999999695e+292
1.886429999999999915e+294
2.363590000000000057e+293
9.302730000000000190e+296
6.088039999999999860e+292
1.969689999999999996e+293
3.599430000000000088e+293
6.387119999999999977e+293
2.422839999999999952e+295
5.020749999999999722e+294
3.221900000000000151e+298
1.255950000000000022e+296
1.481360000000000060e+296
3.215110000000000077e+296
7.611860000000000050e+295
1.589299999999999950e+295
1.014720000000000001e+296
2.125729999999999822e+296
2.377439999999999818e+298
9.456349999999999441e+299
6.562820000000000661e+296
2.055919999999999933e+301
5.043819999999999829e+300
5.336760000000000034e+297
6.271210000000000467e+297
2.327820000000000007e+300
6.474260000000000261e+299
9.556549999999999425e+296
2.519750000000000051e+294
3.321109999999999833e+295
8.334559999999999946e+298
1.818699999999999833e+299
3.070389999999999905e+296
3.823119999999999974e+297
1.046229999999999932e+300
2.504679999999999957e+300
8.617469999999999615e+300
3.631469999999999823e+301
2.451260000000000047e+300
1.484460000000000096e+304
6.128089999999999784e+302
2.949150000000000032e+300
1.351200000000000054e+301
2.286069999999999872e+300
1.251209999999999976e+303
2.225629999999999958e+306
1.881249999999999922e+304
1.187420000000000010e+302
2.461960000000000095e+301
1.073919999999999946e+304
8.483840000000000582e+302
inf
inf
inf
inf
inf
inf
inf
inf
inf
inf
inf
inf
inf
inf
inf
inf
inf
inf
inf
inf
inf
inf
inf
inf
inf
inf
inf
inf
inf
inf
inf
inf
inf
inf
inf
inf
inf
inf
inf
inf
inf
inf
inf
inf
inf
inf
inf
inf
inf
inf
inf
inf
inf
inf
inf
inf
inf
inf
inf
inf
inf
inf
inf
inf
inf
inf
inf
inf
inf
inf
inf
inf
inf
inf
inf
inf
inf
inf
inf
inf
inf
inf
inf
inf
inf
inf
inf
inf
inf
inf
inf
inf
inf
inf
inf
inf
inf
inf
inf
inf
inf
inf
inf
inf
inf
inf
