     0.0000000        0.22940150        0.00822452
     0.1000000        0.13315658        0.00846586
     0.2000000        0.07891570        0.00845969
     0.3000000        0.04893090        0.00775185
     0.4000000        0.03116756        0.00758711
     0.5000000        0.02074684        0.00751022
     0.6000000        0.01438462        0.00691241
     0.7000000        0.01110631        0.00659040
     0.8000000        0.00895792        0.00634736
     0.9000000        0.00811312        0.00608193
     1.0000000        0.00761877        0.00574905
     1.1000000        0.00693101        0.00551578
     1.2000000        0.00686010        0.00530726
     1.3000000        0.00615327        0.00508616
     1.4000000        0.00517486        0.00504711
     1.5000000        0.00537725        0.00496703
     1.6000000        0.00547299        0.00480411
     1.7000000        0.00540085        0.00480751
     1.8000000        0.00583607        0.00489420
     1.9000000        0.00654926        0.00476779
     2.0000000        0.00751574        0.00461579
     2.1000000        0.00762224        0.00444859
     2.2000000        0.00749334        0.00424902
     2.3000000        0.00720993        0.00415386
     2.4000000        0.00714497        0.00414474
     2.5000000        0.00675665        0.00406461
     2.6000000        0.00651245        0.00416332
     2.7000000        0.00609425        0.00412457
     2.8000000        0.00560640        0.00413984
     2.9000000        0.00529331        0.00414925
     3.0000000        0.00477277        0.00418487
     3.1000000        0.00456987        0.00411581
     3.2000000        0.00449263        0.00405445
     3.3000000        0.00409399        0.00422098
     3.4000000        0.00419307        0.00410551
     3.5000000        0.00491630        0.00380913
     3.6000000        0.00499951        0.00359972
     3.7000000        0.00561808        0.00343910
     3.8000000        0.00567422        0.00349667
     3.9000000        0.00598263        0.00351566
     4.0000000        0.00609100        0.00348623
     4.1000000        0.00627935        0.00336915
     4.2000000        0.00643966        0.00326995
     4.3000000        0.00708201        0.00326609
     4.4000000        0.00787646        0.00316983
     4.5000000        0.00787898        0.00327492
     4.6000000        0.00719551        0.00324699
     4.7000000        0.00670142        0.00312856
     4.8000000        0.00626795        0.00311581
     4.9000000        0.00614850        0.00297663
     5.0000000        0.00598102        0.00297325
     5.1000000        0.00630263        0.00291434
     5.2000000        0.00663343        0.00290137
     5.3000000        0.00641482        0.00284770
     5.4000000        0.00590558        0.00288615
     5.5000000        0.00512043        0.00307215
     5.6000000        0.00498666        0.00320958
     5.7000000        0.00418365        0.00333440
     5.8000000        0.00409312        0.00333862
     5.9000000        0.00406801        0.00335810
     6.0000000        0.00438917        0.00330101
     6.1000000        0.00454022        0.00315791
     6.2000000        0.00421496        0.00326518
     6.3000000        0.00367162        0.00327994
     6.4000000        0.00272024        0.00333162
     6.5000000        0.00237950        0.00331753
     6.6000000        0.00244332        0.00337861
     6.7000000        0.00282051        0.00331799
     6.8000000        0.00295093        0.00327784
     6.9000000        0.00305871        0.00329208
     7.0000000        0.00294110        0.00347015
     7.1000000        0.00289813        0.00356379
     7.2000000        0.00318705        0.00350653
     7.3000000        0.00313330        0.00345760
     7.4000000        0.00256764        0.00371787
     7.5000000        0.00216334        0.00382206
     7.6000000        0.00249933        0.00416000
     7.7000000        0.00241891        0.00432332
     7.8000000        0.00213563        0.00478816
     7.9000000        0.00173204        0.00492917
     8.0000000        0.00242361        0.00483212
     8.1000000        0.00315295        0.00483723
     8.2000000        0.00359343        0.00496134
     8.3000000        0.00389499        0.00504638
     8.4000000        0.00450614        0.00501765
     8.5000000        0.00438321        0.00499789
     8.6000000        0.00509578        0.00474965
     8.7000000        0.00550575        0.00481129
     8.8000000        0.00645875        0.00477097
     8.9000000        0.00707740        0.00465573
     9.0000000        0.00687135        0.00492057
     9.1000000        0.00736506        0.00517659
     9.2000000        0.00929959        0.00543721
     9.3000000        0.01179356        0.00563446
     9.4000000        0.01571713        0.00586798
     9.5000000        0.02197894        0.00615206
     9.6000000        0.03252638        0.00667213
     9.7000000        0.04990384        0.00729557
     9.8000000        0.08001557        0.00769888
     9.9000000        0.13401242        0.00786119
    10.0000000        0.22940150        0.00822452
