     0.0000000        2.00000000        0.00000006
     0.1000000        1.58517714        0.00296845
     0.2000000        1.27256748        0.00317327
     0.3000000        1.02971690        0.00346994
     0.4000000        0.83403888        0.00384930
     0.5000000        0.68295334        0.00444076
     0.6000000        0.56237333        0.00287758
     0.7000000        0.46594394        0.00367238
     0.8000000        0.38487454        0.00418101
     0.9000000        0.31680332        0.00485971
     1.0000000        0.26293691        0.00504739
     1.1000000        0.22237641        0.00579373
     1.2000000        0.18628504        0.00489668
     1.3000000        0.15840091        0.00477926
     1.4000000        0.13212424        0.00630501
     1.5000000        0.10484652        0.00724264
     1.6000000        0.08735170        0.00601330
     1.7000000        0.07192116        0.00704241
     1.8000000        0.06270930        0.00471301
     1.9000000        0.05275458        0.00596329
     2.0000000        0.04633916        0.00568697
     2.1000000        0.03635636        0.00337125
     2.2000000        0.03109724        0.00332850
     2.3000000        0.02660615        0.00368042
     2.4000000        0.02327755        0.00311588
     2.5000000        0.01825296        0.00197754
     2.6000000        0.01588874        0.00257864
     2.7000000        0.01039494        0.00309599
     2.8000000        0.00777984        0.00203848
     2.9000000        0.00792235        0.00429416
     3.0000000        0.00496801        0.00495597
     3.1000000        0.00864288        0.00576587
     3.2000000        0.00605782        0.00504174
     3.3000000        0.00652256        0.00383832
     3.4000000        0.00653933        0.00442332
     3.5000000        0.00800952        0.00392184
     3.6000000        0.00711353        0.00219188
     3.7000000        0.00443337        0.00297529
     3.8000000        0.00493571        0.00590356
     3.9000000        0.00452352        0.00397037
     4.0000000        0.00958847        0.00503733
     4.1000000        0.00560705        0.00484235
     4.2000000        0.00562869        0.00279935
     4.3000000        0.00139415        0.00259690
     4.4000000        0.00539771        0.00250735
     4.5000000        0.00621952        0.00398316
     4.6000000        0.00036740        0.00334446
     4.7000000        0.00313099        0.00246547
     4.8000000        0.00063485        0.00163982
     4.9000000        0.00404428        0.00195352
     5.0000000        0.00577494        0.00258185
     5.1000000        0.00527284        0.00388659
     5.2000000        0.00514890        0.00348472
     5.3000000        0.00018972        0.00443885
     5.4000000        0.00210313        0.00484552
     5.5000000        0.00476208        0.00600961
     5.6000000        0.00270407        0.00476450
     5.7000000        0.00167463        0.00305660
     5.8000000        0.00474197        0.00366708
     5.9000000        0.00475204        0.00587763
     6.0000000        0.00438754        0.00440098
     6.1000000       -0.00109958        0.00284098
     6.2000000       -0.00116429        0.00470721
     6.3000000        0.00437391        0.00374787
     6.4000000        0.01056737        0.00360475
     6.5000000        0.01275424        0.00472591
     6.6000000        0.00967387        0.00300602
     6.7000000        0.00611494        0.00340496
     6.8000000        0.00581130        0.00437165
     6.9000000       -0.00015976        0.00404529
     7.0000000        0.00057158        0.00297212
     7.1000000       -0.00012167        0.00284799
     7.2000000       -0.00077323        0.00261830
     7.3000000        0.00391089        0.00258818
     7.4000000        0.00559464        0.00556617
     7.5000000        0.01532655        0.00472361
     7.6000000        0.02205372        0.00429138
     7.7000000        0.02670270        0.00490829
     7.8000000        0.02958281        0.00341563
     7.9000000        0.03586561        0.00230686
     8.0000000        0.04194094        0.00294372
     8.1000000        0.04810223        0.00450840
     8.2000000        0.06206037        0.00395317
     8.3000000        0.07515246        0.00361676
     8.4000000        0.09059269        0.00324889
     8.5000000        0.11078972        0.00363591
     8.6000000        0.13540936        0.00606754
     8.7000000        0.16152054        0.00820253
     8.8000000        0.19364558        0.00930053
     8.9000000        0.22845936        0.01051011
     9.0000000        0.27428139        0.01134498
     9.1000000        0.33182005        0.01062047
     9.2000000        0.39073637        0.00845524
     9.3000000        0.47320016        0.00543881
     9.4000000        0.56945326        0.00521516
     9.5000000        0.68435492        0.00645713
     9.6000000        0.84021759        0.00670794
     9.7000000        1.02906802        0.00477658
     9.8000000        1.26853417        0.00364163
     9.9000000        1.58343682        0.00307159
    10.0000000        2.00000000        0.00000000
