     0.0000000        0.80795551        0.01634012
     0.1000000        0.54501696        0.01592554
     0.2000000        0.38828719        0.01351041
     0.3000000        0.28703988        0.00928927
     0.4000000        0.21770201        0.00666554
     0.5000000        0.16692933        0.00279382
     0.6000000        0.13016064        0.00264298
     0.7000000        0.10062263        0.00178782
     0.8000000        0.07707900        0.00097180
     0.9000000        0.05802305        0.00031130
     1.0000000        0.04445807        0.00045346
     1.1000000        0.03487538        0.00074903
     1.2000000        0.02797843        0.00052933
     1.3000000        0.02305241        0.00136063
     1.4000000        0.01959360        0.00255043
     1.5000000        0.01741145        0.00383949
     1.6000000        0.01541340        0.00350946
     1.7000000        0.01246918        0.00295827
     1.8000000        0.00924294        0.00280641
     1.9000000        0.00625550        0.00283913
     2.0000000        0.00464093        0.00408154
     2.1000000        0.00310052        0.00275625
     2.2000000        0.00227167        0.00182990
     2.3000000        0.00072817        0.00233347
     2.4000000       -0.00040333        0.00301697
     2.5000000       -0.00025579        0.00346063
     2.6000000       -0.00023869        0.00342148
     2.7000000       -0.00092102        0.00247945
     2.8000000       -0.00136689        0.00212917
     2.9000000       -0.00119496        0.00249341
     3.0000000       -0.00088005        0.00294561
     3.1000000       -0.00014472        0.00248804
     3.2000000        0.00063073        0.00169454
     3.3000000        0.00097795        0.00105216
     3.4000000        0.00051207        0.00107666
     3.5000000       -0.00011091        0.00105530
     3.6000000       -0.00061830        0.00012467
     3.7000000       -0.00053058        0.00022560
     3.8000000        0.00011968        0.00082737
     3.9000000        0.00092146        0.00135911
     4.0000000        0.00215424        0.00162406
     4.1000000        0.00296619        0.00198525
     4.2000000        0.00316227        0.00279304
     4.3000000        0.00171082        0.00355846
     4.4000000        0.00058423        0.00373952
     4.5000000       -0.00002220        0.00366349
     4.6000000       -0.00062547        0.00353805
     4.7000000       -0.00075833        0.00331423
     4.8000000       -0.00147013        0.00318856
     4.9000000       -0.00206799        0.00288969
     5.0000000       -0.00203304        0.00245939
     5.1000000       -0.00156754        0.00290339
     5.2000000       -0.00089451        0.00217686
     5.3000000       -0.00097571        0.00246532
     5.4000000       -0.00146088        0.00289323
     5.5000000       -0.00134541        0.00284664
     5.6000000       -0.00171995        0.00224436
     5.7000000       -0.00219196        0.00244854
     5.8000000       -0.00124219        0.00248356
     5.9000000        0.00032411        0.00110006
     6.0000000        0.00073107        0.00091977
     6.1000000        0.00148069        0.00148003
     6.2000000        0.00149552        0.00192181
     6.3000000        0.00169494        0.00197427
     6.4000000        0.00119263        0.00192654
     6.5000000        0.00049461        0.00155761
     6.6000000        0.00082614        0.00082389
     6.7000000        0.00047568        0.00047070
     6.8000000        0.00001081        0.00093419
     6.9000000        0.00098539        0.00168660
     7.0000000        0.00063140        0.00243229
     7.1000000        0.00097310        0.00331696
     7.2000000        0.00275648        0.00520921
     7.3000000        0.00352445        0.00481442
     7.4000000        0.00244263        0.00430195
     7.5000000        0.00215854        0.00343147
     7.6000000        0.00267898        0.00368802
     7.7000000        0.00364052        0.00391310
     7.8000000        0.00531787        0.00456781
     7.9000000        0.00603334        0.00436327
     8.0000000        0.00731954        0.00321018
     8.1000000        0.00824028        0.00271474
     8.2000000        0.00945692        0.00260111
     8.3000000        0.01182858        0.00214422
     8.4000000        0.01447741        0.00188900
     8.5000000        0.01740440        0.00301701
     8.6000000        0.02212297        0.00383570
     8.7000000        0.02600897        0.00315383
     8.8000000        0.03325716        0.00218215
     8.9000000        0.04186674        0.00240132
     9.0000000        0.05278371        0.00329206
     9.1000000        0.06637868        0.00324090
     9.2000000        0.08252013        0.00397448
     9.3000000        0.10295396        0.00397627
     9.4000000        0.13004037        0.00289748
     9.5000000        0.16620576        0.00256363
     9.6000000        0.21783715        0.00328364
     9.7000000        0.28964384        0.00598863
     9.8000000        0.38856113        0.00944599
     9.9000000        0.54223159        0.01167245
    10.0000000        0.80795551        0.01634012
