     0.0000000        1.52604110        0.02360925
     0.1000000        1.30150484        0.02324505
     0.2000000        1.12636126        0.02257762
     0.3000000        0.98589301        0.02144942
     0.4000000        0.86960534        0.01928910
     0.5000000        0.77356012        0.01757679
     0.6000000        0.69394282        0.01695229
     0.7000000        0.62735682        0.01684205
     0.8000000        0.57268832        0.01767433
     0.9000000        0.52688672        0.01854197
     1.0000000        0.48775151        0.01933963
     1.1000000        0.45338994        0.02029818
     1.2000000        0.42052774        0.01855446
     1.3000000        0.39164648        0.01689544
     1.4000000        0.36711812        0.01598069
     1.5000000        0.34529620        0.01469501
     1.6000000        0.32596616        0.01385064
     1.7000000        0.30926980        0.01292733
     1.8000000        0.29359422        0.01183752
     1.9000000        0.27995258        0.01109443
     2.0000000        0.26737212        0.01022583
     2.1000000        0.25642197        0.00963004
     2.2000000        0.24701919        0.00916407
     2.3000000        0.23878841        0.00885246
     2.4000000        0.23162853        0.00878361
     2.5000000        0.22514116        0.00870078
     2.6000000        0.21860746        0.00828004
     2.7000000        0.21279385        0.00813296
     2.8000000        0.20710195        0.00787002
     2.9000000        0.20231495        0.00784600
     3.0000000        0.19749937        0.00735571
     3.1000000        0.19304464        0.00683292
     3.2000000        0.18896718        0.00630353
     3.3000000        0.18532379        0.00573985
     3.4000000        0.18192936        0.00522243
     3.5000000        0.17866763        0.00471726
     3.6000000        0.17595378        0.00439233
     3.7000000        0.17347981        0.00421154
     3.8000000        0.17169757        0.00432250
     3.9000000        0.17021162        0.00444821
     4.0000000        0.16841239        0.00452498
     4.1000000        0.16698415        0.00462594
     4.2000000        0.16604623        0.00497584
     4.3000000        0.16542051        0.00514707
     4.4000000        0.16497201        0.00510899
     4.5000000        0.16380639        0.00473474
     4.6000000        0.16275792        0.00455950
     4.7000000        0.16224419        0.00476520
     4.8000000        0.16228734        0.00524185
     4.9000000        0.16256809        0.00565389
     5.0000000        0.16299939        0.00608268
     5.1000000        0.16308437        0.00622543
     5.2000000        0.16330352        0.00616686
     5.3000000        0.16428188        0.00615289
     5.4000000        0.16547207        0.00647407
     5.5000000        0.16702790        0.00708717
     5.6000000        0.16849566        0.00745858
     5.7000000        0.17057586        0.00833940
     5.8000000        0.17291076        0.00929872
     5.9000000        0.17473390        0.00924251
     6.0000000        0.17593978        0.00864372
     6.1000000        0.17703694        0.00821237
     6.2000000        0.17857884        0.00816431
     6.3000000        0.17986954        0.00813897
     6.4000000        0.18155215        0.00800417
     6.5000000        0.18354791        0.00829406
     6.6000000        0.18613352        0.00860123
     6.7000000        0.18865854        0.00848355
     6.8000000        0.19094973        0.00822040
     6.9000000        0.19381532        0.00830219
     7.0000000        0.19785903        0.00848821
     7.1000000        0.20169831        0.00827498
     7.2000000        0.20599429        0.00827473
     7.3000000        0.21135409        0.00870675
     7.4000000        0.21739141        0.00902069
     7.5000000        0.22400639        0.00949115
     7.6000000        0.23173494        0.01010975
     7.7000000        0.24076205        0.01104829
     7.8000000        0.24941755        0.01126767
     7.9000000        0.25918298        0.01090738
     8.0000000        0.27031609        0.01120476
     8.1000000        0.28267750        0.01174634
     8.2000000        0.29747797        0.01282013
     8.3000000        0.31330539        0.01404273
     8.4000000        0.33112424        0.01500543
     8.5000000        0.35062206        0.01532289
     8.6000000        0.37088207        0.01362252
     8.7000000        0.39413996        0.01289371
     8.8000000        0.42168698        0.01251779
     8.9000000        0.45308470        0.01282400
     9.0000000        0.48934322        0.01358952
     9.1000000        0.53092857        0.01513252
     9.2000000        0.57895336        0.01691407
     9.3000000        0.63585242        0.01838011
     9.4000000        0.70340715        0.02030970
     9.5000000        0.78293239        0.02342346
     9.6000000        0.87691663        0.02480872
     9.7000000        0.98984702        0.02515621
     9.8000000        1.12826184        0.02439935
     9.9000000        1.30244317        0.02398781
    10.0000000        1.52604110        0.02360925
