     0.0000000        0.15258964        0.00279322
     0.1000000        0.10303096        0.00294697
     0.2000000        0.07087378        0.00318439
     0.3000000        0.05085398        0.00293074
     0.4000000        0.03486772        0.00190326
     0.5000000        0.02659715        0.00247508
     0.6000000        0.01917193        0.00173300
     0.7000000        0.01505238        0.00217547
     0.8000000        0.01008837        0.00274925
     0.9000000        0.00652064        0.00207563
     1.0000000        0.00545787        0.00190362
     1.1000000        0.00332523        0.00156799
     1.2000000        0.00596714        0.00177993
     1.3000000        0.00275482        0.00172377
     1.4000000        0.00497101        0.00221009
     1.5000000        0.00182187        0.00269618
     1.6000000        0.00212910        0.00243827
     1.7000000        0.00280836        0.00240190
     1.8000000        0.00279608        0.00136532
     1.9000000        0.00185292        0.00279754
     2.0000000        0.00195498        0.00211580
     2.1000000        0.00068690        0.00249696
     2.2000000       -0.00154975        0.00247136
     2.3000000       -0.00106018        0.00194297
     2.4000000       -0.00147161        0.00162084
     2.5000000       -0.00163810        0.00149385
     2.6000000       -0.00137291        0.00173619
     2.7000000       -0.00217946        0.00248666
     2.8000000       -0.00088644        0.00215264
     2.9000000       -0.00052318        0.00214915
     3.0000000        0.00015724        0.00165569
     3.1000000        0.00092036        0.00185723
     3.2000000        0.00211959        0.00162083
     3.3000000        0.00002090        0.00231834
     3.4000000        0.00199057        0.00193458
     3.5000000        0.00027498        0.00156942
     3.6000000        0.00038418        0.00150937
     3.7000000        0.00019242        0.00228867
     3.8000000        0.00007124        0.00248265
     3.9000000        0.00099310        0.00261053
     4.0000000       -0.00015300        0.00222941
     4.1000000       -0.00073507        0.00190425
     4.2000000       -0.00029915        0.00136717
     4.3000000       -0.00276803        0.00141698
     4.4000000       -0.00263035        0.00222693
     4.5000000       -0.00076507        0.00262512
     4.6000000        0.00084778        0.00181766
     4.7000000       -0.00104891        0.00266472
     4.8000000       -0.00119489        0.00262078
     4.9000000        0.00023354        0.00190462
     5.0000000       -0.00004779        0.00138562
     5.1000000        0.00050281        0.00140528
     5.2000000        0.00052587        0.00094968
     5.3000000       -0.00193074        0.00130940
     5.4000000       -0.00133093        0.00170991
     5.5000000       -0.00006722        0.00087747
     5.6000000        0.00006247        0.00128778
     5.7000000        0.00065780        0.00171289
     5.8000000        0.00061783        0.00191631
     5.9000000        0.00187239        0.00182592
     6.0000000        0.00019482        0.00184697
     6.1000000       -0.00067411        0.00185759
     6.2000000       -0.00013198        0.00227977
     6.3000000        0.00228490        0.00237838
     6.4000000        0.00223848        0.00224163
     6.5000000        0.00284080        0.00176912
     6.6000000        0.00282380        0.00199388
     6.7000000        0.00294678        0.00281052
     6.8000000        0.00324903        0.00211145
     6.9000000        0.00231542        0.00204814
     7.0000000        0.00398407        0.00229874
     7.1000000        0.00411594        0.00296808
     7.2000000        0.00217933        0.00399816
     7.3000000        0.00396579        0.00311601
     7.4000000        0.00582299        0.00205279
     7.5000000        0.00926501        0.00318449
     7.6000000        0.00940578        0.00260263
     7.7000000        0.01326355        0.00348861
     7.8000000        0.01660890        0.00362689
     7.9000000        0.02161270        0.00305181
     8.0000000        0.02675568        0.00283391
     8.1000000        0.03145852        0.00275162
     8.2000000        0.03909507        0.00227045
     8.3000000        0.04864340        0.00244800
     8.4000000        0.05855254        0.00255941
     8.5000000        0.07251642        0.00186331
     8.6000000        0.08623910        0.00145891
     8.7000000        0.10707921        0.00182989
     8.8000000        0.13368367        0.00286018
     8.9000000        0.16354632        0.00277747
     9.0000000        0.20176320        0.00326900
     9.1000000        0.24719945        0.00221948
     9.2000000        0.30640276        0.00244642
     9.3000000        0.37855180        0.00361326
     9.4000000        0.46947121        0.00430889
     9.5000000        0.58022738        0.00376389
     9.6000000        0.72549188        0.00362725
     9.7000000        0.90937589        0.00499450
     9.8000000        1.14405252        0.00489481
     9.9000000        1.44734215        0.00439989
    10.0000000        1.84741036        0.00279322
