     0.0000000        1.28209674        0.00837011
     0.1000000        1.05609731        0.00855221
     0.2000000        0.87885736        0.00867753
     0.3000000        0.74025655        0.00950513
     0.4000000        0.63273222        0.01093796
     0.5000000        0.54332642        0.01227743
     0.6000000        0.46411356        0.01309583
     0.7000000        0.39605562        0.01507377
     0.8000000        0.33944457        0.01220977
     0.9000000        0.29063972        0.00910040
     1.0000000        0.24795095        0.01029221
     1.1000000        0.21781248        0.01224981
     1.2000000        0.19588265        0.01423583
     1.3000000        0.17371491        0.01377728
     1.4000000        0.15101859        0.01295198
     1.5000000        0.12647746        0.01301401
     1.6000000        0.10589634        0.01259234
     1.7000000        0.09121229        0.01258191
     1.8000000        0.07486443        0.01427055
     1.9000000        0.06101956        0.01295733
     2.0000000        0.05125299        0.01496047
     2.1000000        0.04305124        0.01483955
     2.2000000        0.03657698        0.01568947
     2.3000000        0.02968299        0.01568566
     2.4000000        0.02589358        0.01721052
     2.5000000        0.02197721        0.01934167
     2.6000000        0.01999802        0.02017810
     2.7000000        0.01650769        0.01903658
     2.8000000        0.01173184        0.01643196
     2.9000000        0.00913887        0.01475741
     3.0000000        0.00452101        0.01485536
     3.1000000        0.00246912        0.01504593
     3.2000000        0.00297571        0.01336160
     3.3000000        0.00232699        0.01083876
     3.4000000        0.00164440        0.01103631
     3.5000000        0.00077405        0.01066660
     3.6000000        0.00520817        0.01011572
     3.7000000        0.00743812        0.01074261
     3.8000000        0.00604223        0.01110148
     3.9000000        0.00252392        0.01091049
     4.0000000        0.00226100        0.00999261
     4.1000000        0.00246467        0.00740598
     4.2000000        0.00033427        0.00930087
     4.3000000       -0.00045263        0.00797080
     4.4000000       -0.00096213        0.00703030
     4.5000000       -0.00041805        0.00805874
     4.6000000       -0.00437347        0.00703509
     4.7000000       -0.00657796        0.00525075
     4.8000000       -0.00698392        0.00348706
     4.9000000       -0.00789598        0.00341093
     5.0000000       -0.00742584        0.00434194
     5.1000000       -0.00571455        0.00573343
     5.2000000       -0.00579785        0.00635573
     5.3000000       -0.00645916        0.00529383
     5.4000000       -0.00485655        0.00618292
     5.5000000       -0.00566591        0.00790410
     5.6000000       -0.00417665        0.01056391
     5.7000000       -0.00167098        0.01130723
     5.8000000        0.00204091        0.01000049
     5.9000000        0.00464984        0.01095931
     6.0000000        0.01049964        0.01165048
     6.1000000        0.01459894        0.00953303
     6.2000000        0.01841068        0.00839237
     6.3000000        0.02302780        0.00811163
     6.4000000        0.02569400        0.00715818
     6.5000000        0.02914476        0.00714414
     6.6000000        0.03200841        0.00746159
     6.7000000        0.03370672        0.00634906
     6.8000000        0.03483697        0.00683732
     6.9000000        0.03486535        0.00849445
     7.0000000        0.03356988        0.00887799
     7.1000000        0.03488406        0.00938325
     7.2000000        0.03734260        0.00743195
     7.3000000        0.04046078        0.00903503
     7.4000000        0.04473833        0.00818810
     7.5000000        0.04775790        0.00992123
     7.6000000        0.05196733        0.01190719
     7.7000000        0.05738421        0.01267399
     7.8000000        0.06335145        0.01118933
     7.9000000        0.07491668        0.01248212
     8.0000000        0.08659570        0.01518906
     8.1000000        0.09834310        0.01618019
     8.2000000        0.10800610        0.01759732
     8.3000000        0.12117674        0.01828695
     8.4000000        0.13591991        0.01932880
     8.5000000        0.14969570        0.01833293
     8.6000000        0.16795277        0.01868121
     8.7000000        0.18930601        0.01827918
     8.8000000        0.21633146        0.01657823
     8.9000000        0.24563628        0.01619980
     9.0000000        0.27702880        0.01378994
     9.1000000        0.31380273        0.01179732
     9.2000000        0.36042409        0.01031799
     9.3000000        0.41453828        0.00943825
     9.4000000        0.47319344        0.01042758
     9.5000000        0.54711865        0.00845722
     9.6000000        0.63756505        0.00957873
     9.7000000        0.74736381        0.00997693
     9.8000000        0.88670812        0.01019444
     9.9000000        1.06210294        0.00741795
    10.0000000        1.28209674        0.00837011
