     0.0000000        1.25505243        0.01707536
     0.1000000        1.03149806        0.01620748
     0.2000000        0.85881952        0.01477809
     0.3000000        0.72292851        0.01335965
     0.4000000        0.61369379        0.01140096
     0.5000000        0.52480480        0.00945932
     0.6000000        0.45268423        0.00853202
     0.7000000        0.39338993        0.00782191
     0.8000000        0.34491477        0.00787212
     0.9000000        0.30410581        0.00700632
     1.0000000        0.26979971        0.00591970
     1.1000000        0.24209599        0.00607202
     1.2000000        0.21663556        0.00586409
     1.3000000        0.19473763        0.00576548
     1.4000000        0.17531293        0.00599348
     1.5000000        0.15863098        0.00659398
     1.6000000        0.14535455        0.00771371
     1.7000000        0.13351526        0.00815884
     1.8000000        0.12184787        0.00788382
     1.9000000        0.11194346        0.00736428
     2.0000000        0.10351656        0.00736491
     2.1000000        0.09565289        0.00708630
     2.2000000        0.08878696        0.00681125
     2.3000000        0.08186447        0.00658789
     2.4000000        0.07638088        0.00659502
     2.5000000        0.07119033        0.00617966
     2.6000000        0.06685820        0.00563413
     2.7000000        0.06306420        0.00508406
     2.8000000        0.05914559        0.00460561
     2.9000000        0.05537189        0.00401517
     3.0000000        0.05128434        0.00330723
     3.1000000        0.04760331        0.00303916
     3.2000000        0.04421648        0.00279921
     3.3000000        0.04072708        0.00240256
     3.4000000        0.03826579        0.00220538
     3.5000000        0.03567234        0.00166846
     3.6000000        0.03334296        0.00141857
     3.7000000        0.03104887        0.00127987
     3.8000000        0.02883895        0.00099239
     3.9000000        0.02689628        0.00079498
     4.0000000        0.02545523        0.00037151
     4.1000000        0.02408107        0.00042198
     4.2000000        0.02298948        0.00071846
     4.3000000        0.02202383        0.00165281
     4.4000000        0.02109873        0.00269674
     4.5000000        0.01986401        0.00323666
     4.6000000        0.01956937        0.00282593
     4.7000000        0.01996737        0.00247829
     4.8000000        0.02076848        0.00309330
     4.9000000        0.02097882        0.00344598
     5.0000000        0.02111814        0.00406254
     5.1000000        0.02065979        0.00421235
     5.2000000        0.02030380        0.00395300
     5.3000000        0.02034618        0.00365268
     5.4000000        0.02076053        0.00373864
     5.5000000        0.02193949        0.00412797
     5.6000000        0.02301193        0.00365749
     5.7000000        0.02503116        0.00417161
     5.8000000        0.02710657        0.00466084
     5.9000000        0.02994176        0.00526100
     6.0000000        0.03084612        0.00478529
     6.1000000        0.03169944        0.00458476
     6.2000000        0.03309166        0.00451631
     6.3000000        0.03382932        0.00438639
     6.4000000        0.03485471        0.00413890
     6.5000000        0.03615641        0.00417946
     6.6000000        0.03780015        0.00400922
     6.7000000        0.03992244        0.00316893
     6.8000000        0.04117599        0.00218133
     6.9000000        0.04292759        0.00167351
     7.0000000        0.04604212        0.00211451
     7.1000000        0.04906035        0.00253314
     7.2000000        0.05206927        0.00308300
     7.3000000        0.05671088        0.00361385
     7.4000000        0.06140052        0.00438373
     7.5000000        0.06697502        0.00503682
     7.6000000        0.07320965        0.00576491
     7.7000000        0.08066330        0.00721088
     7.8000000        0.08775921        0.00771416
     7.9000000        0.09573634        0.00781415
     8.0000000        0.10463531        0.00912925
     8.1000000        0.11514058        0.01071050
     8.2000000        0.12661173        0.01261410
     8.3000000        0.14021676        0.01533488
     8.4000000        0.15475461        0.01737118
     8.5000000        0.16965321        0.01747658
     8.6000000        0.18368883        0.01481545
     8.7000000        0.20047333        0.01305509
     8.8000000        0.22033155        0.01116071
     8.9000000        0.24510753        0.01033200
     9.0000000        0.27409767        0.00979748
     9.1000000        0.30822636        0.00985152
     9.2000000        0.34817959        0.01027271
     9.3000000        0.39684735        0.01109743
     9.4000000        0.45607616        0.01304877
     9.5000000        0.52760671        0.01549395
     9.6000000        0.61573805        0.01729265
     9.7000000        0.72453891        0.01790062
     9.8000000        0.85989935        0.01755677
     9.9000000        1.03193663        0.01727671
    10.0000000        1.25505243        0.01707536
