5.068800000000000365e+63
8.551669999999999349e+63
4.985370000000000251e+63
1.418019999999999957e+64
1.418019999999999957e+64
2.335109999999999904e+64
7.634840000000000372e+64
1.008799999999999965e+65
1.008799999999999965e+65
1.008799999999999965e+65
5.674980000000000347e+64
1.484779999999999906e+65
4.985280000000000286e+64
1.509710000000000140e+64
1.563470000000000069e+64
1.856810000000000017e+64
3.673829999999999928e+64
3.673829999999999928e+64
3.673829999999999928e+64
9.553739999999999726e+64
3.399769999999999910e+65
3.399769999999999910e+65
3.399769999999999910e+65
3.047470000000000106e+65
3.248660000000000072e+65
3.838699999999999934e+65
5.502109999999999781e+65
1.506769999999999950e+66
1.799249999999999994e+66
1.799249999999999994e+66
2.149559999999999973e+66
2.149559999999999973e+66
1.659829999999999963e+66
1.659829999999999963e+66
1.659829999999999963e+66
1.659829999999999963e+66
1.659829999999999963e+66
1.852440000000000036e+66
1.398879999999999946e+66
2.041289999999999981e+66
2.900289999999999959e+66
8.444399999999999658e+66
3.460940000000000150e+66
2.759510000000000072e+66
8.647929999999999441e+66
4.503350000000000276e+66
8.492330000000000056e+66
9.331039999999999528e+66
9.367720000000000375e+66
9.367720000000000375e+66
2.495290000000000122e+67
4.971119999999999843e+67
9.908609999999999887e+67
9.908609999999999887e+67
1.059029999999999987e+68
3.462180000000000179e+67
3.462180000000000179e+67
6.697839999999999519e+67
1.910660000000000010e+68
7.082910000000000290e+68
1.227169999999999909e+69
3.993309999999999927e+68
2.477960000000000178e+68
2.477960000000000178e+68
5.504580000000000094e+68
1.194930000000000090e+69
1.194930000000000090e+69
1.194930000000000090e+69
4.438849999999999909e+69
1.690840000000000121e+70
1.690840000000000121e+70
1.690840000000000121e+70
6.209230000000000238e+69
1.056770000000000036e+70
1.606380000000000026e+70
1.095029999999999952e+70
2.946960000000000025e+70
1.075830000000000024e+71
2.749550000000000136e+71
1.321439999999999900e+71
1.321439999999999900e+71
1.321439999999999900e+71
2.317470000000000025e+71
1.320559999999999947e+71
1.320559999999999947e+71
4.987349999999999801e+70
1.968230000000000011e+70
2.601220000000000005e+70
3.321020000000000012e+70
1.024159999999999988e+71
3.145939999999999778e+71
1.042220000000000026e+71
1.049190000000000008e+71
1.490929999999999974e+71
5.145870000000000091e+70
5.987910000000000460e+70
4.433680000000000272e+70
1.224949999999999905e+71
1.383870000000000040e+71
4.233869999999999841e+71
1.336480000000000113e+71
1.336480000000000113e+71
4.216289999999999789e+71
4.216289999999999789e+71
3.851219999999999873e+71
3.851219999999999873e+71
3.851219999999999873e+71
1.292479999999999972e+72
5.001729999999999669e+72
2.056789999999999988e+73
6.330400000000000066e+73
6.330400000000000066e+73
6.081160000000000321e+73
6.081160000000000321e+73
6.081160000000000321e+73
1.493860000000000026e+74
4.340099999999999920e+74
4.340099999999999920e+74
4.340099999999999920e+74
4.340099999999999920e+74
4.340099999999999920e+74
4.340099999999999920e+74
1.364270000000000033e+75
7.801029999999999632e+74
2.478020000000000181e+75
3.938469999999999875e+75
3.938469999999999875e+75
3.938469999999999875e+75
3.938469999999999875e+75
4.584409999999999734e+75
1.553080000000000006e+76
1.553080000000000006e+76
3.759320000000000122e+76
5.193590000000000167e+76
5.193590000000000167e+76
3.038279999999999739e+76
7.176670000000000023e+76
1.682590000000000125e+77
1.400410000000000023e+77
6.100070000000000210e+76
2.044169999999999993e+76
1.868340000000000081e+76
1.858579999999999879e+76
4.183429999999999992e+76
4.183429999999999992e+76
1.163990000000000010e+77
1.211400000000000022e+77
7.255139999999999414e+76
4.874459999999999871e+76
4.874459999999999871e+76
4.874459999999999871e+76
1.659819999999999963e+77
1.659819999999999963e+77
4.496409999999999971e+76
1.017519999999999982e+77
5.839229999999999600e+76
1.668110000000000146e+76
1.668110000000000146e+76
1.668110000000000146e+76
1.668110000000000146e+76
1.668110000000000146e+76
8.180580000000000221e+75
1.794629999999999881e+76
1.794629999999999881e+76
6.031140000000000290e+76
6.031140000000000290e+76
2.036790000000000061e+77
2.036790000000000061e+77
2.036790000000000061e+77
2.036790000000000061e+77
5.824480000000000217e+76
5.824480000000000217e+76
5.824480000000000217e+76
9.208149999999999998e+76
2.649470000000000142e+76
2.649470000000000142e+76
1.207630000000000071e+76
7.907679999999999509e+75
2.940930000000000003e+75
3.275210000000000011e+75
3.275210000000000011e+75
1.720599999999999932e+75
4.554159999999999660e+75
3.310340000000000106e+75
3.310340000000000106e+75
5.434260000000000332e+75
2.283259999999999933e+75
2.283259999999999933e+75
2.181749999999999852e+75
6.309879999999999866e+75
5.697400000000000199e+75
1.028989999999999967e+76
2.623870000000000017e+76
2.623870000000000017e+76
5.874859999999999523e+76
2.148119999999999916e+77
5.656240000000000230e+77
9.549980000000000951e+77
1.792400000000000001e+78
5.758770000000000413e+77
3.875979999999999866e+77
3.875979999999999866e+77
3.875979999999999866e+77
1.687359999999999989e+77
6.974829999999999516e+76
8.918199999999999683e+76
4.080059999999999705e+76
1.617349999999999881e+77
1.617349999999999881e+77
3.955849999999999771e+76
1.509180000000000025e+76
2.375339999999999945e+76
8.281029999999999629e+76
8.281029999999999629e+76
2.321390000000000041e+76
8.476239999999999392e+76
3.314190000000000059e+77
8.915360000000000590e+76
8.915360000000000590e+76
8.915360000000000590e+76
8.915360000000000590e+76
8.915360000000000590e+76
2.767179999999999982e+76
1.796570000000000103e+76
1.231259999999999946e+76
2.448990000000000092e+76
2.532089999999999951e+76
6.090649999999999560e+76
1.125340000000000063e+77
1.211449999999999981e+77
4.712780000000000094e+76
7.679729999999999710e+76
7.679729999999999710e+76
1.441360000000000127e+77
1.441360000000000127e+77
3.640149999999999777e+77
3.368260000000000070e+77
3.368260000000000070e+77
9.394829999999999302e+77
9.394829999999999302e+77
8.482879999999999716e+77
2.016419999999999923e+78
8.045699999999999641e+77
1.831559999999999938e+78
6.280879999999999993e+78
6.280879999999999993e+78
6.280879999999999993e+78
2.128720000000000127e+79
1.363280000000000033e+79
1.805549999999999842e+79
4.042369999999999983e+79
1.174429999999999953e+80
3.558670000000000210e+80
2.913469999999999910e+80
8.723120000000000458e+80
6.381349999999999817e+80
6.381349999999999817e+80
1.805639999999999946e+80
6.653109999999999511e+80
6.653109999999999511e+80
7.967439999999999902e+80
3.752809999999999964e+80
1.421900000000000017e+81
4.739450000000000192e+81
1.874659999999999966e+81
4.853459999999999702e+80
1.831060000000000043e+80
5.562010000000000186e+80
1.495719999999999875e+80
5.553780000000000517e+80
2.020630000000000196e+81
6.938729999999999962e+81
6.938729999999999962e+81
8.427760000000000685e+81
2.026200000000000145e+82
7.377160000000000661e+82
2.346240000000000121e+83
9.220889999999999735e+83
4.127200000000000123e+83
6.295509999999999944e+83
4.904850000000000328e+83
4.949590000000000535e+83
1.814389999999999976e+84
9.538300000000000161e+83
2.504230000000000200e+83
8.166150000000000499e+83
9.599399999999999771e+83
5.186019999999999716e+83
1.695590000000000047e+83
1.695590000000000047e+83
3.459860000000000066e+83
1.953110000000000113e+83
1.244990000000000067e+83
4.074920000000000228e+83
4.074920000000000228e+83
1.127619999999999972e+83
3.980900000000000055e+83
3.980900000000000055e+83
4.567960000000000164e+83
4.567960000000000164e+83
1.878210000000000075e+83
7.192199999999999976e+83
2.624300000000000015e+84
2.911739999999999907e+84
1.305380000000000073e+84
1.519900000000000064e+84
1.433360000000000022e+84
1.433360000000000022e+84
1.433360000000000022e+84
1.433360000000000022e+84
1.509799999999999998e+84
2.278629999999999840e+84
2.278629999999999840e+84
8.919230000000000041e+84
7.470930000000000147e+84
3.622739999999999959e+84
8.306840000000000360e+84
8.306840000000000360e+84
8.306840000000000360e+84
8.306840000000000360e+84
2.280570000000000057e+84
2.280570000000000057e+84
9.742040000000000368e+83
9.742040000000000368e+83
3.157419999999999991e+83
3.157419999999999991e+83
3.157419999999999991e+83
7.769209999999999702e+82
1.287559999999999925e+83
1.287559999999999925e+83
3.643610000000000152e+83
3.053169999999999905e+83
3.053169999999999905e+83
5.683120000000000478e+83
5.683120000000000478e+83
5.683120000000000478e+83
3.397360000000000022e+83
7.503129999999999994e+83
7.503129999999999994e+83
2.130220000000000058e+83
2.130220000000000058e+83
3.849659999999999835e+83
6.201029999999999829e+83
2.283040000000000183e+84
9.390280000000000623e+84
3.390710000000000343e+85
1.390429999999999925e+86
1.390429999999999925e+86
3.475870000000000031e+86
3.755590000000000254e+86
5.750870000000000513e+86
5.750870000000000513e+86
5.750870000000000513e+86
4.477420000000000167e+86
4.477420000000000167e+86
1.369150000000000084e+87
1.289130000000000032e+87
4.541240000000000080e+86
1.633520000000000090e+87
1.633520000000000090e+87
1.130600000000000110e+87
1.037020000000000082e+87
1.037020000000000082e+87
1.037020000000000082e+87
1.935940000000000051e+87
6.760650000000000335e+87
1.859739999999999994e+87
1.859739999999999994e+87
5.508310000000000221e+86
5.508310000000000221e+86
2.206849999999999979e+86
2.206849999999999979e+86
1.915109999999999987e+86
1.068290000000000022e+86
8.019629999999999470e+85
2.948189999999999985e+86
2.948189999999999985e+86
2.948189999999999985e+86
9.711450000000000461e+86
5.285280000000000404e+86
2.761469999999999845e+86
6.544699999999999511e+86
6.544699999999999511e+86
6.544699999999999511e+86
6.544699999999999511e+86
2.472279999999999950e+87
3.577480000000000115e+87
2.261840000000000099e+87
6.810480000000000437e+87
2.563390000000000197e+87
9.187510000000000868e+87
9.187510000000000868e+87
2.716389999999999955e+88
2.716389999999999955e+88
2.716389999999999955e+88
2.716389999999999955e+88
2.716389999999999955e+88
1.101440000000000001e+89
1.101440000000000001e+89
1.101440000000000001e+89
3.501080000000000047e+89
3.501080000000000047e+89
3.501080000000000047e+89
4.863019999999999958e+89
4.267890000000000229e+89
4.267890000000000229e+89
1.034950000000000073e+90
3.278910000000000132e+90
3.278910000000000132e+90
3.278910000000000132e+90
3.426410000000000028e+90
5.443570000000000327e+90
2.195720000000000121e+91
2.195720000000000121e+91
2.195720000000000121e+91
6.181750000000000333e+90
2.673840000000000075e+90
9.743570000000000035e+90
3.098000000000000136e+91
1.253049999999999990e+92
3.478039999999999747e+92
1.165550000000000008e+93
1.873799999999999961e+93
3.156490000000000056e+93
4.325170000000000109e+93
4.325170000000000109e+93
1.774000000000000097e+94
1.774000000000000097e+94
4.854110000000000162e+93
7.796110000000000152e+93
9.268920000000000037e+93
9.268920000000000037e+93
9.268920000000000037e+93
5.022590000000000159e+93
5.022590000000000159e+93
5.022590000000000159e+93
5.022590000000000159e+93
7.052579999999999736e+93
2.744329999999999859e+93
2.781490000000000141e+93
7.384520000000000206e+92
2.594890000000000068e+93
2.594890000000000068e+93
2.594890000000000068e+93
2.594890000000000068e+93
2.594890000000000068e+93
6.301430000000000441e+92
1.652009999999999888e+92
5.811510000000000476e+92
5.811510000000000476e+92
5.811510000000000476e+92
1.440940000000000111e+92
1.440940000000000111e+92
6.881120000000000313e+91
9.276940000000000623e+91
4.397790000000000275e+91
1.613269999999999928e+91
1.613269999999999928e+91
1.613269999999999928e+91
1.613269999999999928e+91
4.959719999999999983e+91
2.615280000000000100e+91
6.336870000000000304e+90
6.336870000000000304e+90
6.336870000000000304e+90
2.568669999999999796e+90
1.794110000000000011e+90
1.794110000000000011e+90
1.794110000000000011e+90
1.794110000000000011e+90
1.794110000000000011e+90
7.193899999999999616e+90
7.193899999999999616e+90
5.389550000000000185e+90
3.489229999999999824e+90
3.489229999999999824e+90
3.489229999999999824e+90
3.489229999999999824e+90
1.693210000000000030e+90
1.693210000000000030e+90
4.365110000000000153e+90
1.590590000000000088e+91
5.921700000000000262e+91
1.104629999999999987e+92
2.745850000000000055e+91
2.745850000000000055e+91
1.726159999999999822e+91
1.726159999999999822e+91
1.871269999999999983e+91
1.637300000000000022e+91
7.761320000000000258e+90
2.547180000000000149e+90
8.404350000000000499e+90
8.404350000000000499e+90
2.056320000000000026e+90
8.513369999999999836e+90
8.513369999999999836e+90
2.308590000000000053e+90
7.735479999999999785e+89
2.508549999999999873e+90
7.496489999999999766e+89
7.496489999999999766e+89
3.037400000000000125e+90
4.546879999999999971e+90
3.228210000000000048e+90
5.849030000000000353e+90
4.962950000000000302e+90
4.962950000000000302e+90
1.182079999999999990e+90
1.182079999999999990e+90
4.149179999999999980e+89
6.340269999999999759e+89
6.340269999999999759e+89
2.150489999999999833e+90
6.163550000000000349e+90
6.163550000000000349e+90
3.559079999999999905e+90
3.559079999999999905e+90
3.559079999999999905e+90
3.559079999999999905e+90
3.559079999999999905e+90
3.559079999999999905e+90
8.565219999999999103e+90
1.516910000000000008e+91
1.768439999999999895e+91
7.308579999999999294e+91
1.767209999999999958e+91
1.767209999999999958e+91
1.735209999999999999e+91
1.419109999999999913e+91
1.419109999999999913e+91
1.419109999999999913e+91
1.419109999999999913e+91
8.002490000000000002e+90
8.002490000000000002e+90
3.265169999999999681e+91
5.125249999999999732e+91
1.909199999999999864e+92
2.659070000000000015e+92
1.693349999999999965e+92
1.404840000000000048e+92
5.087190000000000260e+92
5.087190000000000260e+92
5.087190000000000260e+92
5.087190000000000260e+92
5.087190000000000260e+92
5.087190000000000260e+92
5.087190000000000260e+92
2.184859999999999909e+92
2.184859999999999909e+92
1.218109999999999978e+92
1.218109999999999978e+92
1.218109999999999978e+92
2.898990000000000113e+92
5.399940000000000543e+92
5.399940000000000543e+92
1.076589999999999984e+93
2.856540000000000017e+92
2.856540000000000017e+92
2.856540000000000017e+92
2.460469999999999923e+92
2.460469999999999923e+92
6.089140000000000110e+91
6.089140000000000110e+91
2.196150000000000050e+92
2.196150000000000050e+92
1.638200000000000094e+92
1.638200000000000094e+92
4.262150000000000039e+91
4.262150000000000039e+91
1.477029999999999922e+91
1.477029999999999922e+91
1.477029999999999922e+91
4.314350000000000183e+91
1.024859999999999998e+92
1.024859999999999998e+92
1.024859999999999998e+92
1.024859999999999998e+92
1.399280000000000061e+92
1.597129999999999960e+92
1.597129999999999960e+92
1.597129999999999960e+92
1.597129999999999960e+92
2.851109999999999767e+92
2.851109999999999767e+92
7.104260000000000385e+91
3.867889999999999835e+91
3.867889999999999835e+91
3.192500000000000134e+91
4.941380000000000083e+91
9.159249999999999486e+91
9.159249999999999486e+91
9.159249999999999486e+91
2.412569999999999867e+91
8.960380000000000320e+91
8.960380000000000320e+91
3.605580000000000272e+92
3.605580000000000272e+92
9.242020000000000102e+92
4.733810000000000242e+92
5.697470000000000530e+92
1.449470000000000040e+92
3.763020000000000346e+91
1.458029999999999931e+92
1.458029999999999931e+92
5.158919999999999738e+92
1.711189999999999919e+93
1.711189999999999919e+93
1.711189999999999919e+93
1.711189999999999919e+93
3.073740000000000206e+93
9.890590000000000571e+93
2.626319999999999791e+93
2.626319999999999791e+93
1.030240000000000020e+94
1.030240000000000020e+94
1.465099999999999951e+94
1.465099999999999951e+94
5.020540000000000114e+93
1.414149999999999900e+93
1.031090000000000011e+93
2.884330000000000062e+92
9.210949999999999453e+92
9.210949999999999453e+92
3.331760000000000136e+93
3.331760000000000136e+93
3.331760000000000136e+93
3.331760000000000136e+93
9.042630000000000254e+93
2.383369999999999990e+94
2.383369999999999990e+94
7.007409999999999744e+93
7.007409999999999744e+93
2.269970000000000131e+94
2.269970000000000131e+94
2.269970000000000131e+94
4.008860000000000176e+94
1.096159999999999998e+94
1.259340000000000059e+94
1.554800000000000081e+94
7.088940000000000430e+93
2.391639999999999821e+93
8.480079999999999771e+93
2.108649999999999924e+93
2.108649999999999924e+93
2.108649999999999924e+93
5.112990000000000067e+92
1.928499999999999947e+93
1.928499999999999947e+93
1.681839999999999913e+93
2.398370000000000098e+93
2.398370000000000098e+93
2.398370000000000098e+93
6.426199999999999994e+92
6.426199999999999994e+92
6.426199999999999994e+92
6.426199999999999994e+92
6.426199999999999994e+92
6.426199999999999994e+92
6.426199999999999994e+92
2.103869999999999859e+93
2.103869999999999859e+93
7.251699999999999526e+92
7.251699999999999526e+92
2.983660000000000156e+93
1.599030000000000024e+93
4.986080000000000410e+93
4.986080000000000410e+93
3.359659999999999788e+93
3.359659999999999788e+93
4.537980000000000021e+93
1.431330000000000067e+93
4.831210000000000021e+93
4.831210000000000021e+93
4.831210000000000021e+93
1.138809999999999944e+93
4.361749999999999786e+93
1.719149999999999991e+94
1.719149999999999991e+94
6.874539999999999612e+93
4.450119999999999778e+93
8.911179999999999878e+93
2.194319999999999800e+93
2.194319999999999800e+93
2.194319999999999800e+93
2.194319999999999800e+93
1.304570000000000043e+93
7.265630000000000034e+92
7.265630000000000034e+92
6.384599999999999866e+92
9.854630000000000366e+92
9.854630000000000366e+92
4.048819999999999851e+93
4.048819999999999851e+93
4.048819999999999851e+93
4.048819999999999851e+93
4.048819999999999851e+93
4.048819999999999851e+93
1.755719999999999963e+93
9.385639999999999623e+92
9.755579999999999757e+92
2.663959999999999803e+92
2.663959999999999803e+92
1.152150000000000072e+92
2.850739999999999760e+92
2.850739999999999760e+92
1.050549999999999994e+92
5.288429999999999851e+91
5.288429999999999851e+91
2.221530000000000108e+92
2.221530000000000108e+92
8.202550000000000085e+91
6.548010000000000075e+91
6.548010000000000075e+91
1.639550000000000022e+91
2.616710000000000021e+91
1.066390000000000023e+92
4.290820000000000013e+92
6.722079999999999499e+92
6.722079999999999499e+92
6.722079999999999499e+92
6.722079999999999499e+92
6.722079999999999499e+92
2.523570000000000044e+93
2.523570000000000044e+93
2.523570000000000044e+93
2.523570000000000044e+93
7.255469999999999983e+92
1.918499999999999998e+93
5.777080000000000213e+93
1.097129999999999996e+94
4.033720000000000096e+93
4.033720000000000096e+93
1.373050000000000093e+93
5.135309999999999719e+92
1.356669999999999978e+92
2.222519999999999992e+92
3.612549999999999892e+92
1.746589999999999880e+92
4.923030000000000148e+92
2.685170000000000015e+92
2.685170000000000015e+92
2.685170000000000015e+92
6.978319999999999732e+91
6.978319999999999732e+91
1.768829999999999973e+91
1.768829999999999973e+91
1.768829999999999973e+91
4.332769999999999932e+91
9.585360000000000204e+91
2.816140000000000083e+92
1.099149999999999993e+92
3.297259999999999741e+91
2.423140000000000067e+91
2.423140000000000067e+91
8.771569999999999694e+91
1.562370000000000006e+92
4.271370000000000239e+92
4.271370000000000239e+92
4.271370000000000239e+92
2.732889999999999795e+92
3.750879999999999947e+92
5.720969999999999436e+92
5.720969999999999436e+92
5.720969999999999436e+92
3.542430000000000177e+92
3.542430000000000177e+92
3.542430000000000177e+92
2.447490000000000026e+92
7.016360000000000580e+91
5.502039999999999930e+91
1.686920000000000156e+91
6.343029999999999700e+91
6.343029999999999700e+91
2.615740000000000280e+92
2.615740000000000280e+92
2.615740000000000280e+92
8.658699999999999400e+91
8.658699999999999400e+91
2.970369999999999872e+91
7.376670000000000077e+91
2.515289999999999928e+92
7.288569999999999564e+91
1.484570000000000040e+92
5.165309999999999911e+92
5.165309999999999911e+92
2.651110000000000221e+92
3.110199999999999806e+92
4.389559999999999959e+92
1.525089999999999936e+93
1.801699999999999898e+93
6.577979999999999669e+93
6.577979999999999669e+93
2.211219999999999786e+93
2.211219999999999786e+93
8.682129999999999709e+93
2.352389999999999931e+93
6.198489999999999529e+92
6.198489999999999529e+92
2.384069999999999931e+93
7.491379999999999933e+92
7.491379999999999933e+92
2.342030000000000041e+92
3.123689999999999915e+92
1.110289999999999893e+93
2.862130000000000255e+92
2.862130000000000255e+92
1.073449999999999961e+92
1.073449999999999961e+92
1.073449999999999961e+92
2.322159999999999938e+92
7.779970000000000422e+92
2.124759999999999981e+93
2.124759999999999981e+93
2.124759999999999981e+93
3.632530000000000123e+93
1.462850000000000056e+94
1.462850000000000056e+94
2.053900000000000021e+94
7.193800000000000029e+93
8.946850000000000475e+93
8.946850000000000475e+93
8.946850000000000475e+93
8.946850000000000475e+93
2.166739999999999890e+93
2.166739999999999890e+93
6.210360000000000565e+92
1.536220000000000032e+93
5.094019999999999675e+93
5.094019999999999675e+93
2.012239999999999948e+94
2.012239999999999948e+94
5.675789999999999785e+93
5.675789999999999785e+93
1.555219999999999980e+93
4.639540000000000044e+92
5.956529999999999740e+92
8.003459999999999562e+92
4.731540000000000171e+92
4.731540000000000171e+92
1.328430000000000107e+93
1.328430000000000107e+93
1.328430000000000107e+93
8.321419999999999607e+92
8.321419999999999607e+92
8.321419999999999607e+92
3.325320000000000162e+92
3.325320000000000162e+92
3.325320000000000162e+92
3.325320000000000162e+92
3.325320000000000162e+92
3.325320000000000162e+92
3.325320000000000162e+92
3.325320000000000162e+92
3.325320000000000162e+92
3.325320000000000162e+92
9.155039999999999499e+92
2.787609999999999909e+93
2.787609999999999909e+93
2.787609999999999909e+93
1.042430000000000010e+93
4.963759999999999947e+92
1.827999999999999910e+93
1.827999999999999910e+93
1.827999999999999910e+93
1.106910000000000035e+93
1.106910000000000035e+93
2.723519999999999789e+92
2.489870000000000019e+92
2.489870000000000019e+92
6.305070000000000003e+92
6.305070000000000003e+92
6.305070000000000003e+92
2.578359999999999972e+93
2.578359999999999972e+93
2.578359999999999972e+93
2.578359999999999972e+93
7.594749999999999616e+92
2.653030000000000182e+93
8.030429999999999890e+93
1.999589999999999939e+93
5.852349999999999652e+92
5.852349999999999652e+92
5.852349999999999652e+92
5.852349999999999652e+92
5.852349999999999652e+92
3.353390000000000039e+92
4.948899999999999768e+92
1.061299999999999991e+93
1.061299999999999991e+93
4.047979999999999774e+93
4.047979999999999774e+93
1.121249999999999996e+93
1.586210000000000115e+93
1.586210000000000115e+93
1.586210000000000115e+93
1.395500000000000061e+93
5.216319999999999608e+92
2.425830000000000104e+92
2.425830000000000104e+92
2.425830000000000104e+92
2.425830000000000104e+92
9.038789999999999695e+91
2.570860000000000126e+92
1.006310000000000050e+93
1.006310000000000050e+93
4.001430000000000051e+93
4.001430000000000051e+93
4.001430000000000051e+93
4.001430000000000051e+93
6.824360000000000449e+93
2.167860000000000055e+94
8.755940000000000709e+94
8.755940000000000709e+94
8.755940000000000709e+94
1.430240000000000139e+95
3.482929999999999674e+94
3.482929999999999674e+94
3.409220000000000266e+94
3.409220000000000266e+94
1.452879999999999918e+94
1.452879999999999918e+94
3.578500000000000221e+93
3.578500000000000221e+93
9.842260000000000167e+92
2.388129999999999879e+92
2.388129999999999879e+92
2.388129999999999879e+92
2.388129999999999879e+92
8.058780000000000468e+91
8.058780000000000468e+91
8.058780000000000468e+91
8.058780000000000468e+91
2.974280000000000028e+92
2.974280000000000028e+92
1.118480000000000067e+92
2.381420000000000021e+92
2.381420000000000021e+92
1.079869999999999952e+92
3.546180000000000128e+91
3.546180000000000128e+91
9.709200000000000303e+90
3.879990000000000038e+90
9.163119999999999139e+90
9.163119999999999139e+90
2.285550000000000169e+90
3.489520000000000181e+90
5.372319999999999725e+90
4.025470000000000133e+90
4.025470000000000133e+90
4.025470000000000133e+90
1.249870000000000028e+91
1.249870000000000028e+91
1.249870000000000028e+91
1.249870000000000028e+91
5.015620000000000191e+91
5.015620000000000191e+91
5.015620000000000191e+91
1.253360000000000037e+91
1.253360000000000037e+91
4.756070000000000261e+91
1.255970000000000081e+91
1.255970000000000081e+91
1.255970000000000081e+91
1.255970000000000081e+91
3.900960000000000034e+91
3.900960000000000034e+91
1.185660000000000055e+91
2.354120000000000046e+91
2.354120000000000046e+91
2.523349999999999859e+91
2.523349999999999859e+91
2.523349999999999859e+91
1.038280000000000004e+92
3.796180000000000139e+92
1.066209999999999965e+92
2.951460000000000054e+91
2.951460000000000054e+91
2.951460000000000054e+91
2.951460000000000054e+91
2.951460000000000054e+91
9.071740000000000844e+90
3.082390000000000143e+90
1.025250000000000084e+90
3.259520000000000135e+90
2.883859999999999882e+90
2.883859999999999882e+90
2.883859999999999882e+90
3.779339999999999811e+90
9.809239999999999421e+90
9.809239999999999421e+90
3.303529999999999924e+91
1.299530000000000087e+91
3.756270000000000346e+91
1.571390000000000076e+92
1.571390000000000076e+92
1.571390000000000076e+92
3.512940000000000197e+92
5.907729999999999612e+92
5.907729999999999612e+92
1.521049999999999885e+93
1.521049999999999885e+93
1.061069999999999958e+93
3.733710000000000134e+92
1.452089999999999989e+93
1.452089999999999989e+93
3.609400000000000182e+92
3.609400000000000182e+92
1.429210000000000092e+93
1.429210000000000092e+93
3.802370000000000184e+92
3.802370000000000184e+92
1.572430000000000051e+93
1.572430000000000051e+93
1.572430000000000051e+93
5.129099999999999893e+92
5.129099999999999893e+92
5.129099999999999893e+92
1.815790000000000046e+93
1.815790000000000046e+93
4.406060000000000384e+93
1.354040000000000023e+93
1.354040000000000023e+93
1.354040000000000023e+93
1.354040000000000023e+93
1.354040000000000023e+93
4.829589999999999674e+93
4.829589999999999674e+93
4.829589999999999674e+93
1.413199999999999960e+94
4.033029999999999999e+93
2.467380000000000141e+93
1.927529999999999902e+93
5.905330000000000384e+93
5.905330000000000384e+93
1.178470000000000028e+94
1.178470000000000028e+94
1.178470000000000028e+94
1.094169999999999945e+94
1.094169999999999945e+94
3.002680000000000117e+93
3.002680000000000117e+93
1.238829999999999903e+93
4.204339999999999848e+93
4.204339999999999848e+93
4.204339999999999848e+93
3.310960000000000188e+93
3.310960000000000188e+93
1.033429999999999918e+94
1.033429999999999918e+94
3.492619999999999909e+94
1.396619999999999994e+94
2.586789999999999999e+94
1.397179999999999984e+94
3.721599999999999871e+93
3.721599999999999871e+93
3.721599999999999871e+93
1.416929999999999974e+94
1.416929999999999974e+94
3.416950000000000166e+93
3.416950000000000166e+93
1.125599999999999899e+93
1.125599999999999899e+93
1.125599999999999899e+93
2.874470000000000204e+92
2.071589999999999937e+92
2.071589999999999937e+92
2.071589999999999937e+92
2.071589999999999937e+92
2.071589999999999937e+92
2.071589999999999937e+92
1.219159999999999929e+92
1.219159999999999929e+92
1.219159999999999929e+92
1.219159999999999929e+92
1.219159999999999929e+92
1.219159999999999929e+92
1.219159999999999929e+92
1.219159999999999929e+92
1.219159999999999929e+92
1.219159999999999929e+92
1.697520000000000100e+92
2.828900000000000069e+92
2.828900000000000069e+92
2.828900000000000069e+92
2.828900000000000069e+92
7.433609999999999478e+92
7.433609999999999478e+92
8.780409999999999707e+92
8.780409999999999707e+92
8.780409999999999707e+92
3.309490000000000169e+92
2.446179999999999878e+92
6.847340000000000641e+91
6.847340000000000641e+91
2.122909999999999935e+91
3.702950000000000148e+91
9.627469999999999604e+90
3.722869999999999776e+90
1.189409999999999934e+91
3.446319999999999946e+90
7.268820000000000067e+90
6.331070000000000409e+90
1.253760000000000005e+91
3.982430000000000049e+90
3.982430000000000049e+90
1.052239999999999967e+90
3.213999999999999988e+89
3.213999999999999988e+89
3.213999999999999988e+89
3.213999999999999988e+89
3.213999999999999988e+89
3.213999999999999988e+89
3.213999999999999988e+89
3.213999999999999988e+89
5.651580000000000313e+89
5.651580000000000313e+89
5.651580000000000313e+89
5.651580000000000313e+89
1.978929999999999945e+90
1.737980000000000011e+90
1.798109999999999915e+90
1.798109999999999915e+90
1.798109999999999915e+90
1.798109999999999915e+90
7.740800000000000135e+89
7.740800000000000135e+89
2.403810000000000025e+89
6.451239999999999482e+88
2.634739999999999896e+88
2.634739999999999896e+88
1.961439999999999878e+88
4.553739999999999870e+88
4.553739999999999870e+88
1.494120000000000057e+88
3.505519999999999742e+88
2.576730000000000071e+88
2.955470000000000044e+88
2.109429999999999838e+88
8.301619999999999567e+88
2.365780000000000028e+89
6.899679999999999480e+89
7.451419999999999900e+89
3.048940000000000256e+89
7.257360000000000125e+88
7.257360000000000125e+88
7.257360000000000125e+88
7.257360000000000125e+88
4.551269999999999647e+88
1.440630000000000080e+89
5.214739999999999879e+89
5.214739999999999879e+89
4.351810000000000182e+89
2.901310000000000153e+89
2.901310000000000153e+89
7.574099999999999940e+88
7.574099999999999940e+88
3.549759999999999990e+88
3.549759999999999990e+88
3.549759999999999990e+88
1.149450000000000030e+88
7.993350000000000298e+87
1.945220000000000063e+87
5.166060000000000476e+86
5.166060000000000476e+86
5.166060000000000476e+86
5.166060000000000476e+86
5.166060000000000476e+86
5.166060000000000476e+86
5.166060000000000476e+86
6.973649999999999702e+86
2.001170000000000001e+87
2.001170000000000001e+87
2.001170000000000001e+87
2.001170000000000001e+87
4.692439999999999759e+87
4.692439999999999759e+87
2.852160000000000006e+87
2.852160000000000006e+87
7.529849999999999987e+87
2.689390000000000091e+88
3.830319999999999987e+88
1.457679999999999947e+88
4.617349999999999961e+87
3.043340000000000131e+87
7.384799999999999835e+87
1.189279999999999947e+88
3.189769999999999922e+88
6.210959999999999752e+88
1.514440000000000013e+88
6.197440000000000056e+88
1.731399999999999979e+88
3.749149999999999926e+88
1.024099999999999967e+89
1.024099999999999967e+89
4.871799999999999678e+88
1.059480000000000024e+89
1.059480000000000024e+89
1.990260000000000133e+89
1.990260000000000133e+89
5.399250000000000315e+88
1.779229999999999973e+89
4.186099999999999982e+89
8.726750000000000531e+89
8.726750000000000531e+89
2.737569999999999848e+89
6.093049999999999687e+89
1.778079999999999998e+90
4.471620000000000049e+89
4.471620000000000049e+89
3.617349999999999931e+89
4.104180000000000207e+89
4.104180000000000207e+89
1.245730000000000027e+89
3.903310000000000184e+89
2.568469999999999948e+89
7.497720000000000326e+88
7.497720000000000326e+88
7.497720000000000326e+88
7.497720000000000326e+88
2.088820000000000012e+89
2.088820000000000012e+89
2.088820000000000012e+89
5.024179999999999852e+88
5.024179999999999852e+88
2.006670000000000121e+88
7.588689999999999572e+87
1.024550000000000071e+88
1.024550000000000071e+88
3.882040000000000168e+87
3.882040000000000168e+87
3.908440000000000035e+87
7.362990000000000122e+87
1.582960000000000021e+88
4.147170000000000273e+88
4.147170000000000273e+88
1.320369999999999933e+89
5.130949999999999454e+89
2.696499999999999773e+89
8.715110000000000307e+88
8.715110000000000307e+88
3.086240000000000091e+88
8.714960000000000308e+88
2.484829999999999946e+88
2.484829999999999946e+88
6.602209999999999662e+88
2.468359999999999887e+89
2.468359999999999887e+89
1.259160000000000006e+89
1.259160000000000006e+89
1.259160000000000006e+89
5.009340000000000162e+89
1.825170000000000118e+89
5.741470000000000519e+89
5.741470000000000519e+89
5.741470000000000519e+89
5.741470000000000519e+89
5.741470000000000519e+89
5.741470000000000519e+89
5.741470000000000519e+89
1.022030000000000063e+90
6.362419999999999741e+89
6.362419999999999741e+89
6.362419999999999741e+89
6.362419999999999741e+89
8.466770000000000147e+89
8.466770000000000147e+89
8.466770000000000147e+89
3.420059999999999815e+90
1.221680000000000016e+91
1.221680000000000016e+91
4.638270000000000327e+91
4.638270000000000327e+91
4.638270000000000327e+91
4.638270000000000327e+91
3.574609999999999687e+91
3.574609999999999687e+91
1.038229999999999972e+92
1.038229999999999972e+92
2.852749999999999779e+92
2.852749999999999779e+92
3.584150000000000150e+92
3.584150000000000150e+92
3.584150000000000150e+92
1.405370000000000041e+92
4.555190000000000207e+92
1.304570000000000043e+92
5.213439999999999984e+91
8.595720000000000630e+91
3.357310000000000158e+91
8.544739999999999810e+90
5.655590000000000425e+90
1.912980000000000138e+91
1.912980000000000138e+91
4.922460000000000375e+90
1.591289999999999941e+90
5.002480000000000008e+89
1.670389999999999957e+90
2.081969999999999953e+90
2.081969999999999953e+90
7.964420000000000025e+90
7.964420000000000025e+90
5.247730000000000410e+90
1.815549999999999978e+90
1.815549999999999978e+90
6.950150000000000224e+90
6.950150000000000224e+90
2.691329999999999953e+91
7.124039999999999554e+90
1.775739999999999896e+90
1.248840000000000030e+90
2.382020000000000154e+90
2.382020000000000154e+90
2.382020000000000154e+90
2.382020000000000154e+90
6.633469999999999787e+90
6.633469999999999787e+90
1.966520000000000102e+90
1.966520000000000102e+90
7.151230000000000190e+90
2.695420000000000095e+91
2.695420000000000095e+91
6.685790000000000428e+90
6.685790000000000428e+90
2.415830000000000039e+91
4.097859999999999757e+91
1.505060000000000020e+92
4.788719999999999987e+91
4.788719999999999987e+91
4.788719999999999987e+91
4.788719999999999987e+91
1.243509999999999961e+92
1.243509999999999961e+92
4.117080000000000165e+91
1.049479999999999972e+92
3.214170000000000164e+91
7.296079999999999937e+91
2.669299999999999880e+92
2.669299999999999880e+92
1.912849999999999896e+92
1.912849999999999896e+92
2.754710000000000283e+92
1.092230000000000086e+93
3.906890000000000028e+92
3.906890000000000028e+92
3.906890000000000028e+92
3.906890000000000028e+92
3.906890000000000028e+92
1.076229999999999984e+93
1.076229999999999984e+93
1.076229999999999984e+93
1.076229999999999984e+93
1.565579999999999929e+93
1.565579999999999929e+93
1.565579999999999929e+93
4.026620000000000276e+92
4.026620000000000276e+92
4.026620000000000276e+92
4.026620000000000276e+92
4.026620000000000276e+92
5.345130000000000139e+92
5.345130000000000139e+92
5.345130000000000139e+92
1.373909999999999894e+92
3.685140000000000241e+91
3.685140000000000241e+91
3.685140000000000241e+91
1.152140000000000037e+92
4.736749999999999933e+92
4.736749999999999933e+92
1.935679999999999934e+93
1.935679999999999934e+93
1.935679999999999934e+93
1.935679999999999934e+93
1.935679999999999934e+93
6.187459999999999960e+93
6.187459999999999960e+93
1.961029999999999868e+94
4.976389999999999619e+93
1.889310000000000096e+93
7.379790000000000058e+93
3.521870000000000036e+93
9.078690000000000061e+93
9.078690000000000061e+93
3.411330000000000025e+93
1.140959999999999914e+94
1.140959999999999914e+94
1.140959999999999914e+94
8.125769999999999849e+93
1.760030000000000165e+94
5.086560000000000202e+93
1.511299999999999935e+94
3.919280000000000124e+93
3.919280000000000124e+93
3.919280000000000124e+93
2.753649999999999833e+93
2.753649999999999833e+93
1.047649999999999941e+94
1.047649999999999941e+94
1.047649999999999941e+94
1.047649999999999941e+94
1.047649999999999941e+94
1.047649999999999941e+94
1.047649999999999941e+94
1.047649999999999941e+94
1.047649999999999941e+94
1.047649999999999941e+94
1.047649999999999941e+94
1.047649999999999941e+94
1.047649999999999941e+94
6.184010000000000404e+93
1.807220000000000021e+94
1.807220000000000021e+94
1.807220000000000021e+94
5.217740000000000058e+93
1.695039999999999882e+94
6.827979999999999304e+94
1.861130000000000124e+94
1.861130000000000124e+94
4.411810000000000261e+93
4.411810000000000261e+93
1.277299999999999986e+93
4.628969999999999614e+93
1.117339999999999912e+93
4.678539999999999658e+93
4.678539999999999658e+93
4.678539999999999658e+93
1.480789999999999924e+93
6.175040000000000076e+92
1.362470000000000004e+93
1.362470000000000004e+93
3.535520000000000132e+93
1.412310000000000013e+94
1.412310000000000013e+94
7.541760000000000151e+93
7.541760000000000151e+93
7.541760000000000151e+93
2.085779999999999918e+93
2.266000000000000055e+93
1.723469999999999945e+93
1.723469999999999945e+93
1.723469999999999945e+93
1.723469999999999945e+93
1.273979999999999935e+93
1.273979999999999935e+93
1.673230000000000049e+93
5.935979999999999837e+93
1.515300000000000007e+93
1.515300000000000007e+93
1.515300000000000007e+93
3.928540000000000059e+92
3.928540000000000059e+92
1.130909999999999957e+93
5.790099999999999557e+92
5.790099999999999557e+92
1.826970000000000000e+92
5.686799999999999977e+91
5.686799999999999977e+91
2.162389999999999871e+92
2.162389999999999871e+92
3.464230000000000243e+92
1.172720000000000046e+92
1.172720000000000046e+92
1.172720000000000046e+92
1.172720000000000046e+92
4.749359999999999823e+92
1.156829999999999985e+92
4.271929999999999904e+92
4.271929999999999904e+92
1.049090000000000039e+92
1.049090000000000039e+92
3.677379999999999707e+91
3.677379999999999707e+91
3.677379999999999707e+91
3.677379999999999707e+91
1.398350000000000063e+91
4.686720000000000230e+91
2.586130000000000092e+91
1.332800000000000089e+91
5.770499999999999939e+90
5.770499999999999939e+90
5.770499999999999939e+90
1.415780000000000054e+90
5.244470000000000238e+90
6.299300000000000286e+90
6.299300000000000286e+90
6.299300000000000286e+90
6.299300000000000286e+90
1.948320000000000118e+91
1.942470000000000046e+91
1.942470000000000046e+91
6.539410000000000043e+91
1.935280000000000154e+91
3.290540000000000137e+91
3.290540000000000137e+91
2.179570000000000154e+91
8.139820000000000029e+91
2.253400000000000041e+91
8.467330000000000717e+91
8.467330000000000717e+91
8.467330000000000717e+91
2.397520000000000173e+91
1.057169999999999968e+91
1.263650000000000042e+91
1.263650000000000042e+91
8.880810000000000243e+90
2.396259999999999840e+91
6.548809999999999649e+90
1.855659999999999945e+90
5.776390000000000343e+89
4.671499999999999794e+89
9.848239999999999677e+89
9.848239999999999677e+89
9.848239999999999677e+89
9.848239999999999677e+89
9.848239999999999677e+89
9.848239999999999677e+89
2.623269999999999860e+89
2.623269999999999860e+89
2.623269999999999860e+89
2.623269999999999860e+89
7.411940000000000099e+89
7.411940000000000099e+89
7.411940000000000099e+89
2.244409999999999887e+89
5.493510000000000263e+89
5.493510000000000263e+89
6.993160000000000139e+89
7.446239999999999737e+89
7.446239999999999737e+89
2.928329999999999978e+90
2.928329999999999978e+90
8.299589999999999671e+89
8.299589999999999671e+89
2.176259999999999986e+90
5.459589999999999680e+89
1.543970000000000029e+89
1.543970000000000029e+89
1.543970000000000029e+89
3.139110000000000272e+89
1.148200000000000010e+90
4.466179999999999586e+90
4.466179999999999586e+90
1.435499999999999970e+91
1.435499999999999970e+91
2.344550000000000128e+91
2.344550000000000128e+91
2.344550000000000128e+91
9.609960000000000397e+91
9.609960000000000397e+91
3.238849999999999844e+91
1.195210000000000010e+92
1.020139999999999943e+92
1.575609999999999954e+92
5.540329999999999492e+92
7.523369999999999784e+92
3.400550000000000154e+92
2.582579999999999907e+92
1.480330000000000091e+92
5.230210000000000553e+92
7.281900000000000426e+92
7.281900000000000426e+92
7.281900000000000426e+92
7.281900000000000426e+92
2.810210000000000089e+93
2.810210000000000089e+93
7.973660000000000077e+92
7.973660000000000077e+92
7.973660000000000077e+92
7.973660000000000077e+92
2.390870000000000021e+92
7.795020000000000261e+92
7.795020000000000261e+92
2.019309999999999945e+92
2.019309999999999945e+92
7.449540000000000114e+92
1.871419999999999935e+92
4.861680000000000053e+92
1.014730000000000024e+93
1.002249999999999985e+93
1.002249999999999985e+93
3.680190000000000097e+92
2.135149999999999891e+92
2.135149999999999891e+92
7.892049999999999802e+92
7.892049999999999802e+92
2.884939999999999759e+92
2.884939999999999759e+92
1.110550000000000060e+93
3.948859999999999930e+93
3.948859999999999930e+93
1.020259999999999991e+93
3.105360000000000051e+92
3.105360000000000051e+92
3.105360000000000051e+92
2.006030000000000145e+92
5.562059999999999951e+91
1.891249999999999896e+92
1.891249999999999896e+92
1.891249999999999896e+92
5.578869999999999504e+92
5.578869999999999504e+92
8.087619999999999740e+92
2.798840000000000070e+93
1.157409999999999959e+94
3.829410000000000047e+94
3.356790000000000096e+94
1.031520000000000065e+95
9.658970000000000115e+94
9.658970000000000115e+94
2.588039999999999862e+95
9.693460000000000223e+95
9.693460000000000223e+95
9.693460000000000223e+95
9.693460000000000223e+95
9.693460000000000223e+95
9.693460000000000223e+95
9.693460000000000223e+95
9.693460000000000223e+95
2.933650000000000051e+95
9.980770000000000305e+95
9.980770000000000305e+95
9.980770000000000305e+95
9.980770000000000305e+95
9.980770000000000305e+95
9.980770000000000305e+95
9.980770000000000305e+95
3.877069999999999793e+95
3.205190000000000286e+95
4.886969999999999874e+95
4.886969999999999874e+95
1.091399999999999948e+96
1.091399999999999948e+96
3.643010000000000269e+95
3.643010000000000269e+95
3.643010000000000269e+95
1.072480000000000090e+96
1.072480000000000090e+96
1.072480000000000090e+96
4.369960000000000259e+96
4.369960000000000259e+96
1.585800000000000026e+97
5.455180000000000409e+96
2.382510000000000106e+96
7.496469999999999959e+96
1.167360000000000039e+97
3.568319999999999940e+96
3.568319999999999940e+96
9.028990000000000058e+95
9.028990000000000058e+95
3.098389999999999801e+95
8.178449999999999925e+94
8.178449999999999925e+94
2.155839999999999872e+94
2.155839999999999872e+94
2.155839999999999872e+94
2.155839999999999872e+94
1.091069999999999961e+95
2.465890000000000067e+95
6.988479999999999401e+94
6.988479999999999401e+94
6.988479999999999401e+94
3.558790000000000238e+95
1.555769999999999894e+96
1.555769999999999894e+96
1.555769999999999894e+96
1.555769999999999894e+96
1.555769999999999894e+96
1.555769999999999894e+96
1.555769999999999894e+96
1.555769999999999894e+96
1.555769999999999894e+96
3.905779999999999953e+95
3.905779999999999953e+95
3.905779999999999953e+95
1.556510000000000076e+96
4.624210000000000090e+95
7.472009999999999826e+95
7.472009999999999826e+95
7.472009999999999826e+95
1.863189999999999958e+95
1.863189999999999958e+95
5.394359999999999501e+95
1.500640000000000012e+96
1.500640000000000012e+96
1.500640000000000012e+96
1.500640000000000012e+96
4.127199999999999720e+95
4.127199999999999720e+95
4.127199999999999720e+95
1.126410000000000008e+95
1.126410000000000008e+95
8.549740000000000070e+94
1.882319999999999967e+95
1.882319999999999967e+95
1.882319999999999967e+95
8.934450000000000465e+94
8.934450000000000465e+94
3.484389999999999733e+95
3.484389999999999733e+95
1.035940000000000049e+96
1.035940000000000049e+96
7.143839999999999665e+95
3.329100000000000250e+95
3.329100000000000250e+95
3.329100000000000250e+95
3.329100000000000250e+95
3.329100000000000250e+95
1.261880000000000016e+95
9.821470000000000573e+93
9.821470000000000573e+93
-4.202840000000000041e+93
-4.202840000000000041e+93
-1.305290000000000062e+95
-1.305290000000000062e+95
-4.785600000000000171e+95
-1.688239999999999902e+96
2.984320000000000088e+97
2.984320000000000088e+97
2.984320000000000088e+97
2.984320000000000088e+97
2.984320000000000088e+97
2.984320000000000088e+97
1.117899999999999970e+98
1.117899999999999970e+98
1.117899999999999970e+98
4.145959999999999918e+98
2.214140000000000124e+98
2.214140000000000124e+98
6.994129999999999981e+98
1.894350000000000069e+98
7.313989999999999985e+98
7.313989999999999985e+98
7.313989999999999985e+98
2.933590000000000009e+99
7.905159999999999566e+98
7.905159999999999566e+98
3.662390000000000232e+98
1.200379999999999990e+99
3.071420000000000072e+98
3.071420000000000072e+98
3.071420000000000072e+98
3.932680000000000031e+98
1.741109999999999972e+98
6.703320000000000101e+97
1.624179999999999923e+98
1.653469999999999959e+98
1.653469999999999959e+98
1.653469999999999959e+98
1.653469999999999959e+98
1.653469999999999959e+98
1.653469999999999959e+98
1.780790000000000128e+98
1.780790000000000128e+98
1.780790000000000128e+98
1.555670000000000039e+99
1.116079999999999958e+99
6.110980000000000416e+98
1.103280000000000108e+99
1.694689999999999966e+99
1.786359999999999973e+100
4.496740000000000125e+99
4.496740000000000125e+99
4.496740000000000125e+99
4.496740000000000125e+99
4.496740000000000125e+99
4.496740000000000125e+99
4.496740000000000125e+99
4.496740000000000125e+99
4.496740000000000125e+99
4.496740000000000125e+99
1.176260000000000011e+99
3.646800000000000295e+98
1.106410000000000000e+98
2.683180000000000066e+97
2.683180000000000066e+97
2.683180000000000066e+97
3.904199999999999927e+97
3.904199999999999927e+97
1.345770000000000072e+97
1.345770000000000072e+97
1.345770000000000072e+97
1.345770000000000072e+97
4.744479999999999732e+96
1.195139999999999998e+96
1.195139999999999998e+96
3.362320000000000204e+96
9.884780000000000820e+96
9.884780000000000820e+96
3.275449999999999782e+96
7.794749999999999914e+96
9.446519999999999787e+95
1.488500000000000112e+96
1.686940000000000109e+96
5.582349999999999875e+96
5.582349999999999875e+96
6.561100000000000386e+96
1.814760000000000064e+96
1.814760000000000064e+96
4.263759999999999933e+95
4.263759999999999933e+95
1.288900000000000047e+95
3.311619999999999732e+95
1.059740000000000030e+96
1.059740000000000030e+96
4.241780000000000114e+96
2.022359999999999910e+96
-1.634030000000000001e+95
6.283160000000000540e+95
-3.503549999999999737e+94
-3.503549999999999737e+94
-3.503549999999999737e+94
-3.503549999999999737e+94
-3.503549999999999737e+94
-3.503549999999999737e+94
-3.503549999999999737e+94
-2.253069999999999959e+93
-3.736109999999999988e+96
-4.301360000000000035e+95
-1.432099999999999899e+95
-1.432099999999999899e+95
-1.432099999999999899e+95
-4.447029999999999768e+95
-1.712369999999999900e+95
-1.712369999999999900e+95
-4.086070000000000122e+94
-4.086070000000000122e+94
-2.456279999999999995e+94
-2.233149999999999929e+94
-2.562159999999999833e+94
-2.562159999999999833e+94
-2.562159999999999833e+94
-2.562159999999999833e+94
-7.422920000000000313e+94
-2.943290000000000194e+95
-1.120360000000000095e+96
-1.120360000000000095e+96
-1.120360000000000095e+96
-3.048950000000000234e+95
-1.135639999999999957e+95
-1.135639999999999957e+95
-1.135639999999999957e+95
-1.209009999999999952e+95
-8.356890000000000678e+94
-3.216989999999999929e+94
-8.549410000000000113e+94
-5.927099999999999868e+94
-2.689240000000000155e+94
-6.510899999999999593e+93
-6.510899999999999593e+93
-6.510899999999999593e+93
-6.510899999999999593e+93
-6.510899999999999593e+93
-6.510899999999999593e+93
-6.510899999999999593e+93
-6.510899999999999593e+93
-6.510899999999999593e+93
-6.510899999999999593e+93
-9.906820000000000039e+95
1.137179999999999956e+95
1.396539999999999914e+97
1.396539999999999914e+97
1.396539999999999914e+97
1.641089999999999985e+98
7.671170000000000603e+98
7.671170000000000603e+98
7.671170000000000603e+98
2.760170000000000121e+100
2.760170000000000121e+100
2.760170000000000121e+100
2.760170000000000121e+100
8.974780000000000666e+99
8.974780000000000666e+99
8.974780000000000666e+99
8.974780000000000666e+99
8.974780000000000666e+99
8.974780000000000666e+99
2.543440000000000103e+100
2.543440000000000103e+100
2.027439999999999893e+100
2.027439999999999893e+100
8.052270000000000541e+100
3.048529999999999962e+100
3.048529999999999962e+100
7.569319999999999874e+99
7.569319999999999874e+99
2.743849999999999777e+99
2.743849999999999777e+99
9.880200000000000133e+99
8.170250000000000336e+99
7.872530000000000398e+98
7.872530000000000398e+98
7.872530000000000398e+98
-6.590380000000000307e+99
-6.590380000000000307e+99
-6.590380000000000307e+99
-8.010700000000000145e+99
-5.206610000000000185e+99
-5.206610000000000185e+99
-5.206610000000000185e+99
-5.206610000000000185e+99
-5.206610000000000185e+99
-5.206610000000000185e+99
-1.741719999999999936e+99
-1.741719999999999936e+99
-7.287209999999999998e+99
-6.415650000000000053e+99
1.618989999999999925e+99
7.466699999999999316e+100
6.183520000000000354e+100
1.415639999999999911e+101
1.235989999999999949e+101
1.235989999999999949e+101
1.235989999999999949e+101
6.657459999999999417e+101
6.657459999999999417e+101
6.657459999999999417e+101
2.556320000000000186e+102
2.556320000000000186e+102
7.057729999999999803e+102
2.253710000000000168e+102
5.912879999999999544e+102
-4.491139999999999962e+102
2.556100000000000140e+102
2.556100000000000140e+102
2.556100000000000140e+102
2.556100000000000140e+102
9.044190000000000377e+101
8.062929999999999688e+101
5.520330000000000140e+101
5.520330000000000140e+101
5.520330000000000140e+101
5.059839999999999798e+101
5.059839999999999798e+101
1.384100000000000073e+101
1.384100000000000073e+101
-1.868220000000000119e+101
2.138640000000000046e+101
2.138640000000000046e+101
1.049299999999999933e+101
-4.271869999999999958e+102
-4.271869999999999958e+102
2.714479999999999857e+102
2.714479999999999857e+102
2.714479999999999857e+102
8.421579999999999670e+102
2.327500000000000088e+103
2.397399999999999978e+103
2.397399999999999978e+103
2.397399999999999978e+103
-4.871610000000000192e+103
-4.871610000000000192e+103
-1.197120000000000088e+103
-2.948360000000000004e+103
-2.948360000000000004e+103
-2.948360000000000004e+103
-2.343549999999999850e+103
-9.352520000000000679e+103
-4.470369999999999801e+104
-1.532820000000000007e+105
-1.698520000000000101e+105
-2.046580000000000008e+105
-2.046580000000000008e+105
-2.046580000000000008e+105
-2.046580000000000008e+105
-2.046580000000000008e+105
-6.867229999999999905e+104
-6.867229999999999905e+104
-6.867229999999999905e+104
-4.082019999999999848e+105
-1.463070000000000043e+105
-3.024439999999999777e+105
-3.024439999999999777e+105
6.464110000000000165e+106
6.464110000000000165e+106
2.760719999999999908e+107
2.760719999999999908e+107
1.855450000000000095e+107
2.041329999999999971e+107
2.159200000000000005e+107
2.159200000000000005e+107
2.159200000000000005e+107
2.185509999999999845e+107
2.185509999999999845e+107
2.185509999999999845e+107
2.185509999999999845e+107
1.133010000000000024e+108
1.133010000000000024e+108
1.133010000000000024e+108
1.133010000000000024e+108
1.133010000000000024e+108
2.803239999999999952e+110
2.803239999999999952e+110
2.803239999999999952e+110
2.803239999999999952e+110
8.546520000000000406e+109
2.462150000000000163e+110
5.994989999999999829e+110
5.994989999999999829e+110
1.892689999999999938e+110
-8.031920000000000195e+110
-5.463880000000000300e+111
-1.536480000000000024e+112
-1.536480000000000024e+112
-1.536480000000000024e+112
-1.536480000000000024e+112
-1.918570000000000012e+112
-1.918570000000000012e+112
-2.939859999999999749e+111
-2.939859999999999749e+111
2.016250000000000026e+111
-8.936200000000000493e+110
-8.936200000000000493e+110
-8.936200000000000493e+110
-8.936200000000000493e+110
-3.818540000000000107e+111
-3.818540000000000107e+111
-4.763989999999999832e+114
-4.763989999999999832e+114
-4.763989999999999832e+114
-4.763989999999999832e+114
-1.769810000000000034e+114
-1.769810000000000034e+114
-2.245230000000000211e+115
-1.015419999999999945e+116
-1.015419999999999945e+116
-1.015419999999999945e+116
-1.143640000000000034e+116
-2.181770000000000098e+116
-9.256549999999999574e+115
-9.256549999999999574e+115
-9.256549999999999574e+115
-2.024970000000000026e+116
-8.804150000000000626e+115
-1.413300000000000125e+114
-3.630980000000000162e+115
-9.136060000000000723e+115
-9.136060000000000723e+115
-9.136060000000000723e+115
-5.523570000000000329e+115
-5.523570000000000329e+115
-7.618239999999999860e+116
-3.931070000000000075e+117
-3.931070000000000075e+117
-3.931070000000000075e+117
-3.931070000000000075e+117
-1.463729999999999993e+118
-1.463729999999999993e+118
-2.301049999999999888e+117
-2.301049999999999888e+117
1.696429999999999870e+116
1.696429999999999870e+116
3.014429999999999847e+116
2.475370000000000155e+116
2.475370000000000155e+116
2.475370000000000155e+116
1.584449999999999829e+116
-8.879889999999999307e+115
-8.879889999999999307e+115
-3.201479999999999904e+116
-3.201479999999999904e+116
-3.201479999999999904e+116
-3.201479999999999904e+116
-3.201479999999999904e+116
-3.201479999999999904e+116
-1.622659999999999998e+117
-4.082890000000000261e+116
-7.123340000000000252e+117
-5.041079999999999819e+118
-5.041079999999999819e+118
-1.944500000000000126e+119
-6.555439999999999799e+118
-6.555439999999999799e+118
1.121839999999999911e+118
1.121839999999999911e+118
1.121839999999999911e+118
6.086979999999999640e+118
2.054590000000000169e+119
3.729609999999999729e+119
1.062739999999999940e+120
1.062739999999999940e+120
5.235070000000000032e+120
1.939310000000000061e+121
1.939310000000000061e+121
1.939310000000000061e+121
1.939310000000000061e+121
1.574020000000000068e+122
1.574020000000000068e+122
7.615100000000000185e+120
1.380130000000000039e+121
1.380130000000000039e+121
-3.314010000000000152e+118
-3.314010000000000152e+118
1.212139999999999925e+121
1.212139999999999925e+121
4.682239999999999552e+121
4.682239999999999552e+121
4.682239999999999552e+121
-2.199269999999999851e+122
-2.199269999999999851e+122
-2.199269999999999851e+122
-2.053249999999999891e+123
-2.053249999999999891e+123
-2.300889999999999962e+123
-2.300889999999999962e+123
-2.300889999999999962e+123
-2.300889999999999962e+123
2.371599999999999942e+124
2.371599999999999942e+124
8.940629999999999866e+124
8.940629999999999866e+124
8.940629999999999866e+124
8.940629999999999866e+124
8.940629999999999866e+124
8.940629999999999866e+124
8.940629999999999866e+124
5.447609999999999544e+124
5.447609999999999544e+124
4.208520000000000360e+125
1.861099999999999994e+126
1.389700000000000034e+125
-3.439080000000000240e+125
-3.439080000000000240e+125
4.850330000000000094e+126
4.850330000000000094e+126
4.850330000000000094e+126
4.850330000000000094e+126
-5.393350000000000149e+126
-5.393350000000000149e+126
2.873739999999999847e+125
2.873739999999999847e+125
2.873739999999999847e+125
2.873739999999999847e+125
-6.284990000000000227e+126
-6.284990000000000227e+126
-6.284990000000000227e+126
-6.284990000000000227e+126
-6.284990000000000227e+126
1.192620000000000028e+128
3.456019999999999943e+128
3.456019999999999943e+128
1.825830000000000160e+128
7.227849999999999537e+127
1.114319999999999991e+129
1.114319999999999991e+129
1.114319999999999991e+129
1.114319999999999991e+129
3.840560000000000179e+128
1.761880000000000016e+129
1.761880000000000016e+129
3.757569999999999881e+130
3.293049999999999907e+129
-1.366759999999999956e+128
2.972510000000000060e+127
-1.606980000000000046e+126
-5.331910000000000257e+124
-5.331910000000000257e+124
-3.833719999999999949e+126
-3.833719999999999949e+126
-3.833719999999999949e+126
-3.833719999999999949e+126
-3.833719999999999949e+126
-3.833719999999999949e+126
-3.833719999999999949e+126
-3.833719999999999949e+126
-3.833719999999999949e+126
-3.833719999999999949e+126
-3.374559999999999894e+127
-1.625239999999999999e+128
-3.884650000000000217e+127
-3.122999999999999975e+127
-1.281970000000000053e+128
-5.336610000000000421e+127
-6.527270000000000258e+128
1.494890000000000058e+128
1.494890000000000058e+128
4.018750000000000122e+129
-3.623400000000000017e+128
1.465370000000000088e+130
1.510420000000000039e+131
5.717870000000000306e+131
5.717870000000000306e+131
1.571340000000000098e+131
1.571340000000000098e+131
6.405189999999999705e+130
6.405189999999999705e+130
2.929669999999999976e+131
4.479100000000000222e+129
4.479100000000000222e+129
5.728189999999999518e+130
4.618069999999999795e+129
3.746039999999999757e+131
3.746039999999999757e+131
3.746039999999999757e+131
3.746039999999999757e+131
3.746039999999999757e+131
3.746039999999999757e+131
9.071560000000000446e+131
9.071560000000000446e+131
9.071560000000000446e+131
-2.180039999999999921e+135
-2.180039999999999921e+135
-6.019410000000000025e+135
1.681409999999999939e+136
1.681409999999999939e+136
-2.440870000000000131e+137
1.025249999999999985e+136
8.369780000000000234e+136
4.441629999999999607e+137
4.441629999999999607e+137
4.441629999999999607e+137
6.155530000000000286e+140
6.155530000000000286e+140
6.155530000000000286e+140
6.155530000000000286e+140
6.155530000000000286e+140
4.457569999999999757e+142
9.482780000000000591e+141
8.926660000000000415e+142
8.926660000000000415e+142
2.691840000000000108e+143
1.639559999999999983e+144
1.639559999999999983e+144
3.249330000000000064e+145
-2.761809999999999803e+145
-2.761809999999999803e+145
-1.318789999999999938e+145
-5.212450000000000252e+144
-2.434169999999999880e+145
-1.155229999999999987e+146
-4.880099999999999754e+146
-4.880099999999999754e+146
-4.880099999999999754e+146
-4.880099999999999754e+146
-3.265659999999999723e+147
-2.214839999999999839e+149
-3.497389999999999771e+148
-8.431089999999999469e+149
-8.431089999999999469e+149
-8.431089999999999469e+149
-8.431089999999999469e+149
-1.430900000000000112e+151
-1.430900000000000112e+151
-8.050970000000000256e+151
-1.066169999999999923e+153
-1.066169999999999923e+153
-1.066169999999999923e+153
-2.661650000000000108e+153
-2.240419999999999891e+152
-1.739060000000000095e+154
-1.739060000000000095e+154
-1.484349999999999944e+152
-1.484349999999999944e+152
-6.529819999999999719e+150
-6.529819999999999719e+150
-6.529819999999999719e+150
4.268200000000000266e+152
4.268200000000000266e+152
4.268200000000000266e+152
4.268200000000000266e+152
-9.484660000000000242e+151
8.415800000000000574e+151
8.415800000000000574e+151
8.415800000000000574e+151
8.415800000000000574e+151
8.415800000000000574e+151
8.415800000000000574e+151
3.212399999999999958e+152
1.597260000000000085e+153
1.597260000000000085e+153
7.052289999999999355e+153
7.052289999999999355e+153
1.930389999999999932e+154
-2.060129999999999918e+154
-9.728890000000000136e+152
-9.728890000000000136e+152
-9.728890000000000136e+152
-1.206989999999999933e+153
-1.572170000000000011e+154
-1.572170000000000011e+154
-3.366630000000000297e+153
-3.366630000000000297e+153
-3.366630000000000297e+153
-1.382059999999999899e+154
-2.530520000000000085e+153
-2.530520000000000085e+153
-3.037309999999999913e+152
-3.037309999999999913e+152
-3.037309999999999913e+152
-1.426900000000000111e+152
-1.426900000000000111e+152
-7.016700000000000313e+152
-7.016700000000000313e+152
-7.016700000000000313e+152
-8.560559999999999753e+151
-8.560559999999999753e+151
-3.238140000000000146e+152
-1.396320000000000113e+152
-3.038890000000000066e+151
-8.365440000000000457e+153
-8.365440000000000457e+153
-3.093619999999999836e+154
-4.734010000000000175e+153
4.443329999999999931e+154
4.443329999999999931e+154
1.246069999999999899e+155
6.339640000000000337e+155
1.332059999999999964e+155
6.904049999999999658e+155
3.371659999999999824e+156
-8.963690000000000189e+156
4.524579999999999953e+158
4.524579999999999953e+158
4.524579999999999953e+158
2.239659999999999967e+160
2.239659999999999967e+160
4.905480000000000039e+161
3.815140000000000169e+162
3.815140000000000169e+162
1.214619999999999938e+163
1.183280000000000089e+164
7.524890000000000114e+164
7.524890000000000114e+164
4.729650000000000316e+164
4.729650000000000316e+164
-2.785109999999999919e+165
-2.785109999999999919e+165
-1.485649999999999936e+165
-1.485649999999999936e+165
-2.254670000000000071e+164
-2.254670000000000071e+164
-2.254670000000000071e+164
-2.254670000000000071e+164
-2.254670000000000071e+164
-3.348220000000000031e+163
-3.348220000000000031e+163
-8.943979999999999825e+164
-1.650360000000000136e+166
-2.269509999999999895e+165
-2.269509999999999895e+165
-1.180200000000000018e+166
-1.775269999999999933e+166
-8.513240000000000470e+167
-8.140920000000000056e+168
-6.068110000000000129e+168
-6.068110000000000129e+168
-6.068110000000000129e+168
-8.444990000000000477e+168
-2.471049999999999820e+167
-1.374209999999999985e+170
-1.374209999999999985e+170
-1.374209999999999985e+170
-1.374209999999999985e+170
2.663480000000000113e+169
2.663480000000000113e+169
2.663480000000000113e+169
2.663480000000000113e+169
1.173290000000000058e+170
1.173290000000000058e+170
2.473230000000000091e+170
1.800390000000000078e+171
8.845800000000000213e+171
8.845800000000000213e+171
8.494079999999999597e+173
8.494079999999999597e+173
7.245109999999999499e+173
7.245109999999999499e+173
-3.116589999999999834e+174
-2.036799999999999843e+175
-2.036799999999999843e+175
-6.934349999999999922e+175
-2.301830000000000015e+175
-2.301830000000000015e+175
-4.765560000000000179e+175
-4.765560000000000179e+175
-4.765560000000000179e+175
5.994940000000000396e+173
-9.942380000000000289e+174
-4.623470000000000307e+175
-6.729789999999999338e+175
-6.729789999999999338e+175
2.680239999999999967e+177
-1.374100000000000013e+176
-1.374100000000000013e+176
-2.484090000000000056e+176
-2.484090000000000056e+176
-1.108179999999999947e+174
-1.108179999999999947e+174
-1.108179999999999947e+174
-1.281650000000000024e+175
-1.281650000000000024e+175
-1.349749999999999941e+175
-1.053800000000000016e+176
-1.053800000000000016e+176
-1.053800000000000016e+176
-1.053800000000000016e+176
-1.745929999999999964e+175
-4.336549999999999883e+175
-2.634960000000000105e+175
-2.634960000000000105e+175
-2.634960000000000105e+175
-2.634960000000000105e+175
-1.973750000000000086e+175
-1.973750000000000086e+175
-1.973750000000000086e+175
-1.973750000000000086e+175
-1.946659999999999861e+176
-1.946659999999999861e+176
-1.946659999999999861e+176
-1.946659999999999861e+176
-4.089539999999999709e+175
2.472959999999999988e+174
2.472959999999999988e+174
4.403630000000000052e+175
4.403630000000000052e+175
1.136550000000000084e+177
1.136550000000000084e+177
1.136550000000000084e+177
6.494769999999999691e+177
6.494769999999999691e+177
6.494769999999999691e+177
4.483139999999999699e+178
4.219720000000000379e+177
1.994660000000000052e+180
1.994660000000000052e+180
1.994660000000000052e+180
1.994660000000000052e+180
1.994660000000000052e+180
5.424100000000000370e+179
-2.062589999999999893e+180
-2.062589999999999893e+180
-2.062589999999999893e+180
-2.362490000000000025e+182
-2.362490000000000025e+182
-2.581570000000000156e+183
-2.581570000000000156e+183
-1.229390000000000010e+184
-1.229390000000000010e+184
-1.229390000000000010e+184
-8.733790000000000024e+184
-2.506679999999999928e+185
-7.197310000000000345e+185
-7.197310000000000345e+185
-7.197310000000000345e+185
-7.197310000000000345e+185
-7.197310000000000345e+185
-7.197310000000000345e+185
-7.197310000000000345e+185
-3.458139999999999755e+185
-2.610140000000000120e+188
-2.610140000000000120e+188
-2.610140000000000120e+188
-4.765050000000000287e+188
-1.043710000000000038e+189
-1.043710000000000038e+189
-8.376869999999999469e+190
-1.484369999999999913e+190
-1.484369999999999913e+190
-1.484369999999999913e+190
-1.484369999999999913e+190
-1.767279999999999996e+189
-5.641240000000000001e+189
-4.909469999999999622e+190
-4.909469999999999622e+190
-4.909469999999999622e+190
-6.476309999999999912e+191
-6.476309999999999912e+191
-1.090990000000000016e+192
-5.610609999999999966e+192
-5.610609999999999966e+192
-5.610609999999999966e+192
-2.784550000000000149e+193
-2.784550000000000149e+193
-2.784550000000000149e+193
-2.784550000000000149e+193
-2.784550000000000149e+193
-2.784550000000000149e+193
-2.784550000000000149e+193
-1.271370000000000052e+194
-1.969759999999999940e+195
-1.969759999999999940e+195
-1.969759999999999940e+195
-1.969759999999999940e+195
-1.969759999999999940e+195
-1.252989999999999888e+195
-1.252989999999999888e+195
-1.216159999999999980e+196
-1.216159999999999980e+196
-1.305860000000000102e+196
-2.953479999999999924e+196
-3.340380000000000187e+195
-3.340380000000000187e+195
-3.340380000000000187e+195
-3.340380000000000187e+195
-8.078759999999999961e+196
4.749519999999999761e+197
4.749519999999999761e+197
4.749519999999999761e+197
1.711260000000000052e+198
4.680670000000000082e+198
4.758140000000000061e+199
4.758140000000000061e+199
4.758140000000000061e+199
3.307699999999999950e+200
-2.318609999999999994e+202
-2.087690000000000112e+202
-1.393929999999999958e+203
-1.393929999999999958e+203
-7.145879999999999555e+203
-7.145879999999999555e+203
-7.145879999999999555e+203
-7.110099999999999792e+204
-7.110099999999999792e+204
-7.110099999999999792e+204
-7.110099999999999792e+204
-3.869300000000000105e+204
-2.393140000000000090e+204
-7.896029999999999844e+204
-4.032810000000000120e+205
-4.032810000000000120e+205
-1.910239999999999953e+206
-1.910239999999999953e+206
-1.910239999999999953e+206
-6.814019999999999552e+207
-6.814019999999999552e+207
-6.814019999999999552e+207
-6.814019999999999552e+207
-6.814019999999999552e+207
-3.868430000000000196e+208
-3.868430000000000196e+208
-3.868430000000000196e+208
-2.016749999999999884e+211
-2.623829999999999852e+212
-1.205070000000000048e+213
-1.932459999999999948e+213
-1.932459999999999948e+213
-6.424700000000000431e+213
-6.424700000000000431e+213
-8.957429999999999492e+214
-3.681270000000000115e+214
-3.681270000000000115e+214
-3.681270000000000115e+214
-1.285440000000000082e+215
-1.285440000000000082e+215
-1.285440000000000082e+215
-1.285440000000000082e+215
-1.285440000000000082e+215
-1.285440000000000082e+215
-2.399479999999999784e+214
-2.399479999999999784e+214
-2.399479999999999784e+214
-2.399479999999999784e+214
-1.056249999999999986e+214
-4.380020000000000159e+212
-4.380020000000000159e+212
-3.116260000000000186e+212
-3.116260000000000186e+212
-7.974770000000000043e+213
-7.974770000000000043e+213
-7.974770000000000043e+213
-7.974770000000000043e+213
-7.974770000000000043e+213
-7.974770000000000043e+213
-3.588589999999999948e+215
-3.588589999999999948e+215
-2.017059999999999980e+217
-2.065860000000000052e+217
-5.170910000000000260e+216
-5.170910000000000260e+216
-5.170910000000000260e+216
-1.734350000000000064e+217
-1.734350000000000064e+217
-2.575809999999999871e+216
-2.339050000000000028e+218
-2.339050000000000028e+218
3.502719999999999824e+220
3.502719999999999824e+220
3.502719999999999824e+220
4.584679999999999606e+221
1.642350000000000116e+223
1.642350000000000116e+223
1.642350000000000116e+223
1.642350000000000116e+223
1.642350000000000116e+223
1.642350000000000116e+223
1.642350000000000116e+223
3.940189999999999793e+223
1.894679999999999930e+224
3.416920000000000162e+223
3.416920000000000162e+223
3.416920000000000162e+223
1.359799999999999934e+224
1.359799999999999934e+224
2.388529999999999951e+226
2.388529999999999951e+226
2.388529999999999951e+226
2.388529999999999951e+226
2.388529999999999951e+226
6.600449999999999917e+225
6.600449999999999917e+225
6.600449999999999917e+225
9.405470000000000386e+227
6.385779999999999444e+228
4.303839999999999656e+227
9.279260000000000450e+227
4.503329999999999996e+228
4.503329999999999996e+228
4.503329999999999996e+228
4.503329999999999996e+228
4.503329999999999996e+228
4.503329999999999996e+228
-1.843880000000000034e+228
-4.147730000000000190e+229
-4.147730000000000190e+229
-4.147730000000000190e+229
-4.147730000000000190e+229
-2.756559999999999914e+230
-1.637239999999999837e+231
-1.637239999999999837e+231
-1.637239999999999837e+231
-1.637239999999999837e+231
-1.637239999999999837e+231
-1.637239999999999837e+231
-1.637239999999999837e+231
-8.490690000000000302e+229
-8.490690000000000302e+229
1.134590000000000046e+229
-8.970409999999999583e+230
-4.155010000000000205e+231
-4.155010000000000205e+231
-7.482230000000000197e+230
-7.482230000000000197e+230
1.194110000000000066e+232
1.194110000000000066e+232
8.371760000000000031e+231
4.333020000000000243e+231
2.102569999999999959e+232
2.102569999999999959e+232
2.096500000000000068e+232
2.096500000000000068e+232
2.096500000000000068e+232
2.096500000000000068e+232
1.294100000000000070e+231
1.294100000000000070e+231
1.294100000000000070e+231
1.294100000000000070e+231
1.294100000000000070e+231
4.217610000000000095e+230
1.871079999999999836e+231
1.394219999999999970e+233
9.504429999999999226e+233
9.504429999999999226e+233
4.600160000000000168e+234
1.102549999999999922e+236
3.347860000000000297e+234
3.347860000000000297e+234
1.258309999999999968e+234
1.258309999999999968e+234
1.258309999999999968e+234
1.258309999999999968e+234
1.258309999999999968e+234
2.564980000000000007e+235
2.564980000000000007e+235
2.564980000000000007e+235
2.564980000000000007e+235
2.564980000000000007e+235
2.564980000000000007e+235
2.477339999999999928e+233
2.357760000000000142e+236
5.511060000000000322e+234
5.511060000000000322e+234
5.511060000000000322e+234
5.511060000000000322e+234
5.511060000000000322e+234
2.684309999999999829e+236
2.684309999999999829e+236
1.018640000000000060e+238
2.874329999999999978e+238
-3.224109999999999889e+238
-3.224109999999999889e+238
-3.224109999999999889e+238
-3.224109999999999889e+238
3.467799999999999900e+239
3.467799999999999900e+239
7.152150000000000456e+239
7.152150000000000456e+239
7.152150000000000456e+239
7.152150000000000456e+239
-1.554989999999999956e+240
-1.554989999999999956e+240
-1.554989999999999956e+240
-2.521270000000000111e+240
-4.431819999999999774e+241
-5.140129999999999797e+242
-5.140129999999999797e+242
-5.140129999999999797e+242
-5.140129999999999797e+242
-1.387120000000000096e+244
-4.899150000000000191e+244
-3.186729999999999883e+245
-4.058260000000000225e+243
-4.058260000000000225e+243
-3.256150000000000098e+245
-5.350439999999999854e+246
-1.409430000000000062e+247
-1.409430000000000062e+247
-1.853680000000000051e+248
-9.862959999999999427e+249
-9.862959999999999427e+249
-2.186970000000000049e+250
-1.444800000000000115e+251
-1.444800000000000115e+251
-1.444800000000000115e+251
-1.444800000000000115e+251
1.218940000000000063e+252
-6.383450000000000007e+252
2.638519999999999848e+250
4.530699999999999765e+252
4.530699999999999765e+252
4.530699999999999765e+252
4.530699999999999765e+252
4.530699999999999765e+252
4.530699999999999765e+252
4.530699999999999765e+252
1.077769999999999978e+254
1.077769999999999978e+254
1.410930000000000075e+253
1.410930000000000075e+253
1.410930000000000075e+253
1.076509999999999964e+255
1.076509999999999964e+255
1.076509999999999964e+255
1.076509999999999964e+255
1.076509999999999964e+255
3.274429999999999838e+255
3.274429999999999838e+255
1.254910000000000110e+254
1.254910000000000110e+254
1.254910000000000110e+254
1.254910000000000110e+254
2.863489999999999893e+251
2.863489999999999893e+251
8.707130000000000559e+250
1.644470000000000004e+252
1.644470000000000004e+252
2.580539999999999997e+256
2.580539999999999997e+256
1.123380000000000065e+257
1.123380000000000065e+257
6.407020000000000373e+256
6.407020000000000373e+256
-7.796839999999999984e+252
9.705370000000000133e+255
9.705370000000000133e+255
3.835879999999999955e+257
7.350949999999999755e+257
5.534470000000000316e+254
5.534470000000000316e+254
5.534470000000000316e+254
-8.714020000000000231e+257
-1.128609999999999965e+257
-2.056979999999999946e+258
-2.056979999999999946e+258
-2.056979999999999946e+258
-2.056979999999999946e+258
-6.055659999999999891e+259
-6.055659999999999891e+259
-5.116690000000000183e+259
-5.116690000000000183e+259
-5.116690000000000183e+259
-1.023750000000000023e+263
-1.023750000000000023e+263
-1.023750000000000023e+263
-1.723349999999999949e+264
-1.723349999999999949e+264
-1.723349999999999949e+264
-1.723349999999999949e+264
-1.115870000000000059e+263
-7.797849999999999970e+262
-8.502939999999999978e+263
3.127779999999999868e+261
3.127779999999999868e+261
-8.889080000000000222e+266
-8.889080000000000222e+266
-9.075049999999999573e+266
-9.075049999999999573e+266
-9.075049999999999573e+266
-9.075049999999999573e+266
-9.075049999999999573e+266
-4.145210000000000081e+269
-9.454129999999999645e+269
-2.340380000000000231e+270
-2.880199999999999833e+270
-5.043859999999999884e+271
-3.287190000000000142e+270
-3.287190000000000142e+270
-3.287190000000000142e+270
-7.420239999999999534e+269
-7.420239999999999534e+269
-7.420239999999999534e+269
-7.420239999999999534e+269
-9.040050000000000793e+270
-9.040050000000000793e+270
-9.040050000000000793e+270
-9.040050000000000793e+270
-9.040050000000000793e+270
-5.717969999999999890e+272
-3.509589999999999765e+274
-2.246390000000000126e+274
-1.876190000000000051e+275
-1.160399999999999952e+274
-2.288159999999999831e+274
-3.122289999999999885e+273
-5.471440000000000177e+273
-3.075710000000000009e+275
-2.911680000000000229e+276
-2.911680000000000229e+276
-8.375420000000000345e+276
-8.375420000000000345e+276
5.283689999999999980e+275
5.283689999999999980e+275
5.283689999999999980e+275
5.283689999999999980e+275
7.443379999999999563e+276
7.443379999999999563e+276
7.443379999999999563e+276
7.443379999999999563e+276
2.827349999999999952e+278
1.031339999999999968e+279
-2.094339999999999971e+276
7.685030000000000590e+277
1.591539999999999939e+279
1.224500000000000085e+280
1.224500000000000085e+280
-3.291960000000000089e+280
-3.291960000000000089e+280
5.542449999999999852e+280
2.601750000000000123e+283
2.601750000000000123e+283
2.601750000000000123e+283
1.039280000000000036e+284
1.039280000000000036e+284
1.301809999999999965e+284
2.128230000000000048e+285
2.128230000000000048e+285
4.690970000000000029e+287
4.690970000000000029e+287
4.690970000000000029e+287
2.864490000000000125e+288
9.955689999999999910e+289
9.955689999999999910e+289
9.955689999999999910e+289
4.727710000000000174e+290
1.302640000000000066e+289
5.378789999999999764e+290
1.056099999999999992e+291
9.944839999999999479e+287
9.944839999999999479e+287
9.944839999999999479e+287
6.160280000000000024e+295
5.420429999999999986e+296
1.186180000000000012e+297
1.186180000000000012e+297
5.371680000000000146e+291
5.371680000000000146e+291
4.122170000000000148e+292
4.122170000000000148e+292
1.766669999999999963e+292
5.115730000000000195e+293
5.115730000000000195e+293
-1.341240000000000042e+296
-5.455129999999999687e+293
-5.455129999999999687e+293
-5.455129999999999687e+293
-5.455129999999999687e+293
-1.242829999999999949e+297
-1.937209999999999853e+296
-1.937209999999999853e+296
-2.682900000000000057e+295
-2.682900000000000057e+295
-2.682900000000000057e+295
-4.880429999999999965e+294
-9.671829999999999194e+295
-9.671829999999999194e+295
-3.383700000000000091e+295
-3.383700000000000091e+295
-2.619580000000000006e+294
-5.108099999999999797e+295
-5.108099999999999797e+295
-2.103140000000000164e+296
-4.715880000000000240e+295
-4.715880000000000240e+295
-1.293089999999999975e+296
-9.171339999999999659e+296
-3.691449999999999921e+297
-5.554849999999999591e+298
-7.633059999999999874e+296
-7.633059999999999874e+296
-7.633059999999999874e+296
-7.633059999999999874e+296
-7.633059999999999874e+296
-7.633059999999999874e+296
-7.633059999999999874e+296
-7.633059999999999874e+296
-6.315449999999999814e+297
-1.973199999999999919e+298
-1.125599999999999932e+299
-1.125599999999999932e+299
-1.125599999999999932e+299
-2.797749999999999899e+299
-2.797749999999999899e+299
-4.213739999999999946e+298
-1.583320000000000008e+301
-1.093000000000000031e+300
-1.528170000000000004e+301
-2.132040000000000128e+302
-2.132040000000000128e+302
-3.018399999999999971e+302
-3.018399999999999971e+302
-3.018399999999999971e+302
-2.294599999999999965e+304
-2.294599999999999965e+304
-2.294599999999999965e+304
-2.294599999999999965e+304
-2.294599999999999965e+304
-2.294599999999999965e+304
-7.724910000000000548e+306
-7.724910000000000548e+306
-5.845789999999999513e+307
-inf
-inf
-inf
-inf
-inf
inf
inf
inf
inf
inf
inf
inf
inf
inf
inf
inf
inf
inf
inf
inf
inf
inf
inf
inf
inf
inf
inf
inf
inf
inf
inf
inf
inf
inf
inf
inf
inf
inf
inf
inf
inf
inf
inf
inf
inf
inf
inf
inf
inf
inf
inf
inf
inf
inf
inf
inf
inf
inf
inf
inf
inf
inf
inf
inf
inf
inf
inf
inf
inf
inf
inf
inf
inf
inf
inf
inf
inf
inf
inf
inf
inf
inf
inf
inf
inf
inf
inf
inf
inf
inf
inf
inf
inf
inf
inf
inf
inf
inf
inf
inf
inf
inf
inf
inf
inf
inf
inf
inf
inf
inf
inf
inf
inf
inf
inf
inf
inf
inf
inf
inf
inf
inf
inf
inf
inf
inf
inf
inf
inf
inf
inf
inf
inf
inf
inf
inf
inf
inf
-inf
-inf
-inf
inf
inf
inf
inf
inf
inf
inf
inf
inf
inf
inf
inf
inf
inf
inf
inf
inf
inf
-inf
-inf
inf
inf
inf
inf
inf
inf
inf
inf
inf
inf
inf
inf
inf
inf
inf
inf
inf
inf
inf
inf
inf
-inf
inf
inf
inf
inf
inf
inf
inf
inf
inf
inf
inf
inf
inf
inf
inf
inf
inf
inf
inf
inf
inf
inf
inf
inf
inf
inf
inf
inf
-inf
-inf
-inf
-inf
-inf
-inf
-inf
-inf
-inf
-inf
-inf
-inf
-inf
-inf
-inf
-inf
-inf
-inf
-inf
-inf
-inf
-inf
-inf
-inf
-inf
-inf
-inf
-inf
-inf
-inf
-inf
-inf
-inf
-inf
-inf
-inf
-inf
inf
-inf
-inf
-inf
-inf
-inf
-inf
-inf
-inf
-inf
-inf
-inf
-inf
-inf
-inf
-inf
-inf
-inf
-inf
-inf
-inf
-inf
-inf
-inf
-inf
-inf
-inf
-inf
-inf
-inf
-inf
-inf
-inf
-inf
-inf
-inf
-inf
-inf
-inf
-inf
-inf
-inf
-inf
-inf
-inf
-inf
-inf
-inf
-inf
-inf
-inf
-inf
inf
-inf
-inf
-inf
-inf
-inf
-inf
-inf
-inf
-inf
-inf
-inf
-inf
-inf
-inf
-inf
-inf
-inf
-inf
-inf
-inf
-inf
-inf
-inf
-inf
-inf
-inf
-inf
-inf
-inf
-inf
-inf
-inf
-inf
-inf
-inf
-inf
-inf
-inf
-inf
-inf
-inf
-inf
-inf
-inf
-inf
-inf
-inf
-inf
-inf
-inf
-inf
-inf
-inf
-inf
-inf
-inf
-inf
-inf
-inf
-inf
-inf
-inf
-inf
-inf
-inf
-inf
-inf
-inf
-inf
-inf
-inf
-inf
-inf
-inf
-inf
-inf
-inf
-inf
-inf
-inf
-inf
-inf
-inf
-inf
-inf
-inf
-inf
-inf
-inf
-inf
-inf
-inf
-inf
-inf
-inf
-inf
-inf
-inf
-inf
-inf
-inf
-inf
-inf
-inf
-inf
-inf
-inf
-inf
-inf
-inf
-inf
-inf
-inf
-inf
-inf
-inf
-inf
-inf
-inf
-inf
-inf
-inf
-inf
-inf
inf
-inf
-inf
-inf
-inf
-inf
-inf
-inf
-inf
-inf
-inf
-inf
-inf
-inf
-inf
-inf
-inf
-inf
-inf
-inf
-inf
-inf
-inf
-inf
-inf
-inf
-inf
-inf
-inf
-inf
-inf
-inf
-inf
-inf
-inf
-inf
-inf
-inf
-inf
-inf
-inf
-inf
-inf
-inf
-inf
inf
inf
inf
inf
inf
inf
inf
inf
inf
inf
inf
inf
inf
inf
inf
inf
inf
inf
inf
inf
inf
inf
inf
inf
inf
inf
inf
inf
inf
inf
inf
inf
inf
inf
inf
inf
inf
inf
inf
inf
inf
inf
inf
inf
inf
inf
inf
inf
inf
inf
inf
inf
inf
inf
inf
inf
inf
inf
inf
inf
inf
inf
inf
inf
inf
inf
inf
inf
inf
inf
inf
inf
inf
inf
inf
inf
inf
inf
inf
inf
inf
inf
inf
inf
inf
inf
inf
-inf
-inf
-inf
-inf
-inf
-inf
inf
inf
-inf
-inf
-inf
-inf
-inf
-inf
-inf
-inf
-inf
-inf
-inf
-inf
-inf
-inf
-inf
-inf
-inf
-inf
-inf
-inf
-inf
-inf
-inf
-inf
-inf
-inf
-inf
-inf
-inf
inf
inf
inf
inf
inf
inf
inf
inf
inf
inf
inf
inf
inf
inf
inf
inf
inf
inf
inf
inf
inf
inf
inf
inf
inf
inf
inf
inf
inf
inf
inf
inf
inf
inf
-inf
inf
inf
inf
inf
inf
inf
inf
inf
inf
inf
inf
inf
inf
inf
inf
inf
inf
inf
inf
inf
inf
inf
inf
inf
inf
inf
inf
inf
inf
inf
-inf
-inf
-inf
-inf
-inf
-inf
-inf
-inf
-inf
-inf
-inf
-inf
-inf
-inf
-inf
-inf
-inf
-inf
-inf
-inf
-inf
-inf
-inf
-inf
-inf
-inf
-inf
-inf
-inf
-inf
-inf
-inf
-inf
-inf
-inf
-inf
-inf
inf
inf
inf
-inf
-inf
-inf
-inf
-inf
-inf
-inf
-inf
-inf
-inf
-inf
inf
inf
inf
inf
inf
inf
inf
inf
inf
inf
inf
inf
inf
inf
-inf
-inf
-inf
-inf
-inf
-inf
-inf
-inf
-inf
-inf
-inf
-inf
-inf
-inf
-inf
-inf
-inf
-inf
-inf
-inf
-inf
-inf
-inf
-inf
-inf
-inf
-inf
-inf
-inf
-inf
-inf
inf
inf
inf
inf
inf
-inf
-inf
inf
inf
inf
inf
inf
inf
inf
inf
inf
inf
inf
inf
inf
inf
inf
inf
inf
inf
inf
inf
inf
inf
inf
inf
inf
inf
inf
inf
inf
inf
inf
inf
inf
inf
inf
inf
inf
inf
-inf
inf
inf
inf
inf
inf
inf
inf
inf
inf
inf
inf
inf
inf
inf
inf
inf
inf
inf
inf
inf
inf
inf
inf
inf
inf
inf
inf
inf
inf
inf
inf
inf
inf
inf
inf
inf
inf
inf
inf
inf
inf
inf
-inf
-inf
inf
-inf
-inf
-inf
inf
inf
-inf
-inf
-inf
-inf
inf
inf
inf
inf
inf
inf
inf
inf
inf
inf
inf
inf
inf
inf
inf
inf
inf
inf
-inf
-inf
-inf
-inf
-inf
-inf
-inf
-inf
-inf
-inf
-inf
inf
inf
-inf
-inf
-inf
-inf
-inf
-inf
-inf
-inf
-inf
-inf
-inf
-inf
-inf
-inf
-inf
-inf
-inf
-inf
-inf
inf
-inf
inf
inf
inf
inf
inf
inf
inf
inf
inf
inf
inf
inf
inf
inf
-inf
-inf
-inf
-inf
-inf
-inf
-inf
-inf
-inf
-inf
-inf
-inf
-inf
-inf
-inf
-inf
-inf
-inf
-inf
-inf
-inf
-inf
-inf
-inf
-inf
inf
-inf
-inf
-inf
-inf
inf
inf
-inf
-inf
-inf
inf
inf
-inf
-inf
-inf
-inf
-inf
-inf
-inf
-inf
-inf
-inf
-inf
-inf
-inf
-inf
-inf
-inf
-inf
-inf
-inf
-inf
-inf
-inf
-inf
-inf
-inf
-inf
-inf
-inf
-inf
-inf
-inf
-inf
inf
inf
inf
-inf
-inf
-inf
-inf
-inf
-inf
-inf
-inf
-inf
-inf
-inf
-inf
-inf
-inf
-inf
-inf
-inf
-inf
-inf
-inf
-inf
-inf
-inf
-inf
-inf
-inf
-inf
-inf
-inf
-inf
-inf
-inf
-inf
-inf
-inf
-inf
-inf
-inf
inf
inf
inf
inf
inf
inf
inf
inf
inf
inf
inf
inf
inf
inf
inf
inf
inf
inf
inf
inf
inf
inf
inf
inf
inf
inf
inf
inf
inf
inf
inf
inf
inf
inf
inf
inf
inf
inf
inf
inf
inf
inf
inf
inf
inf
inf
inf
inf
inf
inf
inf
inf
inf
inf
inf
inf
inf
inf
inf
inf
inf
inf
inf
inf
inf
inf
inf
inf
inf
inf
inf
inf
-inf
-inf
inf
-inf
-inf
-inf
-inf
-inf
-inf
-inf
-inf
-inf
-inf
-inf
-inf
-inf
-inf
-inf
-inf
-inf
-inf
-inf
-inf
inf
-inf
inf
inf
inf
inf
inf
inf
inf
inf
inf
inf
inf
inf
inf
inf
inf
inf
inf
inf
inf
inf
-inf
inf
inf
-inf
-inf
-inf
-inf
-inf
-inf
-inf
-inf
-inf
-inf
-inf
-inf
-inf
-inf
-inf
-inf
-inf
-inf
-inf
-inf
-inf
-inf
-inf
-inf
-inf
-inf
-inf
-inf
-inf
-inf
-inf
-inf
-inf
-inf
-inf
-inf
-inf
-inf
-inf
-inf
-inf
-inf
-inf
-inf
-inf
-inf
-inf
-inf
-inf
-inf
inf
inf
inf
inf
-inf
-inf
-inf
inf
-inf
-inf
-inf
-inf
-inf
-inf
inf
inf
inf
inf
inf
inf
inf
inf
inf
inf
inf
inf
inf
inf
inf
inf
inf
inf
inf
inf
inf
inf
inf
inf
inf
inf
inf
inf
inf
inf
inf
inf
inf
inf
inf
inf
inf
inf
inf
inf
inf
inf
inf
inf
inf
-inf
inf
inf
inf
inf
inf
inf
inf
inf
inf
inf
inf
inf
inf
inf
inf
inf
inf
inf
inf
inf
inf
inf
inf
inf
inf
inf
inf
inf
inf
inf
inf
inf
inf
inf
inf
inf
inf
inf
inf
inf
inf
inf
inf
inf
inf
inf
inf
inf
inf
inf
inf
inf
inf
inf
inf
inf
inf
inf
inf
inf
inf
inf
inf
inf
inf
inf
inf
inf
inf
-inf
inf
inf
inf
inf
inf
inf
inf
inf
inf
inf
inf
inf
inf
inf
inf
inf
inf
inf
inf
inf
inf
inf
inf
inf
inf
inf
inf
inf
inf
inf
inf
-inf
-inf
-inf
-inf
-inf
-inf
-inf
-inf
-inf
-inf
-inf
-inf
-inf
-inf
-inf
-inf
-inf
-inf
-inf
-inf
-inf
-inf
-inf
-inf
-inf
-inf
-inf
-inf
-inf
-inf
-inf
-inf
-inf
-inf
-inf
-inf
-inf
-inf
-inf
-inf
-inf
-inf
-inf
-inf
-inf
-inf
inf
inf
inf
inf
inf
inf
inf
inf
inf
inf
inf
inf
inf
inf
inf
inf
inf
inf
inf
inf
inf
inf
inf
inf
inf
inf
inf
inf
inf
inf
inf
inf
inf
-inf
-inf
inf
inf
inf
inf
inf
inf
inf
inf
inf
inf
inf
inf
inf
inf
inf
inf
inf
inf
inf
inf
inf
inf
inf
inf
inf
inf
inf
inf
inf
-inf
-inf
-inf
-inf
inf
inf
inf
inf
inf
inf
inf
inf
inf
inf
inf
inf
inf
inf
inf
inf
inf
inf
inf
inf
inf
inf
inf
inf
inf
-inf
-inf
-inf
-inf
-inf
-inf
-inf
-inf
-inf
inf
inf
inf
inf
inf
inf
inf
inf
inf
inf
inf
inf
inf
inf
inf
inf
inf
inf
inf
inf
inf
inf
inf
inf
-inf
-inf
-inf
-inf
-inf
-inf
inf
inf
inf
inf
inf
inf
inf
inf
inf
inf
inf
inf
inf
inf
inf
inf
inf
inf
inf
inf
inf
inf
inf
inf
inf
inf
inf
inf
inf
inf
inf
inf
inf
inf
inf
inf
inf
inf
inf
inf
inf
inf
inf
inf
inf
inf
inf
inf
inf
inf
inf
inf
inf
inf
inf
inf
inf
inf
inf
inf
inf
inf
inf
inf
inf
inf
inf
inf
inf
inf
inf
-inf
-inf
-inf
-inf
-inf
-inf
-inf
-inf
-inf
-inf
-inf
-inf
-inf
-inf
-inf
-inf
inf
inf
inf
inf
inf
inf
inf
inf
inf
inf
inf
inf
inf
inf
inf
inf
inf
inf
inf
inf
inf
inf
inf
inf
inf
inf
inf
inf
inf
inf
inf
inf
inf
inf
inf
inf
inf
inf
inf
inf
inf
inf
inf
inf
inf
inf
inf
inf
inf
inf
inf
inf
inf
inf
inf
inf
inf
inf
inf
inf
inf
inf
inf
inf
inf
inf
inf
inf
inf
inf
inf
inf
inf
inf
inf
inf
inf
inf
inf
inf
inf
inf
inf
inf
inf
inf
inf
inf
inf
inf
inf
inf
inf
inf
inf
inf
inf
inf
inf
inf
inf
inf
inf
inf
inf
inf
inf
inf
inf
inf
inf
inf
inf
inf
inf
inf
inf
inf
inf
inf
inf
inf
inf
inf
inf
inf
inf
inf
inf
inf
inf
inf
inf
inf
inf
inf
inf
inf
inf
inf
inf
inf
inf
inf
inf
inf
inf
inf
inf
inf
inf
inf
inf
inf
inf
inf
inf
inf
inf
inf
inf
inf
inf
inf
inf
inf
inf
inf
inf
inf
inf
inf
inf
inf
inf
inf
inf
inf
inf
inf
inf
inf
inf
inf
inf
inf
inf
inf
inf
inf
inf
inf
inf
inf
inf
inf
inf
inf
inf
inf
inf
inf
inf
inf
inf
inf
inf
inf
inf
inf
inf
inf
inf
inf
inf
inf
inf
inf
inf
inf
inf
inf
inf
inf
inf
inf
inf
inf
inf
inf
inf
inf
inf
inf
inf
inf
inf
inf
inf
inf
inf
inf
inf
inf
inf
inf
-inf
-inf
-inf
inf
inf
inf
inf
inf
inf
inf
inf
-inf
-inf
-inf
-inf
-inf
-inf
inf
inf
inf
inf
inf
inf
inf
inf
inf
inf
inf
inf
inf
inf
inf
inf
inf
inf
inf
inf
inf
inf
inf
inf
inf
inf
inf
inf
inf
inf
inf
inf
inf
inf
inf
inf
inf
inf
inf
inf
inf
inf
inf
inf
inf
inf
inf
inf
inf
inf
inf
inf
inf
inf
inf
inf
inf
inf
inf
inf
inf
inf
inf
inf
inf
inf
inf
inf
inf
inf
inf
inf
inf
inf
inf
inf
inf
inf
inf
inf
inf
inf
inf
inf
inf
inf
inf
inf
inf
inf
inf
inf
inf
inf
inf
inf
inf
inf
inf
inf
inf
inf
inf
inf
inf
inf
inf
inf
inf
inf
inf
inf
inf
inf
inf
inf
inf
inf
inf
inf
inf
inf
inf
inf
inf
inf
inf
inf
inf
inf
inf
inf
inf
inf
inf
inf
inf
inf
inf
inf
inf
inf
inf
inf
inf
inf
inf
inf
inf
inf
inf
inf
inf
inf
inf
inf
inf
inf
inf
inf
inf
inf
inf
inf
inf
inf
inf
inf
inf
inf
inf
inf
inf
inf
inf
inf
inf
inf
inf
inf
inf
