     0.0000000        0.79563286        0.01450093
     0.1000000        0.62909178        0.01472362
     0.2000000        0.51067022        0.01510098
     0.3000000        0.42499451        0.01541538
     0.4000000        0.35706991        0.01521414
     0.5000000        0.30405214        0.01519559
     0.6000000        0.26293473        0.01467830
     0.7000000        0.22837614        0.01362910
     0.8000000        0.19780264        0.01346249
     0.9000000        0.17266422        0.01286344
     1.0000000        0.15041439        0.01232391
     1.1000000        0.12892490        0.01193798
     1.2000000        0.11140693        0.01162372
     1.3000000        0.09716974        0.01121467
     1.4000000        0.08467203        0.01042018
     1.5000000        0.07331619        0.00914832
     1.6000000        0.06488749        0.00886114
     1.7000000        0.05702406        0.00865352
     1.8000000        0.05174749        0.00910087
     1.9000000        0.04269829        0.00936024
     2.0000000        0.03447040        0.00933137
     2.1000000        0.03103441        0.00999677
     2.2000000        0.02638439        0.00976904
     2.3000000        0.02191492        0.00949729
     2.4000000        0.01848257        0.00870367
     2.5000000        0.01551227        0.00776867
     2.6000000        0.01163931        0.00770309
     2.7000000        0.00806429        0.00758032
     2.8000000        0.00473299        0.00705754
     2.9000000        0.00126951        0.00665190
     3.0000000       -0.00068448        0.00623836
     3.1000000       -0.00315510        0.00589574
     3.2000000       -0.00454721        0.00587654
     3.3000000       -0.00560009        0.00592660
     3.4000000       -0.00554469        0.00632753
     3.5000000       -0.00433460        0.00599067
     3.6000000       -0.00514442        0.00578664
     3.7000000       -0.00727475        0.00555269
     3.8000000       -0.00887716        0.00519802
     3.9000000       -0.01065221        0.00534459
     4.0000000       -0.01076969        0.00611171
     4.1000000       -0.01103598        0.00673749
     4.2000000       -0.01080584        0.00706457
     4.3000000       -0.01106175        0.00633638
     4.4000000       -0.01338652        0.00587964
     4.5000000       -0.01249446        0.00565511
     4.6000000       -0.01193079        0.00507360
     4.7000000       -0.01407569        0.00538113
     4.8000000       -0.01276753        0.00597634
     4.9000000       -0.01260512        0.00616480
     5.0000000       -0.01357704        0.00605849
     5.1000000       -0.01531541        0.00596110
     5.2000000       -0.01302529        0.00602736
     5.3000000       -0.01334931        0.00503420
     5.4000000       -0.01410369        0.00440471
     5.5000000       -0.01207895        0.00422494
     5.6000000       -0.01193927        0.00400320
     5.7000000       -0.00877281        0.00356777
     5.8000000       -0.00932809        0.00362770
     5.9000000       -0.00888320        0.00374896
     6.0000000       -0.00952444        0.00483354
     6.1000000       -0.00999719        0.00546087
     6.2000000       -0.01179781        0.00507104
     6.3000000       -0.01229495        0.00437213
     6.4000000       -0.01257713        0.00409373
     6.5000000       -0.01135461        0.00396063
     6.6000000       -0.01015227        0.00455857
     6.7000000       -0.00662027        0.00453248
     6.8000000       -0.00433069        0.00495313
     6.9000000       -0.00248359        0.00615427
     7.0000000        0.00038848        0.00665349
     7.1000000        0.00347798        0.00594599
     7.2000000        0.00460700        0.00498413
     7.3000000        0.00566747        0.00529124
     7.4000000        0.00904713        0.00605053
     7.5000000        0.01186869        0.00654681
     7.6000000        0.01554214        0.00713395
     7.7000000        0.02170965        0.00749652
     7.8000000        0.02656828        0.00778924
     7.9000000        0.03292562        0.00738214
     8.0000000        0.03707436        0.00762686
     8.1000000        0.04339362        0.00854791
     8.2000000        0.04899791        0.00818707
     8.3000000        0.05324113        0.00790583
     8.4000000        0.06075884        0.00788391
     8.5000000        0.07174333        0.00860368
     8.6000000        0.08417044        0.00885314
     8.7000000        0.09587180        0.00897334
     8.8000000        0.10855878        0.00916061
     8.9000000        0.12146057        0.00937960
     9.0000000        0.14077899        0.01015799
     9.1000000        0.16376325        0.01065981
     9.2000000        0.18831809        0.01079233
     9.3000000        0.21608447        0.01029570
     9.4000000        0.24951261        0.01015655
     9.5000000        0.29385781        0.01011607
     9.6000000        0.34810956        0.01013103
     9.7000000        0.41800767        0.01019974
     9.8000000        0.50812006        0.01138227
     9.9000000        0.62884129        0.01271219
    10.0000000        0.79563286        0.01450093
