     0.0000000        1.31519730        0.01334191
     0.1000000        1.08777973        0.01150967
     0.2000000        0.91143224        0.01036628
     0.3000000        0.77126324        0.00976452
     0.4000000        0.65659168        0.00907620
     0.5000000        0.56059773        0.00794191
     0.6000000        0.48263901        0.00805426
     0.7000000        0.41581373        0.00729849
     0.8000000        0.36148695        0.00643671
     0.9000000        0.31492511        0.00656487
     1.0000000        0.27517806        0.00752291
     1.1000000        0.24068422        0.00936849
     1.2000000        0.20642348        0.00738811
     1.3000000        0.17862067        0.00658776
     1.4000000        0.15567228        0.00615627
     1.5000000        0.13698853        0.00646950
     1.6000000        0.12042545        0.00558479
     1.7000000        0.10441218        0.00538245
     1.8000000        0.08986084        0.00426337
     1.9000000        0.07783922        0.00382429
     2.0000000        0.06598635        0.00344760
     2.1000000        0.05618742        0.00272856
     2.2000000        0.04845928        0.00255975
     2.3000000        0.04287353        0.00236539
     2.4000000        0.03745301        0.00251867
     2.5000000        0.03416928        0.00323281
     2.6000000        0.03022950        0.00435280
     2.7000000        0.02716538        0.00535232
     2.8000000        0.02386871        0.00495785
     2.9000000        0.02165695        0.00427375
     3.0000000        0.02126536        0.00444631
     3.1000000        0.02052472        0.00467338
     3.2000000        0.01932311        0.00530143
     3.3000000        0.01805081        0.00532060
     3.4000000        0.01766843        0.00489347
     3.5000000        0.01653963        0.00489294
     3.6000000        0.01539789        0.00518480
     3.7000000        0.01559270        0.00635769
     3.8000000        0.01513822        0.00694950
     3.9000000        0.01456182        0.00719449
     4.0000000        0.01379383        0.00729442
     4.1000000        0.01231342        0.00720724
     4.2000000        0.01023156        0.00668222
     4.3000000        0.01117769        0.00787782
     4.4000000        0.01160195        0.00907683
     4.5000000        0.01123366        0.01014901
     4.6000000        0.01119531        0.01078801
     4.7000000        0.01114796        0.01133560
     4.8000000        0.01186947        0.01149122
     4.9000000        0.01385864        0.01228698
     5.0000000        0.01617050        0.01411836
     5.1000000        0.01637043        0.01338691
     5.2000000        0.01638617        0.01255419
     5.3000000        0.01552811        0.01181103
     5.4000000        0.01025334        0.00720497
     5.5000000        0.00545871        0.00359280
     5.6000000        0.00453658        0.00243487
     5.7000000        0.00414721        0.00196234
     5.8000000        0.00564535        0.00265348
     5.9000000        0.00794305        0.00411304
     6.0000000        0.00805047        0.00394777
     6.1000000        0.00777648        0.00329471
     6.2000000        0.00950053        0.00492228
     6.3000000        0.01068932        0.00572402
     6.4000000        0.01238233        0.00734585
     6.5000000        0.01525097        0.00944679
     6.6000000        0.01785545        0.01025479
     6.7000000        0.02019985        0.01090596
     6.8000000        0.02040939        0.00960769
     6.9000000        0.01883852        0.00617965
     7.0000000        0.02131600        0.00607179
     7.1000000        0.02316213        0.00539190
     7.2000000        0.02634235        0.00542555
     7.3000000        0.03034789        0.00510582
     7.4000000        0.03528392        0.00491916
     7.5000000        0.03866385        0.00229742
     7.6000000        0.04441371        0.00257648
     7.7000000        0.05106624        0.00317125
     7.8000000        0.05668434        0.00278790
     7.9000000        0.06055561        0.00272752
     8.0000000        0.06547053        0.00529299
     8.1000000        0.07504768        0.00660081
     8.2000000        0.08922769        0.00493936
     8.3000000        0.10604969        0.00296116
     8.4000000        0.12403467        0.00281494
     8.5000000        0.14486532        0.00450937
     8.6000000        0.16882820        0.00668991
     8.7000000        0.19508453        0.00844506
     8.8000000        0.22118123        0.00813835
     8.9000000        0.25290250        0.00951161
     9.0000000        0.28661067        0.01013168
     9.1000000        0.32754450        0.01195198
     9.2000000        0.37409306        0.01262756
     9.3000000        0.42482509        0.01026243
     9.4000000        0.49066897        0.01100917
     9.5000000        0.56822540        0.01152926
     9.6000000        0.66499812        0.01505432
     9.7000000        0.78095862        0.01782935
     9.8000000        0.92113710        0.01896945
     9.9000000        1.09340281        0.01592558
    10.0000000        1.31519730        0.01334191
