     0.0000000        3.23869045        0.15628961
     0.1000000        2.98724933        0.13325233
     0.2000000        2.80167928        0.12181720
     0.3000000        2.66446599        0.11988482
     0.4000000        2.55962058        0.11985109
     0.5000000        2.46313633        0.11626789
     0.6000000        2.38651843        0.11737999
     0.7000000        2.31683630        0.11437340
     0.8000000        2.25537002        0.11128329
     0.9000000        2.20408612        0.11115620
     1.0000000        2.15545399        0.11366317
     1.1000000        2.11386441        0.12071092
     1.2000000        2.05719362        0.11630306
     1.3000000        2.02287508        0.12469517
     1.4000000        1.99320752        0.13239809
     1.5000000        1.97125729        0.13822144
     1.6000000        1.93814564        0.12898726
     1.7000000        1.90109138        0.11723846
     1.8000000        1.85993001        0.10435891
     1.9000000        1.82901664        0.10105687
     2.0000000        1.80822728        0.09986908
     2.1000000        1.77878911        0.09253808
     2.2000000        1.75420890        0.08875246
     2.3000000        1.73003975        0.08481528
     2.4000000        1.69974389        0.08148052
     2.5000000        1.66365528        0.07721060
     2.6000000        1.64066911        0.07942055
     2.7000000        1.62414661        0.08141665
     2.8000000        1.60530123        0.08316472
     2.9000000        1.58706882        0.08451332
     3.0000000        1.57300004        0.08931944
     3.1000000        1.56331739        0.09635230
     3.2000000        1.55902935        0.10626702
     3.3000000        1.54999647        0.10980912
     3.4000000        1.52674217        0.09568555
     3.5000000        1.50554938        0.08386646
     3.6000000        1.49392542        0.07840153
     3.7000000        1.49260425        0.08387841
     3.8000000        1.49639324        0.09333492
     3.9000000        1.50816831        0.10867774
     4.0000000        1.51601237        0.12007089
     4.1000000        1.52979509        0.13787116
     4.2000000        1.54302338        0.15835584
     4.3000000        1.55179805        0.17427913
     4.4000000        1.55864181        0.18255807
     4.5000000        1.53514042        0.16676004
     4.6000000        1.54471579        0.17751680
     4.7000000        1.54350881        0.17356763
     4.8000000        1.56135772        0.19287539
     4.9000000        1.58755976        0.21989582
     5.0000000        1.61570795        0.24925531
     5.1000000        1.65360689        0.28279741
     5.2000000        1.66634597        0.29180282
     5.3000000        1.69263264        0.31877116
     5.4000000        1.69495701        0.31586958
     5.5000000        1.68205847        0.30247468
     5.6000000        1.69424517        0.31356954
     5.7000000        1.69970128        0.31454890
     5.8000000        1.71801138        0.33152822
     5.9000000        1.72261917        0.33016030
     6.0000000        1.71708748        0.31870427
     6.1000000        1.73842957        0.32722416
     6.2000000        1.73871363        0.31889826
     6.3000000        1.75603811        0.32350252
     6.4000000        1.74910639        0.31251456
     6.5000000        1.74544996        0.29995649
     6.6000000        1.75623430        0.29993655
     6.7000000        1.77637572        0.29979983
     6.8000000        1.78508893        0.28557058
     6.9000000        1.78461055        0.26978878
     7.0000000        1.78729232        0.26155821
     7.1000000        1.80744791        0.28009583
     7.2000000        1.81690064        0.28900709
     7.3000000        1.84811055        0.30853146
     7.4000000        1.89259655        0.33962928
     7.5000000        1.91391717        0.34489502
     7.6000000        1.91669115        0.32520618
     7.7000000        1.92113690        0.30423291
     7.8000000        1.96012848        0.31875234
     7.9000000        1.94585698        0.27643059
     8.0000000        1.94814912        0.25618630
     8.1000000        1.95443193        0.23221667
     8.2000000        1.96914652        0.21994094
     8.3000000        1.99066603        0.20868896
     8.4000000        2.01166442        0.19896961
     8.5000000        2.03923533        0.19641573
     8.6000000        2.07817107        0.20239861
     8.7000000        2.11676295        0.20240383
     8.8000000        2.16683266        0.20767417
     8.9000000        2.23452152        0.22526063
     9.0000000        2.29198249        0.24111062
     9.1000000        2.38987774        0.28772425
     9.2000000        2.50219802        0.35363442
     9.3000000        2.53464315        0.33185858
     9.4000000        2.55166215        0.28277755
     9.5000000        2.61147262        0.26518359
     9.6000000        2.69084453        0.25518538
     9.7000000        2.79162301        0.24547757
     9.8000000        2.91580740        0.23563716
     9.9000000        3.04583756        0.18876422
    10.0000000        3.23869045        0.15628961
