     0.0000000        0.16039151        0.00307811
     0.1000000        0.10817707        0.00315343
     0.2000000        0.07381499        0.00313810
     0.3000000        0.05047009        0.00315459
     0.4000000        0.03512088        0.00301940
     0.5000000        0.02504188        0.00278058
     0.6000000        0.01770980        0.00253561
     0.7000000        0.01218678        0.00232556
     0.8000000        0.00904195        0.00231162
     0.9000000        0.00719495        0.00204056
     1.0000000        0.00600230        0.00179112
     1.1000000        0.00542173        0.00156006
     1.2000000        0.00503581        0.00145746
     1.3000000        0.00443291        0.00159953
     1.4000000        0.00293526        0.00176335
     1.5000000        0.00168388        0.00176725
     1.6000000        0.00106342        0.00171186
     1.7000000        0.00080475        0.00164133
     1.8000000        0.00040929        0.00172889
     1.9000000        0.00009146        0.00186194
     2.0000000        0.00003312        0.00184682
     2.1000000        0.00007766        0.00177231
     2.2000000        0.00003242        0.00179013
     2.3000000       -0.00020313        0.00183272
     2.4000000       -0.00011469        0.00186014
     2.5000000       -0.00072811        0.00188640
     2.6000000       -0.00081456        0.00196345
     2.7000000       -0.00119632        0.00191689
     2.8000000       -0.00119564        0.00183675
     2.9000000       -0.00127591        0.00193017
     3.0000000       -0.00129471        0.00179189
     3.1000000       -0.00195476        0.00173481
     3.2000000       -0.00236972        0.00178692
     3.3000000       -0.00209651        0.00185083
     3.4000000       -0.00216796        0.00181703
     3.5000000       -0.00237372        0.00180900
     3.6000000       -0.00253471        0.00176265
     3.7000000       -0.00207526        0.00171713
     3.8000000       -0.00178516        0.00177863
     3.9000000       -0.00146926        0.00185523
     4.0000000       -0.00110454        0.00181520
     4.1000000       -0.00126394        0.00183845
     4.2000000       -0.00161857        0.00182555
     4.3000000       -0.00170984        0.00181333
     4.4000000       -0.00178660        0.00183711
     4.5000000       -0.00196559        0.00185558
     4.6000000       -0.00221540        0.00196026
     4.7000000       -0.00258609        0.00196599
     4.8000000       -0.00306030        0.00183840
     4.9000000       -0.00256080        0.00172295
     5.0000000       -0.00234151        0.00159687
     5.1000000       -0.00258171        0.00152789
     5.2000000       -0.00255542        0.00160087
     5.3000000       -0.00280099        0.00159999
     5.4000000       -0.00256478        0.00143294
     5.5000000       -0.00259474        0.00137057
     5.6000000       -0.00282974        0.00154750
     5.7000000       -0.00323777        0.00173008
     5.8000000       -0.00353153        0.00173606
     5.9000000       -0.00372493        0.00176250
     6.0000000       -0.00331387        0.00177103
     6.1000000       -0.00256559        0.00174680
     6.2000000       -0.00208031        0.00180980
     6.3000000       -0.00166495        0.00191873
     6.4000000       -0.00175029        0.00198869
     6.5000000       -0.00180208        0.00191506
     6.6000000       -0.00137401        0.00186118
     6.7000000       -0.00132927        0.00183905
     6.8000000       -0.00038504        0.00175717
     6.9000000        0.00063507        0.00167104
     7.0000000        0.00087824        0.00151118
     7.1000000        0.00046027        0.00143237
     7.2000000        0.00065371        0.00144611
     7.3000000        0.00054446        0.00153961
     7.4000000        0.00001698        0.00158351
     7.5000000       -0.00041432        0.00151915
     7.6000000       -0.00091285        0.00150615
     7.7000000       -0.00102562        0.00148500
     7.8000000       -0.00073219        0.00155109
     7.9000000       -0.00050893        0.00171659
     8.0000000       -0.00019689        0.00186281
     8.1000000        0.00031336        0.00183510
     8.2000000        0.00022993        0.00191907
     8.3000000       -0.00004179        0.00193704
     8.4000000       -0.00019571        0.00201987
     8.5000000       -0.00027070        0.00209643
     8.6000000       -0.00061148        0.00226241
     8.7000000       -0.00059417        0.00259198
     8.8000000       -0.00022109        0.00271543
     8.9000000        0.00050966        0.00284903
     9.0000000        0.00178025        0.00312516
     9.1000000        0.00325276        0.00326034
     9.2000000        0.00579652        0.00355287
     9.3000000        0.00890415        0.00359928
     9.4000000        0.01439048        0.00331581
     9.5000000        0.02193947        0.00312659
     9.6000000        0.03283313        0.00312192
     9.7000000        0.04899300        0.00308101
     9.8000000        0.07296079        0.00309119
     9.9000000        0.10795930        0.00313010
    10.0000000        0.16039151        0.00307811
