   1.0000000000000000                2           9
        (0.99999999999999989,1.18447964239542006E-003)
        (1.0000000000000002,-4.95637564492769963E-005)
  -2.0943951023931953       -1.2091995761561449     
        (0.24778248197122948,1.18423789293350024E-015)
 (-9.31166597692363873E-002,-5.46638099629983831E-002)
  (-9.31166597692361792E-002,5.46638099629990701E-002)
        (0.24563755746802071,1.38161087508908372E-015)
  -2.0943951023931953        1.2091995761561449     
       (0.24555403663532793,-2.96059473233375061E-016)
  (-9.47337150482426699E-002,5.24775904295110701E-002)
 (-9.47337150482426699E-002,-5.24775904295120554E-002)
       (0.24732115963838008,-2.96059473233375061E-016)
   0.0000000000000000       -2.4183991523122899     
        (0.24477311490357392,8.88178419700125232E-016)
       (3.63654813853130218E-004,-0.10703480764800588)
        (3.63654813853426313E-004,0.10703480764800825)
        (0.24543277654311671,1.48029736616687545E-015)
   0.0000000000000000        0.0000000000000000     
         (9.2171484518916884,2.13206335631145154E-002)
         (8.7836964996559352,1.02142429735108745E-002)
         (8.7836964996559352,1.02142429735108762E-002)
        (9.2154992140748888,-8.92147616091463255E-004)
   0.0000000000000000        2.4183991523122899     
       (0.24477311490357392,-8.88178419700125232E-016)
        (3.63654813853327597E-004,0.10703480764800588)
       (3.63654813853228934E-004,-0.10703480764800845)
       (0.24543277654311671,-8.88178419700125232E-016)
   2.0943951023931953       -1.2091995761561449     
        (0.24555403663532754,1.08555140185570870E-015)
 (-9.47337150482426699E-002,-5.24775904295110701E-002)
  (-9.47337150482424756E-002,5.24775904295120554E-002)
        (0.24732115963838031,1.48029736616687545E-015)
   2.0943951023931953        1.2091995761561449     
       (0.24778248197122948,-3.94745964311166748E-016)
  (-9.31166597692363873E-002,5.46638099629979876E-002)
 (-9.31166597692361792E-002,-5.46638099629996599E-002)
       (0.24563755746802091,-1.97372982155583374E-016)
   2.0943951023931953        3.6275987284684348     
        (0.25177767473400930,3.29057768687511679E-015)
 (-1.54037631231377747E-003,-1.36561435780449460E-003)
  (-1.54037631231397480E-003,1.36561435781061579E-003)
        (0.25277056424156652,2.85884838179138892E-015)
   4.1887902047863905        0.0000000000000000     
        (0.25177767473401008,4.30211422042248159E-016)
  (-1.54037631231298796E-003,1.36561435780789791E-003)
 (-1.54037631231318528E-003,-1.36561435780759304E-003)
        (0.25277056424156730,5.90769717096545950E-016)
   1.0000000000000000                2           9
       (0.99999999999999978,-1.13894104505738434E-003)
         (1.0000000000000000,1.31325306409630065E-003)
  -2.0943951023931953       -1.2091995761561449     
        (0.24113357746706932,9.86864910777916969E-016)
 (-9.40758173027294309E-002,-5.31039490809273526E-002)
  (-9.40758173027292366E-002,5.31039490809287335E-002)
        (0.24744977798771917,5.92118946466750122E-016)
  -2.0943951023931953        1.2091995761561449     
       (0.24392335879874860,-3.94745964311166748E-016)
  (-9.34294207395568038E-002,5.32725060771097603E-002)
 (-9.34294207395570120E-002,-5.32725060771102529E-002)
       (0.24856924306496964,-2.96059473233375061E-016)
   0.0000000000000000       -2.4183991523122899     
        (0.24325324648035293,1.28292438401129198E-015)
      (-1.39606267480453359E-004,-0.10848326752657103)
       (-1.39606267480453359E-004,0.10848326752657350)
        (0.24960604042682721,1.38161087508908372E-015)
   0.0000000000000000        0.0000000000000000     
        (9.2040488311703612,-2.05009388110374662E-002)
         (8.7931833735977243,1.56880817134675849E-003)
         (8.7931833735977225,1.56880817134676044E-003)
         (9.2107340690809796,2.36385551537291461E-002)
   0.0000000000000000        2.4183991523122899     
       (0.24325324648035293,-1.28292438401129198E-015)
       (-1.39606267480650738E-004,0.10848326752657142)
      (-1.39606267480255980E-004,-0.10848326752657329)
       (0.24960604042682721,-3.94745964311166748E-016)
   2.0943951023931953       -1.2091995761561449     
        (0.24392335879874880,3.94745964311166748E-016)
 (-9.34294207395570120E-002,-5.32725060771097603E-002)
  (-9.34294207395568038E-002,5.32725060771104542E-002)
        (0.24856924306496986,6.90805437544541858E-016)
   2.0943951023931953        1.2091995761561449     
       (0.24113357746706912,-7.89491928622333496E-016)
  (-9.40758173027292366E-002,5.31039490809272555E-002)
 (-9.40758173027296252E-002,-5.31039490809287335E-002)
       (0.24744977798771917,-1.97372982155583374E-016)
   2.0943951023931953        3.6275987284684348     
        (0.24746022144612320,3.22003226551872650E-015)
 (-1.95287059918985376E-003,-4.11613266532484577E-004)
  (-1.95287059918985376E-003,4.11613266539117835E-004)
        (0.25582680595907348,3.33683697956783178E-015)
   4.1887902047863905        0.0000000000000000     
        (0.24746022144612420,1.05162792054771764E-015)
  (-1.95287059918906425E-003,4.11613266536333441E-004)
 (-1.95287059918906425E-003,-4.11613266535123363E-004)
        (0.25582680595907425,7.73301176179883329E-016)
   1.0000000000000000                2           9
         (1.0000000000000000,1.60680489606825679E-003)
        (1.0000000000000000,-1.58272099262360237E-003)
  -2.0943951023931953       -1.2091995761561449     
        (0.24376765176915616,5.92118946466750122E-016)
 (-9.39988441697453964E-002,-5.31157184880906783E-002)
  (-9.39988441697454935E-002,5.31157184880918579E-002)
        (0.24753543927631799,1.08555140185570870E-015)
  -2.0943951023931953        1.2091995761561449     
       (0.24817101862012969,-6.90805437544541858E-016)
  (-9.49772423332051474E-002,5.47064863061937079E-002)
 (-9.49772423332052446E-002,-5.47064863061954842E-002)
       (0.24648523398256306,-9.86864910777916969E-016)
   0.0000000000000000       -2.4183991523122899     
        (0.24673619982821490,8.88178419700125232E-016)
       (3.85687799563309397E-004,-0.10797445941957909)
        (3.85687799563309397E-004,0.10797445941958156)
        (0.24698753765323053,5.92118946466750122E-016)
   0.0000000000000000        0.0000000000000000     
         (9.2208703831483501,2.89224881292285893E-002)
         (8.7781331809534748,2.16755131002905607E-004)
         (8.7781331809534731,2.16755131002901080E-004)
        (9.2242398831709611,-2.84889778672230108E-002)
   0.0000000000000000        2.4183991523122899     
       (0.24673619982821490,-1.28292438401129198E-015)
        (3.85687799563309397E-004,0.10797445941957909)
       (3.85687799563309397E-004,-0.10797445941958156)
       (0.24698753765323053,-1.77635683940025046E-015)
   2.0943951023931953       -1.2091995761561449     
        (0.24817101862012969,9.86864910777916870E-017)
 (-9.49772423332051474E-002,-5.47064863061937079E-002)
  (-9.49772423332052446E-002,5.47064863061946932E-002)
        (0.24648523398256306,1.97372982155583374E-016)
   2.0943951023931953        1.2091995761561449     
       (0.24376765176915635,-5.92118946466750122E-016)
  (-9.39988441697453964E-002,5.31157184880905742E-002)
 (-9.39988441697454935E-002,-5.31157184880920591E-002)
       (0.24753543927631799,-9.86864910777916870E-017)
   2.0943951023931953        3.6275987284684348     
        (0.25163180064050306,3.13946399741224830E-015)
  (-6.59022251200624964E-004,1.86478360272234519E-006)
 (-6.59022251200624964E-004,-1.86478359658889004E-006)
        (0.25368019589973134,3.36150860233727961E-015)
   4.1887902047863905        0.0000000000000000     
        (0.25163180064050383,8.13392563180236161E-017)
 (-6.59022251199638124E-004,-1.86478359950553831E-006)
  (-6.59022251199638124E-004,1.86478359982331796E-006)
        (0.25368019589973212,2.04697370165263237E-016)
   1.0000000000000000                2           9
        (1.0000000000000000,-4.03487140146251925E-004)
         (1.0000000000000000,6.30927395050991688E-004)
  -2.0943951023931953       -1.2091995761561449     
        (0.24076071862391155,1.08555140185570870E-015)
 (-9.31434723462019748E-002,-4.80745300223259023E-002)
  (-9.31434723462024744E-002,4.80745300223267905E-002)
       (0.24426177371075466,-1.97372982155583374E-016)
  -2.0943951023931953        1.2091995761561449     
        (0.24047701299345312,1.97372982155583374E-016)
  (-8.82068016077955097E-002,5.62525150645349636E-002)
 (-8.82068016077958011E-002,-5.62525150645355604E-002)
       (0.24429393541826172,-4.93432455388958484E-016)
   0.0000000000000000       -2.4183991523122899     
        (0.24292418195060705,1.48029736616687545E-015)
       (2.74173198077232172E-003,-0.10849396930016415)
        (2.74173198077222284E-003,0.10849396930016653)
        (0.24795344788965157,7.89491928622333496E-016)
   0.0000000000000000        0.0000000000000000     
        (9.1991896143708551,-7.26276852262793763E-003)
         (8.8037537074616541,2.04696229414338656E-003)
         (8.8037537074616559,2.04696229414338916E-003)
         (9.1938640641053624,1.13566931109233202E-002)
   0.0000000000000000        2.4183991523122899     
       (0.24292418195060705,-6.90805437544541858E-016)
        (2.74173198077212439E-003,0.10849396930016415)
       (2.74173198077242060E-003,-0.10849396930016672)
       (0.24795344788965157,-7.89491928622333496E-016)
   2.0943951023931953       -1.2091995761561449     
        (0.24047701299345331,9.86864910777916969E-016)
 (-8.82068016077955097E-002,-5.62525150645349636E-002)
  (-8.82068016077954126E-002,5.62525150645361502E-002)
        (0.24429393541826172,6.90805437544541858E-016)
   2.0943951023931953        1.2091995761561449     
       (0.24076071862391135,-2.96059473233375061E-016)
  (-9.31434723462023773E-002,4.80745300223257080E-002)
 (-9.31434723462020719E-002,-4.80745300223267905E-002)
       (0.24426177371075466,-3.94745964311166748E-016)
   2.0943951023931953        3.6275987284684348     
        (0.24925227541095968,3.05263145008696462E-015)
 (-1.02607670930312785E-003,-6.33045839222067539E-004)
  (-1.02607670930233833E-003,6.33045839228894435E-004)
        (0.25499553609725667,2.55428394484940512E-015)
   4.1887902047863905        0.0000000000000000     
        (0.24925227541096046,9.46388029671791453E-017)
  (-1.02607670930174614E-003,6.33045839225794809E-004)
 (-1.02607670930233833E-003,-6.33045839225279921E-004)
        (0.25499553609725745,3.86457841037055347E-016)
   1.0000000000000000                2           9
         (1.0000000000000000,2.60757762963213628E-004)
         (1.0000000000000000,3.91184699880296337E-004)
  -2.0943951023931953       -1.2091995761561449     
        (0.24600436902915243,3.94745964311166748E-016)
 (-9.30979150918687659E-002,-5.45917923777391109E-002)
  (-9.30979150918687659E-002,5.45917923777410816E-002)
        (0.24745927124448919,3.94745964311166748E-016)
  -2.0943951023931953        1.2091995761561449     
       (0.24660202444087315,-3.94745964311166748E-016)
  (-9.36983456672707410E-002,5.44219549035562314E-002)
 (-9.36983456672703524E-002,-5.44219549035562314E-002)
       (0.24518858663341556,-8.88178419700125232E-016)
   0.0000000000000000       -2.4183991523122899     
        (0.24579411532471873,4.93432455388958484E-016)
      (-1.08024042926925371E-003,-0.10846827569715245)
       (-1.08024042926925371E-003,0.10846827569715432)
        (0.24687324473714195,3.94745964311166748E-016)
   0.0000000000000000        0.0000000000000000     
         (9.2107350567512842,4.69363973334431788E-003)
         (8.7913211341393502,5.86748216560055522E-003)
         (8.7913211341393502,5.86748216560055175E-003)
         (9.2062138797899777,7.04132459785173758E-003)
   0.0000000000000000        2.4183991523122899     
       (0.24579411532471873,-1.67767034832245873E-015)
       (-1.08024042926905639E-003,0.10846827569715206)
      (-1.08024042926945104E-003,-0.10846827569715452)
       (0.24687324473714214,-1.38161087508908372E-015)
   2.0943951023931953       -1.2091995761561449     
        (0.24660202444087334,3.94745964311166748E-016)
 (-9.36983456672707410E-002,-5.44219549035558359E-002)
  (-9.36983456672703524E-002,5.44219549035568212E-002)
        (0.24518858663341556,9.86864910777916870E-017)
   2.0943951023931953        1.2091995761561449     
       (0.24600436902915263,-7.89491928622333496E-016)
  (-9.30979150918685577E-002,5.45917923777394024E-002)
 (-9.30979150918689602E-002,-5.45917923777406860E-002)
       (0.24745927124448899,-3.94745964311166748E-016)
   2.0943951023931953        3.6275987284684348     
        (0.25218275446793026,3.02015357167562115E-015)
  (2.38261596200987436E-003,-3.91064997566564830E-004)
   (2.38261596201007168E-003,3.91064997572960755E-004)
        (0.25141712999721022,2.50060389062056743E-015)
   4.1887902047863905        0.0000000000000000     
        (0.25218275446793126,6.18718039765061156E-017)
   (2.38261596201086142E-003,3.91064997569930085E-004)
  (2.38261596201066409E-003,-3.91064997569846927E-004)
       (0.25141712999721100,-1.60943789160070425E-016)
   1.0000000000000000                2           9
         (1.0000000000000000,2.61172649307191563E-004)
        (1.0000000000000000,-9.47100591853168128E-004)
  -2.0943951023931953       -1.2091995761561449     
        (0.24571855606462073,7.89491928622333496E-016)
 (-9.36576572378500505E-002,-5.42489770788822934E-002)
  (-9.36576572378502448E-002,5.42489770788833828E-002)
        (0.24819920475938023,8.88178419700125232E-016)
  -2.0943951023931953        1.2091995761561449     
       (0.24727924391301570,-2.96059473233375061E-016)
  (-9.48610972549884246E-002,5.33604559833078251E-002)
 (-9.48610972549892018E-002,-5.33604559833087133E-002)
       (0.24566199791169227,-2.96059473233375061E-016)
   0.0000000000000000       -2.4183991523122899     
        (0.24752690727498353,1.08555140185570870E-015)
      (-1.20328050299307095E-003,-0.10885368416144253)
       (-1.20328050299238032E-003,0.10885368416144470)
        (0.24731275743804262,1.18423789293350024E-015)
   0.0000000000000000        0.0000000000000000     
         (9.2188491599607651,4.70110768753066906E-003)
        (8.7825688444474963,-6.17335148291258112E-003)
        (8.7825688444474963,-6.17335148291258285E-003)
        (9.2153394770742860,-1.70478106533554358E-002)
   0.0000000000000000        2.4183991523122899     
       (0.24752690727498372,-1.08555140185570870E-015)
       (-1.20328050299267630E-003,0.10885368416144232)
      (-1.20328050299277497E-003,-0.10885368416144489)
       (0.24731275743804262,-9.86864910777916969E-016)
   2.0943951023931953       -1.2091995761561449     
        (0.24727924391301570,2.96059473233375061E-016)
 (-9.48610972549890075E-002,-5.33604559833082207E-002)
  (-9.48610972549884246E-002,5.33604559833087133E-002)
        (0.24566199791169227,2.96059473233375061E-016)
   2.0943951023931953        1.2091995761561449     
       (0.24571855606462073,-6.90805437544541858E-016)
  (-9.36576572378502448E-002,5.42489770788822934E-002)
 (-9.36576572378502448E-002,-5.42489770788831815E-002)
       (0.24819920475938043,-8.88178419700125232E-016)
   2.0943951023931953        3.6275987284684348     
        (0.25336807820555823,3.61699482093808612E-015)
 (-1.80331995276657620E-003,-1.14779376332478883E-003)
  (-1.80331995276677374E-003,1.14779376333142588E-003)
        (0.25231278913330257,2.98873580205515236E-015)
   4.1887902047863905        0.0000000000000000     
       (0.25336807820555879,-1.31646237121351022E-016)
  (-1.80331995276539203E-003,1.14779376332828148E-003)
 (-1.80331995276598422E-003,-1.14779376332795448E-003)
        (0.25231278913330357,5.23886489744995743E-016)
   1.0000000000000000                2           9
         (1.0000000000000000,9.81564914446880288E-004)
        (1.0000000000000000,-9.45027770629135134E-004)
  -2.0943951023931953       -1.2091995761561449     
        (0.24831249789551496,8.88178419700125232E-016)
 (-9.58833747115885870E-002,-5.39294845422872982E-002)
  (-9.58833747115891838E-002,5.39294845422883806E-002)
        (0.25002122089116391,1.08555140185570870E-015)
  -2.0943951023931953        1.2091995761561449     
       (0.24784119136553320,-2.96059473233375061E-016)
  (-9.40150463653456753E-002,5.42766569827944564E-002)
 (-9.40150463653456753E-002,-5.42766569827957401E-002)
       (0.24900745116682602,-1.97372982155583374E-016)
   0.0000000000000000       -2.4183991523122899     
        (0.24857538954413705,1.28292438401129198E-015)
       (1.37614178095842504E-004,-0.10870095233461126)
        (1.37614178095941194E-004,0.10870095233461392)
        (0.24678764637880976,1.67767034832245873E-015)
   0.0000000000000000        0.0000000000000000     
         (9.2228320439646723,1.76681684600327495E-002)
         (8.7765139338646510,3.28834294347323875E-004)
         (8.7765139338646492,3.28834294347331573E-004)
        (9.2243720226081543,-1.70104998713357138E-002)
   0.0000000000000000        2.4183991523122899     
       (0.24857538954413705,-1.08555140185570870E-015)
        (1.37614178095447746E-004,0.10870095233461126)
       (1.37614178096335924E-004,-0.10870095233461373)
       (0.24678764637880976,-1.08555140185570870E-015)
   2.0943951023931953       -1.2091995761561449     
        (0.24784119136553281,2.96059473233375061E-016)
 (-9.40150463653454671E-002,-5.42766569827944564E-002)
  (-9.40150463653456753E-002,5.42766569827957401E-002)
        (0.24900745116682602,1.38161087508908372E-015)
   2.0943951023931953        1.2091995761561449     
       (0.24831249789551496,-4.93432455388958484E-016)
  (-9.58833747115889756E-002,5.39294845422873953E-002)
 (-9.58833747115891838E-002,-5.39294845422883806E-002)
       (0.25002122089116391,-2.96059473233375061E-016)
   2.0943951023931953        3.6275987284684348     
        (0.25438375432674742,3.74314776705217717E-015)
  (6.81843331400718510E-004,-4.62030012130287544E-004)
   (6.81843331400521077E-004,4.62030012136913917E-004)
        (0.25525231024859896,3.32373017997156239E-015)
   4.1887902047863905        0.0000000000000000     
        (0.25438375432674820,7.83709517035744172E-016)
   (6.81843331401507918E-004,4.62030012133964995E-004)
  (6.81843331401310593E-004,-4.62030012133352042E-004)
        (0.25525231024859973,7.59037894266296238E-016)
   1.0000000000000000                2           9
        (0.99999999999999967,5.56434323255112421E-004)
        (1.0000000000000004,-4.65836250007934673E-005)
  -2.0943951023931953       -1.2091995761561449     
        (0.23931598266424409,5.92118946466750122E-016)
 (-9.34447463653070992E-002,-5.26234564583075368E-002)
  (-9.34447463653079874E-002,5.26234564583085221E-002)
        (0.24092800394572153,6.90805437544541858E-016)
  -2.0943951023931953        1.2091995761561449     
       (0.23837732121104377,-1.18423789293350024E-015)
  (-9.40200469830261981E-002,5.55648757392551360E-002)
 (-9.40200469830270863E-002,-5.55648757392568082E-002)
       (0.24594659400780966,-9.86864910777916870E-017)
   0.0000000000000000       -2.4183991523122899     
        (0.23731738138152350,1.97372982155583394E-015)
      (-3.32550635014250417E-004,-0.10596551101105739)
       (-3.32550635014645176E-004,0.10596551101105876)
        (0.24174641279670470,9.86864910777916969E-016)
   0.0000000000000000        0.0000000000000000     
         (9.1120788189479889,1.00158178185844899E-002)
         (8.8972016010218589,4.58865628428891184E-003)
         (8.8972016010218606,4.58865628428891011E-003)
        (9.0884291367117189,-8.38505250020444800E-004)
   0.0000000000000000        2.4183991523122899     
       (0.23731738138152350,-5.92118946466750122E-016)
       (-3.32550635015039934E-004,0.10596551101105679)
      (-3.32550635013855659E-004,-0.10596551101105917)
              (0.24174641279670470,0.0000000000000000)
   2.0943951023931953       -1.2091995761561449     
       (0.23837732121104377,-3.94745964311166748E-016)
 (-9.40200469830267949E-002,-5.55648757392555315E-002)
  (-9.40200469830262953E-002,5.55648757392564197E-002)
        (0.24594659400780947,8.88178419700125232E-016)
   2.0943951023931953        1.2091995761561449     
       (0.23931598266424409,-3.94745964311166748E-016)
  (-9.34447463653074878E-002,5.26234564583074327E-002)
 (-9.34447463653075849E-002,-5.26234564583085221E-002)
       (0.24092800394572172,-1.08555140185570870E-015)
   2.0943951023931953        3.6275987284684348     
        (0.24358657725466137,3.51358602706457944E-015)
  (5.47235120597239829E-003,-1.61215505809242290E-003)
   (5.47235120597220140E-003,1.61215505809894589E-003)
        (0.23909529615230557,2.19682248858093430E-015)
   4.1887902047863905        0.0000000000000000     
        (0.24358657725466218,5.64363370851121209E-016)
   (5.47235120597299070E-003,1.61215505809604153E-003)
  (5.47235120597279294E-003,-1.61215505809545866E-003)
       (0.23909529615230637,-5.69808475095159539E-017)
   1.0000000000000000                2           9
        (1.0000000000000000,-3.31449098777852284E-003)
         (1.0000000000000000,2.37493111179970691E-003)
  -2.0943951023931953       -1.2091995761561449     
        (0.24627131489129164,3.94745964311166748E-016)
 (-9.29409091886398975E-002,-5.48908626217227275E-002)
  (-9.29409091886403971E-002,5.48908626217232201E-002)
        (0.24644231966741625,1.18423789293350024E-015)
  -2.0943951023931953        1.2091995761561449     
        (0.24645746839256441,1.97372982155583374E-016)
  (-9.34909555764153050E-002,5.50380027179403347E-002)
 (-9.34909555764148054E-002,-5.50380027179405359E-002)
       (0.24629090495417927,-3.94745964311166748E-016)
   0.0000000000000000       -2.4183991523122899     
        (0.24680938844099851,1.77635683940025046E-015)
       (6.21335202737031468E-004,-0.10815425791475598)
        (6.21335202737130238E-004,0.10815425791475913)
        (0.24605433923460357,6.90805437544541858E-016)
   0.0000000000000000        0.0000000000000000     
        (9.2304157114095151,-5.96608377800175518E-002)
        (8.7705500091625144,-8.45603888381309989E-003)
        (8.7705500091625144,-8.45603888381309815E-003)
         (9.2295534259661469,4.27487600123913972E-002)
   0.0000000000000000        2.4183991523122899     
       (0.24680938844099851,-7.89491928622333496E-016)
        (6.21335202737031468E-004,0.10815425791475658)
       (6.21335202737130238E-004,-0.10815425791475894)
       (0.24605433923460357,-1.48029736616687545E-015)
   2.0943951023931953       -1.2091995761561449     
        (0.24645746839256499,1.18423789293350024E-015)
 (-9.34909555764149025E-002,-5.50380027179399392E-002)
  (-9.34909555764152078E-002,5.50380027179405359E-002)
        (0.24629090495417907,1.97372982155583374E-016)
   2.0943951023931953        1.2091995761561449     
       (0.24627131489129184,-5.92118946466750122E-016)
  (-9.29409091886402999E-002,5.48908626217222348E-002)
 (-9.29409091886402028E-002,-5.48908626217238099E-002)
       (0.24644231966741645,-1.97372982155583374E-016)
   2.0943951023931953        3.6275987284684348     
        (0.25368788852264018,3.19497514864350613E-015)
   (4.01227331437720787E-004,1.60838560648880052E-003)
  (4.01227331437720787E-004,-1.60838560648254793E-003)
        (0.25236064062639646,3.63289645280120659E-015)
   4.1887902047863905        0.0000000000000000     
        (0.25368788852264096,3.33837895599092232E-016)
  (4.01227331438312870E-004,-1.60838560648537813E-003)
   (4.01227331438707628E-004,1.60838560648611257E-003)
        (0.25236064062639724,6.73072708679001153E-016)
   1.0000000000000000                2           9
        (1.0000000000000000,-6.94854417593159337E-004)
         (1.0000000000000000,1.23280997254668736E-003)
  -2.0943951023931953       -1.2091995761561449     
        (0.24444649193768381,4.93432455388958484E-016)
 (-9.28583853712969115E-002,-5.22461688134569779E-002)
  (-9.28583853712968144E-002,5.22461688134581645E-002)
        (0.24481199813713200,5.92118946466750122E-016)
  -2.0943951023931953        1.2091995761561449     
       (0.24350401400154048,-4.93432455388958484E-016)
  (-9.10216523161516827E-002,5.33054576380432507E-002)
 (-9.10216523161511831E-002,-5.33054576380450271E-002)
        (0.24400311037448111,4.93432455388958484E-016)
   0.0000000000000000       -2.4183991523122899     
        (0.24722956495889509,6.90805437544541858E-016)
       (9.42924004935600580E-004,-0.10778924878754322)
        (9.42924004935205822E-004,0.10778924878754578)
        (0.24407615636133448,1.28292438401129198E-015)
   0.0000000000000000        0.0000000000000000     
        (9.2125357923934370,-1.25073795166811951E-002)
         (8.7877702582240289,4.84159999457701648E-003)
         (8.7877702582240271,4.84159999457700260E-003)
         (9.2146214728729330,2.21905795058356357E-002)
   0.0000000000000000        2.4183991523122899     
       (0.24722956495889509,-6.90805437544541858E-016)
        (9.42924004935403255E-004,0.10778924878754362)
       (9.42924004935403255E-004,-0.10778924878754578)
       (0.24407615636133448,-8.88178419700125232E-016)
   2.0943951023931953       -1.2091995761561449     
        (0.24350401400154048,4.93432455388958484E-016)
 (-9.10216523161516827E-002,-5.33054576380436462E-002)
  (-9.10216523161515856E-002,5.33054576380442360E-002)
        (0.24400311037448111,6.90805437544541858E-016)
   2.0943951023931953        1.2091995761561449     
        (0.24444649193768381,9.86864910777916870E-017)
  (-9.28583853712969115E-002,5.22461688134564853E-002)
 (-9.28583853712968144E-002,-5.22461688134585600E-002)
       (0.24481199813713200,-1.97372982155583374E-016)
   2.0943951023931953        3.6275987284684348     
        (0.25083654986395093,2.69344731703332261E-015)
 (-9.73956682797292011E-004,-5.12303720758211880E-004)
  (-9.73956682796897361E-004,5.12303720764134985E-004)
        (0.25052416732759486,3.21849028909563596E-015)
   4.1887902047863905        0.0000000000000000     
        (0.25083654986395171,6.23151221981446382E-016)
  (-9.73956682796305170E-004,5.12303720761333081E-004)
 (-9.73956682796305170E-004,-5.12303720760831638E-004)
        (0.25052416732759564,6.54183497496142543E-016)
   1.0000000000000000                2           9
        (0.99999999999999967,1.03648625238035304E-004)
         (1.0000000000000004,2.87048225840991450E-004)
  -2.0943951023931953       -1.2091995761561449     
        (0.24496198780384512,9.86864910777916969E-016)
 (-9.24801194079336308E-002,-5.65570786724683833E-002)
  (-9.24801194079334365E-002,5.65570786724693686E-002)
        (0.24366428009188260,3.94745964311166748E-016)
  -2.0943951023931953        1.2091995761561449     
       (0.23850420701530972,-3.94745964311166748E-016)
  (-9.19782409615190061E-002,5.16766018450598164E-002)
 (-9.19782409615187979E-002,-5.16766018450613984E-002)
        (0.24301630449364650,9.86864910777916870E-017)
   0.0000000000000000       -2.4183991523122899     
        (0.24337554255423940,1.08555140185570870E-015)
      (-1.88718021264349615E-003,-0.10591266176311137)
       (-1.88718021264379214E-003,0.10591266176311424)
        (0.24443378618419664,9.86864910777916969E-016)
   0.0000000000000000        0.0000000000000000     
         (9.1993042999270020,1.86567525428856418E-003)
         (8.8022883658546291,3.51627165971260449E-003)
         (8.8022883658546291,3.51627165971261013E-003)
         (9.1969086067298829,5.16686806514220134E-003)
   0.0000000000000000        2.4183991523122899     
       (0.24337554255423940,-8.88178419700125232E-016)
       (-1.88718021264369347E-003,0.10591266176311177)
      (-1.88718021264359481E-003,-0.10591266176311384)
       (0.24443378618419664,-5.92118946466750122E-016)
   2.0943951023931953       -1.2091995761561449     
        (0.23850420701530950,1.97372982155583374E-016)
 (-9.19782409615186036E-002,-5.16766018450606074E-002)
  (-9.19782409615190061E-002,5.16766018450606074E-002)
        (0.24301630449364631,4.93432455388958484E-016)
   2.0943951023931953        1.2091995761561449     
       (0.24496198780384512,-1.38161087508908372E-015)
  (-9.24801194079336308E-002,5.65570786724683833E-002)
 (-9.24801194079334365E-002,-5.65570786724693686E-002)
       (0.24366428009188240,-9.86864910777916969E-016)
   2.0943951023931953        3.6275987284684348     
        (0.24980088892136948,2.69277270234822048E-015)
 (-1.09718830470602780E-003,-2.69108069373397889E-003)
  (-1.09718830470583047E-003,2.69108069374046112E-003)
        (0.25117267814244748,3.57931277209881223E-015)
   4.1887902047863905        0.0000000000000000     
        (0.24980088892137026,5.24416544140433078E-016)
  (-1.09718830470504096E-003,2.69108069373760446E-003)
 (-1.09718830470543582E-003,-2.69108069373704068E-003)
        (0.25117267814244826,1.28369537222283725E-016)
   1.0000000000000000                2           9
         (1.0000000000000000,4.08768461453460513E-004)
        (1.0000000000000000,-6.86314291359739004E-004)
  -2.0943951023931953       -1.2091995761561449     
        (0.24858650632708043,8.88178419700125232E-016)
 (-9.57270861281483837E-002,-5.40079267857406578E-002)
  (-9.57270861281483837E-002,5.40079267857418444E-002)
        (0.24717880629706121,1.28292438401129198E-015)
  -2.0943951023931953        1.2091995761561449     
              (0.24593649608219120,0.0000000000000000)
  (-9.26742758758852953E-002,5.40949906988818299E-002)
 (-9.26742758758854895E-002,-5.40949906988828222E-002)
       (0.24496298505268943,-8.88178419700125232E-016)
   0.0000000000000000       -2.4183991523122899     
        (0.24357852458151749,7.89491928622333496E-016)
      (-8.51755115046278432E-004,-0.10540338950477936)
       (-8.51755115045883674E-004,0.10540338950478162)
        (0.24606080976721026,1.08555140185570870E-015)
   0.0000000000000000        0.0000000000000000     
         (9.2105827188491176,7.35783230616461614E-003)
        (8.7920610646642494,-2.49791246915468182E-003)
        (8.7920610646642512,-2.49791246915468269E-003)
        (9.2076492496291493,-1.23536572444730361E-002)
   0.0000000000000000        2.4183991523122899     
       (0.24357852458151749,-1.18423789293350024E-015)
       (-8.51755115045883674E-004,0.10540338950477916)
      (-8.51755115046278432E-004,-0.10540338950478202)
       (0.24606080976721026,-1.08555140185570870E-015)
   2.0943951023931953       -1.2091995761561449     
        (0.24593649608219120,5.92118946466750122E-016)
 (-9.26742758758852953E-002,-5.40949906988820312E-002)
  (-9.26742758758852953E-002,5.40949906988824267E-002)
        (0.24496298505268943,9.86864910777916870E-017)
   2.0943951023931953        1.2091995761561449     
       (0.24858650632708043,-1.08555140185570870E-015)
  (-9.57270861281483837E-002,5.40079267857404635E-002)
 (-9.57270861281483837E-002,-5.40079267857420386E-002)
       (0.24717880629706121,-1.08555140185570870E-015)
   2.0943951023931953        3.6275987284684348     
        (0.25153707078465204,2.68323172323034804E-015)
  (-6.59780180159922681E-004,4.26523902804777763E-004)
 (-6.59780180159922681E-004,-4.26523902798684113E-004)
        (0.25145117422892738,3.18572329010496290E-015)
   4.1887902047863905        0.0000000000000000     
        (0.25153707078465259,1.19792293368842848E-016)
 (-6.59780180159527923E-004,-4.26523902801625174E-004)
  (-6.59780180159133273E-004,4.26523902801702857E-004)
        (0.25145117422892821,2.27827016511620682E-016)
   1.0000000000000000                2           9
        (1.0000000000000000,-3.25216409614902460E-006)
         (1.0000000000000000,7.80965787790654760E-004)
  -2.0943951023931953       -1.2091995761561449     
        (0.24695177256840534,3.94745964311166748E-016)
 (-9.44489873129337881E-002,-5.34593563639455122E-002)
  (-9.44489873129334967E-002,5.34593563639468930E-002)
        (0.24645413671438909,9.86864910777916969E-016)
  -2.0943951023931953        1.2091995761561449     
       (0.24722739517987247,-9.86864910777916969E-016)
  (-9.17108081489619309E-002,5.52593680240379068E-002)
 (-9.17108081489622223E-002,-5.52593680240387949E-002)
       (0.24497764532960145,-1.97372982155583374E-016)
   0.0000000000000000       -2.4183991523122899     
        (0.24683299619964968,1.08555140185570870E-015)
       (1.12354070334270192E-003,-0.10830563683156175)
        (1.12354070334250459E-003,0.10830563683156393)
        (0.24651145769583660,8.88178419700125232E-016)
   0.0000000000000000        0.0000000000000000     
        (9.2138723832960565,-5.85389537309337880E-005)
         (8.7865322472781120,6.99942261324886742E-003)
         (8.7865322472781120,6.99942261324886742E-003)
         (9.2161617415454025,1.40573841802311573E-002)
   0.0000000000000000        2.4183991523122899     
       (0.24683299619964968,-6.90805437544541858E-016)
        (1.12354070334250459E-003,0.10830563683156155)
       (1.12354070334270192E-003,-0.10830563683156412)
       (0.24651145769583660,-8.88178419700125232E-016)
   2.0943951023931953       -1.2091995761561449     
        (0.24722739517987247,5.92118946466750122E-016)
 (-9.17108081489617366E-002,-5.52593680240383023E-002)
  (-9.17108081489622223E-002,5.52593680240387949E-002)
       (0.24497764532960187,-3.94745964311166748E-016)
   2.0943951023931953        1.2091995761561449     
       (0.24695177256840534,-7.89491928622333496E-016)
  (-9.44489873129337881E-002,5.34593563639455122E-002)
 (-9.44489873129334967E-002,-5.34593563639468930E-002)
       (0.24645413671438909,-7.89491928622333496E-016)
   2.0943951023931953        3.6275987284684348     
        (0.25205562836168877,3.39980503240762875E-015)
   (5.05976060679418842E-004,8.95330501566401213E-004)
  (5.05976060679024084E-004,-8.95330501560001601E-004)
        (0.25123092285659321,3.02998367137282319E-015)
   4.1887902047863905        0.0000000000000000     
        (0.25205562836168954,4.41482607127045399E-016)
  (5.05976060679418842E-004,-8.95330501563292155E-004)
   (5.05976060680208358E-004,8.95330501563183843E-004)
        (0.25123092285659404,2.68689391723518782E-016)
