   -1.000000      0.000000
  1    1       -0.00003361        0.00022645        0.00023982        0.00025467
  1    2       -0.06120503        0.00024297       -0.00011256        0.00024690
  2    1       -0.06059501        0.00024516        0.00022423        0.00040329
  2    2        0.00003750        0.00014954       -0.00024664        0.00019064
   -0.500000      0.866025
  1    1       -0.00006653        0.00038566        0.00025421        0.00022449
  1    2        0.42390927        0.00048405       -0.00026015        0.00036942
  2    1       -0.06132923        0.00017940        0.00001081        0.00009918
  2    2       -0.00013386        0.00007047       -0.00016381        0.00019242
    0.000000      1.732051
  1    1       -0.00004646        0.00005240       -0.00053027        0.00055112
  1    2       -0.06055458        0.00019813        0.00028807        0.00024646
  2    1       -0.06048653        0.00020510       -0.00021510        0.00026648
  2    2        0.00002772        0.00007465        0.00026618        0.00035202
   -0.500000     -0.866025
  1    1       -0.00022169        0.00024625        0.00024408        0.00027126
  1    2       -0.06041017        0.00029353       -0.00018632        0.00035712
  2    1        0.42317990        0.00014848        0.00003778        0.00035214
  2    2        0.00015209        0.00008185       -0.00008878        0.00017798
    0.000000      0.000000
  1    1        1.00000000        0.00000000       -0.00021263        0.00049838
  1    2        0.42420676        0.00025126        0.00035895        0.00041470
  2    1        0.42420676        0.00025126       -0.00035895        0.00041470
  2    2        1.00000000        0.00000000        0.00025634        0.00053409
    0.500000      0.866025
  1    1        0.00022169        0.00024625        0.00024408        0.00027126
  1    2        0.42317990        0.00014848       -0.00003778        0.00035214
  2    1       -0.06041017        0.00029353        0.00018632        0.00035712
  2    2       -0.00015209        0.00008185       -0.00008878        0.00017798
    0.500000     -0.866025
  1    1        0.00006653        0.00038566        0.00025421        0.00022449
  1    2       -0.06132923        0.00017940       -0.00001081        0.00009918
  2    1        0.42390927        0.00048405        0.00026015        0.00036942
  2    2        0.00013386        0.00007047       -0.00016381        0.00019242
    1.000000      0.000000
  1    1        0.00003361        0.00022645        0.00023982        0.00025467
  1    2       -0.06059501        0.00024516       -0.00022423        0.00040329
  2    1       -0.06120503        0.00024297        0.00011256        0.00024690
  2    2       -0.00003750        0.00014954       -0.00024664        0.00019064
    1.500000      0.866025
  1    1        0.00004646        0.00005240       -0.00053027        0.00055112
  1    2       -0.06048653        0.00020510        0.00021510        0.00026648
  2    1       -0.06055458        0.00019813       -0.00028807        0.00024646
  2    2       -0.00002772        0.00007465        0.00026618        0.00035202
