           2       (-22.880724815449181,-1.20851727379294833E-014)   1.0000000000000000     
           2       (-22.882631248281228,-8.81708544800770170E-015)   1.0000000000000000     
           2        (-22.877744459347859,5.41748163187565281E-015)   1.0000000000000000     
           2        (-22.908708375952450,7.81101580897451438E-015)   1.0000000000000000     
           2        (-22.909366277977554,2.01768042800350917E-014)   1.0000000000000000     
           2        (-22.868499914560555,3.27181463118439080E-015)   1.0000000000000000     
           2       (-22.896908986944428,-3.00313408372005323E-014)   1.0000000000000000     
           2       (-22.874672462078468,-8.26308995427821667E-015)   1.0000000000000000     
           2       (-22.877976438217928,-9.78104537848949061E-015)   1.0000000000000000     
           2       (-22.873743645401071,-1.20229808451472813E-014)   1.0000000000000000     
           2        (-22.902635645411102,7.68741460659226601E-015)   1.0000000000000000     
           2        (-22.865395832609767,6.06346501391619426E-015)   1.0000000000000000     
           2       (-22.906781093388762,-4.59888044353548625E-015)   1.0000000000000000     
