     0.0000000        0.06707511        0.00203458
     0.1000000        0.03717800        0.00195547
     0.2000000        0.01934050        0.00120927
     0.3000000        0.01144714        0.00303122
     0.4000000        0.00741982        0.00258305
     0.5000000        0.00588631        0.00121774
     0.6000000        0.00305757        0.00269644
     0.7000000        0.00218706        0.00292542
     0.8000000       -0.00050048        0.00045147
     0.9000000       -0.00129114        0.00188125
     1.0000000       -0.00363826        0.00167285
     1.1000000       -0.00066130        0.00060493
     1.2000000       -0.00356923        0.00024828
     1.3000000       -0.00049328        0.00096613
     1.4000000       -0.00166547        0.00176718
     1.5000000       -0.00324928        0.00123901
     1.6000000       -0.00003518        0.00433342
     1.7000000       -0.00059562        0.00252289
     1.8000000       -0.00168213        0.00123299
     1.9000000       -0.00216982        0.00111526
     2.0000000        0.00225806        0.00339757
     2.1000000        0.00035527        0.00266734
     2.2000000       -0.00106206        0.00149705
     2.3000000       -0.00166327        0.00081262
     2.4000000       -0.00158292        0.00044399
     2.5000000       -0.00256932        0.00046264
     2.6000000       -0.00331243        0.00120382
     2.7000000       -0.00253449        0.00133962
     2.8000000       -0.00247472        0.00040542
     2.9000000       -0.00072581        0.00087899
     3.0000000       -0.00045505        0.00248320
     3.1000000       -0.00106946        0.00187120
     3.2000000       -0.00228700        0.00137354
     3.3000000       -0.00317795        0.00275166
     3.4000000       -0.00293724        0.00206716
     3.5000000       -0.00112981        0.00177588
     3.6000000       -0.00192919        0.00234649
     3.7000000        0.00031796        0.00154572
     3.8000000       -0.00135960        0.00168934
     3.9000000        0.00051128        0.00187388
     4.0000000       -0.00016648        0.00079162
     4.1000000       -0.00063877        0.00185561
     4.2000000       -0.00176440        0.00156019
     4.3000000        0.00135624        0.00157298
     4.4000000        0.00339751        0.00099603
     4.5000000        0.00253461        0.00056885
     4.6000000        0.00081393        0.00148762
     4.7000000        0.00132618        0.00030396
     4.8000000        0.00092859        0.00032642
     4.9000000        0.00136500        0.00172282
     5.0000000        0.00059276        0.00263846
     5.1000000        0.00135058        0.00140831
     5.2000000        0.00274516        0.00184968
     5.3000000        0.00152993        0.00232892
     5.4000000        0.00294369        0.00181971
     5.5000000        0.00330863        0.00195163
     5.6000000        0.00201801        0.00202517
     5.7000000       -0.00038697        0.00173275
     5.8000000       -0.00001081        0.00055694
     5.9000000        0.00039918        0.00146811
     6.0000000       -0.00075169        0.00252636
     6.1000000        0.00021115        0.00130625
     6.2000000       -0.00018369        0.00155270
     6.3000000       -0.00128557        0.00081856
     6.4000000       -0.00027448        0.00159616
     6.5000000       -0.00081417        0.00163690
     6.6000000        0.00003922        0.00185251
     6.7000000        0.00049884        0.00286878
     6.8000000        0.00058072        0.00355221
     6.9000000        0.00264489        0.00198043
     7.0000000        0.00379788        0.00201595
     7.1000000        0.00165168        0.00421106
     7.2000000       -0.00018788        0.00125594
     7.3000000       -0.00100571        0.00112174
     7.4000000       -0.00183389        0.00201591
     7.5000000       -0.00213000        0.00134427
     7.6000000       -0.00158798        0.00281416
     7.7000000       -0.00265619        0.00466553
     7.8000000       -0.00173639        0.00287764
     7.9000000       -0.00237213        0.00236687
     8.0000000       -0.00230286        0.00158091
     8.1000000        0.00038960        0.00059643
     8.2000000        0.00302275        0.00126373
     8.3000000        0.00167956        0.00022790
     8.4000000       -0.00021255        0.00173950
     8.5000000       -0.00083128        0.00116159
     8.6000000        0.00279864        0.00142008
     8.7000000        0.00467206        0.00056130
     8.8000000        0.00358752        0.00281246
     8.9000000        0.00646570        0.00298346
     9.0000000        0.01236313        0.00278431
     9.1000000        0.02214716        0.00257385
     9.2000000        0.02910041        0.00236216
     9.3000000        0.04650481        0.00225577
     9.4000000        0.07685426        0.00138034
     9.5000000        0.12642329        0.00332414
     9.6000000        0.21322481        0.00178693
     9.7000000        0.36319017        0.00707196
     9.8000000        0.61991284        0.00672516
     9.9000000        1.08261301        0.00520867
    10.0000000        1.93292489        0.00203458
