     0.0000000        1.00748833        0.00569870
     0.1000000        0.87967780        0.00545478
     0.2000000        0.77515297        0.00556243
     0.3000000        0.68983529        0.00514714
     0.4000000        0.62161032        0.00508187
     0.5000000        0.55745182        0.00502306
     0.6000000        0.50174071        0.00510225
     0.7000000        0.45772992        0.00539638
     0.8000000        0.41934335        0.00518894
     0.9000000        0.38217369        0.00499112
     1.0000000        0.34479933        0.00542408
     1.1000000        0.31032239        0.00584141
     1.2000000        0.28065791        0.00591280
     1.3000000        0.25738781        0.00666383
     1.4000000        0.23579741        0.00569870
     1.5000000        0.21359457        0.00617644
     1.6000000        0.19461789        0.00569603
     1.7000000        0.17597756        0.00575711
     1.8000000        0.16405214        0.00499195
     1.9000000        0.15190799        0.00481046
     2.0000000        0.14176841        0.00512752
     2.1000000        0.12744303        0.00566895
     2.2000000        0.11381797        0.00619109
     2.3000000        0.10610805        0.00615254
     2.4000000        0.09614553        0.00587172
     2.5000000        0.08328860        0.00542936
     2.6000000        0.07721713        0.00476359
     2.7000000        0.06937004        0.00501008
     2.8000000        0.06484637        0.00481356
     2.9000000        0.06035925        0.00405198
     3.0000000        0.05963502        0.00403892
     3.1000000        0.05603138        0.00373239
     3.2000000        0.05024322        0.00351650
     3.3000000        0.04853165        0.00350105
     3.4000000        0.04375233        0.00395509
     3.5000000        0.04238644        0.00485793
     3.6000000        0.04064280        0.00492870
     3.7000000        0.03896429        0.00539269
     3.8000000        0.03790539        0.00577142
     3.9000000        0.03550888        0.00520688
     4.0000000        0.03465534        0.00514815
     4.1000000        0.03092320        0.00491211
     4.2000000        0.02653561        0.00459770
     4.3000000        0.02372405        0.00474511
     4.4000000        0.02202686        0.00444425
     4.5000000        0.02212387        0.00395826
     4.6000000        0.02289854        0.00406769
     4.7000000        0.02380383        0.00428525
     4.8000000        0.02362240        0.00532726
     4.9000000        0.02142420        0.00428319
     5.0000000        0.02134574        0.00453992
     5.1000000        0.02311503        0.00430031
     5.2000000        0.02089041        0.00478595
     5.3000000        0.01922132        0.00447575
     5.4000000        0.02055612        0.00595194
     5.5000000        0.01908841        0.00568634
     5.6000000        0.01542409        0.00602034
     5.7000000        0.01563125        0.00506310
     5.8000000        0.01760269        0.00509031
     5.9000000        0.01830743        0.00481928
     6.0000000        0.01907401        0.00451532
     6.1000000        0.02330810        0.00503815
     6.2000000        0.02544117        0.00550351
     6.3000000        0.02703856        0.00545604
     6.4000000        0.03084686        0.00559114
     6.5000000        0.03583218        0.00466153
     6.6000000        0.03498974        0.00515884
     6.7000000        0.04130699        0.00501542
     6.8000000        0.04370657        0.00492246
     6.9000000        0.04442637        0.00490636
     7.0000000        0.04928707        0.00422649
     7.1000000        0.05698194        0.00513233
     7.2000000        0.06311339        0.00548196
     7.3000000        0.07140438        0.00493668
     7.4000000        0.08050567        0.00527903
     7.5000000        0.08912490        0.00548307
     7.6000000        0.09816663        0.00537618
     7.7000000        0.10464334        0.00532615
     7.8000000        0.11296893        0.00494275
     7.9000000        0.12062695        0.00494128
     8.0000000        0.13446049        0.00463371
     8.1000000        0.15093967        0.00513423
     8.2000000        0.16425433        0.00452306
     8.3000000        0.17795432        0.00440013
     8.4000000        0.19420564        0.00440159
     8.5000000        0.21376426        0.00451267
     8.6000000        0.23759320        0.00447106
     8.7000000        0.25989785        0.00474844
     8.8000000        0.28657487        0.00518487
     8.9000000        0.31157568        0.00536530
     9.0000000        0.34313983        0.00495911
     9.1000000        0.37524520        0.00513423
     9.2000000        0.41610900        0.00470814
     9.3000000        0.45734446        0.00427048
     9.4000000        0.50688627        0.00458771
     9.5000000        0.55724227        0.00481705
     9.6000000        0.61196252        0.00499359
     9.7000000        0.68648374        0.00445608
     9.8000000        0.76708137        0.00498540
     9.9000000        0.86566692        0.00548249
    10.0000000        0.99251167        0.00569870
