   -2.094395     -1.209200
  1    1        1.00000000        0.00000000       -0.00054287        0.00110425
  1    2        0.72664801        0.00083211        0.42044129        0.00042270
  2    1        0.72664801        0.00083211       -0.42044129        0.00042270
  2    2        1.00000000        0.00000000       -0.00033212        0.00077655
   -2.094395      1.209200
  1    1        1.00000000        0.00000004        0.00053129        0.00038161
  1    2        0.72717713        0.00062830       -0.42024726        0.00074978
  2    1        0.72717713        0.00062830        0.42024726        0.00074978
  2    2        1.00000000        0.00000004       -0.00046222        0.00038069
    0.000000     -2.418399
  1    1        1.00000000        0.00000000        0.00023789        0.00132132
  1    2       -0.00031221        0.00072054        0.83970260        0.00061453
  2    1       -0.00031221        0.00072054       -0.83970260        0.00061453
  2    2        1.00000000        0.00000000       -0.00075248        0.00071556
    0.000000      0.000000
  1    1        1.00000000        0.00000000       -0.00009192        0.00045044
  1    2        0.90679144        0.00016021       -0.00004551        0.00043525
  2    1        0.90679144        0.00016021        0.00004551        0.00043525
  2    2        1.00000000        0.00000000       -0.00005091        0.00049350
    0.000000      2.418399
  1    1        1.00000000        0.00000003       -0.00053921        0.00082615
  1    2       -0.00026772        0.00050219       -0.83906835        0.00064785
  2    1       -0.00026772        0.00050219        0.83906835        0.00064785
  2    2        1.00000000        0.00000003       -0.00005959        0.00077368
    2.094395     -1.209200
  1    1        1.00000000        0.00000004       -0.00010895        0.00064166
  1    2        0.72689907        0.00058147        0.42009703        0.00057029
  2    1        0.72689907        0.00058147       -0.42009703        0.00057029
  2    2        1.00000000        0.00000004        0.00001020        0.00068381
    2.094395      1.209200
  1    1        1.00000000        0.00000003       -0.00048444        0.00068057
  1    2        0.72607093        0.00042854       -0.41992645        0.00061489
  2    1        0.72607093        0.00042854        0.41992645        0.00061489
  2    2        1.00000000        0.00000000        0.00049279        0.00084069
    2.094395      3.627599
  1    1        1.00000000        0.00000000        0.00138611        0.00139990
  1    2        0.00019958        0.00329398        0.00109839        0.00185472
  2    1        0.00019958        0.00329398       -0.00109839        0.00185472
  2    2        1.00000000        0.00000005       -0.00329379        0.00226612
    4.188790      0.000000
  1    1        1.00000000        0.00000000        0.00073438        0.00167788
  1    2       -0.00281263        0.00358164        0.00072844        0.00251091
  2    1       -0.00281263        0.00358164       -0.00072844        0.00251091
  2    2        1.00000000        0.00000000       -0.00088195        0.00317476
