           2 ( -22.821436313049155     , -8.5836095372376915E-015)   1.0000000000000000     
           2 ( -22.920335799612147     ,  7.3313016168416892E-015)   1.0000000000000000     
           2 ( -22.839633690900374     , -1.4437461509530086E-014)   1.0000000000000000     
           2 ( -22.906410321069973     , -1.4428648364833428E-014)   1.0000000000000000     
           2 ( -22.959460292653482     , -7.0907091438230280E-015)   1.0000000000000000     
           2 ( -22.861339318183710     ,  1.7714504869814100E-014)   1.0000000000000000     
           2 ( -22.843165452454610     ,  3.5463901314839435E-014)   1.0000000000000000     
           2 ( -22.917539428057999     ,  3.4750267436436241E-014)   1.0000000000000000     
           2 ( -22.861136480009844     , -2.6726085187606567E-014)   1.0000000000000000     
           2 ( -22.879030983648654     , -2.8716256782204934E-014)   1.0000000000000000     
           2 ( -22.904106434822886     ,  3.2432351191700331E-016)   1.0000000000000000     
           2 ( -22.861817023064333     , -9.6382436996394507E-015)   1.0000000000000000     
           2 ( -22.859393824761860     ,  1.7112501022755545E-014)   1.0000000000000000     
           2 ( -22.898640235256501     ,  9.2506249726300697E-015)   1.0000000000000000     
           2 ( -22.918921699911280     , -6.7241956863156274E-015)   1.0000000000000000     
           2 ( -22.921082214174952     ,  2.1225318170250640E-014)   1.0000000000000000     
           2 ( -22.903604218680101     , -6.3290113443185981E-015)   1.0000000000000000     
           2 ( -22.903663784286302     , -1.6799153302698216E-014)   1.0000000000000000     
           2 ( -22.893600937977968     , -2.3456424736184026E-014)   1.0000000000000000     
           2 ( -22.932476040024600     ,  1.5708295656031153E-014)   1.0000000000000000     
