           2 (  18.000000000000004     ,  1.3943100399659908E-003)   1.0000000000000000     
           2 (  18.000000000000004     ,  9.4519477279051880E-003)   1.0000000000000000     
           2 (  18.000000000000000     , -9.0802546310620631E-003)   1.0000000000000000     
           2 (  18.000000000000000     ,  6.8654244445584258E-003)   1.0000000000000000     
           2 (  18.000000000000000     , -1.3840236771383676E-002)   1.0000000000000000     
           2 (  18.000000000000000     , -9.7238067415767807E-003)   1.0000000000000000     
           2 (  18.000000000000000     , -3.9687499335613911E-003)   1.0000000000000000     
           2 (  18.000000000000000     ,  9.3517896351372424E-003)   1.0000000000000000     
           2 (  18.000000000000000     , -1.1296917755215088E-002)   1.0000000000000000     
           2 (  18.000000000000000     , -3.6353776293601074E-004)   1.0000000000000000     
           2 (  18.000000000000000     , -9.6797261207442007E-003)   1.0000000000000000     
           2 (  18.000000000000000     , -2.9089702309407555E-003)   1.0000000000000000     
           2 (  18.000000000000000     , -1.1261325298711354E-003)   1.0000000000000000     
           2 (  18.000000000000000     , -7.9897331203157580E-003)   1.0000000000000000     
           2 (  18.000000000000000     , -2.2590921156683638E-002)   1.0000000000000000     
           2 (  18.000000000000000     , -4.5195946343545793E-003)   1.0000000000000000     
           2 (  18.000000000000000     ,  1.1929371966488848E-002)   1.0000000000000000     
           2 (  18.000000000000000     ,  1.0808203873307588E-002)   1.0000000000000000     
           2 (  18.000000000000000     , -1.6830342574370286E-002)   1.0000000000000000     
           2 (  18.000000000000004     , -1.1148538665717600E-002)   1.0000000000000000     
