     0.0000000        0.80452642        0.02927324
     0.1000000        0.64779168        0.03360703
     0.2000000        0.54461668        0.06272859
     0.3000000        0.49654392        0.04151054
     0.4000000        0.43989241        0.02623760
     0.5000000        0.42177284        0.06485309
     0.6000000        0.34433063        0.09166104
     0.7000000        0.34069977        0.07651426
     0.8000000        0.26693472        0.09940321
     0.9000000        0.15223105        0.08540808
     1.0000000        0.14555585        0.05349900
     1.1000000        0.09934064        0.07646315
     1.2000000        0.05934176        0.03969254
     1.3000000        0.04495380        0.06439650
     1.4000000       -0.05261802        0.16603277
     1.5000000        0.09439545        0.23057906
     1.6000000       -0.08902880        0.15529803
     1.7000000       -0.30343232        0.45651394
     1.8000000       -0.17552094        0.20587439
     1.9000000       -0.12288311        0.10970981
     2.0000000       -0.01055066        0.04392763
     2.1000000        0.13879656        0.13151278
     2.2000000        0.12013977        0.21106180
     2.3000000        0.02653799        0.10148763
     2.4000000        0.04891242        0.05671971
     2.5000000        0.08277288        0.05229909
     2.6000000        0.12965959        0.11872651
     2.7000000        0.07257188        0.16100045
     2.8000000       -0.22378871        0.12912993
     2.9000000       -0.01344690        0.08853062
     3.0000000        0.06156129        0.09106587
     3.1000000        0.00385960        0.22809692
     3.2000000        0.10473375        0.14397049
     3.3000000        0.65024340        0.56849468
     3.4000000        1.12606047        1.06910316
     3.5000000        0.34561805        0.34765243
     3.6000000        0.14192292        0.08611286
     3.7000000       -0.10417524        0.07573722
     3.8000000       -0.17389545        0.27580762
     3.9000000       -0.25745683        0.21346707
     4.0000000        0.19000794        0.14957960
     4.1000000       -0.01128087        0.03928250
     4.2000000        0.03158577        0.06540911
     4.3000000        0.00427152        0.14594802
     4.4000000        0.02056778        0.04501327
     4.5000000        0.00060059        0.02451444
     4.6000000        0.02540762        0.07795344
     4.7000000        0.12610071        0.08422233
     4.8000000        0.11485220        0.09337484
     4.9000000        0.01029076        0.03011165
     5.0000000       -0.04319103        0.03796188
     5.1000000       -1.06004704        1.14131686
     5.2000000       -0.33904346        0.34465235
     5.3000000        0.03145083        0.06115366
     5.4000000       -0.13957009        0.12057590
     5.5000000       -0.15431756        0.16460631
     5.6000000       -0.22198586        0.22709152
     5.7000000       -0.49013980        0.53885289
     5.8000000        0.00279097        0.08515448
     5.9000000        0.05415112        0.05688532
     6.0000000       -0.00865662        0.02479063
     6.1000000       -0.05384960        0.03312079
     6.2000000       -0.10015684        0.06846678
     6.3000000       -0.04656281        0.06570152
     6.4000000        0.07105552        0.16481045
     6.5000000        0.23150640        0.31036743
     6.6000000        0.13998131        0.19455476
     6.7000000        0.01237618        0.07923706
     6.8000000        0.02547279        0.14373010
     6.9000000       -0.01419660        0.04310358
     7.0000000        0.00633345        0.04358945
     7.1000000        0.18055497        0.16431717
     7.2000000       -0.00701480        0.06280577
     7.3000000        0.05229252        0.13983178
     7.4000000        0.09444594        0.06452871
     7.5000000        0.16512065        0.13856883
     7.6000000       -0.00795957        0.03438764
     7.7000000        0.18758946        0.12402960
     7.8000000        0.04361514        0.09363744
     7.9000000        0.06318241        0.06416538
     8.0000000       -0.05612177        0.06191321
     8.1000000        0.00126057        0.03063501
     8.2000000       -0.01399428        0.06128155
     8.3000000        0.05746650        0.04223438
     8.4000000        0.04503872        0.03310443
     8.5000000        0.12640723        0.04256316
     8.6000000        0.20729498        0.08944085
     8.7000000        0.19130263        0.06380208
     8.8000000        0.21052338        0.05878375
     8.9000000        0.18625726        0.04026408
     9.0000000        0.14454456        0.04588551
     9.1000000        0.14279125        0.04143626
     9.2000000        0.10856191        0.14433566
     9.3000000        0.19905063        0.05630983
     9.4000000        0.26299838        0.04787266
     9.5000000        0.26284542        0.07690871
     9.6000000        0.34076373        0.04579828
     9.7000000        0.42692819        0.05415087
     9.8000000        0.53722709        0.03000259
     9.9000000        0.64585743        0.03625779
    10.0000000        0.80452642        0.02927324
