     0.0000000        1.93292489        0.00203458
     0.1000000        1.08188354        0.00128678
     0.2000000        0.61456766        0.00665892
     0.3000000        0.35973951        0.00251146
     0.4000000        0.21376364        0.00209721
     0.5000000        0.12756140        0.00610206
     0.6000000        0.07753003        0.00350587
     0.7000000        0.04551884        0.00103056
     0.8000000        0.02565152        0.00351051
     0.9000000        0.01387560        0.00181183
     1.0000000        0.00988409        0.00293270
     1.1000000        0.00737363        0.00177315
     1.2000000        0.00429032        0.00215044
     1.3000000        0.00336565        0.00346038
     1.4000000       -0.00015809        0.00301700
     1.5000000       -0.00042182        0.00113605
     1.6000000        0.00028918        0.00152578
     1.7000000        0.00191866        0.00108193
     1.8000000        0.00343419        0.00279784
     1.9000000        0.00252095        0.00266114
     2.0000000        0.00052927        0.00228844
     2.1000000       -0.00046224        0.00268111
     2.2000000        0.00138798        0.00156930
     2.3000000        0.00100794        0.00187983
     2.4000000        0.00075592        0.00102432
     2.5000000       -0.00206071        0.00230163
     2.6000000       -0.00083246        0.00204483
     2.7000000       -0.00259044        0.00216939
     2.8000000       -0.00223652        0.00408865
     2.9000000       -0.00138372        0.00302126
     3.0000000       -0.00050973        0.00224328
     3.1000000       -0.00237259        0.00118897
     3.2000000        0.00137167        0.00296804
     3.3000000        0.00088457        0.00237868
     3.4000000        0.00113258        0.00126782
     3.5000000        0.00120152        0.00189497
     3.6000000       -0.00067247        0.00236953
     3.7000000        0.00019739        0.00280343
     3.8000000       -0.00071236        0.00042356
     3.9000000       -0.00037426        0.00118213
     4.0000000        0.00023052        0.00229605
     4.1000000        0.00064873        0.00048181
     4.2000000        0.00159847        0.00080611
     4.3000000        0.00074524        0.00138297
     4.4000000        0.00061183        0.00086970
     4.5000000       -0.00086776        0.00033582
     4.6000000       -0.00001554        0.00071289
     4.7000000       -0.00008374        0.00061058
     4.8000000        0.00026085        0.00085827
     4.9000000        0.00104252        0.00110896
     5.0000000       -0.00179960        0.00205642
     5.1000000       -0.00273253        0.00246310
     5.2000000       -0.00192804        0.00113957
     5.3000000        0.00003838        0.00098123
     5.4000000       -0.00018810        0.00117820
     5.5000000       -0.00026809        0.00101815
     5.6000000        0.00232265        0.00154781
     5.7000000        0.00170373        0.00095549
     5.8000000        0.00103929        0.00175760
     5.9000000        0.00087025        0.00196788
     6.0000000       -0.00121148        0.00263239
     6.1000000       -0.00118871        0.00110790
     6.2000000       -0.00298579        0.00104342
     6.3000000       -0.00351436        0.00193913
     6.4000000       -0.00283530        0.00157522
     6.5000000       -0.00231474        0.00127936
     6.6000000       -0.00020833        0.00192973
     6.7000000       -0.00081321        0.00114830
     6.8000000       -0.00062238        0.00203356
     6.9000000       -0.00148809        0.00163718
     7.0000000       -0.00051442        0.00111270
     7.1000000       -0.00084824        0.00087673
     7.2000000       -0.00154907        0.00275712
     7.3000000        0.00066670        0.00243679
     7.4000000        0.00003331        0.00069150
     7.5000000       -0.00073366        0.00036270
     7.6000000       -0.00051783        0.00099647
     7.7000000       -0.00333035        0.00148693
     7.8000000       -0.00390345        0.00038864
     7.9000000       -0.00131262        0.00117449
     8.0000000        0.00124408        0.00307807
     8.1000000        0.00289567        0.00014513
     8.2000000        0.00193050        0.00143988
     8.3000000       -0.00089420        0.00184328
     8.4000000        0.00138271        0.00281744
     8.5000000        0.00029187        0.00049302
     8.6000000       -0.00145160        0.00017552
     8.7000000        0.00031041        0.00115197
     8.8000000        0.00133187        0.00391417
     8.9000000        0.00120884        0.00191212
     9.0000000        0.00078298        0.00084649
     9.1000000        0.00442916        0.00376574
     9.2000000        0.00270777        0.00388265
     9.3000000        0.00160285        0.00039016
     9.4000000        0.00263185        0.00170516
     9.5000000        0.00605585        0.00171060
     9.6000000        0.00566437        0.00128197
     9.7000000        0.01047313        0.00083493
     9.8000000        0.01977184        0.00480951
     9.9000000        0.03401347        0.00441920
    10.0000000        0.06707511        0.00203458
