1.032076065999999903e+00
1.000205608999999995e+00
1.000000675999999977e+00
1.000003758999999937e+00
9.997269795000000014e-01
1.000000841999999945e+00
1.000033716999999989e+00
9.999982901999999729e-01
9.999999901999999663e-01
9.999997631000000498e-01
1.000000001999999943e+00
1.000026660999999928e+00
1.000000003000000026e+00
1.000507349000000046e+00
9.999986110999999900e-01
1.000000556999999901e+00
1.000001429999999969e+00
1.000000004999999970e+00
1.000000001999999943e+00
1.000014093999999965e+00
1.000017951000000016e+00
1.000000349000000011e+00
1.000136182999999956e+00
1.000000063000000106e+00
9.999968898000000106e-01
9.999999777000000423e-01
9.999999101000000001e-01
1.000000919000000099e+00
9.999999420999999833e-01
1.000000090999999980e+00
9.999999926999999511e-01
9.999999997999999835e-01
9.999999997999999835e-01
1.000000000000000000e+00
1.001250731000000060e+00
9.999878060000000346e-01
1.000037126000000054e+00
1.000000009000000079e+00
1.000005953999999919e+00
1.000000065999999910e+00
1.000000004000000109e+00
1.000002099999999894e+00
1.000000025000000070e+00
1.000005515000000011e+00
1.000000001999999943e+00
1.000000114999999967e+00
9.999999910000000325e-01
1.009670273000000007e+00
1.000007453999999907e+00
9.999999902999999746e-01
9.999918787999999559e-01
9.999992388999999759e-01
1.000003036000000067e+00
1.000000001999999943e+00
9.999896162000000421e-01
1.000000001999999943e+00
1.000000022000000044e+00
9.999682251999999494e-01
1.000005540999999942e+00
1.000000004000000109e+00
1.000000014999999909e+00
9.999541774000000327e-01
1.000259975999999940e+00
1.000009885000000098e+00
1.000000030999999900e+00
1.000000076000000071e+00
1.000000151000000059e+00
9.999999531000000053e-01
9.999999968999999655e-01
9.999999297999999648e-01
9.998829165999999491e-01
9.999999857000000381e-01
9.999993582999999742e-01
9.999999839000000001e-01
9.999999604999999514e-01
9.999999799000000023e-01
1.000000229999999934e+00
9.999946454000000484e-01
9.999999885999999449e-01
1.000000001000000083e+00
9.999999987000000035e-01
9.999999998999999917e-01
9.999996897999999801e-01
1.000004354000000095e+00
9.993889943999999526e-01
9.999777512999999951e-01
1.000000025000000070e+00
1.000000527999999944e+00
1.000000009000000079e+00
9.999996789999999747e-01
1.000000031999999983e+00
9.999999801000000188e-01
9.999995847999999521e-01
9.999821647000000091e-01
1.000000011000000022e+00
9.999945326000000412e-01
9.999999994999999586e-01
9.999999998999999917e-01
1.000000004000000109e+00
9.999999978000000400e-01
