2.195609999999999902e+55
7.756916853999999541e+58
3.891005580000000201e+72
1.810759156000000093e+60
2.077526218999999909e+54
2.602199249999999934e+51
1.197567597999999948e+73
1.436281615999999920e+60
1.668173428000000099e+59
1.786259426999999960e+71
5.002507810000000161e+60
5.312727756999999911e+67
7.117500715000000010e+51
3.553084245000000216e+61
4.535501025999999660e+65
3.822567031999999740e+64
8.617826145000000053e+61
3.215524606000000180e+63
1.037286371000000068e+62
1.952196851000000090e+55
1.125241489000000026e+55
8.358099037000000157e+51
2.510822938999999841e+54
1.339592551000000042e+55
1.336086701000000103e+52
1.460574038999999974e+50
1.707500237000000062e+62
8.832685095000000114e+53
5.212664937000000426e+56
2.264941995000000068e+61
2.487000184999999987e+58
8.476138854999999769e+63
4.655898863999999766e+61
9.103047166999999643e+53
4.888561123999999925e+63
6.953709863000000195e+58
9.434613938999999572e+64
9.483688576999999996e+56
1.691236694999999951e+55
4.579009880999999917e+64
6.537379658999999956e+50
3.845121162999999971e+72
7.853402416999999785e+54
1.853807360000000068e+65
1.091592456000000051e+64
4.978578504000000289e+70
3.918750611000000249e+49
2.906521995000000019e+52
3.951264476000000246e+66
3.506351717000000131e+56
1.196374197000000021e+61
8.182670997999999861e+55
3.117164168000000224e+61
1.175325085999999957e+67
3.286119452000000244e+57
6.499880577999999787e+64
9.251612706000000015e+69
7.080913743999999545e+62
2.824454788999999966e+53
5.397906369000000040e+63
8.532262618999999476e+52
3.964671236999999953e+61
4.678516100000000229e+57
9.344426104000000634e+53
3.844765456999999731e+58
2.101224022999999940e+65
5.545089239000000458e+65
9.820918324999999753e+66
5.903082627999999714e+60
6.895257801999999933e+56
5.434290811000000194e+60
9.135091098000000353e+59
3.689355548000000150e+66
9.271824130999999793e+58
5.004814712000000109e+64
7.540247942999999608e+56
6.203044075999999578e+62
6.539069170000000222e+65
7.114129876000000505e+60
1.154257112999999967e+61
6.182695603999999829e+66
4.985351546999999932e+60
9.573667175999999867e+56
1.514938112999999970e+54
4.685612364000000336e+59
1.031243070999999951e+67
1.698206990999999911e+62
1.142632904000000049e+65
1.820252397999999929e+58
9.777397496999999840e+59
3.938836480999999920e+61
3.454606318999999999e+62
3.101736101000000158e+62
2.430202533000000104e+67
9.559215440999999298e+60
3.262747635999999720e+64
4.484919892999999830e+56
2.013386075999999892e+62
1.360768057000000046e+71
5.676682018999999679e+66
