4.092459999999999987e-01
3.815580102999999834e+00
-4.535697614000000044e+00
2.889406031999999791e-01
4.448103100999999948e-01
4.238347035000000207e-01
2.509656330999999740e-01
8.577275468999999708e-01
4.075304484000000116e+00
-2.736647430000000103e+00
3.968720606999999845e+00
9.047014985000000342e-01
3.678069106999999893e-01
3.938614027999999934e+00
2.907504700999999914e-01
2.911345721999999969e-01
7.175299469000000485e-01
6.581377524999999507e-01
1.743510265000000059e+00
2.592004764999999988e-01
3.920147222000000209e+00
1.266901051999999916e+00
2.674726589000000043e+00
2.721997785000000114e+00
4.192216134999999788e+00
3.037511212000000071e+00
2.652321201999999767e-01
1.477033175999999948e+00
6.546785057999999768e-01
2.463422031999999984e-01
1.213497134999999894e+00
1.941221354999999926e+00
6.232473581999999901e-01
2.897493153999999849e-01
2.553441940999999771e-01
2.701933620999999786e+00
7.127216184000000343e-01
2.818888749999999832e-01
2.781174582999999867e+00
2.643930554999999738e-01
8.251987670999999525e-01
2.001303813999999903e+00
3.119651533000000199e-01
3.207109825999999941e+00
7.374805583000000331e-01
7.155165787999999694e-01
1.743240761000000028e+00
2.531721963999999936e+00
4.447904791999999774e-01
1.399008009999999969e+00
3.577037043999999888e+00
3.794798403999999792e+00
4.176725605000000119e-01
3.188447825999999985e+00
3.744525181999999841e+00
1.900278337000000095e-01
1.767195395999999974e+00
2.486733502000000040e-01
3.420427359000000056e+00
2.812827774000000169e-01
3.698609497000000079e+00
3.918798463999999981e+00
3.293778275000000200e+00
3.293700633000000155e-01
2.977577678000000172e-01
9.194226988999999461e-01
9.472727317000000369e-01
3.925990832000000097e+00
2.557364953999999857e-01
-1.632826427999999996e+00
3.267499417999999878e+00
5.061256554999999935e-01
7.520553814999999531e-01
1.398302005999999986e+00
1.401851382999999895e+00
7.119016231000000472e-01
2.578159819999999991e-01
3.687810918000000160e-01
4.499042685999999902e-01
7.959103989000000379e-01
2.819371404000000081e-01
3.039962881000000117e-01
1.061928804999999976e+00
4.134573438999999961e-01
2.568725107000000007e-01
3.611483996000000030e+00
3.842154783000000240e-01
2.577817061999999826e+00
1.081047316000000036e+00
2.373793500000000112e+00
6.927362186000000088e-01
2.507958929999999920e-01
2.428876194999999960e+00
2.531531267000000085e+00
2.535798624000000223e-01
2.732777179000000167e+00
3.446020182999999792e-01
1.154619241000000018e+00
7.979428413000000386e-01
3.893089719999999865e+00
