1.007329999999999963e+118
3.421254918000000129e+143
8.627009422999999951e+151
2.885287962000000137e+156
-1.891538103000000030e+189
3.624910606000000213e+174
-1.754087913999999992e+189
-6.495961969999999953e+221
-1.820629326000000112e+211
3.466673024000000040e+235
-5.213157784999999527e+251
-2.219757420000000055e+257
-1.013381770000000072e+258
-3.510489102999999869e+255
-2.572714658999999779e+282
1.815315312000000020e+299
-8.602028375000000455e+292
-inf
-inf
inf
inf
-inf
inf
-inf
inf
-inf
inf
inf
inf
-inf
inf
-inf
inf
-inf
inf
inf
-inf
inf
-inf
inf
inf
inf
-inf
inf
inf
inf
-inf
-inf
inf
inf
-inf
-inf
inf
-inf
-inf
inf
inf
inf
-inf
inf
inf
inf
-inf
inf
inf
-inf
inf
inf
-inf
-inf
inf
inf
inf
inf
inf
inf
-inf
inf
inf
inf
-inf
inf
inf
-inf
-inf
inf
inf
-inf
inf
-inf
inf
inf
-inf
inf
inf
inf
inf
-inf
-inf
-inf
