3.843789999999999818e+00
3.838921626999999948e+00
4.586875803000000085e-01
1.529976291000000099e+00
5.162079456999999483e-01
2.737030555000000143e-01
9.978691028999999713e-01
3.062502220000000164e-01
2.649609063000000209e-01
3.388591138999999863e+00
3.489630876000000104e+00
3.943546070000000237e-01
5.420351589999999886e-01
3.121739605999999778e+00
1.451982370000000078e+00
2.486628613000000099e-01
6.719174016000000194e-01
2.852439092999999870e-01
3.265165436999999837e+00
2.607580612000000020e-01
