     0.0000000        0.28518311        0.01286076
     0.1000000        0.13562577        0.01349810
     0.2000000        0.06609758        0.01353665
     0.3000000        0.03915833        0.01141083
     0.4000000        0.02202143        0.00585807
     0.5000000        0.01276714        0.00309312
     0.6000000        0.01021964        0.00360924
     0.7000000        0.00664882        0.00405860
     0.8000000        0.00334075        0.00087318
     0.9000000        0.00000686        0.00385810
     1.0000000       -0.00143042        0.00875551
     1.1000000        0.00019546        0.00784617
     1.2000000        0.00326837        0.00604502
     1.3000000        0.00470913        0.00620556
     1.4000000        0.00224618        0.00617097
     1.5000000        0.00291554        0.00953662
     1.6000000        0.00254028        0.00542463
     1.7000000        0.00456325        0.00452629
     1.8000000        0.00948689        0.01032905
     1.9000000        0.01139391        0.01397712
     2.0000000        0.00531402        0.01057699
     2.1000000        0.00632842        0.00991359
     2.2000000        0.00741416        0.00811186
     2.3000000        0.00645288        0.00462387
     2.4000000        0.00254396        0.00489153
     2.5000000       -0.00196534        0.00178115
     2.6000000       -0.00758400        0.00265734
     2.7000000       -0.00927011        0.00240205
     2.8000000       -0.01220625        0.00137368
     2.9000000       -0.01168216        0.00198124
     3.0000000       -0.01029143        0.00712278
     3.1000000       -0.01287315        0.00363187
     3.2000000       -0.01261176        0.00369608
     3.3000000       -0.01610934        0.00549659
     3.4000000       -0.01519167        0.00554857
     3.5000000       -0.01063486        0.00708444
     3.6000000       -0.00751026        0.00979415
     3.7000000       -0.00528328        0.00873348
     3.8000000       -0.00550044        0.00818675
     3.9000000       -0.00747800        0.00558249
     4.0000000       -0.00972746        0.00462703
     4.1000000       -0.01159130        0.00434124
     4.2000000       -0.01261178        0.00313536
     4.3000000       -0.01130179        0.00406393
     4.4000000       -0.01016839        0.00477878
     4.5000000       -0.00931434        0.00920271
     4.6000000       -0.00876358        0.00876256
     4.7000000       -0.00337206        0.00889999
     4.8000000       -0.00172536        0.00902896
     4.9000000       -0.00294530        0.00758181
     5.0000000        0.00155159        0.00673115
     5.1000000        0.00248167        0.00336248
     5.2000000       -0.00115963        0.00404908
     5.3000000       -0.00068032        0.00807984
     5.4000000        0.00277252        0.00874180
     5.5000000        0.00175990        0.00907587
     5.6000000        0.00052729        0.00906855
     5.7000000        0.00155597        0.00394565
     5.8000000       -0.00119579        0.00432554
     5.9000000       -0.00296151        0.00359590
     6.0000000       -0.00356759        0.00452765
     6.1000000       -0.00993938        0.00657637
     6.2000000       -0.01269064        0.00615509
     6.3000000       -0.01409084        0.00724991
     6.4000000       -0.01248302        0.00838065
     6.5000000       -0.00675415        0.00936243
     6.6000000       -0.00571928        0.01299729
     6.7000000       -0.00526387        0.01395875
     6.8000000       -0.00790472        0.00564826
     6.9000000       -0.01163051        0.00385542
     7.0000000       -0.01340350        0.00697274
     7.1000000       -0.01176404        0.01121156
     7.2000000       -0.00843612        0.01244342
     7.3000000       -0.00886424        0.01310676
     7.4000000       -0.00776344        0.01076844
     7.5000000       -0.00124045        0.00929945
     7.6000000       -0.00096910        0.00498093
     7.7000000        0.00084425        0.00511228
     7.8000000        0.00034697        0.00408030
     7.9000000       -0.00009140        0.00395619
     8.0000000        0.00267368        0.00570015
     8.1000000        0.00053277        0.00551478
     8.2000000        0.00051867        0.00630937
     8.3000000       -0.00242284        0.00937078
     8.4000000        0.00227578        0.00924485
     8.5000000       -0.00109691        0.01112665
     8.6000000       -0.00747471        0.01333731
     8.7000000       -0.01026839        0.02007324
     8.8000000       -0.00153637        0.01423945
     8.9000000       -0.00029026        0.01419462
     9.0000000       -0.00366177        0.01434663
     9.1000000       -0.00045565        0.01128208
     9.2000000        0.00530914        0.01087290
     9.3000000        0.00860419        0.01321051
     9.4000000        0.01170043        0.01317299
     9.5000000        0.01446082        0.01034029
     9.6000000        0.01777395        0.00630465
     9.7000000        0.03106107        0.00137909
     9.8000000        0.06181378        0.00451954
     9.9000000        0.12904113        0.01084053
    10.0000000        0.28518311        0.01286076
