     0.0000000        0.18034228        0.00738352
     0.1000000        0.09937389        0.00828667
     0.2000000        0.05768194        0.00801966
     0.3000000        0.03475818        0.00624906
     0.4000000        0.02358400        0.00484193
     0.5000000        0.01597378        0.00307904
     0.6000000        0.01257972        0.00389125
     0.7000000        0.00998085        0.00343881
     0.8000000        0.00647753        0.00509024
     0.9000000        0.00530121        0.00436268
     1.0000000        0.00551645        0.00559041
     1.1000000        0.00388544        0.00446663
     1.2000000        0.00337551        0.00423102
     1.3000000        0.00398517        0.00286125
     1.4000000        0.00369017        0.00296355
     1.5000000        0.00357477        0.00363285
     1.6000000        0.00402828        0.00388177
     1.7000000        0.00470486        0.00432237
     1.8000000        0.00384807        0.00492177
     1.9000000        0.00272056        0.00462237
     2.0000000        0.00128211        0.00298660
     2.1000000       -0.00044946        0.00308151
     2.2000000       -0.00027235        0.00250961
     2.3000000       -0.00037507        0.00322080
     2.4000000        0.00049905        0.00298452
     2.5000000        0.00037102        0.00393983
     2.6000000        0.00213699        0.00407743
     2.7000000        0.00202552        0.00417294
     2.8000000       -0.00005795        0.00415960
     2.9000000       -0.00144817        0.00408672
     3.0000000       -0.00269726        0.00425322
     3.1000000       -0.00364489        0.00521607
     3.2000000       -0.00395597        0.00466825
     3.3000000       -0.00385838        0.00421215
     3.4000000       -0.00447533        0.00399777
     3.5000000       -0.00471133        0.00244846
     3.6000000       -0.00467305        0.00179445
     3.7000000       -0.00304486        0.00103649
     3.8000000       -0.00172208        0.00077758
     3.9000000       -0.00260858        0.00125404
     4.0000000       -0.00446877        0.00271906
     4.1000000       -0.00401858        0.00340373
     4.2000000       -0.00277085        0.00493034
     4.3000000       -0.00143932        0.00690589
     4.4000000       -0.00260289        0.00634279
     4.5000000       -0.00466644        0.00605853
     4.6000000       -0.00504872        0.00620215
     4.7000000       -0.00598437        0.00567725
     4.8000000       -0.00517401        0.00482675
     4.9000000       -0.00372364        0.00472338
     5.0000000       -0.00366845        0.00354701
     5.1000000       -0.00217394        0.00375564
     5.2000000       -0.00084643        0.00336203
     5.3000000        0.00127849        0.00227061
     5.4000000        0.00199845        0.00061259
     5.5000000        0.00304578        0.00045401
     5.6000000        0.00338245        0.00087787
     5.7000000        0.00267242        0.00105503
     5.8000000        0.00115435        0.00090942
     5.9000000        0.00005999        0.00148412
     6.0000000       -0.00125624        0.00273233
     6.1000000       -0.00115366        0.00474191
     6.2000000       -0.00095512        0.00438243
     6.3000000       -0.00075497        0.00486106
     6.4000000       -0.00166796        0.00451234
     6.5000000       -0.00174101        0.00410702
     6.6000000       -0.00092193        0.00457329
     6.7000000        0.00064766        0.00334950
     6.8000000        0.00188880        0.00377949
     6.9000000        0.00209617        0.00502129
     7.0000000        0.00229674        0.00519138
     7.1000000        0.00178347        0.00417138
     7.2000000        0.00014926        0.00354487
     7.3000000        0.00004427        0.00387240
     7.4000000       -0.00213111        0.00437259
     7.5000000       -0.00329508        0.00328808
     7.6000000       -0.00266260        0.00355731
     7.7000000       -0.00479217        0.00406992
     7.8000000       -0.00448826        0.00420790
     7.9000000       -0.00372252        0.00235308
     8.0000000       -0.00126477        0.00184405
     8.1000000       -0.00078973        0.00192491
     8.2000000       -0.00071362        0.00214740
     8.3000000       -0.00184840        0.00214377
     8.4000000       -0.00185440        0.00299146
     8.5000000       -0.00038826        0.00280712
     8.6000000        0.00028775        0.00165031
     8.7000000        0.00049129        0.00119943
     8.8000000        0.00072664        0.00160608
     8.9000000        0.00086642        0.00273024
     9.0000000        0.00117806        0.00384632
     9.1000000        0.00146517        0.00403455
     9.2000000        0.00412542        0.00365866
     9.3000000        0.00754845        0.00305460
     9.4000000        0.01224246        0.00385226
     9.5000000        0.01635083        0.00501882
     9.6000000        0.02383115        0.00568929
     9.7000000        0.03732995        0.00413029
     9.8000000        0.06089571        0.00416829
     9.9000000        0.10245361        0.00518470
    10.0000000        0.18034228        0.00738352
