     0.0000000        0.78630371        0.01577250
     0.1000000        0.62210407        0.01686535
     0.2000000        0.50356864        0.01676951
     0.3000000        0.41621626        0.01579215
     0.4000000        0.34985832        0.01500762
     0.5000000        0.29553535        0.01461294
     0.6000000        0.25260723        0.01380008
     0.7000000        0.21819735        0.01214602
     0.8000000        0.18777562        0.01150326
     0.9000000        0.16247284        0.01122670
     1.0000000        0.14440583        0.01073596
     1.1000000        0.12804435        0.00998556
     1.2000000        0.11256733        0.00938581
     1.3000000        0.10002575        0.00902708
     1.4000000        0.08638975        0.00825361
     1.5000000        0.07488793        0.00744235
     1.6000000        0.06339513        0.00696107
     1.7000000        0.05442117        0.00615512
     1.8000000        0.04962882        0.00581975
     1.9000000        0.04593841        0.00536443
     2.0000000        0.04126262        0.00422152
     2.1000000        0.03766549        0.00347564
     2.2000000        0.03330722        0.00348353
     2.3000000        0.02885180        0.00347797
     2.4000000        0.02609335        0.00336639
     2.5000000        0.02032439        0.00401276
     2.6000000        0.01806051        0.00501013
     2.7000000        0.01661117        0.00511694
     2.8000000        0.01565801        0.00541831
     2.9000000        0.01701801        0.00455599
     3.0000000        0.01596706        0.00465528
     3.1000000        0.01547893        0.00570911
     3.2000000        0.01546024        0.00607698
     3.3000000        0.01283977        0.00624855
     3.4000000        0.01307955        0.00695749
     3.5000000        0.00964716        0.00775553
     3.6000000        0.00724969        0.00820809
     3.7000000        0.00640536        0.00805430
     3.8000000        0.00657006        0.00698662
     3.9000000        0.00372908        0.00704425
     4.0000000        0.00310465        0.00573384
     4.1000000        0.00224920        0.00552856
     4.2000000        0.00301315        0.00508147
     4.3000000        0.00433256        0.00472898
     4.4000000        0.00197882        0.00448460
     4.5000000        0.00150715        0.00410669
     4.6000000        0.00088787        0.00412799
     4.7000000       -0.00024593        0.00413223
     4.8000000        0.00026455        0.00438860
     4.9000000        0.00101927        0.00476932
     5.0000000        0.00324631        0.00528825
     5.1000000        0.00205801        0.00525465
     5.2000000       -0.00094164        0.00531342
     5.3000000       -0.00072290        0.00526819
     5.4000000       -0.00432338        0.00536362
     5.5000000       -0.00579970        0.00632417
     5.6000000       -0.00524791        0.00710120
     5.7000000       -0.00526958        0.00693859
     5.8000000       -0.00495474        0.00712671
     5.9000000       -0.00600596        0.00720535
     6.0000000       -0.00798121        0.00734907
     6.1000000       -0.00899000        0.00752372
     6.2000000       -0.00795575        0.00768214
     6.3000000       -0.00500966        0.00687293
     6.4000000       -0.00376070        0.00607148
     6.5000000       -0.00189324        0.00559609
     6.6000000       -0.00203404        0.00552038
     6.7000000       -0.00029562        0.00553863
     6.8000000        0.00314351        0.00566969
     6.9000000        0.00492155        0.00544651
     7.0000000        0.00611705        0.00542415
     7.1000000        0.00557600        0.00618331
     7.2000000        0.00750350        0.00697877
     7.3000000        0.01004113        0.00754513
     7.4000000        0.01255552        0.00743863
     7.5000000        0.01427924        0.00786513
     7.6000000        0.01507976        0.00712429
     7.7000000        0.01883061        0.00627916
     7.8000000        0.02189624        0.00617123
     7.9000000        0.02811107        0.00679698
     8.0000000        0.03165840        0.00780695
     8.1000000        0.03564630        0.00776171
     8.2000000        0.04315224        0.00738994
     8.3000000        0.05282115        0.00751467
     8.4000000        0.06337125        0.00782523
     8.5000000        0.07296709        0.00793777
     8.6000000        0.08451183        0.00777278
     8.7000000        0.09564504        0.00851828
     8.8000000        0.10964779        0.00839151
     8.9000000        0.12586835        0.00742200
     9.0000000        0.14667826        0.00727877
     9.1000000        0.16985218        0.00763008
     9.2000000        0.19515579        0.00862568
     9.3000000        0.22416828        0.00970868
     9.4000000        0.26072855        0.01148099
     9.5000000        0.30347780        0.01249604
     9.6000000        0.35442666        0.01278534
     9.7000000        0.42023882        0.01431490
     9.8000000        0.50628875        0.01496425
     9.9000000        0.62134586        0.01540297
    10.0000000        0.78630371        0.01577250
