5.966851336512872805e-01
2.066758489208128102e-01
2.649059540191828210e-01
5.104417711012880776e-01
2.584166852092419364e-01
2.534523542318602440e-01
5.035797218708641942e-01
2.495030239233302360e-01
2.494738941048233460e-01
5.027302882171706955e-01
2.492361886768086343e-01
2.492252076842859099e-01
5.024250770874187921e-01
2.491138052984584739e-01
2.490815054952550400e-01
5.022037599111642825e-01
2.490129165557112556e-01
2.487014882539771710e-01
5.091976410977041567e-01
2.489070955337295832e-01
2.540229912084117636e-01
4.740122076143871155e-01
2.362089966960006504e-01
1.888234614869943873e-01
