   5.0688e+63
  8.55167e+63
  4.98537e+63
  1.41802e+64
  1.41802e+64
  2.33511e+64
  7.63484e+64
   1.0088e+65
   1.0088e+65
   1.0088e+65
  5.67498e+64
  1.48478e+65
  4.98528e+64
  1.50971e+64
  1.56347e+64
  1.85681e+64
  3.67383e+64
  3.67383e+64
  3.67383e+64
  9.55374e+64
  3.39977e+65
  3.39977e+65
  3.39977e+65
  3.04747e+65
  3.24866e+65
   3.8387e+65
  5.50211e+65
  1.50677e+66
  1.79925e+66
  1.79925e+66
  2.14956e+66
  2.14956e+66
  1.65983e+66
  1.65983e+66
  1.65983e+66
  1.65983e+66
  1.65983e+66
  1.85244e+66
  1.39888e+66
  2.04129e+66
  2.90029e+66
   8.4444e+66
  3.46094e+66
  2.75951e+66
  8.64793e+66
  4.50335e+66
  8.49233e+66
  9.33104e+66
  9.36772e+66
  9.36772e+66
  2.49529e+67
  4.97112e+67
  9.90861e+67
  9.90861e+67
  1.05903e+68
  3.46218e+67
  3.46218e+67
  6.69784e+67
  1.91066e+68
  7.08291e+68
  1.22717e+69
  3.99331e+68
  2.47796e+68
  2.47796e+68
  5.50458e+68
  1.19493e+69
  1.19493e+69
  1.19493e+69
  4.43885e+69
  1.69084e+70
  1.69084e+70
  1.69084e+70
  6.20923e+69
  1.05677e+70
  1.60638e+70
  1.09503e+70
  2.94696e+70
  1.07583e+71
  2.74955e+71
  1.32144e+71
  1.32144e+71
  1.32144e+71
  2.31747e+71
  1.32056e+71
  1.32056e+71
  4.98735e+70
  1.96823e+70
  2.60122e+70
  3.32102e+70
  1.02416e+71
  3.14594e+71
  1.04222e+71
  1.04919e+71
  1.49093e+71
  5.14587e+70
  5.98791e+70
  4.43368e+70
  1.22495e+71
  1.38387e+71
  4.23387e+71
  1.33648e+71
  1.33648e+71
  4.21629e+71
  4.21629e+71
  3.85122e+71
  3.85122e+71
  3.85122e+71
  1.29248e+72
  5.00173e+72
  2.05679e+73
   6.3304e+73
   6.3304e+73
  6.08116e+73
  6.08116e+73
  6.08116e+73
  1.49386e+74
   4.3401e+74
   4.3401e+74
   4.3401e+74
   4.3401e+74
   4.3401e+74
   4.3401e+74
  1.36427e+75
  7.80103e+74
  2.47802e+75
  3.93847e+75
  3.93847e+75
  3.93847e+75
  3.93847e+75
  4.58441e+75
  1.55308e+76
  1.55308e+76
  3.75932e+76
  5.19359e+76
  5.19359e+76
  3.03828e+76
  7.17667e+76
  1.68259e+77
  1.40041e+77
  6.10007e+76
  2.04417e+76
  1.86834e+76
  1.85858e+76
  4.18343e+76
  4.18343e+76
  1.16399e+77
   1.2114e+77
  7.25514e+76
  4.87446e+76
  4.87446e+76
  4.87446e+76
  1.65982e+77
  1.65982e+77
  4.49641e+76
  1.01752e+77
  5.83923e+76
  1.66811e+76
  1.66811e+76
  1.66811e+76
  1.66811e+76
  1.66811e+76
  8.18058e+75
  1.79463e+76
  1.79463e+76
  6.03114e+76
  6.03114e+76
  2.03679e+77
  2.03679e+77
  2.03679e+77
  2.03679e+77
  5.82448e+76
  5.82448e+76
  5.82448e+76
  9.20815e+76
  2.64947e+76
  2.64947e+76
  1.20763e+76
  7.90768e+75
  2.94093e+75
  3.27521e+75
  3.27521e+75
   1.7206e+75
  4.55416e+75
  3.31034e+75
  3.31034e+75
  5.43426e+75
  2.28326e+75
  2.28326e+75
  2.18175e+75
  6.30988e+75
   5.6974e+75
  1.02899e+76
  2.62387e+76
  2.62387e+76
  5.87486e+76
  2.14812e+77
  5.65624e+77
  9.54998e+77
   1.7924e+78
  5.75877e+77
  3.87598e+77
  3.87598e+77
  3.87598e+77
  1.68736e+77
  6.97483e+76
   8.9182e+76
  4.08006e+76
  1.61735e+77
  1.61735e+77
  3.95585e+76
  1.50918e+76
  2.37534e+76
  8.28103e+76
  8.28103e+76
  2.32139e+76
  8.47624e+76
  3.31419e+77
  8.91536e+76
  8.91536e+76
  8.91536e+76
  8.91536e+76
  8.91536e+76
  2.76718e+76
  1.79657e+76
  1.23126e+76
  2.44899e+76
  2.53209e+76
  6.09065e+76
  1.12534e+77
  1.21145e+77
  4.71278e+76
  7.67973e+76
  7.67973e+76
  1.44136e+77
  1.44136e+77
  3.64015e+77
  3.36826e+77
  3.36826e+77
  9.39483e+77
  9.39483e+77
  8.48288e+77
  2.01642e+78
   8.0457e+77
  1.83156e+78
  6.28088e+78
  6.28088e+78
  6.28088e+78
  2.12872e+79
  1.36328e+79
  1.80555e+79
  4.04237e+79
  1.17443e+80
  3.55867e+80
  2.91347e+80
  8.72312e+80
  6.38135e+80
  6.38135e+80
  1.80564e+80
  6.65311e+80
  6.65311e+80
  7.96744e+80
  3.75281e+80
   1.4219e+81
  4.73945e+81
  1.87466e+81
  4.85346e+80
  1.83106e+80
  5.56201e+80
  1.49572e+80
  5.55378e+80
  2.02063e+81
  6.93873e+81
  6.93873e+81
  8.42776e+81
   2.0262e+82
  7.37716e+82
  2.34624e+83
  9.22089e+83
   4.1272e+83
  6.29551e+83
  4.90485e+83
  4.94959e+83
  1.81439e+84
   9.5383e+83
  2.50423e+83
  8.16615e+83
   9.5994e+83
  5.18602e+83
  1.69559e+83
  1.69559e+83
  3.45986e+83
  1.95311e+83
  1.24499e+83
  4.07492e+83
  4.07492e+83
  1.12762e+83
   3.9809e+83
   3.9809e+83
  4.56796e+83
  4.56796e+83
  1.87821e+83
   7.1922e+83
   2.6243e+84
  2.91174e+84
  1.30538e+84
   1.5199e+84
  1.43336e+84
  1.43336e+84
  1.43336e+84
  1.43336e+84
   1.5098e+84
  2.27863e+84
  2.27863e+84
  8.91923e+84
  7.47093e+84
  3.62274e+84
  8.30684e+84
  8.30684e+84
  8.30684e+84
  8.30684e+84
  2.28057e+84
  2.28057e+84
  9.74204e+83
  9.74204e+83
  3.15742e+83
  3.15742e+83
  3.15742e+83
  7.76921e+82
  1.28756e+83
  1.28756e+83
  3.64361e+83
  3.05317e+83
  3.05317e+83
  5.68312e+83
  5.68312e+83
  5.68312e+83
  3.39736e+83
  7.50313e+83
  7.50313e+83
  2.13022e+83
  2.13022e+83
  3.84966e+83
  6.20103e+83
  2.28304e+84
  9.39028e+84
  3.39071e+85
  1.39043e+86
  1.39043e+86
  3.47587e+86
  3.75559e+86
  5.75087e+86
  5.75087e+86
  5.75087e+86
  4.47742e+86
  4.47742e+86
  1.36915e+87
  1.28913e+87
  4.54124e+86
  1.63352e+87
  1.63352e+87
   1.1306e+87
  1.03702e+87
  1.03702e+87
  1.03702e+87
  1.93594e+87
  6.76065e+87
  1.85974e+87
  1.85974e+87
  5.50831e+86
  5.50831e+86
  2.20685e+86
  2.20685e+86
  1.91511e+86
  1.06829e+86
  8.01963e+85
  2.94819e+86
  2.94819e+86
  2.94819e+86
  9.71145e+86
  5.28528e+86
  2.76147e+86
   6.5447e+86
   6.5447e+86
   6.5447e+86
   6.5447e+86
  2.47228e+87
  3.57748e+87
  2.26184e+87
  6.81048e+87
  2.56339e+87
  9.18751e+87
  9.18751e+87
  2.71639e+88
  2.71639e+88
  2.71639e+88
  2.71639e+88
  2.71639e+88
  1.10144e+89
  1.10144e+89
  1.10144e+89
  3.50108e+89
  3.50108e+89
  3.50108e+89
  4.86302e+89
  4.26789e+89
  4.26789e+89
  1.03495e+90
  3.27891e+90
  3.27891e+90
  3.27891e+90
  3.42641e+90
  5.44357e+90
  2.19572e+91
  2.19572e+91
  2.19572e+91
  6.18175e+90
  2.67384e+90
  9.74357e+90
    3.098e+91
  1.25305e+92
  3.47804e+92
  1.16555e+93
   1.8738e+93
  3.15649e+93
  4.32517e+93
  4.32517e+93
    1.774e+94
    1.774e+94
  4.85411e+93
  7.79611e+93
  9.26892e+93
  9.26892e+93
  9.26892e+93
  5.02259e+93
  5.02259e+93
  5.02259e+93
  5.02259e+93
  7.05258e+93
  2.74433e+93
  2.78149e+93
  7.38452e+92
  2.59489e+93
  2.59489e+93
  2.59489e+93
  2.59489e+93
  2.59489e+93
  6.30143e+92
  1.65201e+92
  5.81151e+92
  5.81151e+92
  5.81151e+92
  1.44094e+92
  1.44094e+92
  6.88112e+91
  9.27694e+91
  4.39779e+91
  1.61327e+91
  1.61327e+91
  1.61327e+91
  1.61327e+91
  4.95972e+91
  2.61528e+91
  6.33687e+90
  6.33687e+90
  6.33687e+90
  2.56867e+90
  1.79411e+90
  1.79411e+90
  1.79411e+90
  1.79411e+90
  1.79411e+90
   7.1939e+90
   7.1939e+90
  5.38955e+90
  3.48923e+90
  3.48923e+90
  3.48923e+90
  3.48923e+90
  1.69321e+90
  1.69321e+90
  4.36511e+90
  1.59059e+91
   5.9217e+91
  1.10463e+92
  2.74585e+91
  2.74585e+91
  1.72616e+91
  1.72616e+91
  1.87127e+91
   1.6373e+91
  7.76132e+90
  2.54718e+90
  8.40435e+90
  8.40435e+90
  2.05632e+90
  8.51337e+90
  8.51337e+90
  2.30859e+90
  7.73548e+89
  2.50855e+90
  7.49649e+89
  7.49649e+89
   3.0374e+90
  4.54688e+90
  3.22821e+90
  5.84903e+90
  4.96295e+90
  4.96295e+90
  1.18208e+90
  1.18208e+90
  4.14918e+89
  6.34027e+89
  6.34027e+89
  2.15049e+90
  6.16355e+90
  6.16355e+90
  3.55908e+90
  3.55908e+90
  3.55908e+90
  3.55908e+90
  3.55908e+90
  3.55908e+90
  8.56522e+90
  1.51691e+91
  1.76844e+91
  7.30858e+91
  1.76721e+91
  1.76721e+91
  1.73521e+91
  1.41911e+91
  1.41911e+91
  1.41911e+91
  1.41911e+91
  8.00249e+90
  8.00249e+90
  3.26517e+91
  5.12525e+91
   1.9092e+92
  2.65907e+92
  1.69335e+92
  1.40484e+92
  5.08719e+92
  5.08719e+92
  5.08719e+92
  5.08719e+92
  5.08719e+92
  5.08719e+92
  5.08719e+92
  2.18486e+92
  2.18486e+92
  1.21811e+92
  1.21811e+92
  1.21811e+92
  2.89899e+92
  5.39994e+92
  5.39994e+92
  1.07659e+93
  2.85654e+92
  2.85654e+92
  2.85654e+92
  2.46047e+92
  2.46047e+92
  6.08914e+91
  6.08914e+91
  2.19615e+92
  2.19615e+92
   1.6382e+92
   1.6382e+92
  4.26215e+91
  4.26215e+91
  1.47703e+91
  1.47703e+91
  1.47703e+91
  4.31435e+91
  1.02486e+92
  1.02486e+92
  1.02486e+92
  1.02486e+92
  1.39928e+92
  1.59713e+92
  1.59713e+92
  1.59713e+92
  1.59713e+92
  2.85111e+92
  2.85111e+92
  7.10426e+91
  3.86789e+91
  3.86789e+91
   3.1925e+91
  4.94138e+91
  9.15925e+91
  9.15925e+91
  9.15925e+91
  2.41257e+91
  8.96038e+91
  8.96038e+91
  3.60558e+92
  3.60558e+92
  9.24202e+92
  4.73381e+92
  5.69747e+92
  1.44947e+92
  3.76302e+91
  1.45803e+92
  1.45803e+92
  5.15892e+92
  1.71119e+93
  1.71119e+93
  1.71119e+93
  1.71119e+93
  3.07374e+93
  9.89059e+93
  2.62632e+93
  2.62632e+93
  1.03024e+94
  1.03024e+94
   1.4651e+94
   1.4651e+94
  5.02054e+93
  1.41415e+93
  1.03109e+93
  2.88433e+92
  9.21095e+92
  9.21095e+92
  3.33176e+93
  3.33176e+93
  3.33176e+93
  3.33176e+93
  9.04263e+93
  2.38337e+94
  2.38337e+94
  7.00741e+93
  7.00741e+93
  2.26997e+94
  2.26997e+94
  2.26997e+94
  4.00886e+94
  1.09616e+94
  1.25934e+94
   1.5548e+94
  7.08894e+93
  2.39164e+93
  8.48008e+93
  2.10865e+93
  2.10865e+93
  2.10865e+93
  5.11299e+92
   1.9285e+93
   1.9285e+93
  1.68184e+93
  2.39837e+93
  2.39837e+93
  2.39837e+93
   6.4262e+92
   6.4262e+92
   6.4262e+92
   6.4262e+92
   6.4262e+92
   6.4262e+92
   6.4262e+92
  2.10387e+93
  2.10387e+93
   7.2517e+92
   7.2517e+92
  2.98366e+93
  1.59903e+93
  4.98608e+93
  4.98608e+93
  3.35966e+93
  3.35966e+93
  4.53798e+93
  1.43133e+93
  4.83121e+93
  4.83121e+93
  4.83121e+93
  1.13881e+93
  4.36175e+93
  1.71915e+94
  1.71915e+94
  6.87454e+93
  4.45012e+93
  8.91118e+93
  2.19432e+93
  2.19432e+93
  2.19432e+93
  2.19432e+93
  1.30457e+93
  7.26563e+92
  7.26563e+92
   6.3846e+92
  9.85463e+92
  9.85463e+92
  4.04882e+93
  4.04882e+93
  4.04882e+93
  4.04882e+93
  4.04882e+93
  4.04882e+93
  1.75572e+93
  9.38564e+92
  9.75558e+92
  2.66396e+92
  2.66396e+92
  1.15215e+92
  2.85074e+92
  2.85074e+92
  1.05055e+92
  5.28843e+91
  5.28843e+91
  2.22153e+92
  2.22153e+92
  8.20255e+91
  6.54801e+91
  6.54801e+91
  1.63955e+91
  2.61671e+91
  1.06639e+92
  4.29082e+92
  6.72208e+92
  6.72208e+92
  6.72208e+92
  6.72208e+92
  6.72208e+92
  2.52357e+93
  2.52357e+93
  2.52357e+93
  2.52357e+93
  7.25547e+92
   1.9185e+93
  5.77708e+93
  1.09713e+94
  4.03372e+93
  4.03372e+93
  1.37305e+93
  5.13531e+92
  1.35667e+92
  2.22252e+92
  3.61255e+92
  1.74659e+92
  4.92303e+92
  2.68517e+92
  2.68517e+92
  2.68517e+92
  6.97832e+91
  6.97832e+91
  1.76883e+91
  1.76883e+91
  1.76883e+91
  4.33277e+91
  9.58536e+91
  2.81614e+92
  1.09915e+92
  3.29726e+91
  2.42314e+91
  2.42314e+91
  8.77157e+91
  1.56237e+92
  4.27137e+92
  4.27137e+92
  4.27137e+92
  2.73289e+92
  3.75088e+92
  5.72097e+92
  5.72097e+92
  5.72097e+92
  3.54243e+92
  3.54243e+92
  3.54243e+92
  2.44749e+92
  7.01636e+91
  5.50204e+91
  1.68692e+91
  6.34303e+91
  6.34303e+91
  2.61574e+92
  2.61574e+92
  2.61574e+92
   8.6587e+91
   8.6587e+91
  2.97037e+91
  7.37667e+91
  2.51529e+92
  7.28857e+91
  1.48457e+92
  5.16531e+92
  5.16531e+92
  2.65111e+92
   3.1102e+92
  4.38956e+92
  1.52509e+93
   1.8017e+93
  6.57798e+93
  6.57798e+93
  2.21122e+93
  2.21122e+93
  8.68213e+93
  2.35239e+93
  6.19849e+92
  6.19849e+92
  2.38407e+93
  7.49138e+92
  7.49138e+92
  2.34203e+92
  3.12369e+92
  1.11029e+93
  2.86213e+92
  2.86213e+92
  1.07345e+92
  1.07345e+92
  1.07345e+92
  2.32216e+92
  7.77997e+92
  2.12476e+93
  2.12476e+93
  2.12476e+93
  3.63253e+93
  1.46285e+94
  1.46285e+94
   2.0539e+94
   7.1938e+93
  8.94685e+93
  8.94685e+93
  8.94685e+93
  8.94685e+93
  2.16674e+93
  2.16674e+93
  6.21036e+92
  1.53622e+93
  5.09402e+93
  5.09402e+93
  2.01224e+94
  2.01224e+94
  5.67579e+93
  5.67579e+93
  1.55522e+93
  4.63954e+92
  5.95653e+92
  8.00346e+92
  4.73154e+92
  4.73154e+92
  1.32843e+93
  1.32843e+93
  1.32843e+93
  8.32142e+92
  8.32142e+92
  8.32142e+92
  3.32532e+92
  3.32532e+92
  3.32532e+92
  3.32532e+92
  3.32532e+92
  3.32532e+92
  3.32532e+92
  3.32532e+92
  3.32532e+92
  3.32532e+92
  9.15504e+92
  2.78761e+93
  2.78761e+93
  2.78761e+93
  1.04243e+93
  4.96376e+92
    1.828e+93
    1.828e+93
    1.828e+93
  1.10691e+93
  1.10691e+93
  2.72352e+92
  2.48987e+92
  2.48987e+92
  6.30507e+92
  6.30507e+92
  6.30507e+92
  2.57836e+93
  2.57836e+93
  2.57836e+93
  2.57836e+93
  7.59475e+92
  2.65303e+93
  8.03043e+93
  1.99959e+93
  5.85235e+92
  5.85235e+92
  5.85235e+92
  5.85235e+92
  5.85235e+92
  3.35339e+92
   4.9489e+92
   1.0613e+93
   1.0613e+93
  4.04798e+93
  4.04798e+93
  1.12125e+93
  1.58621e+93
  1.58621e+93
  1.58621e+93
   1.3955e+93
  5.21632e+92
  2.42583e+92
  2.42583e+92
  2.42583e+92
  2.42583e+92
  9.03879e+91
  2.57086e+92
  1.00631e+93
  1.00631e+93
  4.00143e+93
  4.00143e+93
  4.00143e+93
  4.00143e+93
  6.82436e+93
  2.16786e+94
  8.75594e+94
  8.75594e+94
  8.75594e+94
  1.43024e+95
  3.48293e+94
  3.48293e+94
  3.40922e+94
  3.40922e+94
  1.45288e+94
  1.45288e+94
   3.5785e+93
   3.5785e+93
  9.84226e+92
  2.38813e+92
  2.38813e+92
  2.38813e+92
  2.38813e+92
  8.05878e+91
  8.05878e+91
  8.05878e+91
  8.05878e+91
  2.97428e+92
  2.97428e+92
  1.11848e+92
  2.38142e+92
  2.38142e+92
  1.07987e+92
  3.54618e+91
  3.54618e+91
   9.7092e+90
  3.87999e+90
  9.16312e+90
  9.16312e+90
  2.28555e+90
  3.48952e+90
  5.37232e+90
  4.02547e+90
  4.02547e+90
  4.02547e+90
  1.24987e+91
  1.24987e+91
  1.24987e+91
  1.24987e+91
  5.01562e+91
  5.01562e+91
  5.01562e+91
  1.25336e+91
  1.25336e+91
  4.75607e+91
  1.25597e+91
  1.25597e+91
  1.25597e+91
  1.25597e+91
  3.90096e+91
  3.90096e+91
  1.18566e+91
  2.35412e+91
  2.35412e+91
  2.52335e+91
  2.52335e+91
  2.52335e+91
  1.03828e+92
  3.79618e+92
  1.06621e+92
  2.95146e+91
  2.95146e+91
  2.95146e+91
  2.95146e+91
  2.95146e+91
  9.07174e+90
  3.08239e+90
  1.02525e+90
  3.25952e+90
  2.88386e+90
  2.88386e+90
  2.88386e+90
  3.77934e+90
  9.80924e+90
  9.80924e+90
  3.30353e+91
  1.29953e+91
  3.75627e+91
  1.57139e+92
  1.57139e+92
  1.57139e+92
  3.51294e+92
  5.90773e+92
  5.90773e+92
  1.52105e+93
  1.52105e+93
  1.06107e+93
  3.73371e+92
  1.45209e+93
  1.45209e+93
   3.6094e+92
   3.6094e+92
  1.42921e+93
  1.42921e+93
  3.80237e+92
  3.80237e+92
  1.57243e+93
  1.57243e+93
  1.57243e+93
   5.1291e+92
   5.1291e+92
   5.1291e+92
  1.81579e+93
  1.81579e+93
  4.40606e+93
  1.35404e+93
  1.35404e+93
  1.35404e+93
  1.35404e+93
  1.35404e+93
  4.82959e+93
  4.82959e+93
  4.82959e+93
   1.4132e+94
  4.03303e+93
  2.46738e+93
  1.92753e+93
  5.90533e+93
  5.90533e+93
  1.17847e+94
  1.17847e+94
  1.17847e+94
  1.09417e+94
  1.09417e+94
  3.00268e+93
  3.00268e+93
  1.23883e+93
  4.20434e+93
  4.20434e+93
  4.20434e+93
  3.31096e+93
  3.31096e+93
  1.03343e+94
  1.03343e+94
  3.49262e+94
  1.39662e+94
  2.58679e+94
  1.39718e+94
   3.7216e+93
   3.7216e+93
   3.7216e+93
  1.41693e+94
  1.41693e+94
  3.41695e+93
  3.41695e+93
   1.1256e+93
   1.1256e+93
   1.1256e+93
  2.87447e+92
  2.07159e+92
  2.07159e+92
  2.07159e+92
  2.07159e+92
  2.07159e+92
  2.07159e+92
  1.21916e+92
  1.21916e+92
  1.21916e+92
  1.21916e+92
  1.21916e+92
  1.21916e+92
  1.21916e+92
  1.21916e+92
  1.21916e+92
  1.21916e+92
  1.69752e+92
   2.8289e+92
   2.8289e+92
   2.8289e+92
   2.8289e+92
  7.43361e+92
  7.43361e+92
  8.78041e+92
  8.78041e+92
  8.78041e+92
  3.30949e+92
  2.44618e+92
  6.84734e+91
  6.84734e+91
  2.12291e+91
  3.70295e+91
  9.62747e+90
  3.72287e+90
  1.18941e+91
  3.44632e+90
  7.26882e+90
  6.33107e+90
  1.25376e+91
  3.98243e+90
  3.98243e+90
  1.05224e+90
    3.214e+89
    3.214e+89
    3.214e+89
    3.214e+89
    3.214e+89
    3.214e+89
    3.214e+89
    3.214e+89
  5.65158e+89
  5.65158e+89
  5.65158e+89
  5.65158e+89
  1.97893e+90
  1.73798e+90
  1.79811e+90
  1.79811e+90
  1.79811e+90
  1.79811e+90
   7.7408e+89
   7.7408e+89
  2.40381e+89
  6.45124e+88
  2.63474e+88
  2.63474e+88
  1.96144e+88
  4.55374e+88
  4.55374e+88
  1.49412e+88
  3.50552e+88
  2.57673e+88
  2.95547e+88
  2.10943e+88
  8.30162e+88
  2.36578e+89
  6.89968e+89
  7.45142e+89
  3.04894e+89
  7.25736e+88
  7.25736e+88
  7.25736e+88
  7.25736e+88
  4.55127e+88
  1.44063e+89
  5.21474e+89
  5.21474e+89
  4.35181e+89
  2.90131e+89
  2.90131e+89
   7.5741e+88
   7.5741e+88
  3.54976e+88
  3.54976e+88
  3.54976e+88
  1.14945e+88
  7.99335e+87
  1.94522e+87
  5.16606e+86
  5.16606e+86
  5.16606e+86
  5.16606e+86
  5.16606e+86
  5.16606e+86
  5.16606e+86
  6.97365e+86
  2.00117e+87
  2.00117e+87
  2.00117e+87
  2.00117e+87
  4.69244e+87
  4.69244e+87
  2.85216e+87
  2.85216e+87
  7.52985e+87
  2.68939e+88
  3.83032e+88
  1.45768e+88
  4.61735e+87
  3.04334e+87
   7.3848e+87
  1.18928e+88
  3.18977e+88
  6.21096e+88
  1.51444e+88
  6.19744e+88
   1.7314e+88
  3.74915e+88
   1.0241e+89
   1.0241e+89
   4.8718e+88
  1.05948e+89
  1.05948e+89
  1.99026e+89
  1.99026e+89
  5.39925e+88
  1.77923e+89
   4.1861e+89
  8.72675e+89
  8.72675e+89
  2.73757e+89
  6.09305e+89
  1.77808e+90
  4.47162e+89
  4.47162e+89
  3.61735e+89
  4.10418e+89
  4.10418e+89
  1.24573e+89
  3.90331e+89
  2.56847e+89
  7.49772e+88
  7.49772e+88
  7.49772e+88
  7.49772e+88
  2.08882e+89
  2.08882e+89
  2.08882e+89
  5.02418e+88
  5.02418e+88
  2.00667e+88
  7.58869e+87
  1.02455e+88
  1.02455e+88
  3.88204e+87
  3.88204e+87
  3.90844e+87
  7.36299e+87
  1.58296e+88
  4.14717e+88
  4.14717e+88
  1.32037e+89
  5.13095e+89
   2.6965e+89
  8.71511e+88
  8.71511e+88
  3.08624e+88
  8.71496e+88
  2.48483e+88
  2.48483e+88
  6.60221e+88
  2.46836e+89
  2.46836e+89
  1.25916e+89
  1.25916e+89
  1.25916e+89
  5.00934e+89
  1.82517e+89
  5.74147e+89
  5.74147e+89
  5.74147e+89
  5.74147e+89
  5.74147e+89
  5.74147e+89
  5.74147e+89
  1.02203e+90
  6.36242e+89
  6.36242e+89
  6.36242e+89
  6.36242e+89
  8.46677e+89
  8.46677e+89
  8.46677e+89
  3.42006e+90
  1.22168e+91
  1.22168e+91
  4.63827e+91
  4.63827e+91
  4.63827e+91
  4.63827e+91
  3.57461e+91
  3.57461e+91
  1.03823e+92
  1.03823e+92
  2.85275e+92
  2.85275e+92
  3.58415e+92
  3.58415e+92
  3.58415e+92
  1.40537e+92
  4.55519e+92
  1.30457e+92
  5.21344e+91
  8.59572e+91
  3.35731e+91
  8.54474e+90
  5.65559e+90
  1.91298e+91
  1.91298e+91
  4.92246e+90
  1.59129e+90
  5.00248e+89
  1.67039e+90
  2.08197e+90
  2.08197e+90
  7.96442e+90
  7.96442e+90
  5.24773e+90
  1.81555e+90
  1.81555e+90
  6.95015e+90
  6.95015e+90
  2.69133e+91
  7.12404e+90
  1.77574e+90
  1.24884e+90
  2.38202e+90
  2.38202e+90
  2.38202e+90
  2.38202e+90
  6.63347e+90
  6.63347e+90
  1.96652e+90
  1.96652e+90
  7.15123e+90
  2.69542e+91
  2.69542e+91
  6.68579e+90
  6.68579e+90
  2.41583e+91
  4.09786e+91
  1.50506e+92
  4.78872e+91
  4.78872e+91
  4.78872e+91
  4.78872e+91
  1.24351e+92
  1.24351e+92
  4.11708e+91
  1.04948e+92
  3.21417e+91
  7.29608e+91
   2.6693e+92
   2.6693e+92
  1.91285e+92
  1.91285e+92
  2.75471e+92
  1.09223e+93
  3.90689e+92
  3.90689e+92
  3.90689e+92
  3.90689e+92
  3.90689e+92
  1.07623e+93
  1.07623e+93
  1.07623e+93
  1.07623e+93
  1.56558e+93
  1.56558e+93
  1.56558e+93
  4.02662e+92
  4.02662e+92
  4.02662e+92
  4.02662e+92
  4.02662e+92
  5.34513e+92
  5.34513e+92
  5.34513e+92
  1.37391e+92
  3.68514e+91
  3.68514e+91
  3.68514e+91
  1.15214e+92
  4.73675e+92
  4.73675e+92
  1.93568e+93
  1.93568e+93
  1.93568e+93
  1.93568e+93
  1.93568e+93
  6.18746e+93
  6.18746e+93
  1.96103e+94
  4.97639e+93
  1.88931e+93
  7.37979e+93
  3.52187e+93
  9.07869e+93
  9.07869e+93
  3.41133e+93
  1.14096e+94
  1.14096e+94
  1.14096e+94
  8.12577e+93
  1.76003e+94
  5.08656e+93
   1.5113e+94
  3.91928e+93
  3.91928e+93
  3.91928e+93
  2.75365e+93
  2.75365e+93
  1.04765e+94
  1.04765e+94
  1.04765e+94
  1.04765e+94
  1.04765e+94
  1.04765e+94
  1.04765e+94
  1.04765e+94
  1.04765e+94
  1.04765e+94
  1.04765e+94
  1.04765e+94
  1.04765e+94
  6.18401e+93
  1.80722e+94
  1.80722e+94
  1.80722e+94
  5.21774e+93
  1.69504e+94
  6.82798e+94
  1.86113e+94
  1.86113e+94
  4.41181e+93
  4.41181e+93
   1.2773e+93
  4.62897e+93
  1.11734e+93
  4.67854e+93
  4.67854e+93
  4.67854e+93
  1.48079e+93
  6.17504e+92
  1.36247e+93
  1.36247e+93
  3.53552e+93
  1.41231e+94
  1.41231e+94
  7.54176e+93
  7.54176e+93
  7.54176e+93
  2.08578e+93
    2.266e+93
  1.72347e+93
  1.72347e+93
  1.72347e+93
  1.72347e+93
  1.27398e+93
  1.27398e+93
  1.67323e+93
  5.93598e+93
   1.5153e+93
   1.5153e+93
   1.5153e+93
  3.92854e+92
  3.92854e+92
  1.13091e+93
   5.7901e+92
   5.7901e+92
  1.82697e+92
   5.6868e+91
   5.6868e+91
  2.16239e+92
  2.16239e+92
  3.46423e+92
  1.17272e+92
  1.17272e+92
  1.17272e+92
  1.17272e+92
  4.74936e+92
  1.15683e+92
  4.27193e+92
  4.27193e+92
  1.04909e+92
  1.04909e+92
  3.67738e+91
  3.67738e+91
  3.67738e+91
  3.67738e+91
  1.39835e+91
  4.68672e+91
  2.58613e+91
   1.3328e+91
   5.7705e+90
   5.7705e+90
   5.7705e+90
  1.41578e+90
  5.24447e+90
   6.2993e+90
   6.2993e+90
   6.2993e+90
   6.2993e+90
  1.94832e+91
  1.94247e+91
  1.94247e+91
  6.53941e+91
  1.93528e+91
  3.29054e+91
  3.29054e+91
  2.17957e+91
  8.13982e+91
   2.2534e+91
  8.46733e+91
  8.46733e+91
  8.46733e+91
  2.39752e+91
  1.05717e+91
  1.26365e+91
  1.26365e+91
  8.88081e+90
  2.39626e+91
  6.54881e+90
  1.85566e+90
  5.77639e+89
   4.6715e+89
  9.84824e+89
  9.84824e+89
  9.84824e+89
  9.84824e+89
  9.84824e+89
  9.84824e+89
  2.62327e+89
  2.62327e+89
  2.62327e+89
  2.62327e+89
  7.41194e+89
  7.41194e+89
  7.41194e+89
  2.24441e+89
  5.49351e+89
  5.49351e+89
  6.99316e+89
  7.44624e+89
  7.44624e+89
  2.92833e+90
  2.92833e+90
  8.29959e+89
  8.29959e+89
  2.17626e+90
  5.45959e+89
  1.54397e+89
  1.54397e+89
  1.54397e+89
  3.13911e+89
   1.1482e+90
  4.46618e+90
  4.46618e+90
   1.4355e+91
   1.4355e+91
  2.34455e+91
  2.34455e+91
  2.34455e+91
  9.60996e+91
  9.60996e+91
  3.23885e+91
  1.19521e+92
  1.02014e+92
  1.57561e+92
  5.54033e+92
  7.52337e+92
  3.40055e+92
  2.58258e+92
  1.48033e+92
  5.23021e+92
   7.2819e+92
   7.2819e+92
   7.2819e+92
   7.2819e+92
  2.81021e+93
  2.81021e+93
  7.97366e+92
  7.97366e+92
  7.97366e+92
  7.97366e+92
  2.39087e+92
  7.79502e+92
  7.79502e+92
  2.01931e+92
  2.01931e+92
  7.44954e+92
  1.87142e+92
  4.86168e+92
  1.01473e+93
  1.00225e+93
  1.00225e+93
  3.68019e+92
  2.13515e+92
  2.13515e+92
  7.89205e+92
  7.89205e+92
  2.88494e+92
  2.88494e+92
  1.11055e+93
  3.94886e+93
  3.94886e+93
  1.02026e+93
  3.10536e+92
  3.10536e+92
  3.10536e+92
  2.00603e+92
  5.56206e+91
  1.89125e+92
  1.89125e+92
  1.89125e+92
  5.57887e+92
  5.57887e+92
  8.08762e+92
  2.79884e+93
  1.15741e+94
  3.82941e+94
  3.35679e+94
  1.03152e+95
  9.65897e+94
  9.65897e+94
  2.58804e+95
  9.69346e+95
  9.69346e+95
  9.69346e+95
  9.69346e+95
  9.69346e+95
  9.69346e+95
  9.69346e+95
  9.69346e+95
  2.93365e+95
  9.98077e+95
  9.98077e+95
  9.98077e+95
  9.98077e+95
  9.98077e+95
  9.98077e+95
  9.98077e+95
  3.87707e+95
  3.20519e+95
  4.88697e+95
  4.88697e+95
   1.0914e+96
   1.0914e+96
  3.64301e+95
  3.64301e+95
  3.64301e+95
  1.07248e+96
  1.07248e+96
  1.07248e+96
  4.36996e+96
  4.36996e+96
   1.5858e+97
  5.45518e+96
  2.38251e+96
  7.49647e+96
  1.16736e+97
  3.56832e+96
  3.56832e+96
  9.02899e+95
  9.02899e+95
  3.09839e+95
  8.17845e+94
  8.17845e+94
  2.15584e+94
  2.15584e+94
  2.15584e+94
  2.15584e+94
  1.09107e+95
  2.46589e+95
  6.98848e+94
  6.98848e+94
  6.98848e+94
  3.55879e+95
  1.55577e+96
  1.55577e+96
  1.55577e+96
  1.55577e+96
  1.55577e+96
  1.55577e+96
  1.55577e+96
  1.55577e+96
  1.55577e+96
  3.90578e+95
  3.90578e+95
  3.90578e+95
  1.55651e+96
  4.62421e+95
  7.47201e+95
  7.47201e+95
  7.47201e+95
  1.86319e+95
  1.86319e+95
  5.39436e+95
  1.50064e+96
  1.50064e+96
  1.50064e+96
  1.50064e+96
   4.1272e+95
   4.1272e+95
   4.1272e+95
  1.12641e+95
  1.12641e+95
  8.54974e+94
  1.88232e+95
  1.88232e+95
  1.88232e+95
  8.93445e+94
  8.93445e+94
  3.48439e+95
  3.48439e+95
  1.03594e+96
  1.03594e+96
  7.14384e+95
   3.3291e+95
   3.3291e+95
   3.3291e+95
   3.3291e+95
   3.3291e+95
  1.26188e+95
  9.82147e+93
  9.82147e+93
 -4.20284e+93
 -4.20284e+93
 -1.30529e+95
 -1.30529e+95
  -4.7856e+95
 -1.68824e+96
  2.98432e+97
  2.98432e+97
  2.98432e+97
  2.98432e+97
  2.98432e+97
  2.98432e+97
   1.1179e+98
   1.1179e+98
   1.1179e+98
  4.14596e+98
  2.21414e+98
  2.21414e+98
  6.99413e+98
  1.89435e+98
  7.31399e+98
  7.31399e+98
  7.31399e+98
  2.93359e+99
  7.90516e+98
  7.90516e+98
  3.66239e+98
  1.20038e+99
  3.07142e+98
  3.07142e+98
  3.07142e+98
  3.93268e+98
  1.74111e+98
  6.70332e+97
  1.62418e+98
  1.65347e+98
  1.65347e+98
  1.65347e+98
  1.65347e+98
  1.65347e+98
  1.65347e+98
  1.78079e+98
  1.78079e+98
  1.78079e+98
  1.55567e+99
  1.11608e+99
  6.11098e+98
  1.10328e+99
  1.69469e+99
 1.78636e+100
  4.49674e+99
  4.49674e+99
  4.49674e+99
  4.49674e+99
  4.49674e+99
  4.49674e+99
  4.49674e+99
  4.49674e+99
  4.49674e+99
  4.49674e+99
  1.17626e+99
   3.6468e+98
  1.10641e+98
  2.68318e+97
  2.68318e+97
  2.68318e+97
   3.9042e+97
   3.9042e+97
  1.34577e+97
  1.34577e+97
  1.34577e+97
  1.34577e+97
  4.74448e+96
  1.19514e+96
  1.19514e+96
  3.36232e+96
  9.88478e+96
  9.88478e+96
  3.27545e+96
  7.79475e+96
  9.44652e+95
   1.4885e+96
  1.68694e+96
  5.58235e+96
  5.58235e+96
   6.5611e+96
  1.81476e+96
  1.81476e+96
  4.26376e+95
  4.26376e+95
   1.2889e+95
  3.31162e+95
  1.05974e+96
  1.05974e+96
  4.24178e+96
  2.02236e+96
 -1.63403e+95
  6.28316e+95
 -3.50355e+94
 -3.50355e+94
 -3.50355e+94
 -3.50355e+94
 -3.50355e+94
 -3.50355e+94
 -3.50355e+94
 -2.25307e+93
 -3.73611e+96
 -4.30136e+95
  -1.4321e+95
  -1.4321e+95
  -1.4321e+95
 -4.44703e+95
 -1.71237e+95
 -1.71237e+95
 -4.08607e+94
 -4.08607e+94
 -2.45628e+94
 -2.23315e+94
 -2.56216e+94
 -2.56216e+94
 -2.56216e+94
 -2.56216e+94
 -7.42292e+94
 -2.94329e+95
 -1.12036e+96
 -1.12036e+96
 -1.12036e+96
 -3.04895e+95
 -1.13564e+95
 -1.13564e+95
 -1.13564e+95
 -1.20901e+95
 -8.35689e+94
 -3.21699e+94
 -8.54941e+94
  -5.9271e+94
 -2.68924e+94
  -6.5109e+93
  -6.5109e+93
  -6.5109e+93
  -6.5109e+93
  -6.5109e+93
  -6.5109e+93
  -6.5109e+93
  -6.5109e+93
  -6.5109e+93
  -6.5109e+93
 -9.90682e+95
  1.13718e+95
  1.39654e+97
  1.39654e+97
  1.39654e+97
  1.64109e+98
  7.67117e+98
  7.67117e+98
  7.67117e+98
 2.76017e+100
 2.76017e+100
 2.76017e+100
 2.76017e+100
  8.97478e+99
  8.97478e+99
  8.97478e+99
  8.97478e+99
  8.97478e+99
  8.97478e+99
 2.54344e+100
 2.54344e+100
 2.02744e+100
 2.02744e+100
 8.05227e+100
 3.04853e+100
 3.04853e+100
  7.56932e+99
  7.56932e+99
  2.74385e+99
  2.74385e+99
   9.8802e+99
  8.17025e+99
  7.87253e+98
  7.87253e+98
  7.87253e+98
 -6.59038e+99
 -6.59038e+99
 -6.59038e+99
  -8.0107e+99
 -5.20661e+99
 -5.20661e+99
 -5.20661e+99
 -5.20661e+99
 -5.20661e+99
 -5.20661e+99
 -1.74172e+99
 -1.74172e+99
 -7.28721e+99
 -6.41565e+99
  1.61899e+99
  7.4667e+100
 6.18352e+100
 1.41564e+101
 1.23599e+101
 1.23599e+101
 1.23599e+101
 6.65746e+101
 6.65746e+101
 6.65746e+101
 2.55632e+102
 2.55632e+102
 7.05773e+102
 2.25371e+102
 5.91288e+102
-4.49114e+102
  2.5561e+102
  2.5561e+102
  2.5561e+102
  2.5561e+102
 9.04419e+101
 8.06293e+101
 5.52033e+101
 5.52033e+101
 5.52033e+101
 5.05984e+101
 5.05984e+101
  1.3841e+101
  1.3841e+101
-1.86822e+101
 2.13864e+101
 2.13864e+101
  1.0493e+101
-4.27187e+102
-4.27187e+102
 2.71448e+102
 2.71448e+102
 2.71448e+102
 8.42158e+102
  2.3275e+103
  2.3974e+103
  2.3974e+103
  2.3974e+103
-4.87161e+103
-4.87161e+103
-1.19712e+103
-2.94836e+103
-2.94836e+103
-2.94836e+103
-2.34355e+103
-9.35252e+103
-4.47037e+104
-1.53282e+105
-1.69852e+105
-2.04658e+105
-2.04658e+105
-2.04658e+105
-2.04658e+105
-2.04658e+105
-6.86723e+104
-6.86723e+104
-6.86723e+104
-4.08202e+105
-1.46307e+105
-3.02444e+105
-3.02444e+105
 6.46411e+106
 6.46411e+106
 2.76072e+107
 2.76072e+107
 1.85545e+107
 2.04133e+107
  2.1592e+107
  2.1592e+107
  2.1592e+107
 2.18551e+107
 2.18551e+107
 2.18551e+107
 2.18551e+107
 1.13301e+108
 1.13301e+108
 1.13301e+108
 1.13301e+108
 1.13301e+108
 2.80324e+110
 2.80324e+110
 2.80324e+110
 2.80324e+110
 8.54652e+109
 2.46215e+110
 5.99499e+110
 5.99499e+110
 1.89269e+110
-8.03192e+110
-5.46388e+111
-1.53648e+112
-1.53648e+112
-1.53648e+112
-1.53648e+112
-1.91857e+112
-1.91857e+112
-2.93986e+111
-2.93986e+111
 2.01625e+111
 -8.9362e+110
 -8.9362e+110
 -8.9362e+110
 -8.9362e+110
-3.81854e+111
-3.81854e+111
-4.76399e+114
-4.76399e+114
-4.76399e+114
-4.76399e+114
-1.76981e+114
-1.76981e+114
-2.24523e+115
-1.01542e+116
-1.01542e+116
-1.01542e+116
-1.14364e+116
-2.18177e+116
-9.25655e+115
-9.25655e+115
-9.25655e+115
-2.02497e+116
-8.80415e+115
 -1.4133e+114
-3.63098e+115
-9.13606e+115
-9.13606e+115
-9.13606e+115
-5.52357e+115
-5.52357e+115
-7.61824e+116
-3.93107e+117
-3.93107e+117
-3.93107e+117
-3.93107e+117
-1.46373e+118
-1.46373e+118
-2.30105e+117
-2.30105e+117
 1.69643e+116
 1.69643e+116
 3.01443e+116
 2.47537e+116
 2.47537e+116
 2.47537e+116
 1.58445e+116
-8.87989e+115
-8.87989e+115
-3.20148e+116
-3.20148e+116
-3.20148e+116
-3.20148e+116
-3.20148e+116
-3.20148e+116
-1.62266e+117
-4.08289e+116
-7.12334e+117
-5.04108e+118
-5.04108e+118
 -1.9445e+119
-6.55544e+118
-6.55544e+118
 1.12184e+118
 1.12184e+118
 1.12184e+118
 6.08698e+118
 2.05459e+119
 3.72961e+119
 1.06274e+120
 1.06274e+120
 5.23507e+120
 1.93931e+121
 1.93931e+121
 1.93931e+121
 1.93931e+121
 1.57402e+122
 1.57402e+122
  7.6151e+120
 1.38013e+121
 1.38013e+121
-3.31401e+118
-3.31401e+118
 1.21214e+121
 1.21214e+121
 4.68224e+121
 4.68224e+121
 4.68224e+121
-2.19927e+122
-2.19927e+122
-2.19927e+122
-2.05325e+123
-2.05325e+123
-2.30089e+123
-2.30089e+123
-2.30089e+123
-2.30089e+123
  2.3716e+124
  2.3716e+124
 8.94063e+124
 8.94063e+124
 8.94063e+124
 8.94063e+124
 8.94063e+124
 8.94063e+124
 8.94063e+124
 5.44761e+124
 5.44761e+124
 4.20852e+125
  1.8611e+126
  1.3897e+125
-3.43908e+125
-3.43908e+125
 4.85033e+126
 4.85033e+126
 4.85033e+126
 4.85033e+126
-5.39335e+126
-5.39335e+126
 2.87374e+125
 2.87374e+125
 2.87374e+125
 2.87374e+125
-6.28499e+126
-6.28499e+126
-6.28499e+126
-6.28499e+126
-6.28499e+126
 1.19262e+128
 3.45602e+128
 3.45602e+128
 1.82583e+128
 7.22785e+127
 1.11432e+129
 1.11432e+129
 1.11432e+129
 1.11432e+129
 3.84056e+128
 1.76188e+129
 1.76188e+129
 3.75757e+130
 3.29305e+129
-1.36676e+128
 2.97251e+127
-1.60698e+126
-5.33191e+124
-5.33191e+124
-3.83372e+126
-3.83372e+126
-3.83372e+126
-3.83372e+126
-3.83372e+126
-3.83372e+126
-3.83372e+126
-3.83372e+126
-3.83372e+126
-3.83372e+126
-3.37456e+127
-1.62524e+128
-3.88465e+127
  -3.123e+127
-1.28197e+128
-5.33661e+127
-6.52727e+128
 1.49489e+128
 1.49489e+128
 4.01875e+129
 -3.6234e+128
 1.46537e+130
 1.51042e+131
 5.71787e+131
 5.71787e+131
 1.57134e+131
 1.57134e+131
 6.40519e+130
 6.40519e+130
 2.92967e+131
  4.4791e+129
  4.4791e+129
 5.72819e+130
 4.61807e+129
 3.74604e+131
 3.74604e+131
 3.74604e+131
 3.74604e+131
 3.74604e+131
 3.74604e+131
 9.07156e+131
 9.07156e+131
 9.07156e+131
-2.18004e+135
-2.18004e+135
-6.01941e+135
 1.68141e+136
 1.68141e+136
-2.44087e+137
 1.02525e+136
 8.36978e+136
 4.44163e+137
 4.44163e+137
 4.44163e+137
 6.15553e+140
 6.15553e+140
 6.15553e+140
 6.15553e+140
 6.15553e+140
 4.45757e+142
 9.48278e+141
 8.92666e+142
 8.92666e+142
 2.69184e+143
 1.63956e+144
 1.63956e+144
 3.24933e+145
-2.76181e+145
-2.76181e+145
-1.31879e+145
-5.21245e+144
-2.43417e+145
-1.15523e+146
 -4.8801e+146
 -4.8801e+146
 -4.8801e+146
 -4.8801e+146
-3.26566e+147
-2.21484e+149
-3.49739e+148
-8.43109e+149
-8.43109e+149
-8.43109e+149
-8.43109e+149
 -1.4309e+151
 -1.4309e+151
-8.05097e+151
-1.06617e+153
-1.06617e+153
-1.06617e+153
-2.66165e+153
-2.24042e+152
-1.73906e+154
-1.73906e+154
-1.48435e+152
-1.48435e+152
-6.52982e+150
-6.52982e+150
-6.52982e+150
  4.2682e+152
  4.2682e+152
  4.2682e+152
  4.2682e+152
-9.48466e+151
  8.4158e+151
  8.4158e+151
  8.4158e+151
  8.4158e+151
  8.4158e+151
  8.4158e+151
  3.2124e+152
 1.59726e+153
 1.59726e+153
 7.05229e+153
 7.05229e+153
 1.93039e+154
-2.06013e+154
-9.72889e+152
-9.72889e+152
-9.72889e+152
-1.20699e+153
-1.57217e+154
-1.57217e+154
-3.36663e+153
-3.36663e+153
-3.36663e+153
-1.38206e+154
-2.53052e+153
-2.53052e+153
-3.03731e+152
-3.03731e+152
-3.03731e+152
 -1.4269e+152
 -1.4269e+152
 -7.0167e+152
 -7.0167e+152
 -7.0167e+152
-8.56056e+151
-8.56056e+151
-3.23814e+152
-1.39632e+152
-3.03889e+151
-8.36544e+153
-8.36544e+153
-3.09362e+154
-4.73401e+153
 4.44333e+154
 4.44333e+154
 1.24607e+155
 6.33964e+155
 1.33206e+155
 6.90405e+155
 3.37166e+156
-8.96369e+156
 4.52458e+158
 4.52458e+158
 4.52458e+158
 2.23966e+160
 2.23966e+160
 4.90548e+161
 3.81514e+162
 3.81514e+162
 1.21462e+163
 1.18328e+164
 7.52489e+164
 7.52489e+164
 4.72965e+164
 4.72965e+164
-2.78511e+165
-2.78511e+165
-1.48565e+165
-1.48565e+165
-2.25467e+164
-2.25467e+164
-2.25467e+164
-2.25467e+164
-2.25467e+164
-3.34822e+163
-3.34822e+163
-8.94398e+164
-1.65036e+166
-2.26951e+165
-2.26951e+165
 -1.1802e+166
-1.77527e+166
-8.51324e+167
-8.14092e+168
-6.06811e+168
-6.06811e+168
-6.06811e+168
-8.44499e+168
-2.47105e+167
-1.37421e+170
-1.37421e+170
-1.37421e+170
-1.37421e+170
 2.66348e+169
 2.66348e+169
 2.66348e+169
 2.66348e+169
 1.17329e+170
 1.17329e+170
 2.47323e+170
 1.80039e+171
  8.8458e+171
  8.8458e+171
 8.49408e+173
 8.49408e+173
 7.24511e+173
 7.24511e+173
-3.11659e+174
 -2.0368e+175
 -2.0368e+175
-6.93435e+175
-2.30183e+175
-2.30183e+175
-4.76556e+175
-4.76556e+175
-4.76556e+175
 5.99494e+173
-9.94238e+174
-4.62347e+175
-6.72979e+175
-6.72979e+175
 2.68024e+177
 -1.3741e+176
 -1.3741e+176
-2.48409e+176
-2.48409e+176
-1.10818e+174
-1.10818e+174
-1.10818e+174
-1.28165e+175
-1.28165e+175
-1.34975e+175
 -1.0538e+176
 -1.0538e+176
 -1.0538e+176
 -1.0538e+176
-1.74593e+175
-4.33655e+175
-2.63496e+175
-2.63496e+175
-2.63496e+175
-2.63496e+175
-1.97375e+175
-1.97375e+175
-1.97375e+175
-1.97375e+175
-1.94666e+176
-1.94666e+176
-1.94666e+176
-1.94666e+176
-4.08954e+175
 2.47296e+174
 2.47296e+174
 4.40363e+175
 4.40363e+175
 1.13655e+177
 1.13655e+177
 1.13655e+177
 6.49477e+177
 6.49477e+177
 6.49477e+177
 4.48314e+178
 4.21972e+177
 1.99466e+180
 1.99466e+180
 1.99466e+180
 1.99466e+180
 1.99466e+180
  5.4241e+179
-2.06259e+180
-2.06259e+180
-2.06259e+180
-2.36249e+182
-2.36249e+182
-2.58157e+183
-2.58157e+183
-1.22939e+184
-1.22939e+184
-1.22939e+184
-8.73379e+184
-2.50668e+185
-7.19731e+185
-7.19731e+185
-7.19731e+185
-7.19731e+185
-7.19731e+185
-7.19731e+185
-7.19731e+185
-3.45814e+185
-2.61014e+188
-2.61014e+188
-2.61014e+188
-4.76505e+188
-1.04371e+189
-1.04371e+189
-8.37687e+190
-1.48437e+190
-1.48437e+190
-1.48437e+190
-1.48437e+190
-1.76728e+189
-5.64124e+189
-4.90947e+190
-4.90947e+190
-4.90947e+190
-6.47631e+191
-6.47631e+191
-1.09099e+192
-5.61061e+192
-5.61061e+192
-5.61061e+192
-2.78455e+193
-2.78455e+193
-2.78455e+193
-2.78455e+193
-2.78455e+193
-2.78455e+193
-2.78455e+193
-1.27137e+194
-1.96976e+195
-1.96976e+195
-1.96976e+195
-1.96976e+195
-1.96976e+195
-1.25299e+195
-1.25299e+195
-1.21616e+196
-1.21616e+196
-1.30586e+196
-2.95348e+196
-3.34038e+195
-3.34038e+195
-3.34038e+195
-3.34038e+195
-8.07876e+196
 4.74952e+197
 4.74952e+197
 4.74952e+197
 1.71126e+198
 4.68067e+198
 4.75814e+199
 4.75814e+199
 4.75814e+199
  3.3077e+200
-2.31861e+202
-2.08769e+202
-1.39393e+203
-1.39393e+203
-7.14588e+203
-7.14588e+203
-7.14588e+203
 -7.1101e+204
 -7.1101e+204
 -7.1101e+204
 -7.1101e+204
 -3.8693e+204
-2.39314e+204
-7.89603e+204
-4.03281e+205
-4.03281e+205
-1.91024e+206
-1.91024e+206
-1.91024e+206
-6.81402e+207
-6.81402e+207
-6.81402e+207
-6.81402e+207
-6.81402e+207
-3.86843e+208
-3.86843e+208
-3.86843e+208
-2.01675e+211
-2.62383e+212
-1.20507e+213
-1.93246e+213
-1.93246e+213
 -6.4247e+213
 -6.4247e+213
-8.95743e+214
-3.68127e+214
-3.68127e+214
-3.68127e+214
-1.28544e+215
-1.28544e+215
-1.28544e+215
-1.28544e+215
-1.28544e+215
-1.28544e+215
-2.39948e+214
-2.39948e+214
-2.39948e+214
-2.39948e+214
-1.05625e+214
-4.38002e+212
-4.38002e+212
-3.11626e+212
-3.11626e+212
-7.97477e+213
-7.97477e+213
-7.97477e+213
-7.97477e+213
-7.97477e+213
-7.97477e+213
-3.58859e+215
-3.58859e+215
-2.01706e+217
-2.06586e+217
-5.17091e+216
-5.17091e+216
-5.17091e+216
-1.73435e+217
-1.73435e+217
-2.57581e+216
-2.33905e+218
-2.33905e+218
 3.50272e+220
 3.50272e+220
 3.50272e+220
 4.58468e+221
 1.64235e+223
 1.64235e+223
 1.64235e+223
 1.64235e+223
 1.64235e+223
 1.64235e+223
 1.64235e+223
 3.94019e+223
 1.89468e+224
 3.41692e+223
 3.41692e+223
 3.41692e+223
  1.3598e+224
  1.3598e+224
 2.38853e+226
 2.38853e+226
 2.38853e+226
 2.38853e+226
 2.38853e+226
 6.60045e+225
 6.60045e+225
 6.60045e+225
 9.40547e+227
 6.38578e+228
 4.30384e+227
 9.27926e+227
 4.50333e+228
 4.50333e+228
 4.50333e+228
 4.50333e+228
 4.50333e+228
 4.50333e+228
-1.84388e+228
-4.14773e+229
-4.14773e+229
-4.14773e+229
-4.14773e+229
-2.75656e+230
-1.63724e+231
-1.63724e+231
-1.63724e+231
-1.63724e+231
-1.63724e+231
-1.63724e+231
-1.63724e+231
-8.49069e+229
-8.49069e+229
 1.13459e+229
-8.97041e+230
-4.15501e+231
-4.15501e+231
-7.48223e+230
-7.48223e+230
 1.19411e+232
 1.19411e+232
 8.37176e+231
 4.33302e+231
 2.10257e+232
 2.10257e+232
  2.0965e+232
  2.0965e+232
  2.0965e+232
  2.0965e+232
  1.2941e+231
  1.2941e+231
  1.2941e+231
  1.2941e+231
  1.2941e+231
 4.21761e+230
 1.87108e+231
 1.39422e+233
 9.50443e+233
 9.50443e+233
 4.60016e+234
 1.10255e+236
 3.34786e+234
 3.34786e+234
 1.25831e+234
 1.25831e+234
 1.25831e+234
 1.25831e+234
 1.25831e+234
 2.56498e+235
 2.56498e+235
 2.56498e+235
 2.56498e+235
 2.56498e+235
 2.56498e+235
 2.47734e+233
 2.35776e+236
 5.51106e+234
 5.51106e+234
 5.51106e+234
 5.51106e+234
 5.51106e+234
 2.68431e+236
 2.68431e+236
 1.01864e+238
 2.87433e+238
-3.22411e+238
-3.22411e+238
-3.22411e+238
-3.22411e+238
  3.4678e+239
  3.4678e+239
 7.15215e+239
 7.15215e+239
 7.15215e+239
 7.15215e+239
-1.55499e+240
-1.55499e+240
-1.55499e+240
-2.52127e+240
-4.43182e+241
-5.14013e+242
-5.14013e+242
-5.14013e+242
-5.14013e+242
-1.38712e+244
-4.89915e+244
-3.18673e+245
-4.05826e+243
-4.05826e+243
-3.25615e+245
-5.35044e+246
-1.40943e+247
-1.40943e+247
-1.85368e+248
-9.86296e+249
-9.86296e+249
-2.18697e+250
 -1.4448e+251
 -1.4448e+251
 -1.4448e+251
 -1.4448e+251
 1.21894e+252
-6.38345e+252
 2.63852e+250
  4.5307e+252
  4.5307e+252
  4.5307e+252
  4.5307e+252
  4.5307e+252
  4.5307e+252
  4.5307e+252
 1.07777e+254
 1.07777e+254
 1.41093e+253
 1.41093e+253
 1.41093e+253
 1.07651e+255
 1.07651e+255
 1.07651e+255
 1.07651e+255
 1.07651e+255
 3.27443e+255
 3.27443e+255
 1.25491e+254
 1.25491e+254
 1.25491e+254
 1.25491e+254
 2.86349e+251
 2.86349e+251
 8.70713e+250
 1.64447e+252
 1.64447e+252
 2.58054e+256
 2.58054e+256
 1.12338e+257
 1.12338e+257
 6.40702e+256
 6.40702e+256
-7.79684e+252
 9.70537e+255
 9.70537e+255
 3.83588e+257
 7.35095e+257
 5.53447e+254
 5.53447e+254
 5.53447e+254
-8.71402e+257
-1.12861e+257
-2.05698e+258
-2.05698e+258
-2.05698e+258
-2.05698e+258
-6.05566e+259
-6.05566e+259
-5.11669e+259
-5.11669e+259
-5.11669e+259
-1.02375e+263
-1.02375e+263
-1.02375e+263
-1.72335e+264
-1.72335e+264
-1.72335e+264
-1.72335e+264
-1.11587e+263
-7.79785e+262
-8.50294e+263
 3.12778e+261
 3.12778e+261
-8.88908e+266
-8.88908e+266
-9.07505e+266
-9.07505e+266
-9.07505e+266
-9.07505e+266
-9.07505e+266
-4.14521e+269
-9.45413e+269
-2.34038e+270
 -2.8802e+270
-5.04386e+271
-3.28719e+270
-3.28719e+270
-3.28719e+270
-7.42024e+269
-7.42024e+269
-7.42024e+269
-7.42024e+269
-9.04005e+270
-9.04005e+270
-9.04005e+270
-9.04005e+270
-9.04005e+270
-5.71797e+272
-3.50959e+274
-2.24639e+274
-1.87619e+275
 -1.1604e+274
-2.28816e+274
-3.12229e+273
-5.47144e+273
-3.07571e+275
-2.91168e+276
-2.91168e+276
-8.37542e+276
-8.37542e+276
 5.28369e+275
 5.28369e+275
 5.28369e+275
 5.28369e+275
 7.44338e+276
 7.44338e+276
 7.44338e+276
 7.44338e+276
 2.82735e+278
 1.03134e+279
-2.09434e+276
 7.68503e+277
 1.59154e+279
  1.2245e+280
  1.2245e+280
-3.29196e+280
-3.29196e+280
 5.54245e+280
 2.60175e+283
 2.60175e+283
 2.60175e+283
 1.03928e+284
 1.03928e+284
 1.30181e+284
 2.12823e+285
 2.12823e+285
 4.69097e+287
 4.69097e+287
 4.69097e+287
 2.86449e+288
 9.95569e+289
 9.95569e+289
 9.95569e+289
 4.72771e+290
 1.30264e+289
 5.37879e+290
  1.0561e+291
 9.94484e+287
 9.94484e+287
 9.94484e+287
 6.16028e+295
 5.42043e+296
 1.18618e+297
 1.18618e+297
 5.37168e+291
 5.37168e+291
 4.12217e+292
 4.12217e+292
 1.76667e+292
 5.11573e+293
 5.11573e+293
-1.34124e+296
-5.45513e+293
-5.45513e+293
-5.45513e+293
-5.45513e+293
-1.24283e+297
-1.93721e+296
-1.93721e+296
 -2.6829e+295
 -2.6829e+295
 -2.6829e+295
-4.88043e+294
-9.67183e+295
-9.67183e+295
 -3.3837e+295
 -3.3837e+295
-2.61958e+294
 -5.1081e+295
 -5.1081e+295
-2.10314e+296
-4.71588e+295
-4.71588e+295
-1.29309e+296
-9.17134e+296
-3.69145e+297
-5.55485e+298
-7.63306e+296
-7.63306e+296
-7.63306e+296
-7.63306e+296
-7.63306e+296
-7.63306e+296
-7.63306e+296
-7.63306e+296
-6.31545e+297
 -1.9732e+298
 -1.1256e+299
 -1.1256e+299
 -1.1256e+299
-2.79775e+299
-2.79775e+299
-4.21374e+298
-1.58332e+301
  -1.093e+300
-1.52817e+301
-2.13204e+302
-2.13204e+302
 -3.0184e+302
 -3.0184e+302
 -3.0184e+302
 -2.2946e+304
 -2.2946e+304
 -2.2946e+304
 -2.2946e+304
 -2.2946e+304
 -2.2946e+304
-7.72491e+306
-7.72491e+306
-5.84579e+307
         -inf
         -inf
         -inf
         -inf
         -inf
          inf
          inf
          inf
          inf
          inf
          inf
          inf
          inf
          inf
          inf
          inf
          inf
          inf
          inf
          inf
          inf
          inf
          inf
          inf
          inf
          inf
          inf
          inf
          inf
          inf
          inf
          inf
          inf
          inf
          inf
          inf
          inf
          inf
          inf
          inf
          inf
          inf
          inf
          inf
          inf
          inf
          inf
          inf
          inf
          inf
          inf
          inf
          inf
          inf
          inf
          inf
          inf
          inf
          inf
          inf
          inf
          inf
          inf
          inf
          inf
          inf
          inf
          inf
          inf
          inf
          inf
          inf
          inf
          inf
          inf
          inf
          inf
          inf
          inf
          inf
          inf
          inf
          inf
          inf
          inf
          inf
          inf
          inf
          inf
          inf
          inf
          inf
          inf
          inf
          inf
          inf
          inf
          inf
          inf
          inf
          inf
          inf
          inf
          inf
          inf
          inf
          inf
          inf
          inf
          inf
          inf
          inf
          inf
          inf
          inf
          inf
          inf
          inf
          inf
          inf
          inf
          inf
          inf
          inf
          inf
          inf
          inf
          inf
          inf
          inf
          inf
          inf
          inf
          inf
          inf
          inf
          inf
          inf
         -inf
         -inf
         -inf
          inf
          inf
          inf
          inf
          inf
          inf
          inf
          inf
          inf
          inf
          inf
          inf
          inf
          inf
          inf
          inf
          inf
          inf
         -inf
         -inf
          inf
          inf
          inf
          inf
          inf
          inf
          inf
          inf
          inf
          inf
          inf
          inf
          inf
          inf
          inf
          inf
          inf
          inf
          inf
          inf
          inf
         -inf
          inf
          inf
          inf
          inf
          inf
          inf
          inf
          inf
          inf
          inf
          inf
          inf
          inf
          inf
          inf
          inf
          inf
          inf
          inf
          inf
          inf
          inf
          inf
          inf
          inf
          inf
          inf
          inf
         -inf
         -inf
         -inf
         -inf
         -inf
         -inf
         -inf
         -inf
         -inf
         -inf
         -inf
         -inf
         -inf
         -inf
         -inf
         -inf
         -inf
         -inf
         -inf
         -inf
         -inf
         -inf
         -inf
         -inf
         -inf
         -inf
         -inf
         -inf
         -inf
         -inf
         -inf
         -inf
         -inf
         -inf
         -inf
         -inf
         -inf
          inf
         -inf
         -inf
         -inf
         -inf
         -inf
         -inf
         -inf
         -inf
         -inf
         -inf
         -inf
         -inf
         -inf
         -inf
         -inf
         -inf
         -inf
         -inf
         -inf
         -inf
         -inf
         -inf
         -inf
         -inf
         -inf
         -inf
         -inf
         -inf
         -inf
         -inf
         -inf
         -inf
         -inf
         -inf
         -inf
         -inf
         -inf
         -inf
         -inf
         -inf
         -inf
         -inf
         -inf
         -inf
         -inf
         -inf
         -inf
         -inf
         -inf
         -inf
         -inf
          inf
         -inf
         -inf
         -inf
         -inf
         -inf
         -inf
         -inf
         -inf
         -inf
         -inf
         -inf
         -inf
         -inf
         -inf
         -inf
         -inf
         -inf
         -inf
         -inf
         -inf
         -inf
         -inf
         -inf
         -inf
         -inf
         -inf
         -inf
         -inf
         -inf
         -inf
         -inf
         -inf
         -inf
         -inf
         -inf
         -inf
         -inf
         -inf
         -inf
         -inf
         -inf
         -inf
         -inf
         -inf
         -inf
         -inf
         -inf
         -inf
         -inf
         -inf
         -inf
         -inf
         -inf
         -inf
         -inf
         -inf
         -inf
         -inf
         -inf
         -inf
         -inf
         -inf
         -inf
         -inf
         -inf
         -inf
         -inf
         -inf
         -inf
         -inf
         -inf
         -inf
         -inf
         -inf
         -inf
         -inf
         -inf
         -inf
         -inf
         -inf
         -inf
         -inf
         -inf
         -inf
         -inf
         -inf
         -inf
         -inf
         -inf
         -inf
         -inf
         -inf
         -inf
         -inf
         -inf
         -inf
         -inf
         -inf
         -inf
         -inf
         -inf
         -inf
         -inf
         -inf
         -inf
         -inf
         -inf
         -inf
         -inf
         -inf
         -inf
         -inf
         -inf
         -inf
         -inf
         -inf
         -inf
         -inf
         -inf
         -inf
         -inf
         -inf
         -inf
         -inf
          inf
         -inf
         -inf
         -inf
         -inf
         -inf
         -inf
         -inf
         -inf
         -inf
         -inf
         -inf
         -inf
         -inf
         -inf
         -inf
         -inf
         -inf
         -inf
         -inf
         -inf
         -inf
         -inf
         -inf
         -inf
         -inf
         -inf
         -inf
         -inf
         -inf
         -inf
         -inf
         -inf
         -inf
         -inf
         -inf
         -inf
         -inf
         -inf
         -inf
         -inf
         -inf
         -inf
         -inf
         -inf
          inf
          inf
          inf
          inf
          inf
          inf
          inf
          inf
          inf
          inf
          inf
          inf
          inf
          inf
          inf
          inf
          inf
          inf
          inf
          inf
          inf
          inf
          inf
          inf
          inf
          inf
          inf
          inf
          inf
          inf
          inf
          inf
          inf
          inf
          inf
          inf
          inf
          inf
          inf
          inf
          inf
          inf
          inf
          inf
          inf
          inf
          inf
          inf
          inf
          inf
          inf
          inf
          inf
          inf
          inf
          inf
          inf
          inf
          inf
          inf
          inf
          inf
          inf
          inf
          inf
          inf
          inf
          inf
          inf
          inf
          inf
          inf
          inf
          inf
          inf
          inf
          inf
          inf
          inf
          inf
          inf
          inf
          inf
          inf
          inf
          inf
          inf
         -inf
         -inf
         -inf
         -inf
         -inf
         -inf
          inf
          inf
         -inf
         -inf
         -inf
         -inf
         -inf
         -inf
         -inf
         -inf
         -inf
         -inf
         -inf
         -inf
         -inf
         -inf
         -inf
         -inf
         -inf
         -inf
         -inf
         -inf
         -inf
         -inf
         -inf
         -inf
         -inf
         -inf
         -inf
         -inf
         -inf
          inf
          inf
          inf
          inf
          inf
          inf
          inf
          inf
          inf
          inf
          inf
          inf
          inf
          inf
          inf
          inf
          inf
          inf
          inf
          inf
          inf
          inf
          inf
          inf
          inf
          inf
          inf
          inf
          inf
          inf
          inf
          inf
          inf
          inf
         -inf
          inf
          inf
          inf
          inf
          inf
          inf
          inf
          inf
          inf
          inf
          inf
          inf
          inf
          inf
          inf
          inf
          inf
          inf
          inf
          inf
          inf
          inf
          inf
          inf
          inf
          inf
          inf
          inf
          inf
          inf
         -inf
         -inf
         -inf
         -inf
         -inf
         -inf
         -inf
         -inf
         -inf
         -inf
         -inf
         -inf
         -inf
         -inf
         -inf
         -inf
         -inf
         -inf
         -inf
         -inf
         -inf
         -inf
         -inf
         -inf
         -inf
         -inf
         -inf
         -inf
         -inf
         -inf
         -inf
         -inf
         -inf
         -inf
         -inf
         -inf
         -inf
          inf
          inf
          inf
         -inf
         -inf
         -inf
         -inf
         -inf
         -inf
         -inf
         -inf
         -inf
         -inf
         -inf
          inf
          inf
          inf
          inf
          inf
          inf
          inf
          inf
          inf
          inf
          inf
          inf
          inf
          inf
         -inf
         -inf
         -inf
         -inf
         -inf
         -inf
         -inf
         -inf
         -inf
         -inf
         -inf
         -inf
         -inf
         -inf
         -inf
         -inf
         -inf
         -inf
         -inf
         -inf
         -inf
         -inf
         -inf
         -inf
         -inf
         -inf
         -inf
         -inf
         -inf
         -inf
         -inf
          inf
          inf
          inf
          inf
          inf
         -inf
         -inf
          inf
          inf
          inf
          inf
          inf
          inf
          inf
          inf
          inf
          inf
          inf
          inf
          inf
          inf
          inf
          inf
          inf
          inf
          inf
          inf
          inf
          inf
          inf
          inf
          inf
          inf
          inf
          inf
          inf
          inf
          inf
          inf
          inf
          inf
          inf
          inf
          inf
          inf
         -inf
          inf
          inf
          inf
          inf
          inf
          inf
          inf
          inf
          inf
          inf
          inf
          inf
          inf
          inf
          inf
          inf
          inf
          inf
          inf
          inf
          inf
          inf
          inf
          inf
          inf
          inf
          inf
          inf
          inf
          inf
          inf
          inf
          inf
          inf
          inf
          inf
          inf
          inf
          inf
          inf
          inf
          inf
         -inf
         -inf
          inf
         -inf
         -inf
         -inf
          inf
          inf
         -inf
         -inf
         -inf
         -inf
          inf
          inf
          inf
          inf
          inf
          inf
          inf
          inf
          inf
          inf
          inf
          inf
          inf
          inf
          inf
          inf
          inf
          inf
         -inf
         -inf
         -inf
         -inf
         -inf
         -inf
         -inf
         -inf
         -inf
         -inf
         -inf
          inf
          inf
         -inf
         -inf
         -inf
         -inf
         -inf
         -inf
         -inf
         -inf
         -inf
         -inf
         -inf
         -inf
         -inf
         -inf
         -inf
         -inf
         -inf
         -inf
         -inf
          inf
         -inf
          inf
          inf
          inf
          inf
          inf
          inf
          inf
          inf
          inf
          inf
          inf
          inf
          inf
          inf
         -inf
         -inf
         -inf
         -inf
         -inf
         -inf
         -inf
         -inf
         -inf
         -inf
         -inf
         -inf
         -inf
         -inf
         -inf
         -inf
         -inf
         -inf
         -inf
         -inf
         -inf
         -inf
         -inf
         -inf
         -inf
          inf
         -inf
         -inf
         -inf
         -inf
          inf
          inf
         -inf
         -inf
         -inf
          inf
          inf
         -inf
         -inf
         -inf
         -inf
         -inf
         -inf
         -inf
         -inf
         -inf
         -inf
         -inf
         -inf
         -inf
         -inf
         -inf
         -inf
         -inf
         -inf
         -inf
         -inf
         -inf
         -inf
         -inf
         -inf
         -inf
         -inf
         -inf
         -inf
         -inf
         -inf
         -inf
         -inf
          inf
          inf
          inf
         -inf
         -inf
         -inf
         -inf
         -inf
         -inf
         -inf
         -inf
         -inf
         -inf
         -inf
         -inf
         -inf
         -inf
         -inf
         -inf
         -inf
         -inf
         -inf
         -inf
         -inf
         -inf
         -inf
         -inf
         -inf
         -inf
         -inf
         -inf
         -inf
         -inf
         -inf
         -inf
         -inf
         -inf
         -inf
         -inf
         -inf
         -inf
          inf
          inf
          inf
          inf
          inf
          inf
          inf
          inf
          inf
          inf
          inf
          inf
          inf
          inf
          inf
          inf
          inf
          inf
          inf
          inf
          inf
          inf
          inf
          inf
          inf
          inf
          inf
          inf
          inf
          inf
          inf
          inf
          inf
          inf
          inf
          inf
          inf
          inf
          inf
          inf
          inf
          inf
          inf
          inf
          inf
          inf
          inf
          inf
          inf
          inf
          inf
          inf
          inf
          inf
          inf
          inf
          inf
          inf
          inf
          inf
          inf
          inf
          inf
          inf
          inf
          inf
          inf
          inf
          inf
          inf
          inf
          inf
         -inf
         -inf
          inf
         -inf
         -inf
         -inf
         -inf
         -inf
         -inf
         -inf
         -inf
         -inf
         -inf
         -inf
         -inf
         -inf
         -inf
         -inf
         -inf
         -inf
         -inf
         -inf
         -inf
          inf
         -inf
          inf
          inf
          inf
          inf
          inf
          inf
          inf
          inf
          inf
          inf
          inf
          inf
          inf
          inf
          inf
          inf
          inf
          inf
          inf
          inf
         -inf
          inf
          inf
         -inf
         -inf
         -inf
         -inf
         -inf
         -inf
         -inf
         -inf
         -inf
         -inf
         -inf
         -inf
         -inf
         -inf
         -inf
         -inf
         -inf
         -inf
         -inf
         -inf
         -inf
         -inf
         -inf
         -inf
         -inf
         -inf
         -inf
         -inf
         -inf
         -inf
         -inf
         -inf
         -inf
         -inf
         -inf
         -inf
         -inf
         -inf
         -inf
         -inf
         -inf
         -inf
         -inf
         -inf
         -inf
         -inf
         -inf
         -inf
         -inf
         -inf
          inf
          inf
          inf
          inf
         -inf
         -inf
         -inf
          inf
         -inf
         -inf
         -inf
         -inf
         -inf
         -inf
          inf
          inf
          inf
          inf
          inf
          inf
          inf
          inf
          inf
          inf
          inf
          inf
          inf
          inf
          inf
          inf
          inf
          inf
          inf
          inf
          inf
          inf
          inf
          inf
          inf
          inf
          inf
          inf
          inf
          inf
          inf
          inf
          inf
          inf
          inf
          inf
          inf
          inf
          inf
          inf
          inf
          inf
          inf
          inf
          inf
         -inf
          inf
          inf
          inf
          inf
          inf
          inf
          inf
          inf
          inf
          inf
          inf
          inf
          inf
          inf
          inf
          inf
          inf
          inf
          inf
          inf
          inf
          inf
          inf
          inf
          inf
          inf
          inf
          inf
          inf
          inf
          inf
          inf
          inf
          inf
          inf
          inf
          inf
          inf
          inf
          inf
          inf
          inf
          inf
          inf
          inf
          inf
          inf
          inf
          inf
          inf
          inf
          inf
          inf
          inf
          inf
          inf
          inf
          inf
          inf
          inf
          inf
          inf
          inf
          inf
          inf
          inf
          inf
          inf
          inf
         -inf
          inf
          inf
          inf
          inf
          inf
          inf
          inf
          inf
          inf
          inf
          inf
          inf
          inf
          inf
          inf
          inf
          inf
          inf
          inf
          inf
          inf
          inf
          inf
          inf
          inf
          inf
          inf
          inf
          inf
          inf
          inf
         -inf
         -inf
         -inf
         -inf
         -inf
         -inf
         -inf
         -inf
         -inf
         -inf
         -inf
         -inf
         -inf
         -inf
         -inf
         -inf
         -inf
         -inf
         -inf
         -inf
         -inf
         -inf
         -inf
         -inf
         -inf
         -inf
         -inf
         -inf
         -inf
         -inf
         -inf
         -inf
         -inf
         -inf
         -inf
         -inf
         -inf
         -inf
         -inf
         -inf
         -inf
         -inf
         -inf
         -inf
         -inf
         -inf
          inf
          inf
          inf
          inf
          inf
          inf
          inf
          inf
          inf
          inf
          inf
          inf
          inf
          inf
          inf
          inf
          inf
          inf
          inf
          inf
          inf
          inf
          inf
          inf
          inf
          inf
          inf
          inf
          inf
          inf
          inf
          inf
          inf
         -inf
         -inf
          inf
          inf
          inf
          inf
          inf
          inf
          inf
          inf
          inf
          inf
          inf
          inf
          inf
          inf
          inf
          inf
          inf
          inf
          inf
          inf
          inf
          inf
          inf
          inf
          inf
          inf
          inf
          inf
          inf
         -inf
         -inf
         -inf
         -inf
          inf
          inf
          inf
          inf
          inf
          inf
          inf
          inf
          inf
          inf
          inf
          inf
          inf
          inf
          inf
          inf
          inf
          inf
          inf
          inf
          inf
          inf
          inf
          inf
          inf
         -inf
         -inf
         -inf
         -inf
         -inf
         -inf
         -inf
         -inf
         -inf
          inf
          inf
          inf
          inf
          inf
          inf
          inf
          inf
          inf
          inf
          inf
          inf
          inf
          inf
          inf
          inf
          inf
          inf
          inf
          inf
          inf
          inf
          inf
          inf
         -inf
         -inf
         -inf
         -inf
         -inf
         -inf
          inf
          inf
          inf
          inf
          inf
          inf
          inf
          inf
          inf
          inf
          inf
          inf
          inf
          inf
          inf
          inf
          inf
          inf
          inf
          inf
          inf
          inf
          inf
          inf
          inf
          inf
          inf
          inf
          inf
          inf
          inf
          inf
          inf
          inf
          inf
          inf
          inf
          inf
          inf
          inf
          inf
          inf
          inf
          inf
          inf
          inf
          inf
          inf
          inf
          inf
          inf
          inf
          inf
          inf
          inf
          inf
          inf
          inf
          inf
          inf
          inf
          inf
          inf
          inf
          inf
          inf
          inf
          inf
          inf
          inf
          inf
         -inf
         -inf
         -inf
         -inf
         -inf
         -inf
         -inf
         -inf
         -inf
         -inf
         -inf
         -inf
         -inf
         -inf
         -inf
         -inf
          inf
          inf
          inf
          inf
          inf
          inf
          inf
          inf
          inf
          inf
          inf
          inf
          inf
          inf
          inf
          inf
          inf
          inf
          inf
          inf
          inf
          inf
          inf
          inf
          inf
          inf
          inf
          inf
          inf
          inf
          inf
          inf
          inf
          inf
          inf
          inf
          inf
          inf
          inf
          inf
          inf
          inf
          inf
          inf
          inf
          inf
          inf
          inf
          inf
          inf
          inf
          inf
          inf
          inf
          inf
          inf
          inf
          inf
          inf
          inf
          inf
          inf
          inf
          inf
          inf
          inf
          inf
          inf
          inf
          inf
          inf
          inf
          inf
          inf
          inf
          inf
          inf
          inf
          inf
          inf
          inf
          inf
          inf
          inf
          inf
          inf
          inf
          inf
          inf
          inf
          inf
          inf
          inf
          inf
          inf
          inf
          inf
          inf
          inf
          inf
          inf
          inf
          inf
          inf
          inf
          inf
          inf
          inf
          inf
          inf
          inf
          inf
          inf
          inf
          inf
          inf
          inf
          inf
          inf
          inf
          inf
          inf
          inf
          inf
          inf
          inf
          inf
          inf
          inf
          inf
          inf
          inf
          inf
          inf
          inf
          inf
          inf
          inf
          inf
          inf
          inf
          inf
          inf
          inf
          inf
          inf
          inf
          inf
          inf
          inf
          inf
          inf
          inf
          inf
          inf
          inf
          inf
          inf
          inf
          inf
          inf
          inf
          inf
          inf
          inf
          inf
          inf
          inf
          inf
          inf
          inf
          inf
          inf
          inf
          inf
          inf
          inf
          inf
          inf
          inf
          inf
          inf
          inf
          inf
          inf
          inf
          inf
          inf
          inf
          inf
          inf
          inf
          inf
          inf
          inf
          inf
          inf
          inf
          inf
          inf
          inf
          inf
          inf
          inf
          inf
          inf
          inf
          inf
          inf
          inf
          inf
          inf
          inf
          inf
          inf
          inf
          inf
          inf
          inf
          inf
          inf
          inf
          inf
          inf
          inf
          inf
          inf
          inf
          inf
          inf
          inf
          inf
          inf
          inf
          inf
          inf
          inf
          inf
          inf
          inf
          inf
          inf
          inf
          inf
          inf
          inf
         -inf
         -inf
         -inf
          inf
          inf
          inf
          inf
          inf
          inf
          inf
          inf
         -inf
         -inf
         -inf
         -inf
         -inf
         -inf
          inf
          inf
          inf
          inf
          inf
          inf
          inf
          inf
          inf
          inf
          inf
          inf
          inf
          inf
          inf
          inf
          inf
          inf
          inf
          inf
          inf
          inf
          inf
          inf
          inf
          inf
          inf
          inf
          inf
          inf
          inf
          inf
          inf
          inf
          inf
          inf
          inf
          inf
          inf
          inf
          inf
          inf
          inf
          inf
          inf
          inf
          inf
          inf
          inf
          inf
          inf
          inf
          inf
          inf
          inf
          inf
          inf
          inf
          inf
          inf
          inf
          inf
          inf
          inf
          inf
          inf
          inf
          inf
          inf
          inf
          inf
          inf
          inf
          inf
          inf
          inf
          inf
          inf
          inf
          inf
          inf
          inf
          inf
          inf
          inf
          inf
          inf
          inf
          inf
          inf
          inf
          inf
          inf
          inf
          inf
          inf
          inf
          inf
          inf
          inf
          inf
          inf
          inf
          inf
          inf
          inf
          inf
          inf
          inf
          inf
          inf
          inf
          inf
          inf
          inf
          inf
          inf
          inf
          inf
          inf
          inf
          inf
          inf
          inf
          inf
          inf
          inf
          inf
          inf
          inf
          inf
          inf
          inf
          inf
          inf
          inf
          inf
          inf
          inf
          inf
          inf
          inf
          inf
          inf
          inf
          inf
          inf
          inf
          inf
          inf
          inf
          inf
          inf
          inf
          inf
          inf
          inf
          inf
          inf
          inf
          inf
          inf
          inf
          inf
          inf
          inf
          inf
          inf
          inf
          inf
          inf
          inf
          inf
          inf
          inf
          inf
          inf
          inf
          inf
          inf
          inf
