0.000000000000000000e+00
5.193501495000000245e-01
5.166671001999999513e-01
5.172794377999999638e-01
5.185641976000000541e-01
5.212945405000000143e-01
5.207034318000000050e-01
5.174982184999999957e-01
5.119913204999999579e-01
5.246941460999999807e-01
5.085031514000000197e-01
5.234392151000000215e-01
5.164294301999999837e-01
5.176747389000000421e-01
5.172941154000000319e-01
5.222252418999999701e-01
5.238633430000000368e-01
5.226181874999999977e-01
5.241929254999999621e-01
5.219987302999999912e-01
5.252178773000000245e-01
5.146094364000000088e-01
5.400524948999999575e-01
5.171279046000000212e-01
5.218830450000000454e-01
5.152652209000000427e-01
4.830337009999999820e-01
5.234382574999999482e-01
5.177484690000000445e-01
5.204098571999999923e-01
5.121139969000000347e-01
5.196843933000000471e-01
5.190817276000000424e-01
5.134548291999999625e-01
5.222540127999999449e-01
5.146760564000000260e-01
5.165355565999999454e-01
5.259375263000000134e-01
5.201635313000000371e-01
5.187446341000000460e-01
5.155257321999999753e-01
5.203274742000000286e-01
5.161147703999999781e-01
5.200503196000000328e-01
5.193897516000000047e-01
5.210468558999999944e-01
5.179321867999999718e-01
5.177830152000000297e-01
5.123055217999999966e-01
5.208199886000000056e-01
4.972360672999999731e-01
5.136024004999999448e-01
5.147638302000000499e-01
5.219939963999999932e-01
5.196246183999999602e-01
5.215633169000000180e-01
5.179526582000000268e-01
5.150126184000000107e-01
5.162732364000000018e-01
5.173940461999999574e-01
5.193317060000000041e-01
5.143783417999999719e-01
5.171958043000000060e-01
5.113099164000000085e-01
5.241130341999999942e-01
5.280167811999999516e-01
5.168764880999999756e-01
5.201489446999999489e-01
5.174203327999999935e-01
5.178283861000000377e-01
5.196055738999999507e-01
5.182728986000000315e-01
5.202972537000000175e-01
5.165328879999999678e-01
5.272137104999999879e-01
5.724432180999999842e-01
5.191583489000000107e-01
5.234940228000000140e-01
5.146513002000000503e-01
5.145964534000000423e-01
5.252268275000000486e-01
5.175089753999999598e-01
5.337375468999999706e-01
5.281540351000000300e-01
5.125433153999999769e-01
5.219565283000000555e-01
5.299155348999999848e-01
5.182893439000000324e-01
5.159219497999999460e-01
5.110098713999999820e-01
5.166554522999999843e-01
5.184793195000000354e-01
5.155522559999999865e-01
5.146560601999999873e-01
5.144958156000000171e-01
5.219200604999999493e-01
5.192755255000000014e-01
5.178143910000000405e-01
5.183954597000000053e-01
5.187709583999999818e-01
