8.521639999999999873e+02
7.090318062999999427e+01
6.364177101000000221e+02
5.869672351000000344e+04
6.236812903000000006e+02
1.626550943000000007e+04
2.093019017999999960e+03
5.172545277999999962e+04
1.936693116999999984e+04
1.266470363999999972e+05
1.991044249999999884e+05
3.696612427000000025e+02
1.587975734000000102e+03
1.706513091000000060e+01
1.193571404999999999e+02
1.101349728999999940e+02
3.246096110999999951e+02
7.279666982999999891e+04
1.609888282999999944e+02
2.835254186000000232e+02
9.191442276999999876e+02
1.361324108999999964e+02
3.747759634999999978e+00
1.005161283000000026e+03
6.561597632999999519e+01
4.004066481000000203e+04
1.862859167000000070e+03
3.649648139999999898e+02
4.802398669999999584e+03
4.385973083000000088e+02
2.403768133000000089e+05
4.989145854000000213e+02
2.724478195000000142e+03
1.230793815000000037e+07
3.297783810000000085e+04
1.680437539000000106e+04
2.231277463000000125e+02
2.500476324000000204e+03
8.485438016000000061e+03
8.006405202000000281e+05
4.445173428000000058e+03
3.719155116000000021e+02
1.311729089000000101e+02
1.079524463000000054e+02
2.263777677999999867e+02
2.472930897999999900e+02
3.465698601999999795e+01
7.644162284999999974e+04
3.125402305999999953e+04
1.857800498999999945e+03
2.132209739999999874e+05
5.038351808999999776e+03
6.175825171000000410e+03
2.515573324999999841e+03
1.493288186000000053e+02
1.691237368000000060e+04
1.362240262999999914e+03
3.190586917000000249e+05
5.269139056999999866e+02
3.624192019999999957e+03
9.333269891999999572e+02
3.674894653999999861e+01
4.561159232999999949e+04
3.588445229999999810e+03
4.844469927000000098e+02
1.321296683999999999e+01
2.838836424000000079e+03
1.251886039999999944e+01
1.139914661999999907e+03
4.707227129999999704e+01
5.912042962000000301e+01
9.159459051000000045e+02
5.611254603999999802e+01
9.144884507000000440e+02
8.481331452999999465e-01
1.237544111000000058e+01
3.313704589999999826e+03
7.106399135999999999e+02
1.958042695000000094e+03
1.951902259000000015e+02
5.611015465000000404e+03
1.892689817999999846e+01
4.093023144999999863e-01
2.955640599000000179e+02
4.395287481999999727e+05
3.679926539000000218e-01
5.686561444999999821e+02
2.466012644999999793e+03
1.584972723000000115e+05
9.878414870999999948e+02
4.775153910000000224e+00
4.212949620999999752e+04
6.279411849999999627e+06
5.566911852000000363e+04
1.802947771999999895e+04
1.128059445999999966e+00
9.463453394000000117e+03
2.180684295000000020e+03
6.821256783999999698e+02
6.066759088000000411e+00
