     0.0000000        1.84759488        0.00251804
     0.1000000        1.44814669        0.00293891
     0.2000000        1.14309274        0.00278005
     0.3000000        0.90899405        0.00252822
     0.4000000        0.72732037        0.00258144
     0.5000000        0.58306306        0.00294214
     0.6000000        0.46502762        0.00291001
     0.7000000        0.37638691        0.00340906
     0.8000000        0.30531593        0.00331970
     0.9000000        0.24588214        0.00322482
     1.0000000        0.20073697        0.00308376
     1.1000000        0.15888869        0.00335828
     1.2000000        0.13051138        0.00282024
     1.3000000        0.10963940        0.00238265
     1.4000000        0.08881097        0.00270896
     1.5000000        0.07368516        0.00280636
     1.6000000        0.06010798        0.00239231
     1.7000000        0.04638493        0.00219804
     1.8000000        0.03830852        0.00191261
     1.9000000        0.03111811        0.00202450
     2.0000000        0.02355222        0.00195975
     2.1000000        0.01917701        0.00229526
     2.2000000        0.01630523        0.00241547
     2.3000000        0.01302962        0.00267278
     2.4000000        0.01103751        0.00206641
     2.5000000        0.00896274        0.00220371
     2.6000000        0.00809890        0.00198855
     2.7000000        0.00683488        0.00223665
     2.8000000        0.00387883        0.00238964
     2.9000000        0.00387804        0.00175217
     3.0000000        0.00027571        0.00220522
     3.1000000       -0.00110620        0.00223397
     3.2000000       -0.00115465        0.00226368
     3.3000000       -0.00014028        0.00218484
     3.4000000        0.00147981        0.00189707
     3.5000000        0.00058470        0.00174745
     3.6000000        0.00000221        0.00198708
     3.7000000        0.00292984        0.00221134
     3.8000000        0.00192515        0.00202238
     3.9000000        0.00165895        0.00202507
     4.0000000        0.00453903        0.00224818
     4.1000000        0.00415781        0.00173714
     4.2000000        0.00259136        0.00192648
     4.3000000       -0.00065468        0.00217058
     4.4000000        0.00084006        0.00215547
     4.5000000        0.00176065        0.00187124
     4.6000000        0.00141596        0.00233641
     4.7000000        0.00153761        0.00258283
     4.8000000        0.00078745        0.00240542
     4.9000000        0.00131510        0.00240524
     5.0000000        0.00222470        0.00223516
     5.1000000        0.00019404        0.00202356
     5.2000000        0.00035543        0.00209959
     5.3000000        0.00075266        0.00188480
     5.4000000       -0.00004999        0.00162788
     5.5000000        0.00079027        0.00185125
     5.6000000        0.00088011        0.00171600
     5.7000000        0.00081989        0.00237067
     5.8000000        0.00106270        0.00175655
     5.9000000        0.00204563        0.00179636
     6.0000000        0.00162745        0.00211679
     6.1000000        0.00298253        0.00198314
     6.2000000        0.00170051        0.00167849
     6.3000000       -0.00073129        0.00151579
     6.4000000       -0.00075498        0.00184563
     6.5000000        0.00143084        0.00240276
     6.6000000       -0.00050398        0.00220162
     6.7000000       -0.00043049        0.00157743
     6.8000000       -0.00166140        0.00170082
     6.9000000        0.00075263        0.00173078
     7.0000000        0.00154733        0.00170599
     7.1000000       -0.00053702        0.00238435
     7.2000000       -0.00151140        0.00207408
     7.3000000       -0.00145485        0.00203872
     7.4000000       -0.00132587        0.00206998
     7.5000000       -0.00109368        0.00186567
     7.6000000       -0.00180170        0.00194076
     7.7000000        0.00024742        0.00231423
     7.8000000        0.00095550        0.00259250
     7.9000000        0.00272327        0.00237867
     8.0000000        0.00201207        0.00217388
     8.1000000        0.00129235        0.00209891
     8.2000000        0.00212198        0.00208714
     8.3000000        0.00248439        0.00220458
     8.4000000        0.00438264        0.00240767
     8.5000000        0.00609646        0.00231595
     8.6000000        0.00441751        0.00222737
     8.7000000        0.00395286        0.00245879
     8.8000000        0.00416641        0.00269271
     8.9000000        0.00754964        0.00247930
     9.0000000        0.00732205        0.00233986
     9.1000000        0.00976687        0.00247093
     9.2000000        0.01337492        0.00257001
     9.3000000        0.01957046        0.00225356
     9.4000000        0.02554632        0.00228541
     9.5000000        0.03146700        0.00240866
     9.6000000        0.04150607        0.00228904
     9.7000000        0.05720579        0.00190010
     9.8000000        0.07670691        0.00238298
     9.9000000        0.10630872        0.00263977
    10.0000000        0.15240512        0.00251804
