   -1.570796     -1.570796
  1    1        0.22645367        0.00271249        0.00000000        0.00000000
   -1.570796      0.000000
  1    1        0.15707263        0.00102935        0.00000000        0.00000000
   -1.570796      1.570796
  1    1        0.22759915        0.00219143        0.00000000        0.00000000
   -1.570796      3.141593
  1    1        0.31146676        0.00102955       -0.00000000        0.00000000
    0.000000     -1.570796
  1    1        0.15763216        0.00099329        0.00000000        0.00000000
    0.000000      0.000000
  1    1        0.00018644        0.00026350       -0.00000000        0.00000000
    0.000000      1.570796
  1    1        0.15763216        0.00099329       -0.00000000        0.00000000
    0.000000      3.141593
  1    1        0.22872099        0.00212795        0.00000000        0.00000000
    1.570796     -1.570796
  1    1        0.22759915        0.00219143        0.00000000        0.00000000
    1.570796      0.000000
  1    1        0.15707263        0.00102935       -0.00000000        0.00000000
    1.570796      1.570796
  1    1        0.22645367        0.00271249        0.00000000        0.00000000
    1.570796      3.141593
  1    1        0.31146676        0.00102955        0.00000000        0.00000000
    3.141593     -1.570796
  1    1        0.30895814        0.00301740        0.00000000        0.00000000
    3.141593      0.000000
  1    1        0.22874141        0.00116542        0.00000000        0.00000000
    3.141593      1.570796
  1    1        0.30895814        0.00301740        0.00000000        0.00000000
    3.141593      3.141593
  1    1        0.35334025        0.02942897        0.00000000        0.00000000
