   1.0000000000000000                1          16
         (1.0000000000000000,5.35468450559940150E-004)
  -1.5707963267948966       -1.5707963267948966     
       (0.22642109965401347,-6.61363325216157705E-017)
  -1.5707963267948966        0.0000000000000000     
        (0.15651305279098604,1.34636225779249941E-015)
  -1.5707963267948966        1.5707963267948966     
        (0.22734875579172920,1.50899258366532507E-015)
  -1.5707963267948966        3.1415926535897931     
        (0.30903353077224971,2.97071395261028215E-017)
   0.0000000000000000       -1.5707963267948966     
        (0.15597239885779335,5.57279916657549279E-017)
   0.0000000000000000        0.0000000000000000     
         (15.998668728856334,1.71349904179210304E-002)
   0.0000000000000000        1.5707963267948966     
        (0.15597239885779335,3.49113099540332428E-017)
   0.0000000000000000        3.1415926535897931     
        (0.23404550899226784,2.03569799905878313E-015)
   1.5707963267948966       -1.5707963267948966     
        (0.22734875579172931,3.98769559040168531E-016)
   1.5707963267948966        0.0000000000000000     
       (0.15651305279098515,-8.48930301056149972E-016)
   1.5707963267948966        1.5707963267948966     
        (0.22642109965401380,8.65193333643432538E-017)
   1.5707963267948966        3.1415926535897931     
       (0.30903353077224971,-1.91470103660940083E-016)
   3.1415926535897931       -1.5707963267948966     
        (0.30947013970256620,3.67978217341580205E-016)
   3.1415926535897931        0.0000000000000000     
        (0.22059110519266856,9.26125495737117888E-016)
   3.1415926535897931        1.5707963267948966     
       (0.30947013970256643,-9.69276742202040964E-017)
   3.1415926535897931        3.1415926535897931     
       (0.36837946930245946,-9.25908655302620787E-017)
   1.0000000000000000                1          16
        (1.0000000000000000,-1.08610098429095798E-003)
  -1.5707963267948966       -1.5707963267948966     
        (0.23373335251658800,6.02816407901940465E-017)
  -1.5707963267948966        0.0000000000000000     
       (0.15779264584998198,-5.97612237474010044E-016)
  -1.5707963267948966        1.5707963267948966     
        (0.23364493896460703,8.58688120608519512E-016)
  -1.5707963267948966        3.1415926535897931     
        (0.31238646573889672,1.38344197209150366E-016)
   0.0000000000000000       -1.5707963267948966     
        (0.16163442147480722,1.26157764790413296E-015)
   0.0000000000000000        0.0000000000000000     
        (16.000502689761159,-3.47552314973277321E-002)
   0.0000000000000000        1.5707963267948966     
       (0.16163442147480700,-9.23740250957649778E-017)
   0.0000000000000000        3.1415926535897931     
        (0.23346257275595561,1.63454319523914648E-015)
   1.5707963267948966       -1.5707963267948966     
        (0.23364493896460703,3.03576608295941242E-016)
   1.5707963267948966        0.0000000000000000     
       (0.15779264584998109,-3.52148865623291840E-016)
   1.5707963267948966        1.5707963267948966     
        (0.23373335251658800,7.68916180726719745E-016)
   1.5707963267948966        3.1415926535897931     
       (0.31238646573889628,-8.50014503228635476E-017)
   3.1415926535897931       -1.5707963267948966     
        (0.31738156575409249,1.35091590691693852E-015)
   3.1415926535897931        0.0000000000000000     
        (0.23118489007836063,8.56953397132542705E-016)
   3.1415926535897931        1.5707963267948966     
        (0.31738156575409249,1.32966554433622264E-015)
   3.1415926535897931        3.1415926535897931     
        (0.40190732432670195,1.75857592377148819E-015)
   1.0000000000000000                1          16
         (1.0000000000000000,1.07461206018115885E-003)
  -1.5707963267948966       -1.5707963267948966     
       (0.24092874279472287,-1.45716771982051796E-016)
  -1.5707963267948966        0.0000000000000000     
        (0.16473635053803659,1.69265643168436952E-015)
  -1.5707963267948966        1.5707963267948966     
        (0.23872520559801447,5.42968447980740621E-016)
  -1.5707963267948966        3.1415926535897931     
        (0.32334102034966272,4.42354486374085809E-016)
   0.0000000000000000       -1.5707963267948966     
        (0.16659170644342880,4.67507976775749512E-016)
   0.0000000000000000        0.0000000000000000     
         (16.001391603435955,3.43875859257830735E-002)
   0.0000000000000000        1.5707963267948966     
       (0.16659170644342902,-2.21177243187042905E-016)
   0.0000000000000000        3.1415926535897931     
        (0.23889762556794680,9.36316996158481629E-016)
   1.5707963267948966       -1.5707963267948966     
       (0.23872520559801491,-1.23165366794353304E-016)
   1.5707963267948966        0.0000000000000000     
       (0.16473635053803748,-1.69569219776732893E-016)
   1.5707963267948966        1.5707963267948966     
       (0.24092874279472265,-4.33680868994201774E-016)
   1.5707963267948966        3.1415926535897931     
       (0.32334102034966272,-4.51028103753969845E-016)
   3.1415926535897931       -1.5707963267948966     
        (0.32395640375566059,4.44956571588051020E-016)
   3.1415926535897931        0.0000000000000000     
        (0.23808817760467937,9.08561420542852716E-016)
   3.1415926535897931        1.5707963267948966     
        (0.32395640375566059,3.11382863937836873E-016)
   3.1415926535897931        3.1415926535897931     
        (0.49361047946190495,4.52762827229946652E-016)
   1.0000000000000000                1          16
         (1.0000000000000000,4.77239561514245490E-004)
  -1.5707963267948966       -1.5707963267948966     
       (0.22012343168271953,-1.32391927282204946E-015)
  -1.5707963267948966        0.0000000000000000     
        (0.15600493825187456,5.22043346051770385E-016)
  -1.5707963267948966        1.5707963267948966     
       (0.22001059103771536,-8.60314423867247768E-016)
  -1.5707963267948966        3.1415926535897931     
       (0.31335450938931941,-5.28440138869434861E-016)
   0.0000000000000000       -1.5707963267948966     
        (0.15702578745563900,5.37005336032070346E-016)
   0.0000000000000000        0.0000000000000000     
         (15.997920293957087,1.52716659684606019E-002)
   0.0000000000000000        1.5707963267948966     
       (0.15702578745563900,-5.92733327697825274E-016)
   0.0000000000000000        3.1415926535897931     
        (0.22588302472851751,8.33209369555110158E-016)
   1.5707963267948966       -1.5707963267948966     
       (0.22001059103771536,-1.30440363371731038E-015)
   1.5707963267948966        0.0000000000000000     
       (0.15600493825187545,-1.00668171715279087E-015)
   1.5707963267948966        1.5707963267948966     
       (0.22012343168271975,-8.40798784762508689E-016)
   1.5707963267948966        3.1415926535897931     
       (0.31335450938931941,-7.94720192431874750E-017)
   3.1415926535897931       -1.5707963267948966     
       (0.30539672668526163,-5.92733327697825274E-016)
   3.1415926535897931        0.0000000000000000     
        (0.21284685030816564,8.46436636059433312E-016)
   3.1415926535897931        1.5707963267948966     
        (0.30539672668526185,4.98082478039840737E-016)
   3.1415926535897931        3.1415926535897931     
       (0.32376711736894703,-7.36606955986651712E-015)
   1.0000000000000000                1          16
        (1.0000000000000000,-6.34333970908647479E-004)
  -1.5707963267948966       -1.5707963267948966     
        (0.23353033063624518,6.23633089613662150E-016)
  -1.5707963267948966        0.0000000000000000     
       (0.15789110123959993,-6.34691951773014296E-016)
  -1.5707963267948966        1.5707963267948966     
        (0.22967986789385886,2.01011082778812522E-016)
  -1.5707963267948966        3.1415926535897931     
        (0.31453789280480737,1.01156062692897564E-015)
   0.0000000000000000       -1.5707963267948966     
        (0.16433835069159752,1.42897846333589484E-016)
   0.0000000000000000        0.0000000000000000     
        (16.001157165411083,-2.02986870691077882E-002)
   0.0000000000000000        1.5707963267948966     
        (0.16433835069159775,7.87347617658973320E-016)
   0.0000000000000000        3.1415926535897931     
        (0.23163777252088336,1.92489253703076457E-015)
   1.5707963267948966       -1.5707963267948966     
        (0.22967986789385886,7.56122595091390792E-016)
   1.5707963267948966        0.0000000000000000     
       (0.15789110123959904,-2.76471553983803631E-016)
   1.5707963267948966        1.5707963267948966     
        (0.23353033063624529,3.33500588256541164E-016)
   1.5707963267948966        3.1415926535897931     
        (0.31453789280480737,1.00960906301850173E-015)
   3.1415926535897931       -1.5707963267948966     
        (0.31592901369845017,7.87347617658973320E-016)
   3.1415926535897931        0.0000000000000000     
        (0.22462949256866604,1.29301951090621259E-015)
   3.1415926535897931        1.5707963267948966     
        (0.31592901369844995,9.87925019568791640E-016)
   3.1415926535897931        3.1415926535897931     
        (0.43522867900863604,1.29952472394112561E-015)
   1.0000000000000000                1          16
        (1.0000000000000000,-9.70297502198509622E-004)
  -1.5707963267948966       -1.5707963267948966     
        (0.23068613698697826,4.40186082029114800E-016)
  -1.5707963267948966        0.0000000000000000     
        (0.16085596037329464,8.73866951023316574E-016)
  -1.5707963267948966        1.5707963267948966     
        (0.23333284988997949,7.94720192431874750E-016)
  -1.5707963267948966        3.1415926535897931     
        (0.31309455129930264,4.27392496393785848E-016)
   0.0000000000000000       -1.5707963267948966     
        (0.15722823205958814,5.48172618408671042E-016)
   0.0000000000000000        0.0000000000000000     
        (16.000508357081664,-3.10495200703585356E-002)
   0.0000000000000000        1.5707963267948966     
       (0.15722823205958814,-1.39211558947138769E-016)
   0.0000000000000000        3.1415926535897931     
        (0.22314832355041303,1.09417683247237107E-015)
   1.5707963267948966       -1.5707963267948966     
       (0.23333284988997927,-2.04480529730766136E-016)
   1.5707963267948966        0.0000000000000000     
        (0.16085596037329730,5.66387214906427516E-016)
   1.5707963267948966        1.5707963267948966     
        (0.23068613698697826,1.50053580671993814E-016)
   1.5707963267948966        3.1415926535897931     
       (0.31309455129930264,-4.60569082871842284E-016)
   3.1415926535897931       -1.5707963267948966     
        (0.30757088390164178,3.04877650902923847E-016)
   3.1415926535897931        0.0000000000000000     
        (0.22816894413917277,1.46302241155193968E-015)
   3.1415926535897931        1.5707963267948966     
        (0.30757088390164200,6.13658429626795510E-017)
   3.1415926535897931        3.1415926535897931     
       (0.39985215443709810,-9.61470486560145332E-016)
   1.0000000000000000                1          16
         (1.0000000000000002,8.96839265882999723E-004)
  -1.5707963267948966       -1.5707963267948966     
       (0.23012537736124039,-2.69098979210902201E-016)
  -1.5707963267948966        0.0000000000000000     
        (0.15451513668730166,3.76001313417972938E-016)
  -1.5707963267948966        1.5707963267948966     
        (0.23043258141337930,1.96891114523367605E-016)
  -1.5707963267948966        3.1415926535897931     
        (0.30935717810452235,6.58110718698701191E-016)
   0.0000000000000000       -1.5707963267948966     
       (0.15610589042236622,-1.85832252364015460E-016)
   0.0000000000000000        0.0000000000000000     
         (16.000358114579416,2.86988565082541454E-002)
   0.0000000000000000        1.5707963267948966     
       (0.15610589042236667,-8.74083791457813675E-016)
   0.0000000000000000        3.1415926535897931     
        (0.22310835529540418,1.09005686421692616E-015)
   1.5707963267948966       -1.5707963267948966     
        (0.23043258141337897,8.63024929298461529E-016)
   1.5707963267948966        0.0000000000000000     
       (0.15451513668730255,-8.21391565875018159E-016)
   1.5707963267948966        1.5707963267948966     
       (0.23012537736124072,-4.47341816367519129E-016)
   1.5707963267948966        3.1415926535897931     
        (0.30935717810452190,6.56592835657221485E-016)
   3.1415926535897931       -1.5707963267948966     
       (0.30852004725691451,-9.69276742202040964E-017)
   3.1415926535897931        0.0000000000000000     
        (0.22702773636287576,1.07140858685017548E-015)
   3.1415926535897931        1.5707963267948966     
        (0.30852004725691451,5.47305256670682638E-016)
   3.1415926535897931        3.1415926535897931     
        (0.42353955263580390,2.52640790232572243E-015)
   1.0000000000000000                1          16
         (1.0000000000000000,1.22548693138411135E-003)
  -1.5707963267948966       -1.5707963267948966     
       (0.22796373876034148,-6.75241113023972161E-016)
  -1.5707963267948966        0.0000000000000000     
        (0.15647281580130123,1.36175792864179357E-016)
  -1.5707963267948966        1.5707963267948966     
        (0.23096149977044966,1.23165366794353304E-016)
  -1.5707963267948966        3.1415926535897931     
       (0.31040395391802289,-1.44849410244063392E-016)
   0.0000000000000000       -1.5707963267948966     
        (0.15390840457190913,1.88564441838678931E-015)
   0.0000000000000000        0.0000000000000000     
         (15.999113226732838,3.92155818042666526E-002)
   0.0000000000000000        1.5707963267948966     
       (0.15390840457190913,-1.33573707650214146E-016)
   0.0000000000000000        3.1415926535897931     
        (0.23462027089940740,1.63064006741819867E-015)
   1.5707963267948966       -1.5707963267948966     
        (0.23096149977044977,1.21430643318376497E-017)
   1.5707963267948966        0.0000000000000000     
        (0.15647281580130123,2.72351585728358714E-016)
   1.5707963267948966        1.5707963267948966     
       (0.22796373876034115,-2.99673480474993426E-016)
   1.5707963267948966        3.1415926535897931     
       (0.31040395391802311,-1.44415729375069191E-016)
   3.1415926535897931       -1.5707963267948966     
        (0.31334530136324490,9.76649316974942394E-016)
   3.1415926535897931        0.0000000000000000     
        (0.22587295998817047,1.48839274238810049E-015)
   3.1415926535897931        1.5707963267948966     
       (0.31334530136324512,-4.38017677684143791E-017)
   3.1415926535897931        3.1415926535897931     
        (0.37132613571942541,3.20707002621212212E-015)
   1.0000000000000000                1          16
        (1.0000000000000000,-2.58464678502375131E-004)
  -1.5707963267948966       -1.5707963267948966     
        (0.22755634537279557,2.67581096169422494E-016)
  -1.5707963267948966        0.0000000000000000     
        (0.15789857531723339,1.25377139226223733E-015)
  -1.5707963267948966        1.5707963267948966     
        (0.22787296924323241,3.99420080343659833E-016)
  -1.5707963267948966        3.1415926535897931     
        (0.31752921196516570,4.03865309250850402E-016)
   0.0000000000000000       -1.5707963267948966     
        (0.16162409156871693,3.88144377749810587E-016)
   0.0000000000000000        0.0000000000000000     
        (15.999272864570546,-8.27086971207194321E-003)
   0.0000000000000000        1.5707963267948966     
       (0.16162409156871693,-2.98806118737005022E-016)
   0.0000000000000000        3.1415926535897931     
        (0.22758015610107030,1.35449377408614069E-015)
   1.5707963267948966       -1.5707963267948966     
        (0.22787296924323264,7.32486987731206796E-016)
   1.5707963267948966        0.0000000000000000     
       (0.15789857531723162,-6.08454259198865088E-016)
   1.5707963267948966        1.5707963267948966     
       (0.22755634537279545,-3.56919355182228060E-016)
   1.5707963267948966        3.1415926535897931     
        (0.31752921196516570,1.82471225629310396E-016)
   3.1415926535897931       -1.5707963267948966     
       (0.31137634106215140,-2.98806118737005022E-016)
   3.1415926535897931        0.0000000000000000     
        (0.22765331043091552,1.23837572141294316E-015)
   3.1415926535897931        1.5707963267948966     
        (0.31137634106215117,3.46511014326367217E-016)
   3.1415926535897931        3.1415926535897931     
       (0.39573273430420297,-1.53392923363249167E-015)
   1.0000000000000000                1          16
        (1.0000000000000000,-4.54226058258124519E-004)
  -1.5707963267948966       -1.5707963267948966     
        (0.21901950566166706,2.22369865576776959E-016)
  -1.5707963267948966        0.0000000000000000     
        (0.14976083689785347,1.82091754868940470E-015)
  -1.5707963267948966        1.5707963267948966     
       (0.22106952914503886,-5.34186410383608035E-016)
  -1.5707963267948966        3.1415926535897931     
       (0.30671214193207874,-1.94722710178396596E-016)
   0.0000000000000000       -1.5707963267948966     
       (0.15349069716638331,-1.21647483752873597E-016)
   0.0000000000000000        0.0000000000000000     
        (16.000375685473436,-1.45352338642361304E-002)
   0.0000000000000000        1.5707963267948966     
       (0.15349069716638331,-3.64291929955129490E-016)
   0.0000000000000000        3.1415926535897931     
        (0.21855901849600934,1.47505705566652878E-015)
   1.5707963267948966       -1.5707963267948966     
        (0.22106952914503908,2.09251019289702356E-017)
   1.5707963267948966        0.0000000000000000     
       (0.14976083689785347,-4.28259858131774251E-017)
   1.5707963267948966        1.5707963267948966     
        (0.21901950566166717,3.74591850593741782E-016)
   1.5707963267948966        3.1415926535897931     
       (0.30671214193207919,-4.14598910758456896E-016)
   3.1415926535897931       -1.5707963267948966     
       (0.30635491526118630,-2.53269627492613836E-016)
   3.1415926535897931        0.0000000000000000     
        (0.22870868385496201,1.29204372895097563E-015)
   3.1415926535897931        1.5707963267948966     
       (0.30635491526118586,-3.84891771232354074E-016)
   3.1415926535897931        3.1415926535897931     
        (0.35717624296131556,3.07414683986539927E-015)
   1.0000000000000000                1          16
        (1.0000000000000000,-1.27620756383958322E-003)
  -1.5707963267948966       -1.5707963267948966     
       (0.22940338949297612,-3.53449908230274445E-016)
  -1.5707963267948966        0.0000000000000000     
        (0.15801938164096385,5.33861149731862383E-016)
  -1.5707963267948966        1.5707963267948966     
        (0.23280825608358025,8.67361737988403547E-019)
  -1.5707963267948966        3.1415926535897931     
        (0.31685931476500251,5.20850723662036330E-016)
   0.0000000000000000       -1.5707963267948966     
        (0.16294235533250867,1.00917538214950753E-015)
   0.0000000000000000        0.0000000000000000     
        (15.999800189830857,-4.08386420428472757E-002)
   0.0000000000000000        1.5707963267948966     
       (0.16294235533250845,-6.77843198237937372E-016)
   0.0000000000000000        3.1415926535897931     
        (0.23029267537787557,1.25160298791726632E-015)
   1.5707963267948966       -1.5707963267948966     
       (0.23280825608358025,-2.21177243187042905E-016)
   1.5707963267948966        0.0000000000000000     
       (0.15801938164096563,-6.63098048692134512E-016)
   1.5707963267948966        1.5707963267948966     
       (0.22940338949297623,-8.89045781438113636E-017)
   1.5707963267948966        3.1415926535897931     
        (0.31685931476500251,2.97505076130022417E-016)
   3.1415926535897931       -1.5707963267948966     
       (0.31148786522966310,-2.33753988387874756E-016)
   3.1415926535897931        0.0000000000000000     
        (0.22987738910745592,1.81712284108570543E-016)
   3.1415926535897931        1.5707963267948966     
       (0.31148786522966310,-6.99093560818653259E-016)
   3.1415926535897931        3.1415926535897931     
        (0.41889124840929526,1.33140026781219944E-016)
   1.0000000000000000                1          16
        (1.0000000000000000,-1.10436014021638259E-004)
  -1.5707963267948966       -1.5707963267948966     
        (0.23166784550576969,4.27717757045531499E-016)
  -1.5707963267948966        0.0000000000000000     
        (0.15977082773821094,6.94024915662283526E-016)
  -1.5707963267948966        1.5707963267948966     
        (0.23135659439649114,4.49347590386617313E-016)
  -1.5707963267948966        3.1415926535897931     
        (0.31296804184518268,1.21132487720942983E-016)
   0.0000000000000000       -1.5707963267948966     
        (0.15875754145400112,1.22680186322166040E-015)
   0.0000000000000000        0.0000000000000000     
        (16.000162219194088,-3.53395244871855052E-003)
   0.0000000000000000        1.5707963267948966     
       (0.15875754145400112,-7.93229414444707182E-016)
   0.0000000000000000        3.1415926535897931     
        (0.22693645302532828,2.07548821878900114E-015)
   1.5707963267948966       -1.5707963267948966     
        (0.23135659439649114,4.49347590386617313E-016)
   1.5707963267948966        0.0000000000000000     
       (0.15977082773821005,-2.80564417184936410E-016)
   1.5707963267948966        1.5707963267948966     
        (0.23166784550577002,4.70977423727703126E-016)
   1.5707963267948966        3.1415926535897931     
        (0.31296804184518268,1.19966970385521066E-016)
   3.1415926535897931       -1.5707963267948966     
        (0.31235820444960816,5.39038215105480667E-016)
   3.1415926535897931        0.0000000000000000     
        (0.23381713013798788,1.30825255142963393E-015)
   3.1415926535897931        1.5707963267948966     
        (0.31235820444960838,7.39480091743738299E-016)
   3.1415926535897931        3.1415926535897931     
        (0.41810161483722275,1.61172073950832662E-015)
   1.0000000000000000                1          16
         (1.0000000000000000,2.60020388426532604E-004)
  -1.5707963267948966       -1.5707963267948966     
        (0.23093722459153387,4.75422652634893694E-016)
  -1.5707963267948966        0.0000000000000000     
       (0.16035487230401757,-3.81313904063151909E-016)
  -1.5707963267948966        1.5707963267948966     
        (0.23307220197794631,6.08020578329870887E-016)
  -1.5707963267948966        3.1415926535897931     
        (0.30985381722670491,5.03828749554013910E-016)
   0.0000000000000000       -1.5707963267948966     
        (0.15969141677835652,1.06804756011547042E-015)
   0.0000000000000000        0.0000000000000000     
         (16.000299661370953,8.32065242963796713E-003)
   0.0000000000000000        1.5707963267948966     
       (0.15969141677835674,-2.85687272449930418E-016)
   0.0000000000000000        3.1415926535897931     
        (0.22614789359583787,1.05091716579019945E-015)
   1.5707963267948966       -1.5707963267948966     
        (0.23307220197794620,3.85975973404839579E-016)
   1.5707963267948966        0.0000000000000000     
       (0.16035487230401846,-2.44921270764475452E-016)
   1.5707963267948966        1.5707963267948966     
        (0.23093722459153387,1.85506991712269809E-016)
   1.5707963267948966        3.1415926535897931     
        (0.30985381722670491,5.03069808033274057E-016)
   3.1415926535897931       -1.5707963267948966     
        (0.30713689561958502,3.80446542325163506E-016)
   3.1415926535897931        0.0000000000000000     
        (0.22665222956214715,1.33107500716045379E-015)
   3.1415926535897931        1.5707963267948966     
        (0.30713689561958502,6.91937826480248930E-016)
   3.1415926535897931        3.1415926535897931     
        (0.40618921802926988,2.40270043444512638E-015)
   1.0000000000000000                1          16
        (1.0000000000000000,-2.66949942476660349E-004)
  -1.5707963267948966       -1.5707963267948966     
        (0.22594085703222755,7.47123717059761105E-016)
  -1.5707963267948966        0.0000000000000000     
        (0.15760036215452045,8.42099827369491294E-016)
  -1.5707963267948966        1.5707963267948966     
       (0.22911523381436749,-9.21571846612678769E-018)
  -1.5707963267948966        3.1415926535897931     
       (0.30305085946163624,-4.48968119626247386E-016)
   0.0000000000000000       -1.5707963267948966     
        (0.15357851873849560,7.96780176559597209E-016)
   0.0000000000000000        0.0000000000000000     
        (15.999485820344582,-8.54239815926038926E-003)
   0.0000000000000000        1.5707963267948966     
       (0.15357851873849560,-5.56304134702312325E-016)
   0.0000000000000000        3.1415926535897931     
        (0.22758727205287221,1.67509235649010435E-016)
   1.5707963267948966       -1.5707963267948966     
       (0.22911523381436749,-3.42282625853673750E-016)
   1.5707963267948966        0.0000000000000000     
        (0.15760036215451867,5.34186410383608035E-016)
   1.5707963267948966        1.5707963267948966     
       (0.22594085703222744,-4.32488246604467719E-016)
   1.5707963267948966        3.1415926535897931     
        (0.30305085946163601,4.40294502246363351E-016)
   3.1415926535897931       -1.5707963267948966     
        (0.31483176832981041,2.20851982535297253E-016)
   3.1415926535897931        0.0000000000000000     
        (0.22495820880899564,6.78710559975925776E-016)
   3.1415926535897931        1.5707963267948966     
        (0.31483176832981041,5.33102208211122530E-016)
   3.1415926535897931        3.1415926535897931     
       (0.36029071876888030,-6.70145362813290291E-016)
   1.0000000000000000                1          16
        (1.0000000000000000,-3.38668554350905922E-004)
  -1.5707963267948966       -1.5707963267948966     
       (0.23624026012744326,-3.44342609981396208E-016)
  -1.5707963267948966        0.0000000000000000     
        (0.16125710051846209,3.58870919092701968E-016)
  -1.5707963267948966        1.5707963267948966     
       (0.23451088323517477,-9.98550200859149584E-017)
  -1.5707963267948966        3.1415926535897931     
        (0.32198469727171253,2.85145171363687666E-017)
   0.0000000000000000       -1.5707963267948966     
        (0.16148596717873687,2.22044604925031308E-016)
   0.0000000000000000        0.0000000000000000     
        (16.001958133630787,-1.08373937392219483E-002)
   0.0000000000000000        1.5707963267948966     
        (0.16148596717873687,8.86877377093142627E-017)
   0.0000000000000000        3.1415926535897931     
        (0.24221699202048508,7.02671427987855424E-016)
   1.5707963267948966       -1.5707963267948966     
        (0.23451088323517499,2.33211887301632004E-016)
   1.5707963267948966        0.0000000000000000     
       (0.16125710051846209,-1.06013288425632624E-015)
   1.5707963267948966        1.5707963267948966     
       (0.23624026012744315,-5.21501244965527633E-016)
   1.5707963267948966        3.1415926535897931     
        (0.32198469727171253,2.34187669256868958E-017)
   3.1415926535897931       -1.5707963267948966     
       (0.32071520601560433,-1.33356867215717045E-016)
   3.1415926535897931        0.0000000000000000     
        (0.23186258423339012,1.31502881500766833E-015)
   3.1415926535897931        1.5707963267948966     
       (0.32071520601560410,-3.77844457111198295E-016)
   3.1415926535897931        3.1415926535897931     
       (0.48202261109089339,-3.77410776242204093E-016)
   1.0000000000000000                1          16
         (1.0000000000000000,3.15897836896368329E-004)
  -1.5707963267948966       -1.5707963267948966     
        (0.16405081881695749,1.56125112837912638E-017)
  -1.5707963267948966        0.0000000000000000     
       (0.13622620968367083,-2.03179487123783531E-016)
  -1.5707963267948966        1.5707963267948966     
       (0.19250231611220425,-4.17634676841416308E-016)
  -1.5707963267948966        3.1415926535897931     
        (0.30974606436108965,6.17344717013246225E-016)
   0.0000000000000000       -1.5707963267948966     
        (0.13888597288760818,3.12033385241328176E-016)
   0.0000000000000000        0.0000000000000000     
         (16.001471146745207,1.01087307806534167E-002)
   0.0000000000000000        1.5707963267948966     
       (0.13888597288760818,-5.86987056183652101E-016)
   0.0000000000000000        3.1415926535897931     
       (0.22985534180594736,-7.94178091345631998E-016)
   1.5707963267948966       -1.5707963267948966     
        (0.19250231611220425,6.92588347783740232E-016)
   1.5707963267948966        0.0000000000000000     
       (0.13622620968367083,-1.18069616583671433E-015)
   1.5707963267948966        1.5707963267948966     
       (0.16405081881695738,-1.51701567974171780E-015)
   1.5707963267948966        3.1415926535897931     
        (0.30974606436108965,1.32771398042574873E-015)
   3.1415926535897931       -1.5707963267948966     
        (0.23067102056250532,6.96252951126741237E-015)
   3.1415926535897931        0.0000000000000000     
        (0.23467170176495444,2.55503083967933975E-015)
   3.1415926535897931        1.5707963267948966     
        (0.23067102056250532,7.61782130431765125E-015)
   3.1415926535897931        3.1415926535897931     
       (-0.33426870816574650,8.27463098040936984E-015)
   1.0000000000000000                1          16
         (1.0000000000000002,1.11552842507879201E-003)
  -1.5707963267948966       -1.5707963267948966     
       (0.23808976833211315,-5.20417042793042128E-016)
  -1.5707963267948966        0.0000000000000000     
       (0.16156258314752292,-3.41306843898436796E-016)
  -1.5707963267948966        1.5707963267948966     
        (0.23698758660554264,5.00901403688303049E-016)
  -1.5707963267948966        3.1415926535897931     
       (0.31778559827317410,-2.05131051034257439E-016)
   0.0000000000000000       -1.5707963267948966     
       (0.16230385277872972,-1.56558793706906840E-016)
   0.0000000000000000        0.0000000000000000     
         (16.003208267811349,3.56969096025258059E-002)
   0.0000000000000000        1.5707963267948966     
       (0.16230385277872972,-6.80878964320896785E-017)
   0.0000000000000000        3.1415926535897931     
        (0.23821783144639153,3.52148865623291840E-016)
   1.5707963267948966       -1.5707963267948966     
       (0.23698758660554242,-7.20343923399369146E-016)
   1.5707963267948966        0.0000000000000000     
       (0.16156258314752203,-8.72132227547339767E-016)
   1.5707963267948966        1.5707963267948966     
       (0.23808976833211315,-3.65159291693117893E-016)
   1.5707963267948966        3.1415926535897931     
        (0.31778559827317432,6.80011602582908381E-016)
   3.1415926535897931       -1.5707963267948966     
        (0.31424127384699507,3.76001313417972938E-016)
   3.1415926535897931        0.0000000000000000     
        (0.23025594679516492,1.46584133720040199E-015)
   3.1415926535897931        1.5707963267948966     
       (0.31424127384699485,-1.31145094783846616E-015)
   3.1415926535897931        3.1415926535897931     
        (0.44524433680842301,1.49880108324396133E-015)
   1.0000000000000000                1          16
        (1.0000000000000000,-5.42272977109424623E-004)
  -1.5707963267948966       -1.5707963267948966     
       (0.22456831214402861,-1.14903746240013760E-015)
  -1.5707963267948966        0.0000000000000000     
        (0.14873176574096836,4.54063869836929257E-016)
  -1.5707963267948966        1.5707963267948966     
       (0.22384271875047235,-2.40476041857284883E-016)
  -1.5707963267948966        3.1415926535897931     
       (0.29952999067243624,-1.56276901142060609E-015)
   0.0000000000000000       -1.5707963267948966     
        (0.15379732010406166,8.05779054591226895E-016)
   0.0000000000000000        0.0000000000000000     
        (15.998988032153470,-1.73527352674829015E-002)
   0.0000000000000000        1.5707963267948966     
       (0.15379732010406189,-1.21300539057678236E-015)
   0.0000000000000000        3.1415926535897931     
        (0.23414164778604285,3.50630982581812134E-016)
   1.5707963267948966       -1.5707963267948966     
       (0.22384271875047224,-1.84314369322535754E-017)
   1.5707963267948966        0.0000000000000000     
       (0.14873176574096925,-1.40859546249316736E-015)
   1.5707963267948966        1.5707963267948966     
        (0.22456831214402850,2.23996168835505216E-016)
   1.5707963267948966        3.1415926535897931     
        (0.29952999067243624,2.17274115366095089E-016)
   3.1415926535897931       -1.5707963267948966     
       (0.29938445842569639,-9.90960785651751053E-016)
   3.1415926535897931        0.0000000000000000     
       (0.21160046651886399,-3.90529622529278697E-016)
   3.1415926535897931        1.5707963267948966     
       (0.29938445842569639,-3.45426812153881713E-016)
   3.1415926535897931        3.1415926535897931     
       (0.30322368198133620,-1.72604985859692306E-015)
   1.0000000000000000                1          16
        (1.0000000000000000,-2.02757824968101180E-004)
  -1.5707963267948966       -1.5707963267948966     
        (0.22911508900339717,1.63226637067692693E-016)
  -1.5707963267948966        0.0000000000000000     
       (0.15343493390196539,-4.55852803421530339E-016)
  -1.5707963267948966        1.5707963267948966     
       (0.22686526262303242,-2.59503789984405486E-016)
  -1.5707963267948966        3.1415926535897931     
        (0.30587282512347569,8.72782748850831069E-017)
   0.0000000000000000       -1.5707963267948966     
        (0.15178173761418412,2.70183181383387705E-016)
   0.0000000000000000        0.0000000000000000     
        (15.999632398023746,-6.48825039897184871E-003)
   0.0000000000000000        1.5707963267948966     
       (0.15178173761418412,-6.39354021114701965E-016)
   0.0000000000000000        3.1415926535897931     
        (0.22723593007226195,7.01099334837751442E-016)
   1.5707963267948966       -1.5707963267948966     
        (0.22686526262303242,2.95607722328172784E-016)
   1.5707963267948966        0.0000000000000000     
       (0.15343493390196450,-3.20110691426345184E-016)
   1.5707963267948966        1.5707963267948966     
       (0.22911508900339739,-1.27122704723925395E-016)
   1.5707963267948966        3.1415926535897931     
       (0.30587282512347569,-5.78421859021016616E-016)
   3.1415926535897931       -1.5707963267948966     
       (0.30739012079760486,-1.08344323096476458E-015)
   3.1415926535897931        0.0000000000000000     
        (0.22173457472532976,7.31077524906975640E-016)
   3.1415926535897931        1.5707963267948966     
       (0.30739012079760464,-2.16623594062603786E-016)
   3.1415926535897931        3.1415926535897931     
       (0.37712378751197528,-5.99563801384483952E-016)
   1.0000000000000000                1          16
         (1.0000000000000011,9.37582232572162276E-005)
  -1.5707963267948966       -1.5707963267948966     
        (0.19918698971830373,5.14009407953652797E-015)
  -1.5707963267948966        0.0000000000000000     
       (0.15671328823711872,-2.58628296730123441E-015)
  -1.5707963267948966        1.5707963267948966     
        (0.18506142529869896,4.89788331420326628E-016)
  -1.5707963267948966        3.1415926535897931     
       (0.31096863727074697,-3.22802223319540449E-015)
   0.0000000000000000       -1.5707963267948966     
       (0.15580728884469486,-2.59289660055339599E-015)
   0.0000000000000000        0.0000000000000000     
         (15.996090243095406,3.00026314421916003E-003)
   0.0000000000000000        1.5707963267948966     
       (0.15580728884469486,-3.93779518541303997E-015)
   0.0000000000000000        3.1415926535897931     
        (0.17733368174872532,7.38656098092649316E-015)
   1.5707963267948966       -1.5707963267948966     
        (0.18506142529869929,1.15592214619542055E-015)
   1.5707963267948966        0.0000000000000000     
       (0.15671328823711783,-4.00501572010714124E-015)
   1.5707963267948966        1.5707963267948966     
        (0.19918698971830395,5.16535599015544022E-015)
   1.5707963267948966        3.1415926535897931     
       (0.31096863727074697,-1.86943559590813102E-015)
   3.1415926535897931       -1.5707963267948966     
       (0.30747545176737656,-2.38348295093782081E-015)
   3.1415926535897931        0.0000000000000000     
        (0.23419482305769068,9.05579864568517579E-016)
   3.1415926535897931        1.5707963267948966     
       (0.30747545176737656,-2.39608680119296480E-015)
   3.1415926535897931        3.1415926535897931     
   (1.53065303977201195E-002,4.59953256037870517E-014)
   1.0000000000000000                1          16
         (1.0000000000000002,7.83057535994071156E-004)
  -1.5707963267948966       -1.5707963267948966     
       (0.22775153143156313,-7.71518265940684955E-016)
  -1.5707963267948966        0.0000000000000000     
        (0.15773885140793131,3.00540842212981829E-016)
  -1.5707963267948966        1.5707963267948966     
       (0.22798638855311060,-1.95156391047390798E-016)
  -1.5707963267948966        3.1415926535897931     
       (0.30297022368017534,-6.60929644347163503E-016)
   0.0000000000000000       -1.5707963267948966     
        (0.15507283517629100,4.27826177262780050E-016)
   0.0000000000000000        0.0000000000000000     
         (15.999899848141800,2.50578411518190998E-002)
   0.0000000000000000        1.5707963267948966     
        (0.15507283517629122,2.95553512219548509E-016)
   0.0000000000000000        3.1415926535897931     
        (0.23017460383774468,8.51315545835618082E-016)
   1.5707963267948966       -1.5707963267948966     
        (0.22798638855311060,1.35915584342782836E-015)
   1.5707963267948966        0.0000000000000000     
       (0.15773885140793220,-1.22991894446755623E-015)
   1.5707963267948966        1.5707963267948966     
       (0.22775153143156313,-5.06972935854221873E-016)
   1.5707963267948966        3.1415926535897931     
       (0.30297022368017534,-1.32662977825326323E-015)
   3.1415926535897931       -1.5707963267948966     
       (0.30672726998060462,-7.03647209943092378E-016)
   3.1415926535897931        0.0000000000000000     
        (0.22578614605868197,7.56989956829379196E-016)
   3.1415926535897931        1.5707963267948966     
       (0.30672726998060462,-3.91830665136261302E-016)
   3.1415926535897931        3.1415926535897931     
       (0.36653711745250295,-1.43049634637737455E-015)
   1.0000000000000000                1          16
         (1.0000000000000000,2.93747148343106697E-004)
  -1.5707963267948966       -1.5707963267948966     
       (0.23389211401169752,-3.29055359349350596E-016)
  -1.5707963267948966        0.0000000000000000     
        (0.16295460141443452,1.39385031294736450E-015)
  -1.5707963267948966        1.5707963267948966     
       (0.23468670921758383,-8.52182907573606485E-017)
  -1.5707963267948966        3.1415926535897931     
        (0.31009176204982980,5.83734449666195587E-016)
   0.0000000000000000       -1.5707963267948966     
        (0.15737129860229193,9.60603124822156929E-017)
   0.0000000000000000        0.0000000000000000     
         (16.002291139622415,9.39990874697233143E-003)
   0.0000000000000000        1.5707963267948966     
        (0.15737129860229193,7.43762690325056042E-017)
   0.0000000000000000        3.1415926535897931     
        (0.23376312051078707,1.13082286590238112E-015)
   1.5707963267948966       -1.5707963267948966     
        (0.23468670921758372,1.36826314167670660E-016)
   1.5707963267948966        0.0000000000000000     
       (0.16295460141443363,-2.46547574023203708E-016)
   1.5707963267948966        1.5707963267948966     
        (0.23389211401169741,3.80663382759660607E-016)
   1.5707963267948966        3.1415926535897931     
        (0.31009176204982980,3.59846701047938922E-016)
   3.1415926535897931       -1.5707963267948966     
        (0.31999858442088347,1.85398571495021258E-016)
   3.1415926535897931        0.0000000000000000     
        (0.23740746119612588,1.00668171715279087E-015)
   3.1415926535897931        1.5707963267948966     
        (0.31999858442088347,4.96673015215609581E-016)
   3.1415926535897931        3.1415926535897931     
        (0.41531882233436934,2.40627830161432854E-015)
   1.0000000000000000                1          16
        (1.0000000000000000,-7.96831571370054366E-004)
  -1.5707963267948966       -1.5707963267948966     
       (0.23550975040975897,-5.56846235788555077E-016)
  -1.5707963267948966        0.0000000000000000     
        (0.15973766052527383,8.57170237567039806E-016)
  -1.5707963267948966        1.5707963267948966     
        (0.23462111499516292,5.74410310982820249E-016)
  -1.5707963267948966        3.1415926535897931     
        (0.30930705412684967,8.87094217527639728E-016)
   0.0000000000000000       -1.5707963267948966     
        (0.16006618787513616,5.46221054498197134E-016)
   0.0000000000000000        0.0000000000000000     
        (16.001006395886474,-2.54986102838481929E-002)
   0.0000000000000000        1.5707963267948966     
       (0.16006618787513616,-3.62774046913649784E-016)
   0.0000000000000000        3.1415926535897931     
        (0.23855845238285367,1.32836450172924003E-015)
   1.5707963267948966       -1.5707963267948966     
        (0.23462111499516280,3.52365706057788941E-016)
   1.5707963267948966        0.0000000000000000     
       (0.15973766052527383,-3.39355279987962888E-016)
   1.5707963267948966        1.5707963267948966     
        (0.23550975040975897,4.03323208164607649E-017)
   1.5707963267948966        3.1415926535897931     
        (0.30930705412684967,8.89045781438113636E-016)
   3.1415926535897931       -1.5707963267948966     
        (0.31332881704374360,8.13151629364128326E-017)
   3.1415926535897931        0.0000000000000000     
        (0.23380163396183573,1.59876452354712484E-015)
   3.1415926535897931        1.5707963267948966     
        (0.31332881704374338,6.02816407901940465E-017)
   3.1415926535897931        3.1415926535897931     
        (0.35010153436678859,4.09004427548431693E-015)
   1.0000000000000000                1          16
         (1.0000000000000000,1.07651282412620322E-003)
  -1.5707963267948966       -1.5707963267948966     
       (0.23307838646807566,-3.79904441238920754E-016)
  -1.5707963267948966        0.0000000000000000     
        (0.15972634890711968,1.10978934375616234E-015)
  -1.5707963267948966        1.5707963267948966     
       (0.23350354370059812,-1.36609473733173559E-016)
  -1.5707963267948966        3.1415926535897931     
        (0.31178406389014701,3.31332183911570155E-016)
   0.0000000000000000       -1.5707963267948966     
        (0.16094241421964073,8.13151629364128326E-016)
   0.0000000000000000        0.0000000000000000     
         (16.000228614996157,3.44484103720416740E-002)
   0.0000000000000000        1.5707963267948966     
       (0.16094241421964073,-1.20606649667287513E-015)
   0.0000000000000000        3.1415926535897931     
        (0.23192200815953601,5.40366362766775410E-016)
   1.5707963267948966       -1.5707963267948966     
        (0.23350354370059812,8.54351311918577494E-017)
   1.5707963267948966        0.0000000000000000     
       (0.15972634890711790,-1.98192157130350211E-016)
   1.5707963267948966        1.5707963267948966     
        (0.23307838646807610,3.28730098697604944E-016)
   1.5707963267948966        3.1415926535897931     
        (0.31178406389014701,3.31765864780564357E-016)
   3.1415926535897931       -1.5707963267948966     
        (0.31267832411454721,2.37223435339828370E-016)
   3.1415926535897931        0.0000000000000000     
        (0.23007267836922818,1.48102016761519906E-015)
   3.1415926535897931        1.5707963267948966     
       (0.31267832411454721,-1.17093834628434479E-016)
   3.1415926535897931        3.1415926535897931     
       (0.38270606296569420,-8.30498864123896396E-016)
   1.0000000000000000                1          16
        (1.0000000000000002,-4.55306290569722357E-004)
  -1.5707963267948966       -1.5707963267948966     
       (0.23238512685620727,-1.78784938242859681E-016)
  -1.5707963267948966        0.0000000000000000     
        (0.16139213031856514,1.36576947667998994E-015)
  -1.5707963267948966        1.5707963267948966     
        (0.22909386059297776,6.19079440489223032E-016)
  -1.5707963267948966        3.1415926535897931     
        (0.31373660003702886,5.72892427941340543E-016)
   0.0000000000000000       -1.5707963267948966     
        (0.15692784982348218,2.27790876439204482E-015)
   0.0000000000000000        0.0000000000000000     
        (16.000307027827962,-1.45698012982505131E-002)
   0.0000000000000000        1.5707963267948966     
       (0.15692784982348218,-1.18459929365766214E-015)
   0.0000000000000000        3.1415926535897931     
        (0.22705446006283792,1.86797192297527559E-015)
   1.5707963267948966       -1.5707963267948966     
       (0.22909386059297765,-4.70543742858708924E-017)
   1.5707963267948966        0.0000000000000000     
       (0.16139213031856514,-2.74194729421584071E-016)
   1.5707963267948966        1.5707963267948966     
       (0.23238512685620716,-2.63461127913977577E-017)
   1.5707963267948966        3.1415926535897931     
        (0.31373660003702886,7.96346495690603007E-016)
   3.1415926535897931       -1.5707963267948966     
        (0.31550820244392030,9.24824453130135282E-016)
   3.1415926535897931        0.0000000000000000     
        (0.22808173189460768,1.05482029361114726E-015)
   3.1415926535897931        1.5707963267948966     
        (0.31550820244392030,4.60026981785599531E-016)
   3.1415926535897931        3.1415926535897931     
        (0.37765725077553280,3.67652956689834554E-016)
   1.0000000000000000                1          16
         (1.0000000000000002,2.25641631048111848E-003)
  -1.5707963267948966       -1.5707963267948966     
       (0.22951431694444302,-1.04864034122797989E-015)
  -1.5707963267948966        0.0000000000000000     
        (0.15196135402817568,1.14578485588268109E-015)
  -1.5707963267948966        1.5707963267948966     
       (0.22877472051189707,-1.02782365951625820E-015)
  -1.5707963267948966        3.1415926535897931     
       (0.31359465897618199,-1.16053000542848395E-015)
   0.0000000000000000       -1.5707963267948966     
       (0.15791714945219959,-7.19910242530374944E-017)
   0.0000000000000000        0.0000000000000000     
         (15.998310730966725,7.22053219354316239E-002)
   0.0000000000000000        1.5707963267948966     
       (0.15791714945219981,-8.69963823202368758E-016)
   0.0000000000000000        3.1415926535897931     
        (0.23527991074818932,1.30711413914852415E-015)
   1.5707963267948966       -1.5707963267948966     
       (0.22877472051189718,-1.24986826444128951E-015)
   1.5707963267948966        0.0000000000000000     
       (0.15196135402817479,-7.17308157316409734E-016)
   1.5707963267948966        1.5707963267948966     
       (0.22951431694444302,-1.18828558104411286E-016)
   1.5707963267948966        3.1415926535897931     
       (0.31359465897618199,-7.15573433840432926E-016)
   3.1415926535897931       -1.5707963267948966     
       (0.30800135718706567,-2.03830008427274834E-016)
   3.1415926535897931        0.0000000000000000     
        (0.22806002279447002,1.52221985016964823E-015)
   3.1415926535897931        1.5707963267948966     
       (0.30800135718706545,-6.69603261727047538E-016)
   3.1415926535897931        3.1415926535897931     
        (0.37504249643938625,9.28077059647591796E-017)
   1.0000000000000000                1          16
         (1.0000000000000002,2.87674636553560809E-004)
  -1.5707963267948966       -1.5707963267948966     
        (0.22899722959650115,2.04155269079020485E-016)
  -1.5707963267948966        0.0000000000000000     
        (0.15913016648970535,1.37617781753585078E-015)
  -1.5707963267948966        1.5707963267948966     
       (0.23306005786075779,-1.08853898117544645E-016)
  -1.5707963267948966        3.1415926535897931     
       (0.31074107308817056,-7.67398297685240038E-016)
   0.0000000000000000       -1.5707963267948966     
        (0.15811205260680294,8.96093095559269415E-016)
   0.0000000000000000        0.0000000000000000     
         (15.999126559223601,9.20558836973862232E-003)
   0.0000000000000000        1.5707963267948966     
       (0.15811205260680294,-9.00429904249211432E-016)
   0.0000000000000000        3.1415926535897931     
        (0.22710036815401857,7.86371835703736366E-016)
   1.5707963267948966       -1.5707963267948966     
        (0.23306005786075779,6.68302219120064933E-016)
   1.5707963267948966        0.0000000000000000     
       (0.15913016648970624,-2.64003229000220330E-016)
   1.5707963267948966        1.5707963267948966     
        (0.22899722959650115,4.66315354386015457E-016)
   1.5707963267948966        3.1415926535897931     
       (0.31074107308817056,-3.19514380231478157E-016)
   3.1415926535897931       -1.5707963267948966     
        (0.31848937056450266,2.09793120375945108E-016)
   3.1415926535897931        0.0000000000000000     
        (0.22840061732027994,1.59323509246744877E-015)
   3.1415926535897931        1.5707963267948966     
       (0.31848937056450244,-3.65376132127614994E-016)
   3.1415926535897931        3.1415926535897931     
       (0.33255654774848231,-1.93519245766937686E-015)
   1.0000000000000000                1          16
        (1.0000000000000000,-4.50781830761198311E-004)
  -1.5707963267948966       -1.5707963267948966     
       (0.21556864233238482,-1.16985414411185928E-016)
  -1.5707963267948966        0.0000000000000000     
        (0.15541084518230253,8.77119557540773087E-016)
  -1.5707963267948966        1.5707963267948966     
        (0.22731272618305465,5.70073502292878231E-016)
  -1.5707963267948966        3.1415926535897931     
       (0.30376230869223420,-4.60677503089090834E-016)
   0.0000000000000000       -1.5707963267948966     
        (0.15213940808977122,2.17599376017840740E-016)
   0.0000000000000000        0.0000000000000000     
        (16.000647833228424,-1.44250185843612672E-002)
   0.0000000000000000        1.5707963267948966     
       (0.15213940808977122,-4.69567960903471970E-016)
   0.0000000000000000        3.1415926535897931     
        (0.22908970464081713,3.85217031884099725E-016)
   1.5707963267948966       -1.5707963267948966     
       (0.22731272618305476,-2.07082614944731347E-016)
   1.5707963267948966        0.0000000000000000     
       (0.15541084518230253,-2.09034178855205255E-016)
   1.5707963267948966        1.5707963267948966     
       (0.21556864233238449,-1.29638053764091765E-015)
   1.5707963267948966        3.1415926535897931     
       (0.30376230869223397,-9.03574090549419395E-016)
   3.1415926535897931       -1.5707963267948966     
       (0.30745795815417132,-2.47523355978440662E-016)
   3.1415926535897931        0.0000000000000000     
        (0.23430274417847674,1.49598215759549902E-015)
   3.1415926535897931        1.5707963267948966     
       (0.30745795815417154,-4.64038529823795898E-017)
   3.1415926535897931        3.1415926535897931     
       (0.35979922223788929,-8.33968311075850011E-016)
   1.0000000000000000                1          16
        (1.0000000000000000,-8.35239114989491768E-004)
  -1.5707963267948966       -1.5707963267948966     
        (0.22825162055657533,8.17488438054070343E-016)
  -1.5707963267948966        0.0000000000000000     
        (0.15657643153085410,1.43049634637737455E-015)
  -1.5707963267948966        1.5707963267948966     
        (0.23117979192787397,1.28261117005035175E-015)
  -1.5707963267948966        3.1415926535897931     
        (0.31662368484093462,6.72205346941012749E-016)
   0.0000000000000000       -1.5707963267948966     
        (0.16066711941734224,6.15176312668275216E-016)
   0.0000000000000000        0.0000000000000000     
        (15.999980495271995,-2.67276516796765874E-002)
   0.0000000000000000        1.5707963267948966     
       (0.16066711941734246,-9.59952603518665626E-016)
   0.0000000000000000        3.1415926535897931     
        (0.22789906949554395,1.38127356774653265E-015)
   1.5707963267948966       -1.5707963267948966     
        (0.23117979192787397,3.94432750350226513E-016)
   1.5707963267948966        0.0000000000000000     
        (0.15657643153085321,1.23599047663347505E-017)
   1.5707963267948966        1.5707963267948966     
        (0.22825162055657500,6.37510877421476607E-016)
   1.5707963267948966        3.1415926535897931     
        (0.31662368484093462,4.51244944188466945E-016)
   3.1415926535897931       -1.5707963267948966     
        (0.30946400893522819,5.94359630956553531E-016)
   3.1415926535897931        0.0000000000000000     
        (0.22540764426952620,1.40057236641677463E-015)
   3.1415926535897931        1.5707963267948966     
        (0.30946400893522819,2.40259201422787783E-016)
   3.1415926535897931        3.1415926535897931     
        (0.38793756699760995,3.69192523774763970E-015)
   1.0000000000000000                1          16
        (1.0000000000000000,-6.52161742401577448E-004)
  -1.5707963267948966       -1.5707963267948966     
        (0.23575123592254454,5.22585447138013137E-017)
  -1.5707963267948966        0.0000000000000000     
        (0.16144933699660780,1.49966844498194973E-015)
  -1.5707963267948966        1.5707963267948966     
        (0.23375173956372786,2.96420873957536912E-016)
  -1.5707963267948966        3.1415926535897931     
        (0.31251876957559965,5.19983361924047927E-016)
   0.0000000000000000       -1.5707963267948966     
        (0.16422148827152439,1.49099482760206570E-015)
   0.0000000000000000        0.0000000000000000     
        (16.001369105587102,-2.08691757568662366E-002)
   0.0000000000000000        1.5707963267948966     
       (0.16422148827152416,-1.41770276074204560E-015)
   0.0000000000000000        3.1415926535897931     
        (0.23763605727699144,1.10003152420379280E-015)
   1.5707963267948966       -1.5707963267948966     
        (0.23375173956372786,2.96420873957536912E-016)
   1.5707963267948966        0.0000000000000000     
       (0.16144933699660602,-3.62990887348146885E-016)
   1.5707963267948966        1.5707963267948966     
        (0.23575123592254421,5.40583203201272511E-016)
   1.5707963267948966        3.1415926535897931     
       (0.31251876957559965,-5.93709109653062228E-016)
   3.1415926535897931       -1.5707963267948966     
        (0.31567041985779631,1.36609473733173559E-016)
   3.1415926535897931        0.0000000000000000     
        (0.23589439318359184,1.03562991515815384E-015)
   3.1415926535897931        1.5707963267948966     
        (0.31567041985779631,1.55778168142717277E-015)
   3.1415926535897931        3.1415926535897931     
        (0.44456712996894676,2.77772596590786236E-016)
   1.0000000000000000                1          16
        (1.0000000000000000,-1.17664139643670418E-003)
  -1.5707963267948966       -1.5707963267948966     
       (0.22732224550449920,-2.46330733588706607E-016)
  -1.5707963267948966        0.0000000000000000     
        (0.15722162521904981,7.48533179883992261E-016)
  -1.5707963267948966        1.5707963267948966     
        (0.22819701865936270,3.29597460435593348E-016)
  -1.5707963267948966        3.1415926535897931     
       (0.31045565915177786,-3.55618312575245454E-016)
   0.0000000000000000       -1.5707963267948966     
        (0.15854971304449472,3.46944695195361419E-016)
   0.0000000000000000        0.0000000000000000     
        (16.000734103243023,-3.76525246859708285E-002)
   0.0000000000000000        1.5707963267948966     
       (0.15854971304449472,-1.33920652345409508E-015)
   0.0000000000000000        3.1415926535897931     
        (0.23103054372072063,1.62803798220423346E-015)
   1.5707963267948966       -1.5707963267948966     
       (0.22819701865936282,-1.14491749414469268E-016)
   1.5707963267948966        0.0000000000000000     
       (0.15722162521904892,-1.11282510983912175E-015)
   1.5707963267948966        1.5707963267948966     
        (0.22732224550449931,5.72458747072346341E-016)
   1.5707963267948966        3.1415926535897931     
       (0.31045565915177786,-3.53883589099268647E-016)
   3.1415926535897931       -1.5707963267948966     
        (0.31431974907423099,7.70217223333702350E-016)
   3.1415926535897931        0.0000000000000000     
        (0.23366455419876586,1.63064006741819867E-015)
   3.1415926535897931        1.5707963267948966     
        (0.31431974907423121,8.32667268468867405E-017)
   3.1415926535897931        3.1415926535897931     
        (0.36228522010196296,4.47341816367519129E-015)
