   -1.000000     -1.000000
  1    1       -0.00000699        0.00004701       -0.00000243        0.00019335
   -1.000000      0.000000
  1    1        0.32907284        0.00023363       -0.00000547        0.00023216
   -1.000000      1.000000
  1    1        0.00007768        0.00005766       -0.00016088        0.00014594
   -1.000000      2.000000
  1    1       -0.09605427        0.00021330        0.00005271        0.00022884
    0.000000     -1.000000
  1    1        0.33036527        0.00022724       -0.00044045        0.00023225
    0.000000      0.000000
  1    1        1.00000000        0.00000000        0.00002535        0.00015753
    0.000000      1.000000
  1    1        0.33036527        0.00022724        0.00044045        0.00023225
    0.000000      2.000000
  1    1       -0.00000000        0.00000000        0.00004661        0.00018890
    1.000000     -1.000000
  1    1       -0.00007768        0.00005766       -0.00016088        0.00014594
    1.000000      0.000000
  1    1        0.32907284        0.00023363        0.00000547        0.00023216
    1.000000      1.000000
  1    1        0.00000699        0.00004701       -0.00000243        0.00019335
    1.000000      2.000000
  1    1       -0.09605427        0.00021330       -0.00005271        0.00022884
    2.000000     -1.000000
  1    1       -0.09506765        0.00021987        0.00047332        0.00025014
    2.000000      0.000000
  1    1       -0.00000000        0.00000000        0.00011150        0.00017366
    2.000000      1.000000
  1    1       -0.09506765        0.00021987       -0.00047332        0.00025014
    2.000000      2.000000
  1    1        0.00000000        0.00000000        0.00009498        0.00022340
