           2         (16.000000000000000,8.56749520895920200E-003)   1.0000000000000000     
           2        (16.000000000000000,-1.73776157486563651E-002)   1.0000000000000000     
           2         (16.000000000000000,1.71937929628980801E-002)   1.0000000000000000     
           2         (16.000000000000000,7.63583298422788187E-003)   1.0000000000000000     
           2        (16.000000000000000,-1.01493435345387292E-002)   1.0000000000000000     
           2        (16.000000000000000,-1.55247600351756943E-002)   1.0000000000000000     
           2         (16.000000000000000,1.43494282541277718E-002)   1.0000000000000000     
           2         (16.000000000000004,1.96077909021454555E-002)   1.0000000000000000     
           2        (16.000000000000000,-4.13543485603834037E-003)   1.0000000000000000     
           2        (16.000000000000000,-7.26761693213008944E-003)   1.0000000000000000     
           2        (16.000000000000000,-2.04193210214335709E-002)   1.0000000000000000     
           2        (16.000000000000000,-1.76697622434661308E-003)   1.0000000000000000     
           2         (16.000000000000000,4.16032621482435340E-003)   1.0000000000000000     
           2        (16.000000000000004,-4.27119907962656906E-003)   1.0000000000000000     
           2        (16.000000000000004,-5.41869686961447307E-003)   1.0000000000000000     
           2         (16.000000000000000,5.05436539034135549E-003)   1.0000000000000000     
           2         (16.000000000000000,1.78484548012610642E-002)   1.0000000000000000     
           2        (16.000000000000004,-8.67636763375041753E-003)   1.0000000000000000     
           2        (16.000000000000000,-3.24412519948965314E-003)   1.0000000000000000     
           2         (16.000000000000014,1.50013157211536835E-003)   1.0000000000000000     
           2         (16.000000000000000,1.25289205759046979E-002)   1.0000000000000000     
           2         (16.000000000000000,4.69995437348973057E-003)   1.0000000000000000     
           2        (16.000000000000000,-1.27493051419218743E-002)   1.0000000000000000     
           2         (16.000000000000000,1.72242051860190711E-002)   1.0000000000000000     
           2        (16.000000000000000,-7.28490064911576935E-003)   1.0000000000000000     
           2         (16.000000000000004,3.61026609676976598E-002)   1.0000000000000000     
           2         (16.000000000000004,4.60279418485676304E-003)   1.0000000000000000     
           2        (16.000000000000000,-7.21250929217869246E-003)   1.0000000000000000     
           2        (16.000000000000000,-1.33638258398320695E-002)   1.0000000000000000     
           2        (16.000000000000000,-1.04345878784249148E-002)   1.0000000000000000     
           2        (16.000000000000000,-1.88262623429877873E-002)   1.0000000000000000     
