           2         (7.1824055349631495,1.71349904179274697E-002)   1.0000000000000000     
           2        (7.4004085150424004,-3.47552314973339840E-002)   1.0000000000000000     
           2         (7.7770934900598050,3.43875859257745248E-002)   1.0000000000000000     
           2         (7.0084985107350928,1.52716659684384998E-002)   1.0000000000000000     
           2        (7.4489324468777252,-2.02986870691223668E-002)   1.0000000000000000     
           2        (7.3144300164602587,-3.10495200703617275E-002)   1.0000000000000000     
           2         (7.3042923627309948,2.86988565082597763E-002)   1.0000000000000000     
           2         (7.2340880434209325,3.92155818042552035E-002)   1.0000000000000000     
           2        (7.3159082689297952,-8.27086971206519167E-003)   1.0000000000000000     
           2        (7.0352697658284837,-1.45352338642057901E-002)   1.0000000000000000     
           2        (7.4038052556280531,-4.08386420428330510E-002)   1.0000000000000000     
           2        (7.3855510559459754,-3.53395244872920216E-003)   1.0000000000000000     
           2         (7.3227637191109718,8.32065242964059176E-003)   1.0000000000000000     
           2        (7.1611144380749909,-8.54239815926790234E-003)   1.0000000000000000     
           2        (7.6608970993409047,-1.08373937392164370E-002)   1.0000000000000000     
           2         (4.9517885739978134,1.01087307806650723E-002)   1.0000000000000000     
           2         (7.5577354176581180,3.56969096025290672E-002)   1.0000000000000000     
           2        (6.8953259202326302,-1.73527352674808892E-002)   1.0000000000000000     
           2        (7.1492932569194991,-6.48825039897104727E-003)   1.0000000000000000     
           2         (6.1067028811470347,3.00026314429112980E-003)   1.0000000000000000     
           2         (7.1577838319011331,2.50578411518187320E-002)   1.0000000000000000     
           2         (7.4535413661937433,9.39990874697612180E-003)   1.0000000000000000     
           2        (7.2972183731010407,-2.54986102838381107E-002)   1.0000000000000000     
           2         (7.3367110541810581,3.44484103720458651E-002)   1.0000000000000000     
           2        (7.3023760214116420,-1.45698012982577538E-002)   1.0000000000000000     
           2         (7.2324405502977536,7.22053219354541337E-002)   1.0000000000000000     
           2         (7.2084879857181940,9.20558836975556363E-003)   1.0000000000000000     
           2        (7.0942865631073202,-1.44250185843744841E-002)   1.0000000000000000     
           2        (7.2935001809063760,-2.67276516796679312E-002)   1.0000000000000000     
           2        (7.5323853327851182,-2.08691757568757741E-002)   1.0000000000000000     
           2        (7.2396928851428495,-3.76525246859612042E-002)   1.0000000000000000     
