     0.0000000        1.32381252        0.02327777
     0.1000000        1.09041677        0.01652203
     0.2000000        0.91038702        0.01299280
     0.3000000        0.76787581        0.01099841
     0.4000000        0.65422266        0.01045335
     0.5000000        0.55823030        0.00827097
     0.6000000        0.48027713        0.00728257
     0.7000000        0.41392715        0.00638281
     0.8000000        0.35882464        0.00612055
     0.9000000        0.31291323        0.00668238
     1.0000000        0.27414652        0.00783284
     1.1000000        0.24047788        0.00873648
     1.2000000        0.21061783        0.00871559
     1.3000000        0.18557892        0.00958199
     1.4000000        0.16398315        0.01067614
     1.5000000        0.14502941        0.01052992
     1.6000000        0.12667269        0.00879945
     1.7000000        0.11181753        0.00727953
     1.8000000        0.09695537        0.00517981
     1.9000000        0.08297862        0.00359078
     2.0000000        0.07223576        0.00261075
     2.1000000        0.06256206        0.00185344
     2.2000000        0.05450900        0.00169924
     2.3000000        0.04730996        0.00153449
     2.4000000        0.04038777        0.00231168
     2.5000000        0.03483601        0.00305494
     2.6000000        0.02938380        0.00357016
     2.7000000        0.02360177        0.00463074
     2.8000000        0.01897312        0.00570328
     2.9000000        0.01535665        0.00756358
     3.0000000        0.01212781        0.00875992
     3.1000000        0.00769871        0.01012348
     3.2000000        0.00341091        0.01204670
     3.3000000        0.00195233        0.01186156
     3.4000000        0.00330117        0.00916929
     3.5000000        0.00457014        0.00681631
     3.6000000        0.00431823        0.00538202
     3.7000000        0.00328991        0.00544002
     3.8000000        0.00116651        0.00613543
     3.9000000       -0.00158213        0.00793413
     4.0000000       -0.00304968        0.00949272
     4.1000000       -0.00722534        0.01365857
     4.2000000       -0.01138804        0.01676218
     4.3000000       -0.01446552        0.01896920
     4.4000000       -0.01364947        0.01788967
     4.5000000       -0.00525954        0.01003802
     4.6000000       -0.00167995        0.00678713
     4.7000000        0.00042795        0.00451915
     4.8000000        0.00106338        0.00370350
     4.9000000        0.00163961        0.00395737
     5.0000000        0.00147749        0.00551388
     5.1000000        0.00175691        0.00698413
     5.2000000        0.00682839        0.00382738
     5.3000000        0.00453259        0.00499944
     5.4000000        0.01180578        0.00574390
     5.5000000        0.02067727        0.01358769
     5.6000000        0.02973132        0.02293590
     5.7000000        0.03060064        0.02336067
     5.8000000        0.02528560        0.01761077
     5.9000000        0.02423872        0.01631640
     6.0000000        0.02531651        0.01755544
     6.1000000        0.03229723        0.02422527
     6.2000000        0.03253267        0.02496218
     6.3000000        0.03679908        0.02956533
     6.4000000        0.04085643        0.03314036
     6.5000000        0.04092908        0.03163502
     6.6000000        0.04302348        0.03219875
     6.7000000        0.03913605        0.02558511
     6.8000000        0.03602639        0.02022802
     6.9000000        0.03796037        0.02057582
     7.0000000        0.03732479        0.01804024
     7.1000000        0.03645769        0.01546741
     7.2000000        0.03349679        0.00955219
     7.3000000        0.03422464        0.00670449
     7.4000000        0.03482097        0.00418084
     7.5000000        0.03852160        0.00351115
     7.6000000        0.04621069        0.00461186
     7.7000000        0.05656410        0.00816547
     7.8000000        0.06023135        0.00569546
     7.9000000        0.07395093        0.01295836
     8.0000000        0.08540799        0.01648906
     8.1000000        0.09558669        0.01748821
     8.2000000        0.10914478        0.01930130
     8.3000000        0.12148996        0.01809782
     8.4000000        0.13939412        0.02058371
     8.5000000        0.16083357        0.02399926
     8.6000000        0.18658250        0.02834461
     8.7000000        0.21022463        0.02905231
     8.8000000        0.24058644        0.03191642
     8.9000000        0.27524876        0.03449848
     9.0000000        0.31767107        0.04287165
     9.1000000        0.37464593        0.06035759
     9.2000000        0.44508446        0.08652612
     9.3000000        0.48894757        0.07586056
     9.4000000        0.53830999        0.05778201
     9.5000000        0.61002827        0.05175900
     9.6000000        0.69739512        0.04715896
     9.7000000        0.81104588        0.04832150
     9.8000000        0.95064771        0.04913935
     9.9000000        1.11022876        0.03337965
    10.0000000        1.32381252        0.02327777
