     0.0000000        0.15371153        0.00622295
     0.1000000        0.09867717        0.00371191
     0.2000000        0.06558415        0.00276037
     0.3000000        0.04934546        0.00497305
     0.4000000        0.03725671        0.00497331
     0.5000000        0.02753098        0.00689029
     0.6000000        0.02125464        0.00616993
     0.7000000        0.01707794        0.00533935
     0.8000000        0.01067837        0.00754406
     0.9000000        0.00492060        0.00778919
     1.0000000        0.00165797        0.00997205
     1.1000000        0.00061304        0.00605113
     1.2000000       -0.00098376        0.00474959
     1.3000000       -0.00113275        0.00196813
     1.4000000       -0.00001309        0.00206198
     1.5000000       -0.00138906        0.00499388
     1.6000000        0.00066535        0.00260629
     1.7000000        0.00016887        0.00284511
     1.8000000        0.00008598        0.00304949
     1.9000000       -0.00302920        0.00179274
     2.0000000       -0.00427633        0.00378016
     2.1000000       -0.00331624        0.00522438
     2.2000000       -0.00215268        0.00153377
     2.3000000        0.00009058        0.00106704
     2.4000000        0.00095957        0.00409540
     2.5000000       -0.00055299        0.00350232
     2.6000000       -0.00553871        0.00455040
     2.7000000       -0.00248838        0.00288323
     2.8000000       -0.00135552        0.00177146
     2.9000000       -0.00221959        0.00206900
     3.0000000       -0.00072875        0.00200025
     3.1000000        0.00001661        0.00073673
     3.2000000       -0.00278926        0.00257535
     3.3000000       -0.00056266        0.00164311
     3.4000000       -0.00057701        0.00362610
     3.5000000        0.00126949        0.00549333
     3.6000000        0.00065729        0.00399371
     3.7000000       -0.00027356        0.00203544
     3.8000000        0.00178664        0.00340304
     3.9000000        0.00103981        0.00377129
     4.0000000        0.00380019        0.00428883
     4.1000000        0.00384756        0.00312778
     4.2000000        0.00201615        0.00394918
     4.3000000        0.00087593        0.00470584
     4.4000000       -0.00023308        0.00491681
     4.5000000        0.00422957        0.00120660
     4.6000000        0.00326021        0.00292229
     4.7000000        0.00298898        0.00151740
     4.8000000        0.00237592        0.00234918
     4.9000000        0.00032419        0.00225630
     5.0000000        0.00570311        0.00354667
     5.1000000        0.00629815        0.00253174
     5.2000000        0.00478961        0.00323123
     5.3000000        0.00646303        0.00114365
     5.4000000        0.00390249        0.00233292
     5.5000000        0.00230349        0.00318449
     5.6000000        0.00384844        0.00236080
     5.7000000        0.00422855        0.00307141
     5.8000000        0.00227173        0.00406082
     5.9000000        0.00368445        0.00095259
     6.0000000        0.00167982        0.00238715
     6.1000000        0.00318924        0.00097205
     6.2000000        0.00090871        0.00193752
     6.3000000        0.00072603        0.00218131
     6.4000000        0.00194300        0.00324633
     6.5000000       -0.00157989        0.00512142
     6.6000000       -0.00396119        0.00621391
     6.7000000       -0.00287027        0.00538289
     6.8000000       -0.00651597        0.00413030
     6.9000000       -0.00474692        0.00286028
     7.0000000       -0.00547067        0.00298423
     7.1000000       -0.00406993        0.00122481
     7.2000000       -0.00031075        0.00299481
     7.3000000       -0.00078999        0.00383640
     7.4000000       -0.00091391        0.00454655
     7.5000000        0.00072226        0.00507273
     7.6000000        0.00047080        0.00615333
     7.7000000        0.00145492        0.00719709
     7.8000000       -0.00051591        0.00783263
     7.9000000        0.00080809        0.00482366
     8.0000000        0.00136672        0.00421775
     8.1000000        0.00431058        0.00558080
     8.2000000        0.01320706        0.00750492
     8.3000000        0.01457631        0.00781338
     8.4000000        0.01794077        0.00473313
     8.5000000        0.01859938        0.00267725
     8.6000000        0.02720694        0.00368852
     8.7000000        0.03670830        0.00572222
     8.8000000        0.05323972        0.00755934
     8.9000000        0.07576171        0.00612053
     9.0000000        0.09660292        0.00613979
     9.1000000        0.12723659        0.00573616
     9.2000000        0.16975945        0.00816571
     9.3000000        0.22308078        0.00687660
     9.4000000        0.29959858        0.00751239
     9.5000000        0.40074321        0.01009357
     9.6000000        0.53712275        0.01271144
     9.7000000        0.72548270        0.01376043
     9.8000000        0.98057027        0.01101847
     9.9000000        1.33708835        0.00670169
    10.0000000        1.84628847        0.00622295
