1.614080000000000000e+07
2.505640000000000000e+07
1.857920000000000000e+07
5.968390000000000000e+07
5.968390000000000000e+07
1.974910000000000000e+08
2.167780000000000000e+08
7.699610000000000000e+08
7.699610000000000000e+08
7.699610000000000000e+08
1.852740000000000000e+09
1.852740000000000000e+09
6.581530000000000000e+09
2.547910000000000000e+10
9.492510000000000000e+10
3.873830000000000000e+11
3.873830000000000000e+11
3.873830000000000000e+11
1.621250000000000000e+12
1.621250000000000000e+12
4.379920000000000000e+11
1.629360000000000000e+12
1.629360000000000000e+12
1.629360000000000000e+12
1.629360000000000000e+12
6.628070000000000000e+12
6.628070000000000000e+12
6.628070000000000000e+12
6.628070000000000000e+12
6.628070000000000000e+12
6.628070000000000000e+12
2.408550000000000000e+13
2.408550000000000000e+13
2.408550000000000000e+13
2.408550000000000000e+13
9.038940000000000000e+13
9.038940000000000000e+13
9.038940000000000000e+13
9.038940000000000000e+13
9.038940000000000000e+13
2.220070000000000000e+14
6.222850000000000000e+14
2.493820000000000000e+15
2.493820000000000000e+15
8.645280000000000000e+15
8.645280000000000000e+15
8.645280000000000000e+15
8.645280000000000000e+15
8.645280000000000000e+15
6.209530000000000000e+15
2.611300000000000000e+16
8.288570000000000000e+15
7.995500000000000000e+15
1.640190000000000000e+16
1.640190000000000000e+16
4.992250000000000000e+16
1.479310000000000000e+17
5.361340000000000000e+17
5.361340000000000000e+17
5.361340000000000000e+17
2.130710000000000000e+18
2.130710000000000000e+18
2.130710000000000000e+18
2.130710000000000000e+18
2.130710000000000000e+18
5.085530000000000000e+17
2.213460000000000000e+18
2.213460000000000000e+18
2.213460000000000000e+18
2.213460000000000000e+18
2.213460000000000000e+18
2.213460000000000000e+18
2.213460000000000000e+18
2.213460000000000000e+18
2.213460000000000000e+18
5.313950000000000000e+17
5.313950000000000000e+17
5.313950000000000000e+17
5.313950000000000000e+17
5.313950000000000000e+17
5.313950000000000000e+17
5.313950000000000000e+17
5.313950000000000000e+17
5.313950000000000000e+17
2.127120000000000000e+18
5.080070000000000000e+17
1.168510000000000000e+17
2.792420000000000000e+16
2.792420000000000000e+16
6.895850000000000000e+15
1.600450000000000000e+15
3.947830000000000000e+14
3.947830000000000000e+14
1.022410000000000000e+14
1.022410000000000000e+14
1.022410000000000000e+14
3.614610000000000000e+13
1.232760000000000000e+13
1.232760000000000000e+13
1.232760000000000000e+13
7.731410000000000000e+12
7.731410000000000000e+12
7.731410000000000000e+12
7.731410000000000000e+12
3.674370000000000000e+12
3.674370000000000000e+12
3.674370000000000000e+12
9.607510000000000000e+11
5.231980000000000000e+11
2.263850000000000000e+11
5.534890000000000000e+10
5.534890000000000000e+10
6.353670000000000000e+10
1.411910000000000000e+11
1.411910000000000000e+11
4.987030000000000000e+11
4.987030000000000000e+11
4.987030000000000000e+11
4.987030000000000000e+11
4.987030000000000000e+11
4.987030000000000000e+11
4.987030000000000000e+11
4.987030000000000000e+11
4.987030000000000000e+11
4.987030000000000000e+11
4.987030000000000000e+11
4.987030000000000000e+11
4.987030000000000000e+11
4.987030000000000000e+11
2.042410000000000000e+12
2.042410000000000000e+12
2.042410000000000000e+12
2.042410000000000000e+12
2.042410000000000000e+12
2.042410000000000000e+12
5.202380000000000000e+11
1.665080000000000000e+11
1.665080000000000000e+11
1.665080000000000000e+11
5.791870000000000000e+11
1.832950000000000000e+11
5.696320000000000000e+10
5.696320000000000000e+10
1.691950000000000000e+10
1.634760000000000000e+10
1.460230000000000000e+10
1.460230000000000000e+10
5.709260000000000000e+09
1.739890000000000000e+10
2.080700000000000000e+10
6.945750000000000000e+10
1.315330000000000000e+11
3.046640000000000000e+11
3.420240000000000000e+11
1.108420000000000000e+12
2.816000000000000000e+12
6.682180000000000000e+12
6.358380000000000000e+12
6.358380000000000000e+12
6.358380000000000000e+12
3.151310000000000000e+12
7.219730000000000000e+12
7.219730000000000000e+12
7.219730000000000000e+12
9.075870000000000000e+12
9.075870000000000000e+12
9.075870000000000000e+12
5.137460000000000000e+12
6.351280000000000000e+12
6.351280000000000000e+12
6.351280000000000000e+12
1.718150000000000000e+13
5.098000000000000000e+13
1.893110000000000000e+14
8.170630000000000000e+14
8.170630000000000000e+14
3.203920000000000000e+15
3.203920000000000000e+15
7.367770000000000000e+14
7.367770000000000000e+14
7.367770000000000000e+14
1.763640000000000000e+14
1.763640000000000000e+14
1.763640000000000000e+14
1.763640000000000000e+14
1.763640000000000000e+14
1.763640000000000000e+14
1.763640000000000000e+14
4.848770000000000000e+13
1.328480000000000000e+13
3.201320000000000000e+12
3.201320000000000000e+12
3.201320000000000000e+12
3.201320000000000000e+12
3.201320000000000000e+12
3.201320000000000000e+12
2.416880000000000000e+12
1.643970000000000000e+12
1.643970000000000000e+12
4.262070000000000000e+12
2.319880000000000000e+12
3.872830000000000000e+12
3.872830000000000000e+12
3.872830000000000000e+12
1.713110000000000000e+12
1.707970000000000000e+12
4.438420000000000000e+11
1.132510000000000000e+12
1.492310000000000000e+12
3.945920000000000000e+12
1.074100000000000000e+12
3.363260000000000000e+12
9.946130000000000000e+12
9.946130000000000000e+12
3.127890000000000000e+12
9.546960000000000000e+11
2.736920000000000000e+12
8.131990000000000000e+11
8.131990000000000000e+11
8.131990000000000000e+11
2.795420000000000000e+12
2.795420000000000000e+12
1.229080000000000000e+12
3.479630000000000000e+11
1.009500000000000000e+11
1.009500000000000000e+11
8.934630000000000000e+10
3.597720000000000000e+10
1.775830000000000000e+10
1.775830000000000000e+10
2.812170000000000000e+10
7.253940000000000000e+10
7.253940000000000000e+10
7.253940000000000000e+10
2.095950000000000000e+11
2.095950000000000000e+11
2.095950000000000000e+11
2.095950000000000000e+11
7.109460000000000000e+11
7.109460000000000000e+11
7.109460000000000000e+11
7.109460000000000000e+11
3.120340000000000000e+11
8.233250000000000000e+10
2.283910000000000000e+10
3.463000000000000000e+10
8.459360000000000000e+10
2.885270000000000000e+10
1.580410000000000000e+10
1.580410000000000000e+10
4.816230000000000000e+10
3.858200000000000000e+10
4.760170000000000000e+10
1.440920000000000000e+11
1.440920000000000000e+11
6.368390000000000000e+10
6.368390000000000000e+10
4.688400000000000000e+10
6.587190000000000000e+10
4.071960000000000000e+10
7.954780000000000000e+10
1.500910000000000000e+11
4.564210000000000000e+11
2.535080000000000000e+11
1.081590000000000000e+11
3.766590000000000000e+11
1.500710000000000000e+12
1.501170000000000000e+12
9.097130000000000000e+11
9.097130000000000000e+11
9.097130000000000000e+11
1.388510000000000000e+12
1.177630000000000000e+12
1.177630000000000000e+12
1.177630000000000000e+12
2.569190000000000000e+12
3.988840000000000000e+12
3.988840000000000000e+12
3.988840000000000000e+12
3.988840000000000000e+12
9.538060000000000000e+12
3.551920000000000000e+13
1.498800000000000000e+14
4.620200000000000000e+14
1.668210000000000000e+15
1.668210000000000000e+15
1.668210000000000000e+15
4.931870000000000000e+14
2.764780000000000000e+14
2.764780000000000000e+14
2.764780000000000000e+14
3.964040000000000000e+14
1.201900000000000000e+15
1.201900000000000000e+15
1.201900000000000000e+15
3.883570000000000000e+14
3.883570000000000000e+14
3.883570000000000000e+14
3.883570000000000000e+14
3.883570000000000000e+14
1.671180000000000000e+14
1.671180000000000000e+14
4.075300000000000000e+13
5.779610000000000000e+13
1.414090000000000000e+14
1.414090000000000000e+14
5.858660000000000000e+14
5.858660000000000000e+14
5.858660000000000000e+14
5.858660000000000000e+14
5.858660000000000000e+14
1.624070000000000000e+14
1.624070000000000000e+14
1.624070000000000000e+14
3.919540000000000000e+13
1.858510000000000000e+13
3.783560000000000000e+13
3.783560000000000000e+13
3.783560000000000000e+13
3.783560000000000000e+13
1.338220000000000000e+14
5.588820000000000000e+14
5.588820000000000000e+14
5.588820000000000000e+14
2.294010000000000000e+15
2.294010000000000000e+15
2.294010000000000000e+15
5.780410000000000000e+14
5.780410000000000000e+14
5.780410000000000000e+14
5.780410000000000000e+14
1.725140000000000000e+14
1.725140000000000000e+14
4.106000000000000000e+13
4.106000000000000000e+13
4.106000000000000000e+13
4.106000000000000000e+13
4.106000000000000000e+13
4.106000000000000000e+13
1.885180000000000000e+13
1.885180000000000000e+13
1.885180000000000000e+13
1.885180000000000000e+13
2.169380000000000000e+13
2.169380000000000000e+13
2.169380000000000000e+13
2.169380000000000000e+13
5.833320000000000000e+13
2.863060000000000000e+13
2.863060000000000000e+13
2.863060000000000000e+13
2.863060000000000000e+13
5.574530000000000000e+13
5.574530000000000000e+13
5.574530000000000000e+13
5.574530000000000000e+13
1.891490000000000000e+14
4.523670000000000000e+13
4.523670000000000000e+13
1.616400000000000000e+14
6.659720000000000000e+14
1.691790000000000000e+14
1.691790000000000000e+14
1.691790000000000000e+14
1.691790000000000000e+14
1.691790000000000000e+14
4.975090000000000000e+14
1.919440000000000000e+15
1.919440000000000000e+15
1.919440000000000000e+15
5.847850000000000000e+14
2.017890000000000000e+15
2.017890000000000000e+15
2.017890000000000000e+15
6.424620000000000000e+14
6.424620000000000000e+14
6.424620000000000000e+14
6.424620000000000000e+14
2.037710000000000000e+15
2.037710000000000000e+15
2.037710000000000000e+15
4.961860000000000000e+14
4.961860000000000000e+14
1.972310000000000000e+15
1.972310000000000000e+15
1.972310000000000000e+15
1.972310000000000000e+15
8.227410000000000000e+15
1.909310000000000000e+15
4.820510000000000000e+14
1.457250000000000000e+14
1.457250000000000000e+14
3.518880000000000000e+13
1.279660000000000000e+13
1.279660000000000000e+13
1.279660000000000000e+13
1.279660000000000000e+13
3.995450000000000000e+13
3.995450000000000000e+13
1.655870000000000000e+14
1.655870000000000000e+14
1.655870000000000000e+14
1.655870000000000000e+14
1.655870000000000000e+14
1.655870000000000000e+14
1.655870000000000000e+14
1.655870000000000000e+14
3.973580000000000000e+13
3.973580000000000000e+13
3.973580000000000000e+13
1.030180000000000000e+13
1.030180000000000000e+13
4.285810000000000000e+13
4.285810000000000000e+13
4.285810000000000000e+13
1.083220000000000000e+13
1.083220000000000000e+13
3.096140000000000000e+12
1.205230000000000000e+12
3.861860000000000000e+11
3.861860000000000000e+11
1.154200000000000000e+12
1.154200000000000000e+12
3.902240000000000000e+11
3.902240000000000000e+11
1.540920000000000000e+12
1.540920000000000000e+12
1.540920000000000000e+12
3.809080000000000000e+11
3.809080000000000000e+11
3.809080000000000000e+11
3.809080000000000000e+11
3.809080000000000000e+11
1.269690000000000000e+11
3.555630000000000000e+11
3.555630000000000000e+11
3.555630000000000000e+11
3.555630000000000000e+11
1.335950000000000000e+12
1.335950000000000000e+12
3.798290000000000000e+11
1.249790000000000000e+11
1.249790000000000000e+11
1.249790000000000000e+11
5.328950000000000000e+10
1.592630000000000000e+11
4.681620000000000000e+10
1.373920000000000000e+10
1.416250000000000000e+10
1.416250000000000000e+10
1.416250000000000000e+10
4.237510000000000000e+09
4.686670000000000000e+09
1.449390000000000000e+10
4.921660000000000000e+10
2.502680000000000000e+10
7.431150000000000000e+10
3.052710000000000000e+11
3.052710000000000000e+11
4.417720000000000000e+11
4.417720000000000000e+11
1.065240000000000000e+11
3.125070000000000000e+10
8.776670000000000000e+10
8.776670000000000000e+10
8.776670000000000000e+10
8.776670000000000000e+10
3.192710000000000000e+11
3.192710000000000000e+11
3.192710000000000000e+11
3.192710000000000000e+11
3.192710000000000000e+11
3.192710000000000000e+11
3.192710000000000000e+11
1.225410000000000000e+12
4.845410000000000000e+12
4.845410000000000000e+12
4.845410000000000000e+12
4.845410000000000000e+12
4.845410000000000000e+12
4.845410000000000000e+12
1.955040000000000000e+13
8.238060000000000000e+13
2.515800000000000000e+13
1.300190000000000000e+13
1.300190000000000000e+13
3.186100000000000000e+12
4.684520000000000000e+12
1.330340000000000000e+13
1.330340000000000000e+13
1.330340000000000000e+13
4.036600000000000000e+12
2.228510000000000000e+12
8.129770000000000000e+11
2.307660000000000000e+11
1.885650000000000000e+11
1.780650000000000000e+11
5.820020000000000000e+11
1.802710000000000000e+11
1.708340000000000000e+11
2.686580000000000000e+11
2.686580000000000000e+11
1.001980000000000000e+11
7.791730000000000000e+10
7.000020000000000000e+10
2.656500000000000000e+11
2.656500000000000000e+11
5.238900000000000000e+11
1.675140000000000000e+12
1.675140000000000000e+12
6.378700000000000000e+12
6.378700000000000000e+12
2.507210000000000000e+13
2.507210000000000000e+13
2.507210000000000000e+13
2.507210000000000000e+13
2.507210000000000000e+13
2.507210000000000000e+13
2.507210000000000000e+13
2.507210000000000000e+13
2.507210000000000000e+13
2.507210000000000000e+13
2.507210000000000000e+13
6.126240000000000000e+12
6.126240000000000000e+12
2.275120000000000000e+13
9.200640000000000000e+13
9.200640000000000000e+13
2.300280000000000000e+13
2.300280000000000000e+13
2.300280000000000000e+13
2.300280000000000000e+13
2.300280000000000000e+13
5.538380000000000000e+12
5.538380000000000000e+12
5.538380000000000000e+12
5.538380000000000000e+12
5.538380000000000000e+12
5.538380000000000000e+12
1.584970000000000000e+12
6.722830000000000000e+11
6.722830000000000000e+11
6.722830000000000000e+11
6.703960000000000000e+11
1.496370000000000000e+12
1.496370000000000000e+12
1.496370000000000000e+12
1.496370000000000000e+12
6.602530000000000000e+11
6.602530000000000000e+11
2.721650000000000000e+12
3.130670000000000000e+12
8.424120000000000000e+12
8.424120000000000000e+12
8.424120000000000000e+12
8.424120000000000000e+12
2.537390000000000000e+12
8.100310000000000000e+12
3.344640000000000000e+13
3.344640000000000000e+13
1.085280000000000000e+14
1.085280000000000000e+14
4.414590000000000000e+14
4.414590000000000000e+14
1.774670000000000000e+15
1.774670000000000000e+15
7.429110000000000000e+15
7.429110000000000000e+15
1.809060000000000000e+15
1.809060000000000000e+15
4.321390000000000000e+14
4.321390000000000000e+14
4.321390000000000000e+14
4.321390000000000000e+14
4.321390000000000000e+14
4.321390000000000000e+14
4.321390000000000000e+14
4.321390000000000000e+14
4.321390000000000000e+14
1.075250000000000000e+14
1.075250000000000000e+14
1.075250000000000000e+14
1.075250000000000000e+14
3.320090000000000000e+13
3.320090000000000000e+13
8.072790000000000000e+12
8.072790000000000000e+12
2.509140000000000000e+13
2.509140000000000000e+13
2.509140000000000000e+13
2.509140000000000000e+13
2.509140000000000000e+13
9.642210000000000000e+13
2.375800000000000000e+13
2.375800000000000000e+13
2.375800000000000000e+13
6.916560000000000000e+12
2.805860000000000000e+13
2.805860000000000000e+13
1.767160000000000000e+13
2.854340000000000000e+13
7.013990000000000000e+12
1.955700000000000000e+12
1.955700000000000000e+12
1.955700000000000000e+12
1.955700000000000000e+12
1.955700000000000000e+12
1.191420000000000000e+12
1.813840000000000000e+12
1.813840000000000000e+12
1.813840000000000000e+12
6.176000000000000000e+12
1.959230000000000000e+12
1.959230000000000000e+12
1.959230000000000000e+12
1.959230000000000000e+12
8.667560000000000000e+11
8.667560000000000000e+11
2.086760000000000000e+11
9.331400000000000000e+10
1.538150000000000000e+11
3.890420000000000000e+10
1.128380000000000000e+10
1.128380000000000000e+10
1.128380000000000000e+10
1.128380000000000000e+10
1.128380000000000000e+10
1.128380000000000000e+10
1.128380000000000000e+10
1.128380000000000000e+10
1.128380000000000000e+10
3.527910000000000000e+09
1.109760000000000000e+10
1.109760000000000000e+10
4.416670000000000000e+10
4.416670000000000000e+10
4.416670000000000000e+10
1.210640000000000000e+10
1.210640000000000000e+10
1.210640000000000000e+10
