1.614080000000000000e+07
2.505640000000000000e+07
1.857920000000000000e+07
5.968390000000000000e+07
5.968390000000000000e+07
1.974910000000000000e+08
2.167780000000000000e+08
7.699610000000000000e+08
7.699610000000000000e+08
7.699610000000000000e+08
1.852740000000000000e+09
1.852740000000000000e+09
6.581530000000000000e+09
2.547910000000000000e+10
9.492510000000000000e+10
3.873830000000000000e+11
3.873830000000000000e+11
3.873830000000000000e+11
1.621250000000000000e+12
1.621250000000000000e+12
4.379920000000000000e+11
1.629360000000000000e+12
1.629360000000000000e+12
1.629360000000000000e+12
1.629360000000000000e+12
6.628070000000000000e+12
6.628070000000000000e+12
6.628070000000000000e+12
6.628070000000000000e+12
6.628070000000000000e+12
6.628070000000000000e+12
2.408550000000000000e+13
2.408550000000000000e+13
2.408550000000000000e+13
2.408550000000000000e+13
9.038940000000000000e+13
9.038940000000000000e+13
9.038940000000000000e+13
9.038940000000000000e+13
9.038940000000000000e+13
2.220070000000000000e+14
6.222850000000000000e+14
2.493820000000000000e+15
2.493820000000000000e+15
8.645280000000000000e+15
8.645280000000000000e+15
8.645280000000000000e+15
8.645280000000000000e+15
8.645280000000000000e+15
6.209530000000000000e+15
2.611300000000000000e+16
8.288570000000000000e+15
7.995500000000000000e+15
1.640190000000000000e+16
1.640190000000000000e+16
4.992250000000000000e+16
1.479310000000000000e+17
5.361340000000000000e+17
5.361340000000000000e+17
5.361340000000000000e+17
2.130710000000000000e+18
2.130710000000000000e+18
2.130710000000000000e+18
2.130710000000000000e+18
2.130710000000000000e+18
5.085530000000000000e+17
2.213460000000000000e+18
2.213460000000000000e+18
2.213460000000000000e+18
2.213460000000000000e+18
2.213460000000000000e+18
2.213460000000000000e+18
2.213460000000000000e+18
2.213460000000000000e+18
2.213460000000000000e+18
5.313950000000000000e+17
5.313950000000000000e+17
5.313950000000000000e+17
5.313950000000000000e+17
5.313950000000000000e+17
5.313950000000000000e+17
5.313950000000000000e+17
5.313950000000000000e+17
5.313950000000000000e+17
2.127120000000000000e+18
5.080070000000000000e+17
1.168510000000000000e+17
2.792420000000000000e+16
2.792420000000000000e+16
6.895850000000000000e+15
1.600450000000000000e+15
3.947830000000000000e+14
3.947830000000000000e+14
1.022410000000000000e+14
1.022410000000000000e+14
1.022410000000000000e+14
3.614610000000000000e+13
1.232760000000000000e+13
1.232760000000000000e+13
1.232760000000000000e+13
7.731410000000000000e+12
7.731410000000000000e+12
7.731410000000000000e+12
7.731410000000000000e+12
3.674370000000000000e+12
3.674370000000000000e+12
3.674370000000000000e+12
9.607510000000000000e+11
5.231980000000000000e+11
2.263850000000000000e+11
5.534890000000000000e+10
5.534890000000000000e+10
6.353670000000000000e+10
1.411910000000000000e+11
1.411910000000000000e+11
4.987030000000000000e+11
4.987030000000000000e+11
4.987030000000000000e+11
4.987030000000000000e+11
4.987030000000000000e+11
4.987030000000000000e+11
4.987030000000000000e+11
4.987030000000000000e+11
4.987030000000000000e+11
4.987030000000000000e+11
4.987030000000000000e+11
4.987030000000000000e+11
4.987030000000000000e+11
4.987030000000000000e+11
2.042410000000000000e+12
2.042410000000000000e+12
2.042410000000000000e+12
2.042410000000000000e+12
2.042410000000000000e+12
2.042410000000000000e+12
5.202380000000000000e+11
1.665080000000000000e+11
1.665080000000000000e+11
1.665080000000000000e+11
5.791870000000000000e+11
1.832950000000000000e+11
5.696320000000000000e+10
5.696320000000000000e+10
1.691950000000000000e+10
1.634760000000000000e+10
1.460230000000000000e+10
1.460230000000000000e+10
5.709260000000000000e+09
1.739890000000000000e+10
2.080700000000000000e+10
6.945750000000000000e+10
1.315330000000000000e+11
3.046640000000000000e+11
3.420240000000000000e+11
1.108420000000000000e+12
2.816000000000000000e+12
6.682180000000000000e+12
6.358380000000000000e+12
6.358380000000000000e+12
6.358380000000000000e+12
3.151310000000000000e+12
7.219730000000000000e+12
7.219730000000000000e+12
7.219730000000000000e+12
9.075870000000000000e+12
9.075870000000000000e+12
9.075870000000000000e+12
5.137460000000000000e+12
6.351280000000000000e+12
6.351280000000000000e+12
6.351280000000000000e+12
1.718150000000000000e+13
5.098000000000000000e+13
1.893110000000000000e+14
8.170630000000000000e+14
8.170630000000000000e+14
3.203920000000000000e+15
3.203920000000000000e+15
7.367770000000000000e+14
7.367770000000000000e+14
7.367770000000000000e+14
1.763640000000000000e+14
1.763640000000000000e+14
1.763640000000000000e+14
1.763640000000000000e+14
1.763640000000000000e+14
1.763640000000000000e+14
1.763640000000000000e+14
4.848770000000000000e+13
1.328480000000000000e+13
3.201320000000000000e+12
3.201320000000000000e+12
3.201320000000000000e+12
3.201320000000000000e+12
3.201320000000000000e+12
3.201320000000000000e+12
2.416880000000000000e+12
1.643970000000000000e+12
1.643970000000000000e+12
4.262070000000000000e+12
2.319880000000000000e+12
3.872830000000000000e+12
3.872830000000000000e+12
3.872830000000000000e+12
1.713110000000000000e+12
1.707970000000000000e+12
4.438420000000000000e+11
1.132510000000000000e+12
1.492310000000000000e+12
3.945920000000000000e+12
1.074100000000000000e+12
3.363260000000000000e+12
9.946130000000000000e+12
9.946130000000000000e+12
3.127890000000000000e+12
9.546960000000000000e+11
2.736920000000000000e+12
8.131990000000000000e+11
8.131990000000000000e+11
8.131990000000000000e+11
2.795420000000000000e+12
2.795420000000000000e+12
1.229080000000000000e+12
3.479630000000000000e+11
1.009500000000000000e+11
1.009500000000000000e+11
8.934630000000000000e+10
3.597720000000000000e+10
1.775830000000000000e+10
1.775830000000000000e+10
2.812170000000000000e+10
7.253940000000000000e+10
7.253940000000000000e+10
7.253940000000000000e+10
2.095950000000000000e+11
2.095950000000000000e+11
2.095950000000000000e+11
2.095950000000000000e+11
7.109460000000000000e+11
7.109460000000000000e+11
7.109460000000000000e+11
7.109460000000000000e+11
3.120340000000000000e+11
8.233250000000000000e+10
2.283910000000000000e+10
3.463000000000000000e+10
8.459360000000000000e+10
2.885270000000000000e+10
1.580410000000000000e+10
1.580410000000000000e+10
4.816230000000000000e+10
3.858200000000000000e+10
4.760170000000000000e+10
1.440920000000000000e+11
1.440920000000000000e+11
6.368390000000000000e+10
6.368390000000000000e+10
4.688400000000000000e+10
6.587190000000000000e+10
4.071960000000000000e+10
7.954780000000000000e+10
1.500910000000000000e+11
4.564210000000000000e+11
2.535080000000000000e+11
1.081590000000000000e+11
3.766590000000000000e+11
1.500710000000000000e+12
1.501170000000000000e+12
9.097130000000000000e+11
9.097130000000000000e+11
9.097130000000000000e+11
1.388510000000000000e+12
1.177630000000000000e+12
1.177630000000000000e+12
1.177630000000000000e+12
2.569190000000000000e+12
3.988840000000000000e+12
3.988840000000000000e+12
3.988840000000000000e+12
3.988840000000000000e+12
9.538060000000000000e+12
3.551920000000000000e+13
1.498800000000000000e+14
4.620200000000000000e+14
1.668210000000000000e+15
1.668210000000000000e+15
1.668210000000000000e+15
4.931870000000000000e+14
2.764780000000000000e+14
2.764780000000000000e+14
2.764780000000000000e+14
3.964040000000000000e+14
1.201900000000000000e+15
1.201900000000000000e+15
1.201900000000000000e+15
3.883570000000000000e+14
3.883570000000000000e+14
3.883570000000000000e+14
3.883570000000000000e+14
3.883570000000000000e+14
1.671180000000000000e+14
1.671180000000000000e+14
4.075300000000000000e+13
5.779610000000000000e+13
1.414090000000000000e+14
1.414090000000000000e+14
5.858660000000000000e+14
5.858660000000000000e+14
5.858660000000000000e+14
5.858660000000000000e+14
5.858660000000000000e+14
1.624070000000000000e+14
1.624070000000000000e+14
1.624070000000000000e+14
3.919540000000000000e+13
1.858510000000000000e+13
3.783560000000000000e+13
3.783560000000000000e+13
3.783560000000000000e+13
3.783560000000000000e+13
1.338220000000000000e+14
5.588820000000000000e+14
5.588820000000000000e+14
5.588820000000000000e+14
2.294010000000000000e+15
2.294010000000000000e+15
2.294010000000000000e+15
5.780410000000000000e+14
5.780410000000000000e+14
5.780410000000000000e+14
5.780410000000000000e+14
1.725140000000000000e+14
1.725140000000000000e+14
4.106000000000000000e+13
4.106000000000000000e+13
4.106000000000000000e+13
4.106000000000000000e+13
4.106000000000000000e+13
4.106000000000000000e+13
1.885180000000000000e+13
1.885180000000000000e+13
1.885180000000000000e+13
1.885180000000000000e+13
2.169380000000000000e+13
2.169380000000000000e+13
2.169380000000000000e+13
2.169380000000000000e+13
5.833320000000000000e+13
2.863060000000000000e+13
2.863060000000000000e+13
2.863060000000000000e+13
2.863060000000000000e+13
5.574530000000000000e+13
5.574530000000000000e+13
5.574530000000000000e+13
5.574530000000000000e+13
1.891490000000000000e+14
4.523670000000000000e+13
4.523670000000000000e+13
1.616400000000000000e+14
6.659720000000000000e+14
1.691790000000000000e+14
1.691790000000000000e+14
1.691790000000000000e+14
1.691790000000000000e+14
1.691790000000000000e+14
4.975090000000000000e+14
1.919440000000000000e+15
1.919440000000000000e+15
1.919440000000000000e+15
5.847850000000000000e+14
2.017890000000000000e+15
2.017890000000000000e+15
2.017890000000000000e+15
6.424620000000000000e+14
6.424620000000000000e+14
6.424620000000000000e+14
6.424620000000000000e+14
2.037710000000000000e+15
2.037710000000000000e+15
2.037710000000000000e+15
4.961860000000000000e+14
4.961860000000000000e+14
1.972310000000000000e+15
1.972310000000000000e+15
1.972310000000000000e+15
1.972310000000000000e+15
8.227410000000000000e+15
1.909310000000000000e+15
4.820510000000000000e+14
1.457250000000000000e+14
1.457250000000000000e+14
3.518880000000000000e+13
1.279660000000000000e+13
1.279660000000000000e+13
1.279660000000000000e+13
1.279660000000000000e+13
3.995450000000000000e+13
3.995450000000000000e+13
1.655870000000000000e+14
1.655870000000000000e+14
1.655870000000000000e+14
1.655870000000000000e+14
1.655870000000000000e+14
1.655870000000000000e+14
1.655870000000000000e+14
1.655870000000000000e+14
3.973580000000000000e+13
3.973580000000000000e+13
3.973580000000000000e+13
1.030180000000000000e+13
1.030180000000000000e+13
4.285810000000000000e+13
4.285810000000000000e+13
4.285810000000000000e+13
1.083220000000000000e+13
1.083220000000000000e+13
3.096140000000000000e+12
1.205230000000000000e+12
3.861860000000000000e+11
3.861860000000000000e+11
1.154200000000000000e+12
1.154200000000000000e+12
3.902240000000000000e+11
3.902240000000000000e+11
1.540920000000000000e+12
1.540920000000000000e+12
1.540920000000000000e+12
3.809080000000000000e+11
3.809080000000000000e+11
3.809080000000000000e+11
3.809080000000000000e+11
3.809080000000000000e+11
1.269690000000000000e+11
3.555630000000000000e+11
3.555630000000000000e+11
3.555630000000000000e+11
3.555630000000000000e+11
1.335950000000000000e+12
1.335950000000000000e+12
3.798290000000000000e+11
1.249790000000000000e+11
1.249790000000000000e+11
1.249790000000000000e+11
5.328950000000000000e+10
1.592630000000000000e+11
4.681620000000000000e+10
1.373920000000000000e+10
1.416250000000000000e+10
1.416250000000000000e+10
1.416250000000000000e+10
4.237510000000000000e+09
4.686670000000000000e+09
1.449390000000000000e+10
4.921660000000000000e+10
2.502680000000000000e+10
7.431150000000000000e+10
3.052710000000000000e+11
3.052710000000000000e+11
4.417720000000000000e+11
4.417720000000000000e+11
1.065240000000000000e+11
3.125070000000000000e+10
8.776670000000000000e+10
8.776670000000000000e+10
8.776670000000000000e+10
8.776670000000000000e+10
3.192710000000000000e+11
3.192710000000000000e+11
3.192710000000000000e+11
3.192710000000000000e+11
3.192710000000000000e+11
3.192710000000000000e+11
3.192710000000000000e+11
1.225410000000000000e+12
4.845410000000000000e+12
4.845410000000000000e+12
4.845410000000000000e+12
4.845410000000000000e+12
4.845410000000000000e+12
4.845410000000000000e+12
1.955040000000000000e+13
8.238060000000000000e+13
2.515800000000000000e+13
1.300190000000000000e+13
1.300190000000000000e+13
3.186100000000000000e+12
4.684520000000000000e+12
1.330340000000000000e+13
1.330340000000000000e+13
1.330340000000000000e+13
4.036600000000000000e+12
2.228510000000000000e+12
8.129770000000000000e+11
2.307660000000000000e+11
1.885650000000000000e+11
1.780650000000000000e+11
5.820020000000000000e+11
1.802710000000000000e+11
1.708340000000000000e+11
2.686580000000000000e+11
2.686580000000000000e+11
1.001980000000000000e+11
7.791730000000000000e+10
7.000020000000000000e+10
2.656500000000000000e+11
2.656500000000000000e+11
5.238900000000000000e+11
1.675140000000000000e+12
1.675140000000000000e+12
6.378700000000000000e+12
6.378700000000000000e+12
2.507210000000000000e+13
2.507210000000000000e+13
2.507210000000000000e+13
2.507210000000000000e+13
2.507210000000000000e+13
2.507210000000000000e+13
2.507210000000000000e+13
2.507210000000000000e+13
2.507210000000000000e+13
2.507210000000000000e+13
2.507210000000000000e+13
6.126240000000000000e+12
6.126240000000000000e+12
2.275120000000000000e+13
9.200640000000000000e+13
9.200640000000000000e+13
2.300280000000000000e+13
2.300280000000000000e+13
2.300280000000000000e+13
2.300280000000000000e+13
2.300280000000000000e+13
5.538380000000000000e+12
5.538380000000000000e+12
5.538380000000000000e+12
5.538380000000000000e+12
5.538380000000000000e+12
5.538380000000000000e+12
1.584970000000000000e+12
6.722830000000000000e+11
6.722830000000000000e+11
6.722830000000000000e+11
6.703960000000000000e+11
1.496370000000000000e+12
1.496370000000000000e+12
1.496370000000000000e+12
1.496370000000000000e+12
6.602530000000000000e+11
6.602530000000000000e+11
2.721650000000000000e+12
3.130670000000000000e+12
8.424120000000000000e+12
8.424120000000000000e+12
8.424120000000000000e+12
8.424120000000000000e+12
2.537390000000000000e+12
8.100310000000000000e+12
3.344640000000000000e+13
3.344640000000000000e+13
1.085280000000000000e+14
1.085280000000000000e+14
4.414590000000000000e+14
4.414590000000000000e+14
1.774670000000000000e+15
1.774670000000000000e+15
7.429110000000000000e+15
7.429110000000000000e+15
1.809060000000000000e+15
1.809060000000000000e+15
4.321390000000000000e+14
4.321390000000000000e+14
4.321390000000000000e+14
4.321390000000000000e+14
4.321390000000000000e+14
4.321390000000000000e+14
4.321390000000000000e+14
4.321390000000000000e+14
4.321390000000000000e+14
1.075250000000000000e+14
1.075250000000000000e+14
1.075250000000000000e+14
1.075250000000000000e+14
3.320090000000000000e+13
3.320090000000000000e+13
8.072790000000000000e+12
8.072790000000000000e+12
2.509140000000000000e+13
2.509140000000000000e+13
2.509140000000000000e+13
2.509140000000000000e+13
2.509140000000000000e+13
9.642210000000000000e+13
2.375800000000000000e+13
2.375800000000000000e+13
2.375800000000000000e+13
6.916560000000000000e+12
2.805860000000000000e+13
2.805860000000000000e+13
1.767160000000000000e+13
2.854340000000000000e+13
7.013990000000000000e+12
1.955700000000000000e+12
1.955700000000000000e+12
1.955700000000000000e+12
1.955700000000000000e+12
1.955700000000000000e+12
1.191420000000000000e+12
1.813840000000000000e+12
1.813840000000000000e+12
1.813840000000000000e+12
6.176000000000000000e+12
1.959230000000000000e+12
1.959230000000000000e+12
1.959230000000000000e+12
1.959230000000000000e+12
8.667560000000000000e+11
8.667560000000000000e+11
2.086760000000000000e+11
9.331400000000000000e+10
1.538150000000000000e+11
3.890420000000000000e+10
1.128380000000000000e+10
1.128380000000000000e+10
1.128380000000000000e+10
1.128380000000000000e+10
1.128380000000000000e+10
1.128380000000000000e+10
1.128380000000000000e+10
1.128380000000000000e+10
1.128380000000000000e+10
3.527910000000000000e+09
1.109760000000000000e+10
1.109760000000000000e+10
4.416670000000000000e+10
4.416670000000000000e+10
4.416670000000000000e+10
1.210640000000000000e+10
1.210640000000000000e+10
1.210640000000000000e+10
3.487940000000000000e+09
1.421480000000000000e+09
4.036890000000000000e+08
1.353170000000000000e+09
1.353170000000000000e+09
1.233680000000000000e+09
5.338110000000000000e+08
2.153680000000000000e+09
2.153680000000000000e+09
2.832210000000000000e+09
2.832210000000000000e+09
2.832210000000000000e+09
1.075560000000000000e+09
5.877520000000000000e+08
5.877520000000000000e+08
5.877520000000000000e+08
4.905480000000000000e+08
1.151910000000000000e+09
1.151910000000000000e+09
6.288470000000000000e+08
3.405320000000000000e+08
1.734270000000000000e+08
1.038250000000000000e+08
1.882630000000000000e+08
3.022640000000000000e+08
4.141950000000000000e+08
1.214640000000000000e+09
4.479620000000000000e+09
1.232820000000000000e+10
1.232820000000000000e+10
1.232820000000000000e+10
3.126130000000000000e+09
1.515460000000000000e+09
1.515460000000000000e+09
1.515460000000000000e+09
7.445160000000000000e+08
1.037700000000000000e+09
3.673060000000000000e+08
3.673060000000000000e+08
2.139260000000000000e+08
4.398610000000000000e+08
4.007450000000000000e+08
8.451000000000000000e+08
2.517200000000000000e+09
2.517200000000000000e+09
3.721620000000000000e+09
1.425410000000000000e+10
4.353120000000000000e+09
4.353120000000000000e+09
2.412130000000000000e+09
7.171470000000000000e+08
7.171470000000000000e+08
2.174460000000000000e+08
2.996800000000000000e+08
1.530680000000000000e+08
5.141310000000000000e+08
5.141310000000000000e+08
1.436400000000000000e+09
2.006150000000000000e+09
5.658900000000000000e+08
5.658900000000000000e+08
2.093410000000000000e+08
5.030260000000000000e+08
1.972070000000000000e+08
5.303870000000000000e+08
5.303870000000000000e+08
2.253320000000000000e+08
1.565800000000000000e+08
1.565800000000000000e+08
1.212470000000000000e+08
2.038380000000000000e+08
3.974640000000000000e+08
1.653970000000000000e+08
1.060170000000000000e+08
6.372490000000000000e+07
1.533630000000000000e+08
4.128940000000000000e+08
5.612790000000000000e+08
5.612790000000000000e+08
1.951300000000000000e+09
6.816510000000000000e+09
4.930530000000000000e+09
3.383270000000000000e+09
3.383270000000000000e+09
3.383270000000000000e+09
3.757340000000000000e+09
7.629860000000000000e+09
2.874190000000000000e+10
8.193410000000000000e+09
4.127890000000000000e+09
4.127890000000000000e+09
1.693070000000000000e+10
1.693070000000000000e+10
1.887940000000000000e+10
1.887940000000000000e+10
4.578530000000000000e+09
1.816420000000000000e+10
4.883190000000000000e+10
1.800740000000000000e+10
1.800740000000000000e+10
1.800740000000000000e+10
1.800740000000000000e+10
1.800740000000000000e+10
6.445450000000000000e+09
6.445450000000000000e+09
2.701760000000000000e+09
2.794880000000000000e+09
4.706610000000000000e+09
4.706610000000000000e+09
1.288110000000000000e+10
2.713080000000000000e+10
2.240900000000000000e+10
5.963200000000000000e+09
2.300490000000000000e+09
2.300490000000000000e+09
2.691230000000000000e+09
7.664690000000000000e+09
7.664690000000000000e+09
3.264500000000000000e+09
9.833080000000000000e+09
9.833080000000000000e+09
4.350500000000000000e+09
7.461830000000000000e+09
7.461830000000000000e+09
7.461830000000000000e+09
1.290080000000000000e+10
3.524130000000000000e+10
3.524130000000000000e+10
3.524130000000000000e+10
2.461120000000000000e+10
7.877880000000000000e+09
2.192050000000000000e+09
2.192050000000000000e+09
3.164910000000000000e+09
3.164910000000000000e+09
3.164910000000000000e+09
1.267760000000000000e+10
6.928010000000000000e+09
2.086690000000000000e+10
2.086690000000000000e+10
2.086690000000000000e+10
3.425300000000000000e+10
1.474100000000000000e+10
1.474100000000000000e+10
1.474100000000000000e+10
7.418850000000000000e+09
1.955810000000000000e+10
1.955810000000000000e+10
1.955810000000000000e+10
3.176290000000000000e+10
1.488190000000000000e+10
4.561570000000000000e+09
1.876240000000000000e+10
8.402560000000000000e+09
8.972260000000000000e+09
6.686340000000000000e+09
1.813280000000000000e+09
1.360860000000000000e+09
3.579030000000000000e+09
3.608820000000000000e+09
1.660630000000000000e+09
1.769750000000000000e+09
1.024760000000000000e+09
7.271490000000000000e+08
7.271490000000000000e+08
1.880930000000000000e+09
4.532470000000000000e+09
3.443520000000000000e+09
2.174700000000000000e+09
2.174700000000000000e+09
2.174700000000000000e+09
2.114740000000000000e+09
1.697330000000000000e+09
4.851930000000000000e+09
4.851930000000000000e+09
6.834240000000000000e+09
7.815560000000000000e+09
5.992270000000000000e+09
5.882080000000000000e+09
2.127260000000000000e+09
2.127260000000000000e+09
4.394780000000000000e+09
4.394780000000000000e+09
1.680810000000000000e+09
4.754400000000000000e+08
4.754400000000000000e+08
2.780440000000000000e+08
2.570210000000000000e+08
1.003880000000000000e+08
2.512490000000000000e+08
4.115610000000000000e+08
9.578420000000000000e+08
4.738750000000000000e+08
4.738750000000000000e+08
2.601770000000000000e+08
4.008270000000000000e+08
4.008270000000000000e+08
9.488130000000000000e+08
4.916450000000000000e+08
3.926610000000000000e+08
2.339700000000000000e+08
2.339700000000000000e+08
4.179890000000000000e+08
8.308240000000000000e+08
9.529980000000000000e+08
2.449060000000000000e+09
1.170950000000000000e+09
2.170580000000000000e+09
4.827160000000000000e+09
1.977130000000000000e+09
5.835680000000000000e+09
2.197510000000000000e+10
4.744000000000000000e+10
1.546390000000000000e+11
1.546390000000000000e+11
1.546390000000000000e+11
6.045340000000000000e+11
6.045340000000000000e+11
6.045340000000000000e+11
6.045340000000000000e+11
1.517580000000000000e+11
1.517580000000000000e+11
5.685580000000000000e+10
1.634710000000000000e+11
1.634710000000000000e+11
4.775400000000000000e+10
1.639080000000000000e+11
4.434540000000000000e+10
1.502900000000000000e+11
1.502900000000000000e+11
6.168480000000000000e+10
1.637100000000000000e+11
1.637100000000000000e+11
4.978230000000000000e+10
2.258990000000000000e+10
1.262560000000000000e+10
1.262560000000000000e+10
8.218670000000000000e+09
1.493410000000000000e+10
1.894940000000000000e+10
3.209440000000000000e+10
8.597850000000000000e+10
9.863510000000000000e+10
9.863510000000000000e+10
3.912030000000000000e+11
3.912030000000000000e+11
1.064420000000000000e+12
1.064420000000000000e+12
1.064420000000000000e+12
1.064420000000000000e+12
1.064420000000000000e+12
1.064420000000000000e+12
2.560040000000000000e+11
2.560040000000000000e+11
1.022180000000000000e+11
1.022180000000000000e+11
1.022180000000000000e+11
3.041410000000000000e+10
7.054580000000000000e+10
2.860100000000000000e+11
1.048080000000000000e+12
1.048080000000000000e+12
3.868860000000000000e+11
3.868860000000000000e+11
3.868860000000000000e+11
3.868860000000000000e+11
3.068880000000000000e+11
3.068880000000000000e+11
3.068880000000000000e+11
3.068880000000000000e+11
4.222160000000000000e+11
4.222160000000000000e+11
1.033490000000000000e+11
3.317060000000000000e+11
2.135890000000000000e+11
2.135890000000000000e+11
5.397130000000000000e+10
5.397130000000000000e+10
8.747760000000000000e+10
8.747760000000000000e+10
2.625890000000000000e+10
2.625890000000000000e+10
7.955320000000000000e+10
7.955320000000000000e+10
2.693230000000000000e+11
9.635770000000000000e+10
5.879180000000000000e+10
5.879180000000000000e+10
1.879760000000000000e+10
2.837420000000000000e+10
7.676470000000000000e+10
2.751690000000000000e+11
2.751690000000000000e+11
2.751690000000000000e+11
2.751690000000000000e+11
8.411050000000000000e+10
8.411050000000000000e+10
2.574080000000000000e+11
8.920180000000000000e+10
3.196240000000000000e+11
3.196240000000000000e+11
1.084540000000000000e+12
7.567360000000000000e+11
7.567360000000000000e+11
7.567360000000000000e+11
3.046700000000000000e+11
3.168180000000000000e+11
3.168180000000000000e+11
9.317520000000000000e+10
9.317520000000000000e+10
2.373580000000000000e+11
2.373580000000000000e+11
2.373580000000000000e+11
2.373580000000000000e+11
8.622170000000000000e+11
8.622170000000000000e+11
3.150880000000000000e+12
3.150880000000000000e+12
9.527430000000000000e+11
9.527430000000000000e+11
9.527430000000000000e+11
3.037000000000000000e+12
1.115570000000000000e+13
1.115570000000000000e+13
1.115570000000000000e+13
2.867840000000000000e+12
2.867840000000000000e+12
7.032840000000000000e+11
7.032840000000000000e+11
7.032840000000000000e+11
7.032840000000000000e+11
7.032840000000000000e+11
7.032840000000000000e+11
7.032840000000000000e+11
2.851890000000000000e+12
6.962410000000000000e+11
2.500610000000000000e+12
2.500610000000000000e+12
2.500610000000000000e+12
2.500610000000000000e+12
9.500890000000000000e+12
3.083370000000000000e+12
9.499580000000000000e+11
2.424830000000000000e+11
8.325540000000000000e+11
4.528410000000000000e+11
4.723580000000000000e+11
4.723580000000000000e+11
4.723580000000000000e+11
5.156100000000000000e+11
1.155650000000000000e+12
3.402900000000000000e+11
1.368750000000000000e+12
4.388410000000000000e+11
2.305240000000000000e+11
2.305240000000000000e+11
2.305240000000000000e+11
2.305240000000000000e+11
1.814310000000000000e+11
6.986630000000000000e+11
6.986630000000000000e+11
6.993130000000000000e+11
5.055630000000000000e+11
1.412040000000000000e+11
1.412040000000000000e+11
1.504530000000000000e+11
2.015660000000000000e+11
2.015660000000000000e+11
1.090550000000000000e+11
1.534420000000000000e+11
4.940670000000000000e+10
4.940670000000000000e+10
1.615350000000000000e+11
1.615350000000000000e+11
1.615350000000000000e+11
4.748340000000000000e+10
4.748340000000000000e+10
4.748340000000000000e+10
4.748340000000000000e+10
4.748340000000000000e+10
1.221680000000000000e+10
4.216650000000000000e+09
1.284100000000000000e+10
1.284100000000000000e+10
1.284100000000000000e+10
1.284100000000000000e+10
3.802130000000000000e+09
1.912800000000000000e+09
1.912800000000000000e+09
5.993190000000000000e+09
1.810650000000000000e+09
3.820640000000000000e+09
9.823990000000000000e+08
3.413910000000000000e+08
3.413910000000000000e+08
2.062430000000000000e+08
2.062430000000000000e+08
1.519830000000000000e+08
1.053490000000000000e+08
2.028850000000000000e+08
5.823750000000000000e+07
1.279940000000000000e+08
3.467860000000000000e+08
3.467860000000000000e+08
3.467860000000000000e+08
3.467860000000000000e+08
3.467860000000000000e+08
1.209810000000000000e+09
1.209810000000000000e+09
1.209810000000000000e+09
1.209810000000000000e+09
3.844470000000000000e+08
1.003250000000000000e+08
2.830490000000000000e+08
7.646070000000000000e+08
2.621540000000000000e+09
2.621540000000000000e+09
2.621540000000000000e+09
2.621540000000000000e+09
7.800150000000000000e+08
7.800150000000000000e+08
2.399280000000000000e+09
1.277090000000000000e+09
1.286500000000000000e+09
3.856200000000000000e+08
1.940030000000000000e+08
1.232280000000000000e+08
2.513460000000000000e+08
2.513460000000000000e+08
3.374940000000000000e+08
3.374940000000000000e+08
1.187290000000000000e+08
3.911590000000000000e+08
3.911590000000000000e+08
1.128880000000000000e+09
8.384090000000000000e+08
8.384090000000000000e+08
4.569080000000000000e+08
4.569080000000000000e+08
5.270830000000000000e+08
5.270830000000000000e+08
5.629080000000000000e+08
5.227370000000000000e+08
3.498410000000000000e+08
1.264450000000000000e+09
1.264450000000000000e+09
2.790510000000000000e+09
4.033530000000000000e+09
4.033530000000000000e+09
1.553300000000000000e+10
1.553300000000000000e+10
1.339120000000000000e+10
5.619760000000000000e+09
2.259940000000000000e+10
2.259940000000000000e+10
1.691220000000000000e+10
5.063680000000000000e+10
1.346020000000000000e+10
4.315420000000000000e+10
4.782700000000000000e+10
2.451230000000000000e+10
2.451230000000000000e+10
2.451230000000000000e+10
2.451230000000000000e+10
4.583190000000000000e+10
4.583190000000000000e+10
1.156860000000000000e+10
1.093150000000000000e+10
3.872600000000000000e+09
3.872600000000000000e+09
3.872600000000000000e+09
7.600300000000000000e+09
7.600300000000000000e+09
7.600300000000000000e+09
7.600300000000000000e+09
7.600300000000000000e+09
2.896970000000000000e+10
2.896970000000000000e+10
2.896970000000000000e+10
1.056980000000000000e+11
1.056980000000000000e+11
3.824880000000000000e+10
3.306220000000000000e+10
3.306220000000000000e+10
3.306220000000000000e+10
6.852600000000000000e+10
6.852600000000000000e+10
2.283380000000000000e+10
7.826660000000000000e+10
3.709250000000000000e+10
7.950260000000000000e+10
2.868820000000000000e+11
7.697380000000000000e+10
4.439240000000000000e+10
3.127640000000000000e+10
3.127640000000000000e+10
8.616870000000000000e+09
1.764980000000000000e+10
4.614650000000000000e+10
1.453550000000000000e+10
1.453550000000000000e+10
4.446640000000000000e+09
1.365820000000000000e+10
4.375300000000000000e+10
1.206880000000000000e+10
1.206880000000000000e+10
1.206880000000000000e+10
1.206880000000000000e+10
1.206880000000000000e+10
1.206880000000000000e+10
1.206880000000000000e+10
1.206880000000000000e+10
5.707650000000000000e+09
5.707650000000000000e+09
5.707650000000000000e+09
1.414260000000000000e+10
3.208950000000000000e+10
3.208950000000000000e+10
3.208950000000000000e+10
3.208950000000000000e+10
1.584420000000000000e+10
6.259800000000000000e+10
1.543620000000000000e+10
4.261930000000000000e+10
9.418510000000000000e+10
9.418510000000000000e+10
9.418510000000000000e+10
3.794430000000000000e+11
1.621590000000000000e+11
1.621590000000000000e+11
6.561460000000000000e+11
6.561460000000000000e+11
1.566710000000000000e+12
1.566710000000000000e+12
1.566710000000000000e+12
1.566710000000000000e+12
6.076790000000000000e+11
6.076790000000000000e+11
6.076790000000000000e+11
1.490690000000000000e+11
1.247140000000000000e+11
7.968850000000000000e+10
5.057510000000000000e+10
1.503910000000000000e+10
2.640960000000000000e+10
2.640960000000000000e+10
2.694000000000000000e+10
1.545060000000000000e+10
4.014170000000000000e+10
5.602550000000000000e+10
1.764570000000000000e+11
3.123920000000000000e+11
9.229560000000000000e+11
9.229560000000000000e+11
3.554980000000000000e+12
1.932010000000000000e+12
1.932010000000000000e+12
1.932010000000000000e+12
1.932010000000000000e+12
2.154010000000000000e+12
7.651890000000000000e+11
2.423680000000000000e+11
2.423680000000000000e+11
4.667440000000000000e+11
5.469010000000000000e+11
1.959250000000000000e+12
1.959250000000000000e+12
1.959250000000000000e+12
1.969450000000000000e+12
5.645160000000000000e+11
1.469790000000000000e+11
1.469790000000000000e+11
1.318740000000000000e+11
4.168170000000000000e+10
4.168170000000000000e+10
1.580520000000000000e+10
1.462740000000000000e+10
1.462740000000000000e+10
1.462740000000000000e+10
1.462740000000000000e+10
1.610480000000000000e+10
1.610480000000000000e+10
1.610480000000000000e+10
7.744370000000000000e+09
7.744370000000000000e+09
2.524240000000000000e+09
8.753370000000000000e+09
6.959440000000000000e+09
1.934920000000000000e+10
6.401370000000000000e+09
6.401370000000000000e+09
1.326450000000000000e+10
1.326450000000000000e+10
1.326450000000000000e+10
1.326450000000000000e+10
3.688260000000000000e+10
1.399770000000000000e+11
1.399770000000000000e+11
4.099430000000000000e+10
1.406540000000000000e+11
1.406540000000000000e+11
8.237820000000000000e+10
4.782390000000000000e+10
1.567410000000000000e+10
1.567410000000000000e+10
1.748380000000000000e+10
4.525150000000000000e+10
4.525150000000000000e+10
1.192920000000000000e+10
3.804570000000000000e+10
3.804570000000000000e+10
3.804570000000000000e+10
1.112820000000000000e+10
1.112820000000000000e+10
1.112820000000000000e+10
3.652220000000000000e+10
3.652220000000000000e+10
3.652220000000000000e+10
3.652220000000000000e+10
3.652220000000000000e+10
3.652220000000000000e+10
1.497870000000000000e+10
1.497870000000000000e+10
1.497870000000000000e+10
3.623400000000000000e+10
1.080880000000000000e+11
1.080880000000000000e+11
3.284680000000000000e+11
1.145520000000000000e+11
1.145520000000000000e+11
1.145520000000000000e+11
3.083780000000000000e+11
9.022860000000000000e+11
2.667470000000000000e+12
9.534030000000000000e+12
3.685020000000000000e+13
3.685020000000000000e+13
1.315770000000000000e+14
1.315770000000000000e+14
4.050250000000000000e+13
1.339720000000000000e+14
3.381190000000000000e+13
3.381190000000000000e+13
1.315990000000000000e+14
3.816000000000000000e+13
3.816000000000000000e+13
1.042920000000000000e+13
2.920890000000000000e+12
2.920890000000000000e+12
1.001220000000000000e+13
3.131300000000000000e+12
3.131300000000000000e+12
3.131300000000000000e+12
1.155590000000000000e+13
3.895470000000000000e+12
1.991300000000000000e+12
5.233870000000000000e+11
5.233870000000000000e+11
5.233870000000000000e+11
3.866340000000000000e+11
3.866340000000000000e+11
3.866340000000000000e+11
6.125920000000000000e+11
4.169090000000000000e+11
4.169090000000000000e+11
1.644020000000000000e+12
3.161930000000000000e+12
8.495600000000000000e+12
2.727650000000000000e+12
8.931420000000000000e+11
8.931420000000000000e+11
3.767490000000000000e+11
6.740080000000000000e+11
6.740080000000000000e+11
6.740080000000000000e+11
2.731510000000000000e+11
7.270360000000000000e+11
1.872580000000000000e+11
1.872580000000000000e+11
1.872580000000000000e+11
5.976490000000000000e+10
5.976490000000000000e+10
1.558010000000000000e+10
1.558010000000000000e+10
5.708290000000000000e+09
1.787570000000000000e+10
1.787570000000000000e+10
6.513310000000000000e+09
6.513310000000000000e+09
6.513310000000000000e+09
6.513310000000000000e+09
4.437830000000000000e+09
1.273280000000000000e+10
3.296820000000000000e+09
9.786120000000000000e+08
1.372210000000000000e+09
4.587750000000000000e+08
4.587750000000000000e+08
4.587750000000000000e+08
1.167280000000000000e+09
5.401780000000000000e+08
2.504930000000000000e+08
1.089970000000000000e+08
4.702630000000000000e+07
4.186150000000000000e+07
6.804260000000000000e+07
6.804260000000000000e+07
1.734270000000000000e+08
2.619460000000000000e+08
2.619460000000000000e+08
7.493340000000000000e+08
3.428590000000000000e+08
3.428590000000000000e+08
3.428590000000000000e+08
1.240570000000000000e+09
2.864840000000000000e+09
1.576130000000000000e+09
1.576130000000000000e+09
6.366210000000000000e+09
6.366210000000000000e+09
1.136580000000000000e+10
1.136580000000000000e+10
1.136580000000000000e+10
4.568960000000000000e+09
2.124320000000000000e+09
2.124320000000000000e+09
2.124320000000000000e+09
1.676190000000000000e+09
1.298400000000000000e+09
1.298400000000000000e+09
1.298400000000000000e+09
2.424240000000000000e+09
2.094930000000000000e+09
8.037200000000000000e+09
8.037200000000000000e+09
8.037200000000000000e+09
9.268600000000000000e+09
9.268600000000000000e+09
2.499130000000000000e+09
1.522010000000000000e+09
2.594620000000000000e+09
9.443300000000000000e+09
9.443300000000000000e+09
2.185830000000000000e+10
8.815660000000000000e+09
8.815660000000000000e+09
3.380130000000000000e+10
1.032920000000000000e+11
7.370480000000000000e+10
1.962190000000000000e+10
6.408250000000000000e+09
6.408250000000000000e+09
9.584810000000000000e+09
9.584810000000000000e+09
5.181940000000000000e+09
1.742600000000000000e+09
4.203480000000000000e+09
8.855170000000000000e+09
2.332730000000000000e+10
2.332730000000000000e+10
2.332730000000000000e+10
2.332730000000000000e+10
2.332730000000000000e+10
2.332730000000000000e+10
2.332730000000000000e+10
8.502510000000000000e+10
3.374660000000000000e+11
1.011570000000000000e+12
3.832890000000000000e+11
3.832890000000000000e+11
3.832890000000000000e+11
2.794590000000000000e+11
3.413420000000000000e+11
3.413420000000000000e+11
8.407020000000000000e+10
1.865990000000000000e+11
6.366000000000000000e+11
1.562210000000000000e+11
5.027250000000000000e+10
1.698150000000000000e+10
7.720070000000000000e+09
2.266620000000000000e+09
1.311520000000000000e+09
1.629050000000000000e+09
2.164720000000000000e+09
2.164720000000000000e+09
2.164720000000000000e+09
3.196640000000000000e+09
1.243730000000000000e+09
1.243730000000000000e+09
1.243730000000000000e+09
3.053850000000000000e+09
1.388120000000000000e+09
1.388120000000000000e+09
4.849030000000000000e+08
4.849030000000000000e+08
1.184000000000000000e+09
3.367810000000000000e+08
2.875100000000000000e+08
2.875100000000000000e+08
2.875100000000000000e+08
2.875100000000000000e+08
4.296680000000000000e+08
1.527550000000000000e+09
1.527550000000000000e+09
1.527550000000000000e+09
9.368200000000000000e+08
3.036410000000000000e+08
8.960120000000000000e+08
8.960120000000000000e+08
1.338290000000000000e+09
1.338290000000000000e+09
5.122180000000000000e+09
1.663550000000000000e+10
1.256010000000000000e+10
5.290960000000000000e+09
1.532940000000000000e+09
1.532940000000000000e+09
3.596780000000000000e+09
6.787040000000000000e+09
6.787040000000000000e+09
6.787040000000000000e+09
6.787040000000000000e+09
6.787040000000000000e+09
6.787040000000000000e+09
6.787040000000000000e+09
3.334750000000000000e+09
1.487320000000000000e+09
1.487320000000000000e+09
4.088600000000000000e+08
4.793290000000000000e+08
4.565660000000000000e+08
1.284240000000000000e+09
1.284240000000000000e+09
2.304730000000000000e+09
3.891400000000000000e+09
3.891400000000000000e+09
2.939410000000000000e+09
9.030990000000000000e+08
8.655200000000000000e+08
8.655200000000000000e+08
1.132350000000000000e+09
9.367120000000000000e+08
7.757310000000000000e+08
2.803710000000000000e+09
9.166450000000000000e+09
1.608380000000000000e+10
3.328210000000000000e+10
8.516340000000000000e+09
8.516340000000000000e+09
6.830290000000000000e+09
6.830290000000000000e+09
2.548620000000000000e+10
2.548620000000000000e+10
5.305270000000000000e+10
5.305270000000000000e+10
2.169360000000000000e+11
6.905850000000000000e+10
2.920840000000000000e+10
9.154450000000000000e+09
9.154450000000000000e+09
3.012330000000000000e+10
3.665050000000000000e+10
2.356740000000000000e+10
2.356740000000000000e+10
2.356740000000000000e+10
1.720610000000000000e+10
1.549410000000000000e+10
4.788140000000000000e+09
1.591830000000000000e+09
2.230990000000000000e+09
1.748600000000000000e+09
1.748600000000000000e+09
1.748600000000000000e+09
3.985910000000000000e+09
5.621530000000000000e+09
5.621530000000000000e+09
1.415900000000000000e+09
1.415900000000000000e+09
1.415900000000000000e+09
5.422680000000000000e+09
5.422680000000000000e+09
5.422680000000000000e+09
1.293060000000000000e+10
3.227160000000000000e+09
3.227160000000000000e+09
3.227160000000000000e+09
9.620580000000000000e+09
9.620580000000000000e+09
9.620580000000000000e+09
2.415960000000000000e+10
2.415960000000000000e+10
6.606370000000000000e+09
2.119310000000000000e+10
6.022850000000000000e+10
2.698810000000000000e+10
8.765830000000000000e+09
8.765830000000000000e+09
2.345000000000000000e+10
4.921140000000000000e+10
2.635010000000000000e+10
1.032460000000000000e+11
1.032460000000000000e+11
7.430580000000000000e+10
7.430580000000000000e+10
7.430580000000000000e+10
4.161530000000000000e+10
2.831510000000000000e+10
2.831510000000000000e+10
2.831510000000000000e+10
3.300980000000000000e+10
2.412290000000000000e+10
6.178870000000000000e+10
1.984240000000000000e+10
2.344260000000000000e+10
5.718710000000000000e+10
5.718710000000000000e+10
3.903940000000000000e+10
9.609850000000000000e+10
3.820870000000000000e+11
1.150720000000000000e+11
2.211450000000000000e+11
2.211450000000000000e+11
2.211450000000000000e+11
2.211450000000000000e+11
2.211450000000000000e+11
6.351060000000000000e+10
6.351060000000000000e+10
4.372450000000000000e+10
4.372450000000000000e+10
1.489150000000000000e+11
1.489150000000000000e+11
2.315760000000000000e+11
7.081550000000000000e+11
7.081550000000000000e+11
2.675030000000000000e+12
1.483640000000000000e+12
1.483640000000000000e+12
3.795090000000000000e+11
1.136420000000000000e+11
1.402580000000000000e+11
5.077260000000000000e+11
5.077260000000000000e+11
5.077260000000000000e+11
1.374270000000000000e+12
1.374270000000000000e+12
3.605590000000000000e+11
3.605590000000000000e+11
3.605590000000000000e+11
3.605590000000000000e+11
3.605590000000000000e+11
1.090230000000000000e+11
3.441470000000000000e+11
3.441470000000000000e+11
3.441470000000000000e+11
1.097330000000000000e+11
4.699600000000000000e+10
4.699600000000000000e+10
4.699600000000000000e+10
1.233410000000000000e+11
6.418620000000000000e+10
6.418620000000000000e+10
6.418620000000000000e+10
3.393500000000000000e+10
6.651780000000000000e+10
6.651780000000000000e+10
2.090580000000000000e+10
2.461790000000000000e+10
2.302940000000000000e+10
2.302940000000000000e+10
7.700190000000000000e+10
7.700190000000000000e+10
1.605660000000000000e+11
9.801320000000000000e+10
3.413500000000000000e+11
3.413500000000000000e+11
5.637590000000000000e+11
1.388250000000000000e+12
1.388250000000000000e+12
3.909870000000000000e+11
1.227810000000000000e+12
4.776480000000000000e+12
4.776480000000000000e+12
4.776480000000000000e+12
4.776480000000000000e+12
4.776480000000000000e+12
4.776480000000000000e+12
1.442020000000000000e+12
4.996440000000000000e+12
4.996440000000000000e+12
1.951270000000000000e+13
1.951270000000000000e+13
1.951270000000000000e+13
5.346020000000000000e+12
5.346020000000000000e+12
5.346020000000000000e+12
1.933030000000000000e+13
1.933030000000000000e+13
1.933030000000000000e+13
1.933030000000000000e+13
1.933030000000000000e+13
5.431670000000000000e+12
1.695430000000000000e+13
6.600020000000000000e+13
6.600020000000000000e+13
6.600020000000000000e+13
1.796870000000000000e+13
1.796870000000000000e+13
4.767980000000000000e+12
4.767980000000000000e+12
1.786910000000000000e+13
7.472440000000000000e+12
6.744540000000000000e+12
1.679350000000000000e+12
1.679350000000000000e+12
1.748860000000000000e+12
2.043850000000000000e+12
2.043850000000000000e+12
2.043850000000000000e+12
2.328380000000000000e+12
3.810940000000000000e+12
3.810940000000000000e+12
9.585950000000000000e+11
5.680320000000000000e+11
1.103810000000000000e+12
1.103810000000000000e+12
1.103810000000000000e+12
2.906420000000000000e+12
1.125380000000000000e+13
1.125380000000000000e+13
4.410470000000000000e+13
4.410470000000000000e+13
1.105350000000000000e+13
1.105350000000000000e+13
1.105350000000000000e+13
1.105350000000000000e+13
3.034590000000000000e+12
1.182530000000000000e+13
1.182530000000000000e+13
1.182530000000000000e+13
3.490030000000000000e+12
3.490030000000000000e+12
3.490030000000000000e+12
1.305430000000000000e+13
1.305430000000000000e+13
1.305430000000000000e+13
1.305430000000000000e+13
3.447400000000000000e+12
3.447400000000000000e+12
3.447400000000000000e+12
1.033940000000000000e+12
3.352630000000000000e+12
9.601090000000000000e+11
9.601090000000000000e+11
9.601090000000000000e+11
9.601090000000000000e+11
3.934100000000000000e+11
1.483000000000000000e+12
3.848360000000000000e+11
3.848360000000000000e+11
3.848360000000000000e+11
3.848360000000000000e+11
3.848360000000000000e+11
3.848360000000000000e+11
3.848360000000000000e+11
1.416710000000000000e+12
1.416710000000000000e+12
1.416710000000000000e+12
1.245690000000000000e+12
1.245690000000000000e+12
4.829470000000000000e+12
1.948460000000000000e+12
1.492370000000000000e+12
1.492370000000000000e+12
1.492370000000000000e+12
4.305370000000000000e+12
8.908770000000000000e+12
3.276900000000000000e+13
3.276900000000000000e+13
3.276900000000000000e+13
1.120870000000000000e+14
1.120870000000000000e+14
1.120870000000000000e+14
3.209520000000000000e+13
3.209520000000000000e+13
3.209520000000000000e+13
1.074920000000000000e+14
4.054930000000000000e+14
4.054930000000000000e+14
1.053540000000000000e+14
2.863090000000000000e+13
8.341500000000000000e+12
8.341500000000000000e+12
8.341500000000000000e+12
8.341500000000000000e+12
3.462970000000000000e+12
8.365060000000000000e+12
2.523240000000000000e+12
7.770210000000000000e+11
3.942200000000000000e+11
1.060240000000000000e+12
3.353460000000000000e+11
1.711010000000000000e+11
1.263490000000000000e+11
4.598660000000000000e+11
4.598660000000000000e+11
3.527450000000000000e+11
6.289520000000000000e+11
6.289520000000000000e+11
6.289520000000000000e+11
1.178570000000000000e+12
1.178570000000000000e+12
1.178570000000000000e+12
1.178570000000000000e+12
1.970910000000000000e+12
1.346100000000000000e+12
5.568570000000000000e+12
5.568570000000000000e+12
3.011580000000000000e+12
5.007540000000000000e+12
2.131340000000000000e+13
5.515300000000000000e+12
1.060950000000000000e+13
9.223470000000000000e+12
9.223470000000000000e+12
9.223470000000000000e+12
9.223470000000000000e+12
1.196170000000000000e+13
1.196170000000000000e+13
1.196170000000000000e+13
1.196170000000000000e+13
2.888320000000000000e+13
1.183990000000000000e+14
3.019590000000000000e+13
1.086710000000000000e+13
1.086710000000000000e+13
1.086710000000000000e+13
1.086710000000000000e+13
1.086710000000000000e+13
3.268100000000000000e+13
3.268100000000000000e+13
3.268100000000000000e+13
3.268100000000000000e+13
1.234590000000000000e+14
2.988750000000000000e+13
2.988750000000000000e+13
2.988750000000000000e+13
2.988750000000000000e+13
2.988750000000000000e+13
1.318240000000000000e+13
1.247390000000000000e+13
5.132410000000000000e+13
5.132410000000000000e+13
4.777450000000000000e+13
7.558800000000000000e+13
7.558800000000000000e+13
7.558800000000000000e+13
4.989060000000000000e+13
8.759890000000000000e+13
2.125800000000000000e+13
2.125800000000000000e+13
1.144260000000000000e+13
1.144260000000000000e+13
1.144260000000000000e+13
1.144260000000000000e+13
1.563560000000000000e+13
2.215180000000000000e+13
5.386110000000000000e+12
5.386110000000000000e+12
5.386110000000000000e+12
1.540110000000000000e+13
1.540110000000000000e+13
1.540110000000000000e+13
1.540110000000000000e+13
5.815900000000000000e+13
5.815900000000000000e+13
5.815900000000000000e+13
5.815900000000000000e+13
1.604660000000000000e+13
3.794720000000000000e+12
3.794720000000000000e+12
3.794720000000000000e+12
1.330790000000000000e+13
1.330790000000000000e+13
1.330790000000000000e+13
5.252970000000000000e+13
5.252970000000000000e+13
1.294880000000000000e+13
1.294880000000000000e+13
1.294880000000000000e+13
1.294880000000000000e+13
1.294880000000000000e+13
1.294880000000000000e+13
3.818810000000000000e+12
3.818810000000000000e+12
3.818810000000000000e+12
3.818810000000000000e+12
1.169430000000000000e+13
4.449370000000000000e+13
1.157280000000000000e+13
1.157280000000000000e+13
1.157280000000000000e+13
3.178150000000000000e+12
1.043220000000000000e+12
1.043220000000000000e+12
3.395210000000000000e+11
3.395210000000000000e+11
1.877730000000000000e+11
6.837120000000000000e+11
6.837120000000000000e+11
4.895580000000000000e+11
3.794680000000000000e+11
3.794680000000000000e+11
9.706970000000000000e+11
1.720830000000000000e+12
3.608280000000000000e+12
3.608280000000000000e+12
3.608280000000000000e+12
1.942910000000000000e+12
3.978240000000000000e+12
3.978240000000000000e+12
1.200580000000000000e+13
3.304780000000000000e+13
3.304780000000000000e+13
3.304780000000000000e+13
3.304780000000000000e+13
1.080420000000000000e+14
4.067600000000000000e+14
4.067600000000000000e+14
4.067600000000000000e+14
4.067600000000000000e+14
1.182700000000000000e+14
1.182700000000000000e+14
1.182700000000000000e+14
1.182700000000000000e+14
3.782770000000000000e+14
3.782770000000000000e+14
9.449510000000000000e+13
9.449510000000000000e+13
3.543820000000000000e+14
3.543820000000000000e+14
3.543820000000000000e+14
1.360130000000000000e+15
1.360130000000000000e+15
3.532680000000000000e+14
3.532680000000000000e+14
1.003830000000000000e+14
3.415460000000000000e+14
3.415460000000000000e+14
8.840380000000000000e+13
3.027080000000000000e+13
3.027080000000000000e+13
3.027080000000000000e+13
1.107630000000000000e+13
9.664280000000000000e+12
3.344310000000000000e+13
3.344310000000000000e+13
7.196560000000000000e+13
7.196560000000000000e+13
2.874130000000000000e+14
2.874130000000000000e+14
2.874130000000000000e+14
2.874130000000000000e+14
7.232500000000000000e+13
7.232500000000000000e+13
2.881760000000000000e+13
7.034060000000000000e+13
7.034060000000000000e+13
2.084460000000000000e+13
6.930760000000000000e+13
1.980480000000000000e+13
6.161810000000000000e+12
6.161810000000000000e+12
6.161810000000000000e+12
2.025010000000000000e+13
2.025010000000000000e+13
2.025010000000000000e+13
2.025010000000000000e+13
2.025010000000000000e+13
2.025010000000000000e+13
5.047580000000000000e+12
1.431690000000000000e+12
5.155200000000000000e+12
1.320260000000000000e+12
1.320260000000000000e+12
1.320260000000000000e+12
1.320260000000000000e+12
1.320260000000000000e+12
3.615610000000000000e+11
9.741630000000000000e+10
9.741630000000000000e+10
9.741630000000000000e+10
9.741630000000000000e+10
9.741630000000000000e+10
2.801800000000000000e+10
1.017670000000000000e+11
2.801390000000000000e+10
1.078590000000000000e+10
5.335870000000000000e+09
5.335870000000000000e+09
2.201110000000000000e+09
3.901290000000000000e+09
1.848880000000000000e+09
1.848880000000000000e+09
1.848880000000000000e+09
1.596170000000000000e+09
3.270180000000000000e+09
3.270180000000000000e+09
1.189850000000000000e+10
3.569790000000000000e+10
1.099480000000000000e+10
1.099480000000000000e+10
3.058100000000000000e+09
1.689880000000000000e+09
2.265180000000000000e+09
2.265180000000000000e+09
2.265180000000000000e+09
5.935430000000000000e+09
2.111620000000000000e+10
2.111620000000000000e+10
6.495760000000000000e+09
1.888850000000000000e+09
1.888850000000000000e+09
1.888850000000000000e+09
1.206130000000000000e+09
6.872580000000000000e+08
6.872580000000000000e+08
2.668370000000000000e+09
5.322990000000000000e+09
7.341480000000000000e+09
7.341480000000000000e+09
7.341480000000000000e+09
7.934780000000000000e+09
2.814140000000000000e+09
9.151560000000000000e+09
3.723760000000000000e+10
3.690810000000000000e+10
2.641210000000000000e+10
2.641210000000000000e+10
6.520380000000000000e+09
1.698980000000000000e+10
3.430740000000000000e+10
3.430740000000000000e+10
3.430740000000000000e+10
3.430740000000000000e+10
2.501290000000000000e+10
2.501290000000000000e+10
1.025950000000000000e+11
2.251270000000000000e+11
4.187510000000000000e+11
1.353740000000000000e+11
3.359430000000000000e+10
3.359430000000000000e+10
3.359430000000000000e+10
2.064750000000000000e+10
7.846930000000000000e+09
2.925980000000000000e+10
9.298240000000000000e+10
1.539890000000000000e+11
5.947980000000000000e+10
5.947980000000000000e+10
2.192420000000000000e+10
5.412150000000000000e+10
5.412150000000000000e+10
2.834400000000000000e+10
3.805830000000000000e+10
1.800210000000000000e+11
1.800210000000000000e+11
5.269340000000000000e+11
5.269340000000000000e+11
2.168950000000000000e+12
5.434480000000000000e+11
1.997930000000000000e+12
1.997930000000000000e+12
1.997930000000000000e+12
5.425930000000000000e+11
5.425930000000000000e+11
1.802810000000000000e+12
1.802810000000000000e+12
6.110330000000000000e+11
2.365960000000000000e+12
9.881780000000000000e+12
9.881780000000000000e+12
5.632340000000000000e+12
5.632340000000000000e+12
5.632340000000000000e+12
5.632340000000000000e+12
6.798300000000000000e+12
2.014460000000000000e+12
2.014460000000000000e+12
2.014460000000000000e+12
3.984440000000000000e+12
3.984440000000000000e+12
1.491950000000000000e+13
3.580780000000000000e+12
9.748080000000000000e+12
3.663870000000000000e+13
3.663870000000000000e+13
3.663870000000000000e+13
1.423740000000000000e+14
1.423740000000000000e+14
3.458130000000000000e+13
3.458130000000000000e+13
3.458130000000000000e+13
3.458130000000000000e+13
3.458130000000000000e+13
8.428080000000000000e+12
3.348690000000000000e+13
9.525660000000000000e+12
3.698500000000000000e+13
3.698500000000000000e+13
1.472020000000000000e+14
4.323410000000000000e+13
1.146400000000000000e+13
4.471340000000000000e+13
4.471340000000000000e+13
4.471340000000000000e+13
4.471340000000000000e+13
1.875830000000000000e+14
4.861840000000000000e+13
4.861840000000000000e+13
4.861840000000000000e+13
4.861840000000000000e+13
1.798080000000000000e+13
1.600980000000000000e+13
6.106090000000000000e+13
1.450460000000000000e+13
1.848870000000000000e+13
4.532980000000000000e+13
4.532980000000000000e+13
4.532980000000000000e+13
1.765110000000000000e+14
1.765110000000000000e+14
1.765110000000000000e+14
1.765110000000000000e+14
1.765110000000000000e+14
1.765110000000000000e+14
1.765110000000000000e+14
1.765110000000000000e+14
1.765110000000000000e+14
1.765110000000000000e+14
1.765110000000000000e+14
1.765110000000000000e+14
1.765110000000000000e+14
1.765110000000000000e+14
1.765110000000000000e+14
1.765110000000000000e+14
1.765110000000000000e+14
4.693550000000000000e+13
4.693550000000000000e+13
4.693550000000000000e+13
4.693550000000000000e+13
1.759490000000000000e+14
1.759490000000000000e+14
1.759490000000000000e+14
1.759490000000000000e+14
1.759490000000000000e+14
1.759490000000000000e+14
7.566380000000000000e+14
7.566380000000000000e+14
7.566380000000000000e+14
2.030800000000000000e+14
2.030800000000000000e+14
2.030800000000000000e+14
2.030800000000000000e+14
7.088280000000000000e+14
7.088280000000000000e+14
1.851300000000000000e+14
1.851300000000000000e+14
1.851300000000000000e+14
7.666660000000000000e+14
7.666660000000000000e+14
2.534420000000000000e+15
2.534420000000000000e+15
2.534420000000000000e+15
2.534420000000000000e+15
9.415210000000000000e+15
3.926600000000000000e+16
3.926600000000000000e+16
3.926600000000000000e+16
1.142800000000000000e+16
2.881030000000000000e+15
2.881030000000000000e+15
9.490180000000000000e+15
9.490180000000000000e+15
9.490180000000000000e+15
9.490180000000000000e+15
3.452470000000000000e+16
1.302260000000000000e+17
3.149080000000000000e+16
1.369190000000000000e+17
1.369190000000000000e+17
1.369190000000000000e+17
1.369190000000000000e+17
1.369190000000000000e+17
1.369190000000000000e+17
1.369190000000000000e+17
1.369190000000000000e+17
1.369190000000000000e+17
1.369190000000000000e+17
1.369190000000000000e+17
3.313770000000000000e+16
7.635700000000000000e+15
7.635700000000000000e+15
7.635700000000000000e+15
7.635700000000000000e+15
7.635700000000000000e+15
1.874580000000000000e+15
6.281220000000000000e+14
6.281220000000000000e+14
6.281220000000000000e+14
2.611990000000000000e+14
5.750510000000000000e+14
5.750510000000000000e+14
1.345730000000000000e+14
3.749190000000000000e+13
3.749190000000000000e+13
3.749190000000000000e+13
3.749190000000000000e+13
3.749190000000000000e+13
3.749190000000000000e+13
3.749190000000000000e+13
3.749190000000000000e+13
3.749190000000000000e+13
3.749190000000000000e+13
1.550800000000000000e+14
1.550800000000000000e+14
4.031610000000000000e+13
1.319980000000000000e+13
3.251980000000000000e+12
3.251980000000000000e+12
1.125860000000000000e+13
1.125860000000000000e+13
3.064520000000000000e+12
7.323520000000000000e+11
7.323520000000000000e+11
7.323520000000000000e+11
2.656110000000000000e+11
2.656110000000000000e+11
6.668670000000000000e+10
6.668670000000000000e+10
4.984810000000000000e+10
1.270400000000000000e+10
1.270400000000000000e+10
3.093970000000000000e+10
5.981290000000000000e+10
2.029180000000000000e+10
5.411130000000000000e+09
5.411130000000000000e+09
2.736840000000000000e+09
2.736840000000000000e+09
2.736840000000000000e+09
2.736840000000000000e+09
5.470540000000000000e+09
5.470540000000000000e+09
2.117420000000000000e+09
2.117420000000000000e+09
2.117420000000000000e+09
2.117420000000000000e+09
2.117420000000000000e+09
5.488740000000000000e+08
5.488740000000000000e+08
3.627290000000000000e+08
3.627290000000000000e+08
3.627290000000000000e+08
1.332010000000000000e+09
2.095610000000000000e+09
2.088690000000000000e+09
2.088690000000000000e+09
2.088690000000000000e+09
2.088690000000000000e+09
1.633360000000000000e+09
6.071400000000000000e+09
6.071400000000000000e+09
6.071400000000000000e+09
1.264000000000000000e+10
3.257170000000000000e+09
3.257170000000000000e+09
1.070600000000000000e+10
3.533080000000000000e+10
3.533080000000000000e+10
3.533080000000000000e+10
3.533080000000000000e+10
3.533080000000000000e+10
9.472320000000000000e+09
9.472320000000000000e+09
2.855580000000000000e+09
2.855580000000000000e+09
1.169720000000000000e+09
7.309580000000000000e+08
2.870120000000000000e+08
1.020000000000000000e+09
1.744450000000000000e+09
3.603940000000000000e+09
2.999460000000000000e+09
7.654510000000000000e+08
3.187630000000000000e+08
9.388780000000000000e+08
1.276890000000000000e+09
5.919900000000000000e+08
4.676280000000000000e+08
1.660070000000000000e+09
8.514100000000000000e+08
1.935000000000000000e+09
1.385960000000000000e+09
5.147260000000000000e+09
8.259200000000000000e+09
8.259200000000000000e+09
6.856100000000000000e+09
2.080250000000000000e+09
6.855410000000000000e+09
1.916180000000000000e+10
2.251880000000000000e+10
5.848350000000000000e+10
1.815410000000000000e+10
1.815410000000000000e+10
2.349090000000000000e+10
2.349090000000000000e+10
1.147480000000000000e+10
3.797010000000000000e+10
8.932860000000000000e+10
8.932860000000000000e+10
1.201920000000000000e+11
1.201920000000000000e+11
4.947280000000000000e+10
4.947280000000000000e+10
7.223620000000000000e+10
3.059690000000000000e+10
5.792170000000000000e+10
5.792170000000000000e+10
2.773100000000000000e+10
7.264560000000000000e+10
1.845670000000000000e+11
1.845670000000000000e+11
3.344530000000000000e+11
3.344530000000000000e+11
1.297720000000000000e+12
1.297720000000000000e+12
3.903170000000000000e+12
3.903170000000000000e+12
9.768670000000000000e+11
9.768670000000000000e+11
3.343380000000000000e+12
3.343380000000000000e+12
1.374430000000000000e+13
1.374430000000000000e+13
5.365040000000000000e+13
5.365040000000000000e+13
5.365040000000000000e+13
1.343080000000000000e+13
1.343080000000000000e+13
3.378380000000000000e+12
3.378380000000000000e+12
1.351470000000000000e+13
4.928910000000000000e+12
3.120280000000000000e+12
1.309840000000000000e+13
1.309840000000000000e+13
2.252080000000000000e+13
1.478640000000000000e+13
1.478640000000000000e+13
4.955350000000000000e+12
5.832010000000000000e+12
1.906490000000000000e+13
1.906490000000000000e+13
7.394740000000000000e+12
7.317550000000000000e+12
2.228030000000000000e+12
2.228030000000000000e+12
3.493310000000000000e+12
1.791700000000000000e+12
5.122680000000000000e+11
5.122680000000000000e+11
9.324650000000000000e+11
2.474070000000000000e+12
2.474070000000000000e+12
2.474070000000000000e+12
2.474070000000000000e+12
2.474070000000000000e+12
6.850470000000000000e+11
6.850470000000000000e+11
6.850470000000000000e+11
2.041560000000000000e+11
1.073830000000000000e+11
1.073830000000000000e+11
1.073830000000000000e+11
7.622800000000000000e+10
1.318280000000000000e+11
5.442400000000000000e+11
1.433990000000000000e+11
1.410870000000000000e+11
2.320540000000000000e+11
2.320540000000000000e+11
2.320540000000000000e+11
2.320540000000000000e+11
2.320540000000000000e+11
2.320540000000000000e+11
6.089620000000000000e+10
6.089620000000000000e+10
6.089620000000000000e+10
6.089620000000000000e+10
6.089620000000000000e+10
1.682530000000000000e+10
1.682530000000000000e+10
6.814610000000000000e+10
6.814610000000000000e+10
6.814610000000000000e+10
2.673360000000000000e+10
6.495640000000000000e+09
2.478810000000000000e+09
1.825770000000000000e+09
2.563130000000000000e+09
2.563130000000000000e+09
5.052880000000000000e+09
1.061570000000000000e+10
1.061570000000000000e+10
1.061570000000000000e+10
1.061570000000000000e+10
1.061570000000000000e+10
5.339560000000000000e+09
5.339560000000000000e+09
4.416920000000000000e+09
4.416920000000000000e+09
5.880780000000000000e+09
5.880780000000000000e+09
8.798570000000000000e+09
1.995740000000000000e+10
6.270380000000000000e+10
1.583620000000000000e+10
4.498160000000000000e+10
1.947130000000000000e+10
1.202700000000000000e+10
1.202700000000000000e+10
4.786790000000000000e+10
5.498930000000000000e+10
4.504900000000000000e+10
1.349470000000000000e+10
3.565630000000000000e+09
5.428710000000000000e+09
1.004330000000000000e+10
1.004330000000000000e+10
3.156660000000000000e+09
1.134470000000000000e+10
1.134470000000000000e+10
1.134470000000000000e+10
1.134470000000000000e+10
3.951090000000000000e+09
3.087420000000000000e+09
3.087420000000000000e+09
1.826690000000000000e+09
2.266380000000000000e+09
7.294810000000000000e+09
1.746220000000000000e+09
4.111020000000000000e+09
4.111020000000000000e+09
4.111020000000000000e+09
1.052140000000000000e+09
4.534710000000000000e+08
2.503850000000000000e+08
2.503850000000000000e+08
2.503850000000000000e+08
4.874280000000000000e+08
4.881130000000000000e+08
4.681540000000000000e+08
4.681540000000000000e+08
2.207190000000000000e+08
1.064900000000000000e+08
1.619270000000000000e+08
1.619270000000000000e+08
1.619270000000000000e+08
5.234610000000000000e+08
5.234610000000000000e+08
1.946380000000000000e+09
4.993640000000000000e+09
4.993640000000000000e+09
1.467940000000000000e+09
1.467940000000000000e+09
1.467940000000000000e+09
4.609850000000000000e+08
3.037540000000000000e+08
3.037540000000000000e+08
3.037540000000000000e+08
3.037540000000000000e+08
5.617470000000000000e+08
5.617470000000000000e+08
1.952400000000000000e+09
1.952400000000000000e+09
1.952400000000000000e+09
1.952400000000000000e+09
1.952400000000000000e+09
8.046020000000000000e+08
9.560320000000000000e+08
2.820910000000000000e+09
2.820910000000000000e+09
3.378020000000000000e+09
4.637030000000000000e+09
4.637030000000000000e+09
1.942410000000000000e+09
1.942410000000000000e+09
3.615560000000000000e+09
1.438610000000000000e+10
3.869750000000000000e+10
3.869750000000000000e+10
3.869750000000000000e+10
3.869750000000000000e+10
1.431680000000000000e+11
1.431680000000000000e+11
8.790970000000000000e+10
8.790970000000000000e+10
2.608470000000000000e+10
3.550570000000000000e+10
3.443520000000000000e+10
3.443520000000000000e+10
1.189850000000000000e+11
2.730440000000000000e+11
3.639110000000000000e+11
1.182190000000000000e+12
1.182190000000000000e+12
3.789360000000000000e+12
1.067910000000000000e+13
4.276630000000000000e+13
1.774680000000000000e+14
5.153720000000000000e+13
1.716560000000000000e+14
1.716560000000000000e+14
1.716560000000000000e+14
1.716560000000000000e+14
4.962900000000000000e+13
1.341320000000000000e+13
5.662790000000000000e+13
2.054920000000000000e+14
7.134690000000000000e+13
3.245350000000000000e+13
3.245350000000000000e+13
3.245350000000000000e+13
2.482620000000000000e+13
2.842870000000000000e+13
2.842870000000000000e+13
2.842870000000000000e+13
3.339880000000000000e+13
2.194860000000000000e+13
2.194860000000000000e+13
8.253360000000000000e+13
1.890860000000000000e+14
1.890860000000000000e+14
1.890860000000000000e+14
4.689470000000000000e+13
4.689470000000000000e+13
1.325430000000000000e+13
1.325430000000000000e+13
4.073700000000000000e+12
2.737450000000000000e+12
2.737450000000000000e+12
2.737450000000000000e+12
5.542930000000000000e+12
1.590050000000000000e+13
1.590050000000000000e+13
1.590050000000000000e+13
1.590050000000000000e+13
1.590050000000000000e+13
1.590050000000000000e+13
6.762750000000000000e+13
6.762750000000000000e+13
6.762750000000000000e+13
1.679010000000000000e+13
1.679010000000000000e+13
4.168810000000000000e+12
4.168810000000000000e+12
4.168810000000000000e+12
4.168810000000000000e+12
4.168810000000000000e+12
1.596590000000000000e+13
1.596590000000000000e+13
6.838940000000000000e+13
6.838940000000000000e+13
6.838940000000000000e+13
1.764680000000000000e+13
1.764680000000000000e+13
1.764680000000000000e+13
1.764680000000000000e+13
1.764680000000000000e+13
1.764680000000000000e+13
1.764680000000000000e+13
5.837890000000000000e+12
5.837890000000000000e+12
5.837890000000000000e+12
2.336490000000000000e+13
1.994080000000000000e+13
4.038750000000000000e+13
4.038750000000000000e+13
4.038750000000000000e+13
1.460310000000000000e+13
8.884750000000000000e+12
8.884750000000000000e+12
2.336180000000000000e+12
2.275130000000000000e+12
4.736130000000000000e+12
4.736130000000000000e+12
1.472790000000000000e+12
3.356480000000000000e+12
1.236410000000000000e+13
1.236410000000000000e+13
3.668050000000000000e+12
3.668050000000000000e+12
1.496880000000000000e+13
1.496880000000000000e+13
7.149420000000000000e+12
5.727870000000000000e+12
1.553600000000000000e+12
1.553600000000000000e+12
2.100390000000000000e+12
2.110180000000000000e+12
5.934800000000000000e+12
1.443380000000000000e+12
2.481390000000000000e+12
6.416690000000000000e+12
6.416690000000000000e+12
6.416690000000000000e+12
6.416690000000000000e+12
6.416690000000000000e+12
6.416690000000000000e+12
6.416690000000000000e+12
6.416690000000000000e+12
1.743670000000000000e+12
1.743670000000000000e+12
1.743670000000000000e+12
4.956070000000000000e+11
2.467560000000000000e+11
8.422010000000000000e+11
8.422010000000000000e+11
2.552190000000000000e+12
9.512600000000000000e+11
3.247550000000000000e+11
3.247550000000000000e+11
3.247550000000000000e+11
1.944330000000000000e+11
1.788940000000000000e+11
1.788940000000000000e+11
1.788940000000000000e+11
3.209470000000000000e+11
2.630300000000000000e+11
2.630300000000000000e+11
2.630300000000000000e+11
3.740090000000000000e+11
4.961210000000000000e+11
4.961210000000000000e+11
4.961210000000000000e+11
3.066700000000000000e+11
3.790750000000000000e+11
3.790750000000000000e+11
3.790750000000000000e+11
3.532950000000000000e+11
8.708080000000000000e+11
8.708080000000000000e+11
8.708080000000000000e+11
8.708080000000000000e+11
8.708080000000000000e+11
8.708080000000000000e+11
2.899580000000000000e+12
2.899580000000000000e+12
2.899580000000000000e+12
6.779570000000000000e+11
2.285380000000000000e+12
8.840840000000000000e+11
2.869330000000000000e+11
2.869330000000000000e+11
8.875600000000000000e+11
9.299700000000000000e+11
1.138930000000000000e+12
1.138930000000000000e+12
4.381310000000000000e+12
2.305870000000000000e+12
3.835570000000000000e+12
3.835570000000000000e+12
3.835570000000000000e+12
1.011390000000000000e+13
1.011390000000000000e+13
4.236930000000000000e+13
4.236930000000000000e+13
4.236930000000000000e+13
4.236930000000000000e+13
4.236930000000000000e+13
4.236930000000000000e+13
4.236930000000000000e+13
1.605670000000000000e+13
1.605670000000000000e+13
5.560920000000000000e+12
6.725990000000000000e+12
6.725990000000000000e+12
6.725990000000000000e+12
2.291700000000000000e+13
3.599400000000000000e+13
2.307890000000000000e+13
2.307890000000000000e+13
2.307890000000000000e+13
1.731200000000000000e+13
2.378130000000000000e+13
2.378130000000000000e+13
6.661810000000000000e+12
1.005040000000000000e+13
2.794260000000000000e+13
2.794260000000000000e+13
2.794260000000000000e+13
8.369320000000000000e+13
3.053690000000000000e+13
3.053690000000000000e+13
3.053690000000000000e+13
8.507670000000000000e+13
2.575880000000000000e+14
6.030760000000000000e+13
1.444710000000000000e+13
1.444710000000000000e+13
5.618260000000000000e+13
5.618260000000000000e+13
5.618260000000000000e+13
5.618260000000000000e+13
1.478700000000000000e+13
1.478700000000000000e+13
1.478700000000000000e+13
1.478700000000000000e+13
1.478700000000000000e+13
1.478700000000000000e+13
1.478700000000000000e+13
6.268430000000000000e+12
6.158600000000000000e+12
2.559640000000000000e+13
2.559640000000000000e+13
2.398950000000000000e+13
4.175600000000000000e+13
4.175600000000000000e+13
4.175600000000000000e+13
1.315830000000000000e+14
4.823610000000000000e+14
4.823610000000000000e+14
4.823610000000000000e+14
4.823610000000000000e+14
1.282300000000000000e+14
1.282300000000000000e+14
3.085630000000000000e+13
3.085630000000000000e+13
3.085630000000000000e+13
3.085630000000000000e+13
3.085630000000000000e+13
3.085630000000000000e+13
3.085630000000000000e+13
3.085630000000000000e+13
3.085630000000000000e+13
3.085630000000000000e+13
1.163150000000000000e+14
1.163150000000000000e+14
4.823340000000000000e+14
1.235750000000000000e+14
4.047520000000000000e+13
4.047520000000000000e+13
4.047520000000000000e+13
4.047520000000000000e+13
1.353200000000000000e+14
1.353200000000000000e+14
3.388530000000000000e+13
3.388530000000000000e+13
9.184190000000000000e+12
9.184190000000000000e+12
3.692640000000000000e+13
1.067420000000000000e+13
5.444570000000000000e+12
5.444570000000000000e+12
5.444570000000000000e+12
3.357840000000000000e+12
4.743160000000000000e+12
1.233840000000000000e+12
3.364750000000000000e+11
3.364750000000000000e+11
3.364750000000000000e+11
1.323520000000000000e+12
5.027530000000000000e+12
1.718910000000000000e+12
1.718910000000000000e+12
1.718910000000000000e+12
1.718910000000000000e+12
1.718910000000000000e+12
5.657970000000000000e+12
5.657970000000000000e+12
5.657970000000000000e+12
5.657970000000000000e+12
1.806960000000000000e+12
1.806960000000000000e+12
1.806960000000000000e+12
5.329890000000000000e+12
1.968650000000000000e+13
1.968650000000000000e+13
1.968650000000000000e+13
1.968650000000000000e+13
1.968650000000000000e+13
1.968650000000000000e+13
1.968650000000000000e+13
1.968650000000000000e+13
5.249010000000000000e+12
5.249010000000000000e+12
5.249010000000000000e+12
5.249010000000000000e+12
1.968010000000000000e+13
1.968010000000000000e+13
8.218960000000000000e+13
2.107810000000000000e+13
2.107810000000000000e+13
4.982960000000000000e+12
4.982960000000000000e+12
4.982960000000000000e+12
4.982960000000000000e+12
4.982960000000000000e+12
4.982960000000000000e+12
4.982960000000000000e+12
1.788590000000000000e+12
1.788590000000000000e+12
4.905090000000000000e+11
1.007020000000000000e+12
3.348930000000000000e+12
3.348930000000000000e+12
3.348930000000000000e+12
1.269180000000000000e+12
1.269180000000000000e+12
3.084480000000000000e+11
1.085690000000000000e+12
1.100220000000000000e+12
1.605840000000000000e+12
1.605840000000000000e+12
1.605840000000000000e+12
2.514740000000000000e+12
8.925570000000000000e+12
8.925570000000000000e+12
3.446520000000000000e+12
8.080110000000000000e+12
8.080110000000000000e+12
3.428190000000000000e+13
1.279180000000000000e+14
1.279180000000000000e+14
1.279180000000000000e+14
3.014800000000000000e+13
8.487760000000000000e+12
2.855130000000000000e+13
2.855130000000000000e+13
2.855130000000000000e+13
7.220020000000000000e+12
7.220020000000000000e+12
7.220020000000000000e+12
7.220020000000000000e+12
7.220020000000000000e+12
7.220020000000000000e+12
2.992280000000000000e+13
2.992280000000000000e+13
2.992280000000000000e+13
2.992280000000000000e+13
2.992280000000000000e+13
7.308000000000000000e+12
7.308000000000000000e+12
7.308000000000000000e+12
7.308000000000000000e+12
2.062430000000000000e+12
2.062430000000000000e+12
2.062430000000000000e+12
8.458910000000000000e+12
3.804390000000000000e+12
3.804390000000000000e+12
3.804390000000000000e+12
3.804390000000000000e+12
4.075040000000000000e+12
1.160260000000000000e+12
4.119420000000000000e+12
1.027280000000000000e+12
1.149880000000000000e+12
1.149880000000000000e+12
3.172860000000000000e+11
1.421250000000000000e+11
9.616780000000000000e+10
9.616780000000000000e+10
9.616780000000000000e+10
2.802330000000000000e+11
4.111190000000000000e+11
1.454860000000000000e+12
4.544910000000000000e+11
4.544910000000000000e+11
1.370490000000000000e+12
1.370490000000000000e+12
4.438380000000000000e+12
4.438380000000000000e+12
4.438380000000000000e+12
4.438380000000000000e+12
1.768980000000000000e+13
1.768980000000000000e+13
4.093730000000000000e+13
1.663990000000000000e+13
4.424900000000000000e+12
4.424900000000000000e+12
6.854530000000000000e+12
1.855510000000000000e+13
1.855510000000000000e+13
4.709560000000000000e+12
1.481260000000000000e+13
1.481260000000000000e+13
1.481260000000000000e+13
1.481260000000000000e+13
8.629890000000000000e+12
1.546160000000000000e+13
3.860790000000000000e+12
1.359860000000000000e+12
3.000190000000000000e+12
1.113330000000000000e+13
1.113330000000000000e+13
4.060160000000000000e+12
1.309680000000000000e+13
1.309680000000000000e+13
1.309680000000000000e+13
1.309680000000000000e+13
5.180450000000000000e+13
5.180450000000000000e+13
1.321880000000000000e+13
1.321880000000000000e+13
1.321880000000000000e+13
1.321880000000000000e+13
3.643480000000000000e+12
3.643480000000000000e+12
9.197340000000000000e+11
9.197340000000000000e+11
3.003080000000000000e+11
3.003080000000000000e+11
3.003080000000000000e+11
3.003080000000000000e+11
1.630760000000000000e+11
1.097750000000000000e+11
1.097750000000000000e+11
4.404660000000000000e+11
8.867490000000000000e+11
7.913900000000000000e+11
2.967440000000000000e+12
2.967440000000000000e+12
2.726560000000000000e+12
8.756690000000000000e+12
8.756690000000000000e+12
8.756690000000000000e+12
6.374220000000000000e+12
6.374220000000000000e+12
6.374220000000000000e+12
1.758740000000000000e+12
2.297480000000000000e+12
5.999370000000000000e+11
5.999370000000000000e+11
5.999370000000000000e+11
4.207180000000000000e+11
4.207180000000000000e+11
4.207180000000000000e+11
4.207180000000000000e+11
7.310490000000000000e+11
7.310490000000000000e+11
2.235250000000000000e+11
7.645590000000000000e+11
4.568780000000000000e+11
4.568780000000000000e+11
4.568780000000000000e+11
4.568780000000000000e+11
7.787460000000000000e+11
2.593730000000000000e+12
2.593730000000000000e+12
2.593730000000000000e+12
8.100090000000000000e+12
8.100090000000000000e+12
2.560410000000000000e+13
2.560410000000000000e+13
2.560410000000000000e+13
9.843870000000000000e+13
2.803800000000000000e+13
2.803800000000000000e+13
1.118030000000000000e+14
4.081220000000000000e+14
4.081220000000000000e+14
1.007700000000000000e+14
4.288890000000000000e+14
4.288890000000000000e+14
1.168660000000000000e+14
1.168660000000000000e+14
1.168660000000000000e+14
3.392810000000000000e+13
3.392810000000000000e+13
3.392810000000000000e+13
3.392810000000000000e+13
3.392810000000000000e+13
1.227870000000000000e+14
3.003680000000000000e+13
3.003680000000000000e+13
3.003680000000000000e+13
9.059660000000000000e+12
2.859400000000000000e+12
2.859400000000000000e+12
1.057280000000000000e+13
1.057280000000000000e+13
1.057280000000000000e+13
1.057280000000000000e+13
1.057280000000000000e+13
1.057280000000000000e+13
2.837540000000000000e+12
1.199040000000000000e+13
2.900440000000000000e+12
9.247350000000000000e+11
4.506220000000000000e+11
4.506220000000000000e+11
4.506220000000000000e+11
3.677300000000000000e+11
5.912810000000000000e+11
2.369950000000000000e+12
7.848990000000000000e+12
7.848990000000000000e+12
7.848990000000000000e+12
7.848990000000000000e+12
7.848990000000000000e+12
2.644670000000000000e+12
2.644670000000000000e+12
2.644670000000000000e+12
8.421200000000000000e+11
2.368910000000000000e+12
2.368910000000000000e+12
1.003100000000000000e+13
1.003100000000000000e+13
1.003100000000000000e+13
1.003100000000000000e+13
2.351580000000000000e+12
2.351580000000000000e+12
2.351580000000000000e+12
2.351580000000000000e+12
2.351580000000000000e+12
2.351580000000000000e+12
2.351580000000000000e+12
2.351580000000000000e+12
2.351580000000000000e+12
2.351580000000000000e+12
8.214550000000000000e+12
2.318760000000000000e+12
2.318760000000000000e+12
5.705850000000000000e+11
5.705850000000000000e+11
1.921010000000000000e+12
4.582470000000000000e+11
1.426620000000000000e+11
3.859880000000000000e+11
3.859880000000000000e+11
3.859880000000000000e+11
1.483850000000000000e+12
4.890150000000000000e+11
2.979960000000000000e+11
2.979960000000000000e+11
2.979960000000000000e+11
5.067070000000000000e+11
3.115460000000000000e+11
3.115460000000000000e+11
3.115460000000000000e+11
4.038330000000000000e+11
1.163470000000000000e+12
1.163470000000000000e+12
1.163470000000000000e+12
4.834460000000000000e+11
3.552370000000000000e+11
3.552370000000000000e+11
3.552370000000000000e+11
7.811600000000000000e+11
5.253500000000000000e+11
5.253500000000000000e+11
1.646150000000000000e+12
1.786080000000000000e+12
5.011140000000000000e+12
1.253160000000000000e+12
1.253160000000000000e+12
4.130110000000000000e+12
4.130110000000000000e+12
4.130110000000000000e+12
4.130110000000000000e+12
4.130110000000000000e+12
4.130110000000000000e+12
4.130110000000000000e+12
4.130110000000000000e+12
1.444530000000000000e+13
1.444530000000000000e+13
3.458510000000000000e+12
1.438230000000000000e+13
1.438230000000000000e+13
1.438230000000000000e+13
3.899180000000000000e+12
3.899180000000000000e+12
1.004530000000000000e+12
1.004530000000000000e+12
3.670900000000000000e+12
3.670900000000000000e+12
3.670900000000000000e+12
3.670900000000000000e+12
3.670900000000000000e+12
3.670900000000000000e+12
1.079670000000000000e+12
1.079670000000000000e+12
1.079670000000000000e+12
3.945340000000000000e+11
3.401290000000000000e+11
1.218270000000000000e+12
3.290310000000000000e+11
5.380490000000000000e+11
5.380490000000000000e+11
5.380490000000000000e+11
1.895620000000000000e+12
6.402340000000000000e+12
6.402340000000000000e+12
2.450200000000000000e+12
2.450200000000000000e+12
6.430130000000000000e+11
1.077390000000000000e+12
3.563000000000000000e+12
3.563000000000000000e+12
3.563000000000000000e+12
1.253590000000000000e+13
3.405450000000000000e+12
8.502870000000000000e+11
8.502870000000000000e+11
3.446780000000000000e+11
2.911900000000000000e+11
8.808220000000000000e+10
2.352370000000000000e+10
2.934120000000000000e+10
7.322040000000000000e+10
4.171370000000000000e+10
4.171370000000000000e+10
1.504670000000000000e+11
1.504670000000000000e+11
2.198670000000000000e+11
2.198670000000000000e+11
2.198670000000000000e+11
5.693700000000000000e+10
4.503110000000000000e+10
4.503110000000000000e+10
4.503110000000000000e+10
4.503110000000000000e+10
5.941140000000000000e+10
1.533990000000000000e+10
1.533990000000000000e+10
1.533990000000000000e+10
4.212600000000000000e+10
1.129610000000000000e+10
1.129610000000000000e+10
1.129610000000000000e+10
1.129610000000000000e+10
3.473160000000000000e+09
1.033210000000000000e+09
3.114770000000000000e+08
3.114770000000000000e+08
1.863340000000000000e+08
5.183870000000000000e+08
5.183870000000000000e+08
1.266360000000000000e+09
8.941370000000000000e+08
8.941370000000000000e+08
8.941370000000000000e+08
2.526510000000000000e+09
3.553100000000000000e+09
9.474290000000000000e+09
3.655320000000000000e+09
8.798220000000000000e+09
8.412310000000000000e+09
3.262120000000000000e+10
3.262120000000000000e+10
1.299470000000000000e+10
1.511040000000000000e+10
1.511040000000000000e+10
1.997690000000000000e+10
1.763370000000000000e+10
3.499840000000000000e+10
3.499840000000000000e+10
3.778240000000000000e+10
9.251570000000000000e+10
5.579090000000000000e+10
5.579090000000000000e+10
4.590760000000000000e+10
1.440370000000000000e+11
1.567830000000000000e+11
8.493930000000000000e+10
9.161940000000000000e+10
9.161940000000000000e+10
2.794550000000000000e+11
7.378950000000000000e+11
2.447390000000000000e+12
2.447390000000000000e+12
2.447390000000000000e+12
2.447390000000000000e+12
2.447390000000000000e+12
6.133120000000000000e+11
2.373720000000000000e+12
2.373720000000000000e+12
2.373720000000000000e+12
2.373720000000000000e+12
9.850420000000000000e+12
2.644170000000000000e+12
8.082120000000000000e+12
3.350890000000000000e+13
1.446590000000000000e+14
1.446590000000000000e+14
3.787760000000000000e+13
3.787760000000000000e+13
8.902150000000000000e+12
8.902150000000000000e+12
8.902150000000000000e+12
2.232300000000000000e+12
2.232300000000000000e+12
2.232300000000000000e+12
2.232300000000000000e+12
2.232300000000000000e+12
2.232300000000000000e+12
8.037230000000000000e+12
3.111030000000000000e+13
3.111030000000000000e+13
3.111030000000000000e+13
7.577660000000000000e+12
2.324820000000000000e+12
2.324820000000000000e+12
2.324820000000000000e+12
2.324820000000000000e+12
2.324820000000000000e+12
2.324820000000000000e+12
6.201170000000000000e+11
1.961090000000000000e+11
4.966040000000000000e+11
4.966040000000000000e+11
1.997260000000000000e+12
1.997260000000000000e+12
1.997260000000000000e+12
7.986250000000000000e+12
7.986250000000000000e+12
7.986250000000000000e+12
3.049820000000000000e+13
3.049820000000000000e+13
3.049820000000000000e+13
3.049820000000000000e+13
3.049820000000000000e+13
3.049820000000000000e+13
1.299190000000000000e+14
4.038970000000000000e+13
1.296460000000000000e+14
1.296460000000000000e+14
1.296460000000000000e+14
5.075250000000000000e+14
1.306800000000000000e+14
1.306800000000000000e+14
1.306800000000000000e+14
1.306800000000000000e+14
3.739920000000000000e+13
3.739920000000000000e+13
9.028330000000000000e+12
9.028330000000000000e+12
3.692820000000000000e+12
1.102520000000000000e+13
1.102520000000000000e+13
3.675240000000000000e+12
2.733000000000000000e+12
2.733000000000000000e+12
7.813780000000000000e+11
1.753900000000000000e+12
1.460300000000000000e+12
1.460300000000000000e+12
