     0.0000000        2.00000000        0.00000008
     0.1000000        1.77109655        0.00540494
     0.2000000        1.58969728        0.00714534
     0.3000000        1.44081663        0.01062878
     0.4000000        1.31249330        0.01148724
     0.5000000        1.19857486        0.01337817
     0.6000000        1.10181863        0.01382080
     0.7000000        1.02296766        0.01538848
     0.8000000        0.95301996        0.01677607
     0.9000000        0.87923619        0.01503404
     1.0000000        0.81252897        0.01246271
     1.1000000        0.75374458        0.01294793
     1.2000000        0.68621208        0.01261400
     1.3000000        0.64559552        0.01386962
     1.4000000        0.60679506        0.01246421
     1.5000000        0.57249349        0.01601519
     1.6000000        0.53505865        0.01677033
     1.7000000        0.49202143        0.01617538
     1.8000000        0.46055555        0.01691554
     1.9000000        0.42347433        0.01371799
     2.0000000        0.39312564        0.01444214
     2.1000000        0.36891457        0.01385306
     2.2000000        0.34112522        0.01200096
     2.3000000        0.32202602        0.01497429
     2.4000000        0.29997581        0.01401712
     2.5000000        0.28182258        0.01293721
     2.6000000        0.26024160        0.01259444
     2.7000000        0.24481275        0.01223890
     2.8000000        0.23064487        0.01205386
     2.9000000        0.21707548        0.01476743
     3.0000000        0.19822878        0.01238609
     3.1000000        0.19147305        0.01349264
     3.2000000        0.17856049        0.01495689
     3.3000000        0.16826361        0.01299238
     3.4000000        0.16500959        0.01239849
     3.5000000        0.15589563        0.01183352
     3.6000000        0.15243658        0.00958958
     3.7000000        0.13580129        0.01173131
     3.8000000        0.13036249        0.00952652
     3.9000000        0.11786671        0.01103887
     4.0000000        0.11477995        0.01023689
     4.1000000        0.10802869        0.01226943
     4.2000000        0.10243189        0.01294883
     4.3000000        0.09849496        0.01202547
     4.4000000        0.09370203        0.01187934
     4.5000000        0.09601354        0.01133203
     4.6000000        0.09546724        0.01165574
     4.7000000        0.09811093        0.00826751
     4.8000000        0.09583208        0.00816639
     4.9000000        0.10042545        0.00798472
     5.0000000        0.10081807        0.00886909
     5.1000000        0.10711685        0.00649290
     5.2000000        0.10282097        0.00769503
     5.3000000        0.11022404        0.00600477
     5.4000000        0.10960825        0.00863252
     5.5000000        0.10631114        0.00848618
     5.6000000        0.11202499        0.00739699
     5.7000000        0.10994620        0.00964939
     5.8000000        0.11796795        0.00944450
     5.9000000        0.11880343        0.00939035
     6.0000000        0.12026554        0.00856877
     6.1000000        0.13070556        0.00689350
     6.2000000        0.13386883        0.01063308
     6.3000000        0.14437967        0.01240837
     6.4000000        0.14753591        0.01256356
     6.5000000        0.15224026        0.01089799
     6.6000000        0.16130451        0.01485069
     6.7000000        0.16584373        0.01261431
     6.8000000        0.17512343        0.01275858
     6.9000000        0.18310245        0.01594177
     7.0000000        0.19953793        0.01637446
     7.1000000        0.21714820        0.01685331
     7.2000000        0.22943270        0.01702798
     7.3000000        0.24041550        0.01480207
     7.4000000        0.26300917        0.01864903
     7.5000000        0.27811192        0.02238628
     7.6000000        0.30014399        0.02182429
     7.7000000        0.32816885        0.02110666
     7.8000000        0.34504809        0.02371351
     7.9000000        0.37613853        0.02037589
     8.0000000        0.40575025        0.02021067
     8.1000000        0.43503089        0.01997565
     8.2000000        0.46579075        0.01944564
     8.3000000        0.51228587        0.01543132
     8.4000000        0.54957400        0.01443909
     8.5000000        0.59151478        0.01677691
     8.6000000        0.62413306        0.01644855
     8.7000000        0.65478221        0.01492623
     8.8000000        0.70154915        0.01313706
     8.9000000        0.75836001        0.01353605
     9.0000000        0.81830021        0.01427758
     9.1000000        0.88580551        0.01500478
     9.2000000        0.95938024        0.01430062
     9.3000000        1.04388860        0.01118945
     9.4000000        1.12137634        0.01260105
     9.5000000        1.20698400        0.01158571
     9.6000000        1.31772247        0.00770481
     9.7000000        1.43968479        0.00764790
     9.8000000        1.57921068        0.00634463
     9.9000000        1.75703417        0.00677047
    10.0000000        2.00000000        0.00000008
