1.524509999999999975e+44
2.448879999999999822e+44
1.517279999999999907e+44
4.252999999999999894e+44
4.252999999999999894e+44
6.886379999999999966e+44
2.221390000000000108e+45
2.798879999999999972e+45
2.798879999999999972e+45
2.798879999999999972e+45
1.621810000000000119e+45
4.103000000000000079e+45
1.455029999999999927e+45
4.435390000000000251e+44
4.645410000000000221e+44
5.561069999999999689e+44
1.022250000000000072e+45
1.022250000000000072e+45
1.022250000000000072e+45
2.473240000000000016e+45
8.328120000000000207e+45
8.328120000000000207e+45
8.328120000000000207e+45
7.414200000000000345e+45
8.086849999999999596e+45
9.551760000000000352e+45
1.304019999999999982e+46
3.439070000000000165e+46
4.118319999999999824e+46
4.118319999999999824e+46
4.795320000000000088e+46
4.795320000000000088e+46
3.635709999999999961e+46
3.635709999999999961e+46
3.635709999999999961e+46
3.635709999999999961e+46
3.635709999999999961e+46
3.876049999999999989e+46
3.025130000000000199e+46
4.461870000000000071e+46
6.125249999999999796e+46
1.691620000000000012e+47
7.295700000000000217e+46
5.626160000000000280e+46
1.704710000000000007e+47
9.408720000000000261e+46
1.691000000000000098e+47
1.896630000000000075e+47
1.850200000000000149e+47
1.850200000000000149e+47
4.699250000000000347e+47
9.168859999999999313e+47
1.657229999999999936e+48
1.657229999999999936e+48
1.708940000000000149e+48
5.861990000000000059e+47
5.861990000000000059e+47
1.084829999999999963e+48
2.885610000000000117e+48
1.044069999999999955e+49
1.666999999999999913e+49
5.676759999999999999e+48
3.757780000000000185e+48
3.757780000000000185e+48
7.990169999999999846e+48
1.658469999999999977e+49
1.658469999999999977e+49
1.658469999999999977e+49
6.085520000000000245e+49
2.219970000000000012e+50
2.219970000000000012e+50
9.219310000000000326e+49
3.277410000000000178e+49
5.354139999999999496e+49
8.098990000000000363e+49
5.773929999999999632e+49
1.494639999999999899e+50
5.329270000000000200e+50
1.263969999999999947e+51
6.317980000000000221e+50
6.317980000000000221e+50
6.317980000000000221e+50
1.024269999999999924e+51
6.351849999999999972e+50
6.351849999999999972e+50
2.594420000000000186e+50
1.049469999999999994e+50
1.387960000000000065e+50
1.736560000000000056e+50
5.187530000000000413e+50
1.471059999999999930e+51
5.167980000000000029e+50
5.316269999999999611e+50
7.337969999999999858e+50
2.615049999999999835e+50
3.084559999999999884e+50
2.271990000000000007e+50
6.081979999999999629e+50
7.022410000000000350e+50
2.047349999999999853e+51
6.929200000000000274e+50
6.929200000000000274e+50
2.063499999999999967e+51
2.063499999999999967e+51
1.961130000000000162e+51
1.961130000000000162e+51
1.961130000000000162e+51
6.315389999999999422e+51
2.358010000000000018e+52
9.539560000000000196e+52
2.725069999999999984e+53
2.725069999999999984e+53
2.752289999999999842e+53
2.752289999999999842e+53
2.752289999999999842e+53
6.700560000000000183e+53
1.819369999999999980e+54
1.819369999999999980e+54
1.819369999999999980e+54
1.819369999999999980e+54
1.819369999999999980e+54
1.819369999999999980e+54
5.592510000000000076e+54
3.376539999999999777e+54
1.064369999999999936e+55
1.583370000000000058e+55
1.583370000000000058e+55
1.583370000000000058e+55
1.583370000000000058e+55
1.739710000000000102e+55
5.660780000000000103e+55
5.660780000000000103e+55
1.332829999999999929e+56
1.823250000000000038e+56
1.823250000000000038e+56
1.105189999999999923e+56
2.564640000000000209e+56
5.785390000000000267e+56
4.934600000000000081e+56
2.214379999999999793e+56
7.799090000000000238e+55
7.153440000000000518e+55
7.050499999999999596e+55
1.555909999999999935e+56
1.555909999999999935e+56
4.120329999999999905e+56
4.398939999999999780e+56
2.608840000000000083e+56
1.772749999999999997e+56
1.772749999999999997e+56
1.772749999999999997e+56
5.815389999999999654e+56
5.815389999999999654e+56
1.614590000000000106e+56
3.459720000000000060e+56
2.130780000000000068e+56
6.254130000000000262e+55
6.254130000000000262e+55
6.254130000000000262e+55
6.254130000000000262e+55
6.254130000000000262e+55
3.271039999999999753e+55
6.921540000000000104e+55
6.921540000000000104e+55
2.202770000000000206e+56
2.202770000000000206e+56
7.277320000000000395e+56
7.277320000000000395e+56
7.277320000000000395e+56
7.277320000000000395e+56
2.378339999999999803e+56
2.378339999999999803e+56
2.378339999999999803e+56
3.517490000000000144e+56
1.024130000000000005e+56
1.024130000000000005e+56
4.928710000000000388e+55
3.167930000000000013e+55
1.228719999999999875e+55
1.406150000000000086e+55
1.406150000000000086e+55
7.962469999999999648e+54
2.080279999999999917e+55
1.562639999999999871e+55
1.562639999999999871e+55
2.352109999999999906e+55
1.049340000000000022e+55
1.049340000000000022e+55
9.876059999999999348e+54
2.803890000000000238e+55
2.558449999999999834e+55
4.485009999999999850e+55
1.070040000000000043e+56
1.070040000000000043e+56
2.260719999999999872e+56
7.976049999999999532e+56
1.984630000000000150e+57
3.293269999999999942e+57
5.658050000000000016e+57
1.889300000000000044e+57
1.358840000000000066e+57
1.358840000000000066e+57
1.358840000000000066e+57
6.392280000000000198e+56
2.690200000000000029e+56
3.386250000000000216e+56
1.630490000000000103e+56
6.405649999999999953e+56
6.405649999999999953e+56
1.596120000000000081e+56
6.319650000000000434e+55
9.719619999999999568e+55
3.259069999999999806e+56
3.259069999999999806e+56
9.575749999999999520e+55
3.446729999999999906e+56
1.338899999999999987e+57
3.760969999999999924e+56
3.760969999999999924e+56
3.760969999999999924e+56
2.180329999999999801e+56
1.322169999999999998e+56
4.006939999999999943e+55
2.740070000000000228e+55
1.862489999999999982e+55
3.594830000000000032e+55
3.647619999999999966e+55
8.695129999999999745e+55
1.584230000000000032e+56
1.628250000000000106e+56
6.418179999999999627e+55
9.781009999999999780e+55
9.781009999999999780e+55
1.652079999999999991e+56
1.652079999999999991e+56
3.942869999999999909e+56
3.723229999999999797e+56
3.723229999999999797e+56
9.558240000000000022e+56
9.558240000000000022e+56
9.006770000000000604e+56
2.073589999999999952e+57
8.907489999999999814e+56
2.028809999999999935e+57
6.664669999999999391e+57
6.664669999999999391e+57
6.664669999999999391e+57
2.173900000000000065e+58
1.484279999999999979e+58
1.883629999999999928e+58
4.033620000000000083e+58
1.167519999999999919e+59
3.485829999999999846e+59
2.902639999999999895e+59
8.430480000000000842e+59
6.177310000000000364e+59
6.177310000000000364e+59
1.768059999999999905e+59
6.443930000000000201e+59
6.443930000000000201e+59
7.254470000000000395e+59
3.668060000000000175e+59
1.375799999999999946e+60
4.286779999999999769e+60
1.872429999999999837e+60
4.902220000000000185e+59
1.843780000000000022e+59
5.397910000000000310e+59
1.467069999999999996e+59
5.358109999999999575e+59
1.213219999999999952e+60
1.565400000000000076e+60
1.565400000000000076e+60
1.833050000000000049e+60
4.222480000000000296e+60
1.480019999999999885e+61
4.510819999999999900e+61
1.744450000000000043e+62
8.151210000000000459e+61
1.257799999999999977e+62
1.018259999999999950e+62
1.025320000000000001e+62
3.719369999999999779e+62
2.175580000000000055e+62
5.711409999999999809e+61
1.799910000000000076e+62
2.117370000000000113e+62
1.159749999999999973e+62
4.037319999999999959e+61
4.037319999999999959e+61
7.783860000000000424e+61
4.456110000000000144e+61
2.996239999999999785e+61
9.737369999999999999e+61
9.737369999999999999e+61
2.847449999999999737e+61
9.521740000000000216e+61
9.521740000000000216e+61
1.067169999999999890e+62
1.067169999999999890e+62
4.563349999999999728e+61
1.744630000000000110e+62
6.274389999999999870e+62
6.917500000000000108e+62
3.156990000000000168e+62
3.709479999999999980e+62
3.393549999999999935e+62
3.393549999999999935e+62
3.393549999999999935e+62
3.393549999999999935e+62
3.642389999999999964e+62
5.176409999999999933e+62
5.176409999999999933e+62
1.990919999999999907e+63
1.683590000000000168e+63
8.254280000000000334e+62
1.889289999999999877e+63
1.889289999999999877e+63
1.889289999999999877e+63
1.889289999999999877e+63
9.502989999999999588e+62
9.502989999999999588e+62
4.349350000000000394e+62
4.349350000000000394e+62
1.503490000000000101e+62
1.503490000000000101e+62
4.235390000000000161e+61
1.158250000000000020e+61
1.877779999999999858e+61
1.877779999999999858e+61
5.109339999999999962e+61
4.351640000000000172e+61
4.351640000000000172e+61
7.280070000000000133e+61
7.280070000000000133e+61
7.280070000000000133e+61
4.485389999999999970e+61
9.805740000000000182e+61
9.805740000000000182e+61
2.865760000000000165e+61
2.865760000000000165e+61
5.112049999999999781e+61
7.695200000000000340e+61
2.799159999999999834e+62
1.137380000000000051e+63
3.837990000000000047e+63
1.534530000000000134e+64
1.534530000000000134e+64
3.591819999999999938e+64
3.947349999999999866e+64
5.598520000000000077e+64
5.598520000000000077e+64
5.598520000000000077e+64
4.370769999999999873e+64
3.008780000000000172e+64
7.934180000000000009e+64
7.673010000000000238e+64
2.775510000000000257e+64
9.974900000000000524e+64
9.974900000000000524e+64
7.352660000000000425e+64
6.592860000000000519e+64
6.592860000000000519e+64
6.592860000000000519e+64
1.107420000000000027e+65
3.780349999999999790e+65
1.047290000000000017e+65
1.047290000000000017e+65
3.231669999999999779e+64
3.231669999999999779e+64
3.132160000000000135e+64
2.077350000000000012e+64
1.586139999999999983e+64
9.481880000000000085e+63
7.483040000000000367e+63
2.676509999999999974e+64
2.676509999999999974e+64
2.676509999999999974e+64
8.379520000000000370e+64
4.773420000000000195e+64
2.477899999999999989e+64
5.597800000000000360e+64
5.597800000000000360e+64
5.597800000000000360e+64
5.597800000000000360e+64
2.081000000000000088e+65
2.964450000000000231e+65
1.857899999999999891e+65
5.258329999999999951e+65
2.123559999999999818e+65
7.375239999999999994e+65
7.375239999999999994e+65
1.997400000000000156e+66
1.997400000000000156e+66
1.997400000000000156e+66
1.997400000000000156e+66
1.997400000000000156e+66
7.993340000000000319e+66
7.993340000000000319e+66
7.993340000000000319e+66
2.369779999999999926e+67
2.369779999999999926e+67
2.369779999999999926e+67
3.835140000000000295e+67
6.878150000000000493e+67
6.878150000000000493e+67
1.599460000000000042e+68
4.791729999999999819e+68
4.791729999999999819e+68
4.791729999999999819e+68
5.094409999999999872e+68
7.653639999999999654e+68
3.033520000000000135e+69
3.033520000000000135e+69
3.033520000000000135e+69
8.735589999999999100e+68
3.834879999999999925e+68
1.383379999999999983e+69
4.251689999999999733e+69
1.693310000000000066e+70
2.772059999999999709e+70
2.792870000000000123e+70
4.242890000000000042e+70
6.729160000000000107e+70
9.165889999999999391e+70
9.165889999999999391e+70
3.290940000000000198e+71
3.290940000000000198e+71
9.326310000000000111e+70
1.493630000000000094e+71
1.770020000000000064e+71
1.770020000000000064e+71
1.770020000000000064e+71
1.068579999999999979e+71
1.068579999999999979e+71
1.068579999999999979e+71
1.068579999999999979e+71
1.501040000000000053e+71
6.146819999999999612e+70
6.275969999999999391e+70
1.702560000000000013e+70
5.745979999999999700e+70
5.745979999999999700e+70
5.745979999999999700e+70
5.745979999999999700e+70
5.745979999999999700e+70
1.431500000000000021e+70
3.792310000000000069e+69
1.303450000000000032e+70
1.303450000000000032e+70
1.303450000000000032e+70
3.275179999999999991e+69
3.275179999999999991e+69
1.615850000000000060e+69
1.615850000000000060e+69
9.034180000000000336e+68
3.449449999999999839e+68
3.449449999999999839e+68
3.449449999999999839e+68
3.449449999999999839e+68
9.842899999999999684e+68
5.741519999999999841e+68
1.398150000000000066e+68
1.398150000000000066e+68
1.398150000000000066e+68
5.944560000000000542e+67
4.194530000000000073e+67
4.194530000000000073e+67
4.194530000000000073e+67
4.194530000000000073e+67
4.194530000000000073e+67
8.803130000000000053e+67
8.803130000000000053e+67
6.801560000000000367e+67
4.541839999999999898e+67
4.541839999999999898e+67
4.541839999999999898e+67
4.541839999999999898e+67
2.290230000000000137e+67
2.290230000000000137e+67
5.631600000000000224e+67
2.007499999999999925e+68
7.497329999999999557e+68
1.255309999999999950e+69
3.147130000000000058e+68
3.147130000000000058e+68
2.038779999999999910e+68
2.038779999999999910e+68
2.131950000000000049e+68
1.963269999999999885e+68
9.771840000000000186e+67
3.271339999999999961e+67
1.047619999999999969e+68
1.047619999999999969e+68
2.604110000000000148e+67
1.054259999999999962e+68
1.054259999999999962e+68
2.990290000000000105e+67
1.015890000000000062e+67
3.127419999999999960e+67
1.004829999999999943e+67
1.004829999999999943e+67
4.056760000000000146e+67
4.868019999999999757e+67
1.220040000000000069e+68
2.193070000000000125e+68
1.843969999999999968e+68
1.843969999999999968e+68
4.416579999999999758e+67
4.416579999999999758e+67
1.636939999999999872e+67
2.432400000000000041e+67
2.432400000000000041e+67
8.315939999999999752e+67
2.190809999999999901e+68
2.190809999999999901e+68
1.341909999999999993e+68
1.341909999999999993e+68
1.341909999999999993e+68
3.639320000000000053e+67
2.439709999999999910e+67
2.439709999999999910e+67
5.527489999999999958e+67
9.121890000000000246e+67
1.079080000000000091e+68
4.368600000000000307e+68
1.160480000000000059e+68
1.160480000000000059e+68
1.099579999999999937e+68
9.199520000000000415e+67
9.199520000000000415e+67
9.199520000000000415e+67
9.199520000000000415e+67
5.764989999999999784e+67
5.764989999999999784e+67
2.337969999999999845e+68
3.394079999999999866e+68
1.246129999999999982e+69
1.652890000000000007e+69
1.081839999999999996e+69
8.844709999999999254e+68
3.133150000000000058e+69
3.133150000000000058e+69
3.133150000000000058e+69
3.133150000000000058e+69
3.133150000000000058e+69
3.133150000000000058e+69
3.133150000000000058e+69
1.409110000000000054e+69
1.409110000000000054e+69
8.620279999999999654e+68
8.620279999999999654e+68
8.620279999999999654e+68
1.928850000000000148e+69
1.928850000000000148e+69
1.928850000000000148e+69
3.455629999999999799e+69
9.377090000000000482e+68
9.377090000000000482e+68
9.377090000000000482e+68
7.931069999999999744e+68
7.931069999999999744e+68
1.983790000000000119e+68
1.983790000000000119e+68
6.928459999999999848e+68
6.928459999999999848e+68
5.618379999999999965e+68
5.618379999999999965e+68
1.550319999999999897e+68
1.550319999999999897e+68
2.298509999999999830e+68
8.119939999999999733e+68
8.119939999999999733e+68
2.259290000000000157e+69
4.864899999999999698e+69
4.864899999999999698e+69
4.864899999999999698e+69
4.864899999999999698e+69
6.524680000000000305e+69
7.185970000000000415e+69
7.185970000000000415e+69
7.185970000000000415e+69
7.185970000000000415e+69
1.153449999999999982e+70
1.153449999999999982e+70
2.935070000000000095e+69
1.730390000000000099e+69
1.730390000000000099e+69
1.454910000000000066e+69
2.215010000000000105e+69
3.879599999999999884e+69
3.879599999999999884e+69
3.879599999999999884e+69
1.026439999999999921e+69
3.754399999999999926e+69
3.754399999999999926e+69
1.473600000000000039e+70
1.473600000000000039e+70
3.599739999999999896e+70
1.837000000000000068e+70
2.092259999999999858e+70
5.410070000000000370e+69
1.413739999999999952e+69
5.163049999999999685e+69
1.564239999999999999e+70
5.242639999999999904e+70
1.623570000000000051e+71
1.623570000000000051e+71
1.623570000000000051e+71
1.623570000000000051e+71
2.662990000000000179e+71
8.046600000000000083e+71
2.225409999999999806e+71
2.225409999999999806e+71
8.661169999999999529e+71
8.661169999999999529e+71
1.239219999999999993e+72
1.239219999999999993e+72
4.726239999999999608e+71
1.496670000000000045e+71
4.138620000000000126e+71
1.365909999999999902e+71
3.966989999999999814e+71
3.966989999999999814e+71
1.346520000000000030e+72
1.346520000000000030e+72
1.346520000000000030e+72
1.346520000000000030e+72
3.493190000000000176e+72
8.417549999999999269e+72
8.417549999999999269e+72
2.516299999999999818e+72
2.516299999999999818e+72
7.504400000000000083e+72
7.504400000000000083e+72
7.504400000000000083e+72
1.221030000000000029e+73
3.394650000000000159e+72
4.008529999999999889e+72
4.632689999999999787e+72
2.279550000000000180e+72
7.822459999999999913e+71
2.743110000000000053e+72
6.916700000000000093e+71
6.916700000000000093e+71
6.916700000000000093e+71
1.717060000000000104e+71
6.268000000000000041e+71
6.268000000000000041e+71
5.630729999999999876e+71
7.724790000000000141e+71
7.724790000000000141e+71
7.724790000000000141e+71
2.138510000000000018e+71
8.305079999999999682e+71
8.305079999999999682e+71
8.305079999999999682e+71
2.784519999999999952e+71
2.784519999999999952e+71
2.784519999999999952e+71
8.505110000000000040e+71
8.505110000000000040e+71
3.235259999999999868e+71
3.235259999999999868e+71
1.329889999999999947e+72
7.260999999999999971e+71
2.222679999999999826e+72
2.222679999999999826e+72
1.606769999999999979e+72
1.606769999999999979e+72
1.606769999999999979e+72
7.361419999999999629e+71
2.206879999999999980e+72
2.206879999999999980e+72
2.206879999999999980e+72
5.311519999999999541e+71
1.829270000000000171e+72
7.152049999999999807e+72
7.152049999999999807e+72
3.088829999999999958e+72
2.049399999999999877e+72
4.161080000000000301e+72
1.026400000000000028e+72
1.026400000000000028e+72
1.026400000000000028e+72
1.026400000000000028e+72
6.601049999999999582e+71
3.706980000000000115e+71
3.706980000000000115e+71
3.394030000000000215e+71
5.140390000000000323e+71
5.140390000000000323e+71
2.101930000000000132e+72
2.101930000000000132e+72
2.101930000000000132e+72
2.101930000000000132e+72
2.101930000000000132e+72
2.101930000000000132e+72
9.810479999999999740e+71
5.477670000000000085e+71
5.463220000000000005e+71
1.545300000000000007e+71
1.545300000000000007e+71
6.512820000000000229e+70
6.512820000000000229e+70
6.512820000000000229e+70
2.769000000000000243e+70
2.521820000000000135e+70
2.521820000000000135e+70
1.052849999999999977e+71
1.052849999999999977e+71
4.082990000000000053e+70
3.453759999999999989e+70
3.453759999999999989e+70
8.667309999999999752e+69
1.296830000000000067e+70
5.243720000000000148e+70
2.104190000000000104e+71
3.050939999999999874e+71
3.050939999999999874e+71
3.050939999999999874e+71
8.101309999999999949e+71
8.101309999999999949e+71
2.914059999999999917e+72
2.914059999999999917e+72
2.914059999999999917e+72
2.914059999999999917e+72
8.497659999999999582e+71
2.235620000000000104e+72
6.433439999999999983e+72
1.124010000000000041e+73
4.166029999999999900e+72
4.166029999999999900e+72
1.531129999999999942e+72
5.803510000000000203e+71
1.552629999999999949e+71
2.432530000000000051e+71
3.643880000000000069e+71
1.841979999999999907e+71
4.983519999999999916e+71
2.828200000000000020e+71
2.828200000000000020e+71
2.828200000000000020e+71
7.653719999999999519e+70
7.653719999999999519e+70
2.020150000000000104e+70
2.020150000000000104e+70
2.020150000000000104e+70
4.695970000000000119e+70
1.007739999999999953e+71
2.758190000000000128e+71
1.186219999999999975e+71
3.551960000000000126e+70
2.879420000000000078e+70
1.210620000000000098e+71
4.435620000000000098e+71
7.527850000000000236e+71
1.139500000000000003e+72
1.139500000000000003e+72
1.139500000000000003e+72
7.414130000000000023e+71
1.023930000000000009e+72
1.480000000000000003e+72
1.480000000000000003e+72
1.480000000000000003e+72
9.769769999999999116e+71
9.769769999999999116e+71
9.769769999999999116e+71
7.401250000000000053e+71
2.299729999999999937e+71
7.981950000000000422e+71
2.964800000000000013e+71
1.107820000000000098e+72
3.008600000000000109e+71
1.215010000000000061e+72
1.215010000000000061e+72
1.215010000000000061e+72
4.458769999999999693e+71
4.458769999999999693e+71
1.642599999999999941e+71
3.990210000000000161e+71
1.328650000000000059e+72
3.861109999999999903e+71
7.505280000000000282e+71
2.506660000000000188e+72
2.506660000000000188e+72
1.351729999999999982e+72
1.602940000000000045e+72
2.257660000000000183e+72
7.695589999999999423e+72
8.617859999999999887e+72
3.086109999999999814e+73
3.086109999999999814e+73
1.145659999999999984e+73
1.145659999999999984e+73
4.321940000000000129e+73
1.247200000000000013e+73
3.400839999999999842e+72
3.400839999999999842e+72
1.280159999999999933e+73
4.256700000000000246e+72
4.256700000000000246e+72
1.333350000000000043e+72
1.733390000000000069e+72
1.733390000000000069e+72
4.444020000000000036e+71
4.444020000000000036e+71
2.889349999999999871e+71
2.889349999999999871e+71
2.889349999999999871e+71
5.997830000000000006e+71
1.959499999999999851e+72
4.834520000000000356e+72
4.834520000000000356e+72
4.834520000000000356e+72
7.682910000000000676e+72
3.039170000000000008e+73
3.039170000000000008e+73
3.913800000000000175e+73
1.730219999999999951e+73
1.730219999999999951e+73
1.730219999999999951e+73
1.730219999999999951e+73
6.902669999999999618e+72
1.701810000000000088e+72
1.701810000000000088e+72
5.880779999999999873e+72
1.626310000000000023e+73
5.398709999999999729e+73
5.398709999999999729e+73
2.098539999999999999e+74
2.098539999999999999e+74
6.068490000000000428e+73
6.068490000000000428e+73
1.738640000000000109e+73
5.352840000000000253e+72
6.688399999999999963e+72
8.320399999999999419e+72
5.189889999999999844e+72
5.189889999999999844e+72
1.320269999999999989e+73
1.320269999999999989e+73
1.320269999999999989e+73
8.976839999999999750e+72
8.976839999999999750e+72
8.976839999999999750e+72
3.942309999999999726e+72
3.942309999999999726e+72
3.942309999999999726e+72
3.942309999999999726e+72
3.942309999999999726e+72
3.942309999999999726e+72
3.942309999999999726e+72
3.942309999999999726e+72
3.942309999999999726e+72
3.942309999999999726e+72
1.108350000000000012e+73
1.883999999999999944e+73
1.883999999999999944e+73
1.883999999999999944e+73
7.539249999999999479e+72
3.562359999999999878e+72
1.258060000000000055e+73
1.258060000000000055e+73
1.258060000000000055e+73
8.319180000000000418e+72
8.319180000000000418e+72
2.047750000000000141e+72
1.914230000000000159e+72
1.914230000000000159e+72
6.783529999999999650e+71
1.706199999999999953e+72
1.706199999999999953e+72
4.343849999999999797e+72
4.343849999999999797e+72
4.343849999999999797e+72
4.343849999999999797e+72
1.269799999999999944e+72
4.439550000000000153e+72
1.213240000000000062e+73
3.090839999999999971e+72
9.246159999999999642e+71
9.246159999999999642e+71
9.246159999999999642e+71
9.246159999999999642e+71
9.246159999999999642e+71
5.541450000000000285e+71
8.131090000000000307e+71
1.618399999999999912e+72
1.618399999999999912e+72
5.913969999999999973e+72
5.913969999999999973e+72
1.639080000000000076e+72
2.144769999999999815e+72
2.144769999999999815e+72
2.144769999999999815e+72
1.882050000000000042e+72
7.360460000000000393e+71
3.555000000000000078e+71
3.555000000000000078e+71
3.555000000000000078e+71
3.555000000000000078e+71
1.379790000000000099e+71
3.732580000000000019e+71
3.732580000000000019e+71
3.732580000000000019e+71
1.472400000000000050e+72
8.242430000000000473e+71
8.242430000000000473e+71
8.242430000000000473e+71
1.364319999999999935e+72
4.198690000000000125e+72
1.661169999999999844e+73
1.661169999999999844e+73
1.661169999999999844e+73
2.483819999999999928e+73
6.127130000000000113e+72
6.127130000000000113e+72
5.984530000000000235e+72
4.698150000000000367e+72
1.249920000000000000e+73
1.249920000000000000e+73
3.109989999999999839e+72
3.109989999999999839e+72
9.761959999999999557e+71
2.391670000000000130e+71
2.391670000000000130e+71
2.391670000000000130e+71
2.391670000000000130e+71
8.903480000000000130e+70
8.903480000000000130e+70
8.903480000000000130e+70
8.903480000000000130e+70
3.211439999999999876e+71
3.211439999999999876e+71
1.282369999999999893e+71
2.569099999999999791e+71
2.569099999999999791e+71
1.277740000000000072e+71
4.341330000000000232e+70
4.341330000000000232e+70
1.219550000000000063e+70
4.814529999999999802e+69
1.045190000000000023e+70
1.045190000000000023e+70
2.632539999999999884e+69
4.029089999999999972e+69
6.146069999999999749e+69
4.920870000000000094e+69
4.920870000000000094e+69
4.920870000000000094e+69
1.469119999999999946e+70
1.469119999999999946e+70
1.469119999999999946e+70
1.469119999999999946e+70
6.001249999999999798e+70
6.001249999999999798e+70
7.484360000000000456e+70
2.078430000000000102e+70
2.078430000000000102e+70
7.678440000000000204e+70
2.110510000000000000e+70
2.110510000000000000e+70
2.110510000000000000e+70
2.110510000000000000e+70
5.972240000000000595e+70
5.972240000000000595e+70
1.827270000000000013e+70
3.690500000000000189e+70
6.010339999999999402e+70
2.122969999999999936e+71
2.122969999999999936e+71
2.122969999999999936e+71
7.733209999999999593e+71
2.470940000000000154e+72
7.252979999999999629e+71
1.869510000000000002e+71
1.869510000000000002e+71
1.869510000000000002e+71
1.869510000000000002e+71
1.869510000000000002e+71
6.188560000000000468e+70
2.243360000000000003e+70
7.567749999999999389e+69
2.340739999999999954e+70
2.073849999999999986e+70
2.073849999999999986e+70
2.073849999999999986e+70
2.788569999999999764e+70
6.965869999999999687e+70
6.965869999999999687e+70
2.293550000000000011e+71
9.126850000000000371e+70
2.569470000000000120e+71
1.062259999999999996e+72
1.062259999999999996e+72
1.062259999999999996e+72
2.408620000000000186e+72
3.679589999999999954e+72
3.679589999999999954e+72
