     0.0000000        0.60607037        0.01152567
     0.1000000        0.42722587        0.01280275
     0.2000000        0.31556072        0.01348422
     0.3000000        0.24307903        0.00831785
     0.4000000        0.19503560        0.00930936
     0.5000000        0.15967369        0.00854873
     0.6000000        0.13193523        0.00679194
     0.7000000        0.10845601        0.00413017
     0.8000000        0.09130758        0.00271226
     0.9000000        0.07653093        0.00060776
     1.0000000        0.06404697        0.00094414
     1.1000000        0.05525971        0.00131563
     1.2000000        0.04617220        0.00134263
     1.3000000        0.04048625        0.00138700
     1.4000000        0.03511654        0.00238742
     1.5000000        0.02975515        0.00221539
     1.6000000        0.02663207        0.00184659
     1.7000000        0.02231660        0.00120918
     1.8000000        0.01980615        0.00193802
     1.9000000        0.01813819        0.00252335
     2.0000000        0.01490163        0.00198371
     2.1000000        0.01105422        0.00087886
     2.2000000        0.00934528        0.00190842
     2.3000000        0.00992722        0.00185299
     2.4000000        0.00896614        0.00194418
     2.5000000        0.00756044        0.00253622
     2.6000000        0.00583400        0.00198473
     2.7000000        0.00500175        0.00113904
     2.8000000        0.00366436        0.00098478
     2.9000000        0.00258693        0.00131012
     3.0000000        0.00281449        0.00140567
     3.1000000        0.00166760        0.00114166
     3.2000000        0.00223476        0.00152278
     3.3000000        0.00158417        0.00161816
     3.4000000        0.00097245        0.00176804
     3.5000000        0.00042671        0.00134315
     3.6000000        0.00115661        0.00184430
     3.7000000        0.00242901        0.00187761
     3.8000000        0.00252491        0.00165823
     3.9000000        0.00212590        0.00126212
     4.0000000        0.00168766        0.00125420
     4.1000000        0.00091533        0.00119012
     4.2000000        0.00106818        0.00045224
     4.3000000        0.00073856        0.00084793
     4.4000000        0.00011128        0.00112951
     4.5000000       -0.00032727        0.00159735
     4.6000000       -0.00091006        0.00147090
     4.7000000       -0.00078364        0.00100899
     4.8000000       -0.00141921        0.00116189
     4.9000000       -0.00127968        0.00126081
     5.0000000       -0.00128078        0.00019942
     5.1000000       -0.00118943        0.00074228
     5.2000000       -0.00065356        0.00132279
     5.3000000       -0.00057864        0.00088911
     5.4000000        0.00004191        0.00067059
     5.5000000       -0.00062357        0.00088088
     5.6000000       -0.00009878        0.00115125
     5.7000000       -0.00014697        0.00046933
     5.8000000       -0.00101039        0.00075212
     5.9000000       -0.00261354        0.00176835
     6.0000000       -0.00250631        0.00234862
     6.1000000       -0.00147437        0.00298346
     6.2000000       -0.00075557        0.00281387
     6.3000000       -0.00054671        0.00268280
     6.4000000       -0.00071445        0.00235189
     6.5000000       -0.00030424        0.00167178
     6.6000000        0.00016642        0.00156001
     6.7000000        0.00092283        0.00185908
     6.8000000        0.00122040        0.00130941
     6.9000000        0.00179776        0.00103601
     7.0000000        0.00216934        0.00038653
     7.1000000        0.00344651        0.00111242
     7.2000000        0.00585158        0.00206698
     7.3000000        0.00625437        0.00313492
     7.4000000        0.00695239        0.00205409
     7.5000000        0.00677304        0.00192143
     7.6000000        0.00658224        0.00154410
     7.7000000        0.00563718        0.00131277
     7.8000000        0.00606936        0.00284961
     7.9000000        0.00877181        0.00510769
     8.0000000        0.01230459        0.00572638
     8.1000000        0.01401752        0.00580769
     8.2000000        0.01614715        0.00604493
     8.3000000        0.02090099        0.00534410
     8.4000000        0.02413570        0.00302867
     8.5000000        0.02750211        0.00128156
     8.6000000        0.03290007        0.00173652
     8.7000000        0.03754033        0.00303841
     8.8000000        0.04426161        0.00243312
     8.9000000        0.05362712        0.00150920
     9.0000000        0.06282751        0.00334756
     9.1000000        0.07412033        0.00365003
     9.2000000        0.08763281        0.00466037
     9.3000000        0.10536374        0.00630766
     9.4000000        0.12696358        0.00498250
     9.5000000        0.15526903        0.00457726
     9.6000000        0.19303403        0.00456156
     9.7000000        0.24496094        0.00849807
     9.8000000        0.31361144        0.00906933
     9.9000000        0.42422602        0.00886462
    10.0000000        0.60607037        0.01152567
