     0.0000000        0.77475827        0.00131501
     0.1000000        0.66301220        0.00143332
     0.2000000        0.57999115        0.00161705
     0.3000000        0.51733795        0.00179492
     0.4000000        0.46742603        0.00210425
     0.5000000        0.42730534        0.00243613
     0.6000000        0.39572228        0.00311067
     0.7000000        0.36972448        0.00422641
     0.8000000        0.34673813        0.00509769
     0.9000000        0.32767355        0.00551194
     1.0000000        0.30982816        0.00563529
     1.1000000        0.29372493        0.00624750
     1.2000000        0.27925778        0.00656318
     1.3000000        0.26740073        0.00708130
     1.4000000        0.25673425        0.00738571
     1.5000000        0.24647586        0.00783913
     1.6000000        0.23829838        0.00825200
     1.7000000        0.23062916        0.00896624
     1.8000000        0.22340385        0.00953718
     1.9000000        0.21735569        0.00992436
     2.0000000        0.21138473        0.01010297
     2.1000000        0.20620568        0.01033520
     2.2000000        0.20049250        0.01022868
     2.3000000        0.19572483        0.00987363
     2.4000000        0.19117804        0.00950475
     2.5000000        0.18592374        0.00919115
     2.6000000        0.18235951        0.00898704
     2.7000000        0.17970014        0.00899064
     2.8000000        0.17636446        0.00904993
     2.9000000        0.17408454        0.00907869
     3.0000000        0.17200391        0.00908349
     3.1000000        0.16978744        0.00906792
     3.2000000        0.16851431        0.00892217
     3.3000000        0.16686318        0.00871967
     3.4000000        0.16563645        0.00870663
     3.5000000        0.16361632        0.00869799
     3.6000000        0.16240578        0.00890154
     3.7000000        0.16095379        0.00899660
     3.8000000        0.16049909        0.00909416
     3.9000000        0.15967958        0.00920067
     4.0000000        0.15933913        0.00944419
     4.1000000        0.15831781        0.00976333
     4.2000000        0.15691215        0.00982605
     4.3000000        0.15567385        0.00977490
     4.4000000        0.15376075        0.00977687
     4.5000000        0.15278879        0.00976513
     4.6000000        0.15207367        0.00965313
     4.7000000        0.14998176        0.00981319
     4.8000000        0.14810181        0.00982182
     4.9000000        0.14728433        0.00994824
     5.0000000        0.14694241        0.01007458
     5.1000000        0.14685736        0.01019141
     5.2000000        0.14642059        0.01029017
     5.3000000        0.14584048        0.01043220
     5.4000000        0.14528420        0.01048885
     5.5000000        0.14522229        0.01048005
     5.6000000        0.14479710        0.01036649
     5.7000000        0.14608838        0.01010216
     5.8000000        0.14805499        0.01010206
     5.9000000        0.14879071        0.01007048
     6.0000000        0.14944659        0.01009622
     6.1000000        0.15078254        0.00986626
     6.2000000        0.15206633        0.00969789
     6.3000000        0.15345548        0.00977664
     6.4000000        0.15496236        0.00992662
     6.5000000        0.15675919        0.01033028
     6.6000000        0.15839323        0.01052719
     6.7000000        0.16015816        0.01005096
     6.8000000        0.16241661        0.00981241
     6.9000000        0.16570642        0.00981210
     7.0000000        0.16963112        0.00993748
     7.1000000        0.17276104        0.00989398
     7.2000000        0.17637346        0.00973152
     7.3000000        0.17996404        0.00971676
     7.4000000        0.18342304        0.00997452
     7.5000000        0.18657190        0.00982522
     7.6000000        0.19036197        0.00952552
     7.7000000        0.19485084        0.00922608
     7.8000000        0.19946727        0.00890038
     7.9000000        0.20533179        0.00833876
     8.0000000        0.21094423        0.00786859
     8.1000000        0.21720760        0.00753421
     8.2000000        0.22321500        0.00725728
     8.3000000        0.22926451        0.00696951
     8.4000000        0.23709507        0.00667699
     8.5000000        0.24635306        0.00608772
     8.6000000        0.25729958        0.00586269
     8.7000000        0.26762666        0.00539422
     8.8000000        0.27978973        0.00531605
     8.9000000        0.29304255        0.00501970
     9.0000000        0.30796242        0.00492065
     9.1000000        0.32591630        0.00473448
     9.2000000        0.34624341        0.00422169
     9.3000000        0.36917355        0.00385611
     9.4000000        0.39657529        0.00360123
     9.5000000        0.42969849        0.00312621
     9.6000000        0.46922849        0.00273437
     9.7000000        0.51781500        0.00230303
     9.8000000        0.58056343        0.00195849
     9.9000000        0.66252160        0.00157782
    10.0000000        0.77475827        0.00131501
