     0.0000000        0.26301111        0.01712558
     0.1000000        0.11741271        0.01423288
     0.2000000        0.05249017        0.01611483
     0.3000000        0.01800873        0.01459504
     0.4000000        0.00079845        0.01723349
     0.5000000       -0.00648442        0.02015828
     0.6000000       -0.01382223        0.02162466
     0.7000000       -0.01720721        0.02145345
     0.8000000       -0.01952009        0.02054496
     0.9000000       -0.02403647        0.01886331
     1.0000000       -0.01929322        0.01761052
     1.1000000       -0.01654834        0.01366129
     1.2000000       -0.01653750        0.00804648
     1.3000000       -0.01650027        0.00499390
     1.4000000       -0.01621482        0.00521931
     1.5000000       -0.01130635        0.00369104
     1.6000000       -0.01052353        0.00220140
     1.7000000       -0.00547972        0.00128174
     1.8000000        0.00099988        0.00371183
     1.9000000        0.00288903        0.00334056
     2.0000000        0.00499622        0.00520206
     2.1000000        0.00636582        0.00646565
     2.2000000        0.00379967        0.00247947
     2.3000000        0.00415609        0.00234981
     2.4000000        0.00361967        0.00321577
     2.5000000        0.00611712        0.00328721
     2.6000000        0.00834217        0.00081694
     2.7000000        0.01028254        0.00447276
     2.8000000        0.01285287        0.00467063
     2.9000000        0.01144174        0.00457675
     3.0000000        0.00455590        0.00769887
     3.1000000       -0.00058839        0.00439285
     3.2000000        0.00004511        0.00358577
     3.3000000       -0.00042819        0.00563588
     3.4000000       -0.00269737        0.00531869
     3.5000000       -0.00417683        0.00637170
     3.6000000       -0.00171427        0.00540682
     3.7000000        0.00174652        0.00499268
     3.8000000        0.00280778        0.00598464
     3.9000000        0.00612473        0.00510495
     4.0000000        0.00790288        0.00530202
     4.1000000        0.00609256        0.00436834
     4.2000000        0.00246449        0.00454954
     4.3000000        0.00048606        0.00476885
     4.4000000        0.00173752        0.00569261
     4.5000000        0.00559781        0.00443436
     4.6000000        0.00640473        0.00304880
     4.7000000        0.00521270        0.00355487
     4.8000000        0.00570927        0.00476947
     4.9000000        0.00152679        0.00803618
     5.0000000        0.00396310        0.00894987
     5.1000000        0.00867170        0.00999911
     5.2000000        0.01260800        0.00756476
     5.3000000        0.01136363        0.00495019
     5.4000000        0.01064417        0.00649805
     5.5000000        0.01362034        0.00691989
     5.6000000        0.01635981        0.00874219
     5.7000000        0.01582515        0.00456326
     5.8000000        0.01858321        0.00770080
     5.9000000        0.01845991        0.00756088
     6.0000000        0.01624555        0.00575443
     6.1000000        0.01894796        0.00918793
     6.2000000        0.02096794        0.00792038
     6.3000000        0.01615786        0.00912840
     6.4000000        0.01482295        0.00790270
     6.5000000        0.01422624        0.00705323
     6.6000000        0.01045665        0.00519053
     6.7000000        0.00921720        0.00396264
     6.8000000        0.00840398        0.00199832
     6.9000000        0.00731627        0.00231720
     7.0000000        0.00309927        0.00196783
     7.1000000        0.00438932        0.00707202
     7.2000000        0.00497861        0.01232199
     7.3000000        0.00779489        0.00914110
     7.4000000        0.00640463        0.00581707
     7.5000000        0.00722812        0.00148800
     7.6000000        0.00667498        0.00349909
     7.7000000        0.00730188        0.00569104
     7.8000000        0.00577491        0.01015925
     7.9000000        0.00713088        0.01275561
     8.0000000        0.00892800        0.00855406
     8.1000000        0.01266793        0.00465914
     8.2000000        0.01438516        0.00596835
     8.3000000        0.01246633        0.00499602
     8.4000000        0.00882861        0.00176146
     8.5000000        0.00710531        0.00376854
     8.6000000        0.00650159        0.00189120
     8.7000000        0.00668435        0.00313917
     8.8000000        0.00846375        0.00744999
     8.9000000        0.00986456        0.00636748
     9.0000000        0.01350097        0.00508938
     9.1000000        0.01459173        0.00339558
     9.2000000        0.01903072        0.00244103
     9.3000000        0.01839706        0.00425317
     9.4000000        0.01779907        0.00739068
     9.5000000        0.01539660        0.00890545
     9.6000000        0.01670926        0.01118299
     9.7000000        0.02884068        0.01587604
     9.8000000        0.05950207        0.01112601
     9.9000000        0.12049437        0.01427718
    10.0000000        0.26301111        0.01712558
