     0.0000000        2.00000000        0.00000000
     0.1000000        1.58589938        0.00124654
     0.2000000        1.27200941        0.00185294
     0.3000000        1.02870510        0.00523040
     0.4000000        0.83805769        0.00236620
     0.5000000        0.68832212        0.00237435
     0.6000000        0.56282821        0.00522496
     0.7000000        0.46237152        0.00538535
     0.8000000        0.38106314        0.00311775
     0.9000000        0.31468232        0.00224565
     1.0000000        0.26215477        0.00207345
     1.1000000        0.21810974        0.00262838
     1.2000000        0.18141398        0.00261705
     1.3000000        0.15009631        0.00107923
     1.4000000        0.12476837        0.00169522
     1.5000000        0.10454790        0.00133692
     1.6000000        0.08551778        0.00204601
     1.7000000        0.07227842        0.00227000
     1.8000000        0.06225662        0.00207223
     1.9000000        0.05259702        0.00187595
     2.0000000        0.04230656        0.00085165
     2.1000000        0.03537006        0.00108451
     2.2000000        0.02911792        0.00118771
     2.3000000        0.02549170        0.00196149
     2.4000000        0.02252662        0.00262125
     2.5000000        0.01807028        0.00241541
     2.6000000        0.01309393        0.00215477
     2.7000000        0.00786015        0.00126854
     2.8000000        0.00626979        0.00153886
     2.9000000        0.00785947        0.00159021
     3.0000000        0.00836863        0.00196775
     3.1000000        0.00740854        0.00238917
     3.2000000        0.00663374        0.00203189
     3.3000000        0.00917499        0.00228319
     3.4000000        0.00645830        0.00229201
     3.5000000        0.00790775        0.00251381
     3.6000000        0.00371065        0.00180408
     3.7000000        0.00244374        0.00169786
     3.8000000        0.00284157        0.00168562
     3.9000000        0.00225920        0.00165464
     4.0000000       -0.00006093        0.00136130
     4.1000000       -0.00277545        0.00200894
     4.2000000       -0.00199786        0.00259853
     4.3000000       -0.00014093        0.00367263
     4.4000000       -0.00072407        0.00245901
     4.5000000       -0.00037387        0.00239327
     4.6000000       -0.00124289        0.00096598
     4.7000000       -0.00143140        0.00103883
     4.8000000       -0.00021806        0.00154386
     4.9000000       -0.00114032        0.00079560
     5.0000000        0.00017647        0.00386758
     5.1000000        0.00079776        0.00276197
     5.2000000        0.00191914        0.00198464
     5.3000000        0.00295347        0.00209604
     5.4000000        0.00036166        0.00216095
     5.5000000       -0.00150405        0.00178466
     5.6000000       -0.00069618        0.00134998
     5.7000000       -0.00343133        0.00247175
     5.8000000       -0.00216518        0.00183882
     5.9000000        0.00066384        0.00250951
     6.0000000        0.00173146        0.00193742
     6.1000000        0.00333385        0.00269048
     6.2000000        0.00408177        0.00499980
     6.3000000        0.00206526        0.00508875
     6.4000000        0.00121111        0.00432214
     6.5000000        0.00400397        0.00518651
     6.6000000        0.00473522        0.00263999
     6.7000000        0.00568283        0.00274434
     6.8000000        0.00684928        0.00383653
     6.9000000        0.00831845        0.00328512
     7.0000000        0.00761112        0.00442604
     7.1000000        0.00972143        0.00443075
     7.2000000        0.01063750        0.00370618
     7.3000000        0.01361572        0.00372005
     7.4000000        0.01607217        0.00338585
     7.5000000        0.01994841        0.00323280
     7.6000000        0.02250193        0.00280740
     7.7000000        0.02457854        0.00204156
     7.8000000        0.02914671        0.00270330
     7.9000000        0.03603967        0.00505041
     8.0000000        0.04328418        0.00394308
     8.1000000        0.04914739        0.00452569
     8.2000000        0.06129529        0.00503843
     8.3000000        0.07619458        0.00370710
     8.4000000        0.09042436        0.00405751
     8.5000000        0.10877769        0.00401341
     8.6000000        0.12876921        0.00368247
     8.7000000        0.15109747        0.00439517
     8.8000000        0.17916182        0.00324666
     8.9000000        0.21713608        0.00339979
     9.0000000        0.26152029        0.00382109
     9.1000000        0.31673423        0.00343638
     9.2000000        0.38257970        0.00388777
     9.3000000        0.46457042        0.00369783
     9.4000000        0.56301961        0.00480552
     9.5000000        0.68298673        0.00316568
     9.6000000        0.83539048        0.00345191
     9.7000000        1.02903544        0.00242454
     9.8000000        1.27367672        0.00081717
     9.9000000        1.58636627        0.00370905
    10.0000000        2.00000000        0.00000000
