0.000000000000000000e+00
7.746245723000000361e-02
5.839267296000000274e-02
8.128986473999999518e-02
6.820657734000000472e-02
7.216303654000000289e-02
6.465520924999999808e-02
5.775080684000000186e-02
6.957294213999999644e-02
7.597489308999999524e-02
6.569633706999999934e-02
7.309335039000000589e-02
8.031336466999999812e-02
6.766343562000000367e-02
6.980316508999999392e-02
8.284852100999999525e-02
9.403843550000000329e-02
7.851472950000000506e-02
5.953374883999999756e-02
6.636584843999999983e-02
7.351359361999999786e-02
5.410062763000000191e-02
7.816966109999999579e-02
7.712579856000000011e-02
7.601485821999999504e-02
6.852413141999999513e-02
4.776061699999999827e-02
8.166848851999999881e-02
8.830903571999999813e-02
7.434665894000000441e-02
6.486538930000000647e-02
6.735179755999999573e-02
8.182589841000000030e-02
7.070118415999999961e-02
8.562864492999999744e-02
5.852401555000000255e-02
5.921394144000000082e-02
5.479711928000000065e-02
7.465342966000000635e-02
6.616229399999999650e-02
5.383468792999999974e-02
5.169338629999999796e-02
8.086839466999999615e-02
5.543520239000000044e-02
7.284518720999999530e-02
1.078318293999999955e-01
7.754309105999999951e-02
5.353900674999999970e-02
5.367256319000000137e-02
6.342114414999999727e-02
7.882724497000000163e-02
8.267710311999999784e-02
8.015095192000000479e-02
7.265046358000000482e-02
6.385361292999999772e-02
7.528444400000000591e-02
6.244056840000000025e-02
7.708027263000000184e-02
4.973597104000000019e-02
5.921328956000000004e-02
5.031831504999999954e-02
5.255987334000000039e-02
5.668503887000000269e-02
6.748217340999999869e-02
7.057120768999999849e-02
7.756214530999999690e-02
1.081543194000000041e-01
7.412953700999999618e-02
7.954771991999999570e-02
7.471621729999999850e-02
5.520409939999999793e-02
7.238430473000000143e-02
7.609263965000000185e-02
9.184816611000000408e-02
7.093380403000000556e-02
6.962350809999999501e-02
7.890197785999999991e-02
8.491985645999999832e-02
5.252902329999999814e-02
5.239385909000000147e-02
6.810436851999999985e-02
8.056535414000000339e-02
8.174486793999999334e-02
7.909151463999999909e-02
6.962759210999999726e-02
6.373747858000000654e-02
7.380788748000000066e-02
6.137425574000000134e-02
7.574879957999999802e-02
8.788577595999999548e-02
9.425642248000000445e-02
7.191261358000000659e-02
6.839305520999999777e-02
7.418600059999999607e-02
6.438919281999999633e-02
6.660092528000000067e-02
7.317408820000000091e-02
7.334473972999999702e-02
7.412132798999999939e-02
8.151196980000000036e-02
