5.000000000000000000e-01
5.000000000000000000e-01
4.999970000000000248e-01
5.000000000000000000e-01
5.000000000000000000e-01
4.993029999999999968e-01
5.000000000000000000e-01
5.000000000000000000e-01
4.999669999999999948e-01
5.000000000000000000e-01
5.000000000000000000e-01
5.001489999999999547e-01
5.000000000000000000e-01
5.000000000000000000e-01
4.997349999999999848e-01
5.000000000000000000e-01
5.000000000000000000e-01
4.998770000000000158e-01
5.000000000000000000e-01
5.000000000000000000e-01
4.995539999999999980e-01
5.000000000000000000e-01
5.000000000000000000e-01
4.990970000000000129e-01
5.000000000000000000e-01
5.000000000000000000e-01
5.000580000000000025e-01
5.000000000000000000e-01
5.000000000000000000e-01
4.999939999999999940e-01
5.000000000000000000e-01
5.000000000000000000e-01
4.999959999999999960e-01
5.000000000000000000e-01
5.000000000000000000e-01
5.006699999999999484e-01
5.000000000000000000e-01
5.000000000000000000e-01
4.992829999999999768e-01
5.000000000000000000e-01
5.000000000000000000e-01
5.002729999999999677e-01
5.000000000000000000e-01
5.000000000000000000e-01
5.002879999999999550e-01
5.000000000000000000e-01
5.000000000000000000e-01
4.997329999999999828e-01
5.000000000000000000e-01
5.000000000000000000e-01
4.999259999999999815e-01
5.000000000000000000e-01
5.000000000000000000e-01
4.997229999999999728e-01
5.000000000000000000e-01
5.000000000000000000e-01
5.000059999999999505e-01
5.000000000000000000e-01
5.000000000000000000e-01
4.999100000000000210e-01
5.000000000000000000e-01
5.000000000000000000e-01
5.007249999999999757e-01
5.000000000000000000e-01
5.000000000000000000e-01
4.996499999999999830e-01
5.000000000000000000e-01
5.000000000000000000e-01
5.003009999999999957e-01
5.000000000000000000e-01
5.000000000000000000e-01
4.941240000000000077e-01
5.000000000000000000e-01
5.000000000000000000e-01
4.996309999999999918e-01
5.000000000000000000e-01
5.000000000000000000e-01
4.999170000000000003e-01
5.000000000000000000e-01
5.000000000000000000e-01
4.993790000000000173e-01
5.000000000000000000e-01
5.000000000000000000e-01
4.999000000000000110e-01
5.000000000000000000e-01
5.000000000000000000e-01
5.000059999999999505e-01
5.000000000000000000e-01
5.000000000000000000e-01
4.940309999999999979e-01
5.000000000000000000e-01
5.000000000000000000e-01
4.992969999999999908e-01
5.000000000000000000e-01
5.000000000000000000e-01
4.995299999999999740e-01
5.000000000000000000e-01
5.000000000000000000e-01
4.996869999999999923e-01
5.000000000000000000e-01
