     0.0000000       -0.08726995        0.09455147
     0.1000000        0.03476482        0.06038714
     0.2000000        0.01099499        0.07647834
     0.3000000        0.07171746        0.08577322
     0.4000000        0.03412518        0.05271874
     0.5000000       -0.02676522        0.08794861
     0.6000000       -0.16975248        0.12847457
     0.7000000       -0.02772461        0.07520396
     0.8000000        0.02995826        0.07987466
     0.9000000        0.13741973        0.04911956
     1.0000000        0.16367328        0.02635180
     1.1000000        0.18702453        0.08722894
     1.2000000        0.21780266        0.08330531
     1.3000000        0.20017510        0.05851709
     1.4000000        0.07224432        0.15491132
     1.5000000        0.18337575        0.19485388
     1.6000000        0.47978411        0.34731801
     1.7000000        1.12944385        0.86606214
     1.8000000        0.58714111        0.60123718
     1.9000000        0.07493428        0.09665982
     2.0000000        0.09684690        0.08616242
     2.1000000       -0.00856262        0.24142025
     2.2000000        0.51715633        0.32503789
     2.3000000        0.59925761        0.30322158
     2.4000000        0.49486794        0.40358912
     2.5000000        0.02472083        0.11767824
     2.6000000       -0.32521819        0.34343353
     2.7000000       -1.03703904        0.85349144
     2.8000000        0.06463989        0.14440521
     2.9000000       -0.02807315        0.19832754
     3.0000000        0.35707241        0.36001993
     3.1000000       -0.21238514        0.48264850
     3.2000000        0.31917298        0.24630913
     3.3000000       -0.08502799        0.36938031
     3.4000000       -0.48909627        0.86862983
     3.5000000       -0.06408928        0.20213259
     3.6000000        0.26561332        0.25775409
     3.7000000        0.58528113        0.41344524
     3.8000000        0.54570063        0.44155853
     3.9000000        0.84439696        1.05403145
     4.0000000        0.48267144        0.56158355
     4.1000000        0.26019191        0.31834586
     4.2000000        0.09413331        0.19768270
     4.3000000        0.27230505        0.39747334
     4.4000000        0.32553457        0.32217373
     4.5000000        0.11317087        0.13974536
     4.6000000        0.29322221        0.25712834
     4.7000000       -0.11460677        0.20545730
     4.8000000        0.42031466        0.49649634
     4.9000000        1.36651639        1.46416637
     5.0000000        0.34405745        0.36110971
     5.1000000       -0.80277095        0.88938512
     5.2000000       -0.37552590        0.37066254
     5.3000000        0.79313393        0.78026597
     5.4000000        0.23906037        0.20408179
     5.5000000       -0.05012878        0.08730852
     5.6000000       -0.48331338        0.46870027
     5.7000000       -1.12149528        1.13746243
     5.8000000       -0.18226992        0.15346690
     5.9000000       -0.07661501        0.06543776
     6.0000000       -0.07800448        0.04733168
     6.1000000       -0.06877077        0.08081635
     6.2000000        0.05616548        0.07306145
     6.3000000        0.08165767        0.05015315
     6.4000000        0.11144703        0.11775912
     6.5000000        0.17027900        0.16700327
     6.6000000       -0.08483677        0.15159734
     6.7000000        0.03985427        0.12196755
     6.8000000        0.16450440        0.14978241
     6.9000000        0.05286076        0.12371528
     7.0000000        0.03475422        0.09198687
     7.1000000       -0.10765848        0.17618235
     7.2000000        0.07254694        0.07636383
     7.3000000       -0.01705081        0.10111964
     7.4000000        0.15494647        0.25114481
     7.5000000        0.67836702        0.59359483
     7.6000000        0.34570630        0.19320125
     7.7000000       -0.14826871        0.13258901
     7.8000000       -0.02921864        0.11732560
     7.9000000        0.04209482        0.05361793
     8.0000000        0.02303576        0.07466598
     8.1000000       -0.08866963        0.05863296
     8.2000000       -0.07460342        0.07808616
     8.3000000        0.05469874        0.08761785
     8.4000000        0.03365174        0.08813190
     8.5000000        0.02000514        0.10793286
     8.6000000       -0.02070390        0.10053642
     8.7000000        0.05194398        0.10439293
     8.8000000        0.11295527        0.05586099
     8.9000000       -0.02846439        0.07945530
     9.0000000       -0.16999064        0.15577859
     9.1000000       -0.15965876        0.10403005
     9.2000000       -0.17842488        0.19139247
     9.3000000       -0.06827950        0.06901146
     9.4000000       -0.07972861        0.09297892
     9.5000000       -0.01500638        0.08818887
     9.6000000       -0.05510972        0.07662274
     9.7000000       -0.05501380        0.07830751
     9.8000000       -0.00959268        0.03957050
     9.9000000       -0.06772342        0.04765813
    10.0000000       -0.08726995        0.09455147
