     0.0000000        0.66965342        0.04756335
     0.1000000        0.57557195        0.02936624
     0.2000000        0.44450306        0.03345996
     0.3000000        0.33444350        0.04339554
     0.4000000        0.34118985        0.03027531
     0.5000000        0.29051455        0.01960496
     0.6000000        0.25671845        0.01436310
     0.7000000        0.26976957        0.03473463
     0.8000000        0.23400169        0.04312872
     0.9000000        0.16631845        0.06423471
     1.0000000        0.13374645        0.03852418
     1.1000000        0.03989918        0.08789810
     1.2000000        0.08885887        0.10350524
     1.3000000        0.16043273        0.10523049
     1.4000000        0.10687931        0.09022057
     1.5000000        0.10597570        0.10979798
     1.6000000       -0.10936181        0.23773840
     1.7000000       -0.38062386        0.46542442
     1.8000000       -0.05671162        0.14450183
     1.9000000       -0.03634009        0.15961548
     2.0000000       -0.09786662        0.13116089
     2.1000000       -0.19280960        0.19835795
     2.2000000       -0.24705267        0.20117679
     2.3000000       -0.39870629        0.26380121
     2.4000000       -0.45341797        0.49936746
     2.5000000       -0.12988274        0.18637875
     2.6000000       -0.06157734        0.10315038
     2.7000000       -0.09513116        0.11787571
     2.8000000       -0.04152838        0.39167550
     2.9000000        0.01721875        0.19653508
     3.0000000       -0.12164178        0.27268823
     3.1000000        0.39859779        0.26196372
     3.2000000        0.30378148        0.15204037
     3.3000000       -0.07919963        0.21596453
     3.4000000       -0.33099312        0.28926923
     3.5000000       -0.17694467        0.16525440
     3.6000000       -0.32470759        0.27806688
     3.7000000       -0.52305529        0.55204974
     3.8000000       -0.21166087        0.55600264
     3.9000000       -1.04868847        1.20648210
     4.0000000       -0.75129796        0.70880508
     4.1000000       -0.40631316        0.36956887
     4.2000000       -0.14264369        0.18095343
     4.3000000       -0.36414739        0.43395704
     4.4000000       -0.25812283        0.37762021
     4.5000000       -0.03759092        0.16375303
     4.6000000        0.04028905        0.33040555
     4.7000000       -0.07858503        0.09880390
     4.8000000       -0.49965712        0.51708212
     4.9000000       -1.35087112        1.35429297
     5.0000000       -0.49752883        0.51019070
     5.1000000       -0.13278346        0.12104848
     5.2000000        0.01328033        0.05807178
     5.3000000       -0.69717292        0.67374813
     5.4000000       -0.24720790        0.26303028
     5.5000000       -0.11902196        0.07677928
     5.6000000       -0.05022654        0.02368115
     5.7000000       -0.02464598        0.03524917
     5.8000000       -0.01282445        0.02380531
     5.9000000        0.05390989        0.04480180
     6.0000000       -0.00232907        0.01102177
     6.1000000        0.01851395        0.03378946
     6.2000000        0.05447133        0.07551233
     6.3000000        0.01385754        0.03783959
     6.4000000        0.01614061        0.09847683
     6.5000000        0.02586007        0.07504990
     6.6000000       -0.00602090        0.03867263
     6.7000000       -0.03239723        0.05279270
     6.8000000       -0.02693673        0.04219309
     6.9000000        0.04724578        0.03939180
     7.0000000        0.06655585        0.04410489
     7.1000000        0.05381866        0.05896304
     7.2000000        0.17152445        0.14454659
     7.3000000        0.19003583        0.15281304
     7.4000000        0.29107823        0.26393329
     7.5000000        0.62748328        0.64116885
     7.6000000        0.37815737        0.23264668
     7.7000000        0.13173204        0.05419144
     7.8000000        0.10082527        0.07207443
     7.9000000        0.12510421        0.03849107
     8.0000000        0.08479570        0.03026516
     8.1000000        0.15679640        0.11337721
     8.2000000        0.06042877        0.04688157
     8.3000000        0.11249175        0.03384916
     8.4000000        0.07555487        0.02704404
     8.5000000        0.14348325        0.04633521
     8.6000000        0.21330551        0.09430503
     8.7000000        0.14659807        0.06898070
     8.8000000        0.20128924        0.05013293
     8.9000000        0.13690404        0.02678144
     9.0000000        0.15835816        0.02977211
     9.1000000        0.18819899        0.02453389
     9.2000000        0.14990472        0.02169638
     9.3000000        0.23467255        0.02037512
     9.4000000        0.24569672        0.04540854
     9.5000000        0.25199435        0.03109536
     9.6000000        0.32770114        0.03504691
     9.7000000        0.41509442        0.02333921
     9.8000000        0.46789778        0.01257155
     9.9000000        0.55185287        0.04762353
    10.0000000        0.66965342        0.04756335
