     0.0000000        0.48871718        0.03209980
     0.1000000        0.30669262        0.02493104
     0.2000000        0.19788893        0.02035406
     0.3000000        0.13004255        0.01755224
     0.4000000        0.08417703        0.01768536
     0.5000000        0.05668346        0.01577474
     0.6000000        0.04005348        0.01350803
     0.7000000        0.02955764        0.01218812
     0.8000000        0.02146178        0.01157292
     0.9000000        0.01358903        0.01229363
     1.0000000        0.00869328        0.01265464
     1.1000000        0.00561785        0.01314860
     1.2000000        0.00456730        0.01323370
     1.3000000        0.00398668        0.01371520
     1.4000000        0.00240720        0.01395302
     1.5000000        0.00098048        0.01285273
     1.6000000        0.00214376        0.01148857
     1.7000000        0.00415612        0.01066569
     1.8000000        0.00485976        0.00865442
     1.9000000        0.00947558        0.00874884
     2.0000000        0.01202693        0.00904908
     2.1000000        0.01354691        0.00870240
     2.2000000        0.01373232        0.00803551
     2.3000000        0.01273838        0.00714393
     2.4000000        0.01330807        0.00698309
     2.5000000        0.01282406        0.00563920
     2.6000000        0.01449949        0.00552251
     2.7000000        0.01710665        0.00548369
     2.8000000        0.01850420        0.00581043
     2.9000000        0.02069859        0.00559155
     3.0000000        0.01965885        0.00698547
     3.1000000        0.02158282        0.00896485
     3.2000000        0.02131806        0.00906571
     3.3000000        0.01983151        0.00970482
     3.4000000        0.01793556        0.00714248
     3.5000000        0.01648236        0.00499518
     3.6000000        0.01433019        0.00542481
     3.7000000        0.01601219        0.00567151
     3.8000000        0.01751924        0.00508144
     3.9000000        0.01906677        0.00577943
     4.0000000        0.02065076        0.00689931
     4.1000000        0.02398135        0.01133766
     4.2000000        0.02734852        0.01454119
     4.3000000        0.02607528        0.01753827
     4.4000000        0.02472859        0.01720432
     4.5000000        0.01835389        0.01148206
     4.6000000        0.01385494        0.00860839
     4.7000000        0.01145031        0.00875261
     4.8000000        0.01165243        0.00904453
     4.9000000        0.01070415        0.00967192
     5.0000000        0.01294822        0.00813791
     5.1000000        0.01475130        0.00838440
     5.2000000        0.01262921        0.00910615
     5.3000000        0.01480850        0.00801058
     5.4000000        0.00649993        0.01278361
     5.5000000       -0.00338583        0.02047640
     5.6000000       -0.01378599        0.02863083
     5.7000000       -0.01368793        0.02853108
     5.8000000       -0.00817353        0.02271418
     5.9000000       -0.00950278        0.02104728
     6.0000000       -0.01350886        0.02224315
     6.1000000       -0.02283937        0.02927340
     6.2000000       -0.02226441        0.03031525
     6.3000000       -0.02622771        0.03547495
     6.4000000       -0.02860629        0.03920341
     6.5000000       -0.02617680        0.03717820
     6.6000000       -0.02878831        0.03668438
     6.7000000       -0.02695952        0.02869433
     6.8000000       -0.02461037        0.02279574
     6.9000000       -0.02624460        0.02270092
     7.0000000       -0.02397868        0.01992881
     7.1000000       -0.01916155        0.01663045
     7.2000000       -0.01307760        0.01171766
     7.3000000       -0.01042045        0.01032497
     7.4000000       -0.00842693        0.00862082
     7.5000000       -0.00759228        0.00783847
     7.6000000       -0.00771678        0.01036704
     7.7000000       -0.00877834        0.01449370
     7.8000000       -0.00456024        0.01215956
     7.9000000       -0.01093987        0.01733598
     8.0000000       -0.01217072        0.01905601
     8.1000000       -0.01203440        0.01963106
     8.2000000       -0.01317031        0.02001230
     8.3000000       -0.01144885        0.01765056
     8.4000000       -0.01447835        0.01995930
     8.5000000       -0.01971577        0.02307675
     8.6000000       -0.02821759        0.02688448
     8.7000000       -0.03045542        0.02648165
     8.8000000       -0.03190617        0.02940196
     8.9000000       -0.03309429        0.03161960
     9.0000000       -0.03875764        0.04139448
     9.1000000       -0.04929262        0.05926142
     9.2000000       -0.06713912        0.08450293
     9.3000000       -0.04621710        0.07714097
     9.4000000       -0.01652996        0.06105796
     9.5000000        0.00681380        0.05673579
     9.6000000        0.03818419        0.05338669
     9.7000000        0.08108602        0.05573416
     9.8000000        0.15361058        0.05675771
     9.9000000        0.28542746        0.04121928
    10.0000000        0.48871718        0.03209980
