     0.0000000        0.31025005        0.00188125
     0.1000000        0.16987803        0.00158842
     0.2000000        0.09536101        0.00126518
     0.3000000        0.05518991        0.00102204
     0.4000000        0.03295969        0.00080660
     0.5000000        0.02027018        0.00065208
     0.6000000        0.01291353        0.00051818
     0.7000000        0.00829541        0.00045404
     0.8000000        0.00529983        0.00039890
     0.9000000        0.00341176        0.00035054
     1.0000000        0.00239006        0.00024414
     1.1000000        0.00158757        0.00020613
     1.2000000        0.00113117        0.00015294
     1.3000000        0.00079850        0.00016049
     1.4000000        0.00062731        0.00015643
     1.5000000        0.00053349        0.00011833
     1.6000000        0.00035740        0.00011469
     1.7000000        0.00023913        0.00008753
     1.8000000        0.00020344        0.00009225
     1.9000000        0.00020246        0.00009505
     2.0000000        0.00018798        0.00008166
     2.1000000        0.00009304        0.00008209
     2.2000000        0.00003080        0.00008439
     2.3000000        0.00001138        0.00007256
     2.4000000        0.00004845        0.00005904
     2.5000000        0.00010777        0.00004593
     2.6000000        0.00006063        0.00004658
     2.7000000        0.00002840        0.00003936
     2.8000000        0.00000998        0.00003723
     2.9000000        0.00003342        0.00003121
     3.0000000        0.00004138        0.00002439
     3.1000000        0.00005153        0.00002178
     3.2000000        0.00006400        0.00001965
     3.3000000        0.00005425        0.00001912
     3.4000000        0.00003630        0.00002719
     3.5000000        0.00004281        0.00003166
     3.6000000        0.00003909        0.00003283
     3.7000000        0.00003229        0.00003786
     3.8000000        0.00001539        0.00003440
     3.9000000        0.00000165        0.00002445
     4.0000000       -0.00000738        0.00002526
     4.1000000       -0.00001854        0.00002472
     4.2000000       -0.00000871        0.00002673
     4.3000000       -0.00001307        0.00003076
     4.4000000       -0.00001773        0.00003314
     4.5000000       -0.00001390        0.00003063
     4.6000000       -0.00000068        0.00003001
     4.7000000       -0.00001683        0.00002646
     4.8000000       -0.00001683        0.00002376
     4.9000000       -0.00001569        0.00002295
     5.0000000       -0.00000462        0.00002015
     5.1000000        0.00000271        0.00002091
     5.2000000       -0.00000296        0.00002421
     5.3000000       -0.00000749        0.00003176
     5.4000000       -0.00001619        0.00003819
     5.5000000       -0.00003228        0.00004846
     5.6000000       -0.00001765        0.00004248
     5.7000000       -0.00002832        0.00003748
     5.8000000       -0.00002739        0.00003076
     5.9000000       -0.00000537        0.00002314
     6.0000000        0.00001000        0.00002527
     6.1000000        0.00000341        0.00002027
     6.2000000       -0.00000009        0.00001863
     6.3000000        0.00000539        0.00001827
     6.4000000        0.00000616        0.00001850
     6.5000000        0.00000998        0.00002863
     6.6000000       -0.00000819        0.00002989
     6.7000000       -0.00001931        0.00002930
     6.8000000       -0.00001643        0.00003084
     6.9000000        0.00000172        0.00003512
     7.0000000        0.00002015        0.00004094
     7.1000000       -0.00001868        0.00007156
     7.2000000       -0.00004584        0.00006847
     7.3000000       -0.00012568        0.00012141
     7.4000000       -0.00015498        0.00014896
     7.5000000       -0.00017728        0.00019537
     7.6000000       -0.00016388        0.00020668
     7.7000000       -0.00012825        0.00019928
     7.8000000       -0.00008232        0.00018567
     7.9000000       -0.00015717        0.00020587
     8.0000000       -0.00007000        0.00014759
     8.1000000       -0.00001294        0.00014279
     8.2000000        0.00000909        0.00014083
     8.3000000        0.00005244        0.00012369
     8.4000000        0.00022421        0.00013379
     8.5000000        0.00030417        0.00021009
     8.6000000        0.00058052        0.00028664
     8.7000000        0.00066129        0.00042440
     8.8000000        0.00082929        0.00052340
     8.9000000        0.00138111        0.00048176
     9.0000000        0.00219304        0.00043828
     9.1000000        0.00305280        0.00041607
     9.2000000        0.00464324        0.00051971
     9.3000000        0.00733724        0.00059617
     9.4000000        0.01198976        0.00058491
     9.5000000        0.01944585        0.00064521
     9.6000000        0.03231605        0.00076958
     9.7000000        0.05500064        0.00098096
     9.8000000        0.09531619        0.00118625
     9.9000000        0.16993809        0.00144660
    10.0000000        0.31025005        0.00188125
