   1.0000000000000000                2           9
 (  1.0000000000000000     , -1.0354747771831299E-003)
 (  1.0000000000000002     ,  1.1903981149571309E-003)
  -2.0943951023931953       -1.2091995761561449     
 ( 0.24400119448029636     ,  6.9080543754454186E-016)
 ( -9.5166181804972216E-002, -5.2076981267278458E-002)
 ( -9.5166181804972022E-002,  5.2076981267279936E-002)
 ( 0.24503323896859433     ,  7.8949192862233350E-016)
  -2.0943951023931953        1.2091995761561449     
 ( 0.24484616623908936     , -3.9474596431116675E-016)
 ( -9.5341437015698832E-002,  5.1274441735344761E-002)
 ( -9.5341437015698444E-002, -5.1274441735344761E-002)
 ( 0.24177164924210459     , -9.8686491077791687E-017)
   0.0000000000000000       -2.4183991523122899     
 ( 0.24094931848263101     ,  1.0855514018557087E-015)
 ( -1.7264528367506829E-003,-0.10518616760027556     )
 ( -1.7264528367507816E-003, 0.10518616760027724     )
 ( 0.24632382650226287     ,  8.8817841970012523E-016)
   0.0000000000000000        0.0000000000000000     
 (  9.2194536888243714     , -1.8638545989299347E-002)
 (  8.7828659977721539     ,  1.3943100399612888E-003)
 (  8.7828659977721539     ,  1.3943100399612831E-003)
 (  9.2172199124758478     ,  2.1427166069225557E-002)
   0.0000000000000000        2.4183991523122899     
 ( 0.24094931848263101     , -1.0855514018557087E-015)
 ( -1.7264528367510776E-003, 0.10518616760027516     )
 ( -1.7264528367503867E-003,-0.10518616760027724     )
 ( 0.24632382650226287     , -6.9080543754454186E-016)
   2.0943951023931953       -1.2091995761561449     
 ( 0.24484616623908936     ,  5.9211894646675012E-016)
 ( -9.5341437015698249E-002, -5.1274441735344373E-002)
 ( -9.5341437015698832E-002,  5.1274441735344962E-002)
 ( 0.24177164924210459     ,  4.9343245538895848E-016)
   2.0943951023931953        1.2091995761561449     
 ( 0.24400119448029636     , -4.9343245538895848E-016)
 ( -9.5166181804972022E-002,  5.2076981267278555E-002)
 ( -9.5166181804972216E-002, -5.2076981267279741E-002)
 ( 0.24503323896859433     , -1.9737298215558337E-016)
   2.0943951023931953        3.6275987284684348     
 ( 0.25108531776628040     ,  3.2689900169518496E-015)
 (  1.3137280467974380E-003,  3.9611657635339764E-005)
 (  1.3137280467976353E-003, -3.9611657629798169E-005)
 ( 0.25255731398827436     ,  3.3441613675775115E-015)
   4.1887902047863905        0.0000000000000000     
 ( 0.25108531776628124     ,  4.0785276390743598E-016)
 (  1.3137280467982275E-003, -3.9611657632455888E-005)
 (  1.3137280467980300E-003,  3.9611657632771485E-005)
 ( 0.25255731398827536     ,  5.8209609971666191E-016)
   1.0000000000000000                2           9
 (  1.0000000000000000     ,  1.2830381664595877E-003)
 (  1.0000000000000004     , -2.3282175224799409E-004)
  -2.0943951023931953       -1.2091995761561449     
 ( 0.24452264862883893     ,  0.0000000000000000     )
 ( -9.7119186110459860E-002, -5.4027397141953787E-002)
 ( -9.7119186110460748E-002,  5.4027397141955272E-002)
 ( 0.24965760853869895     ,  4.9343245538895848E-016)
  -2.0943951023931953        1.2091995761561449     
 ( 0.24313727055752940     , -5.9211894646675012E-016)
 ( -9.0069128708914176E-002,  5.3928097537061070E-002)
 ( -9.0069128708914467E-002, -5.3928097537062451E-002)
 ( 0.24292951255952921     , -1.1842378929335002E-015)
   0.0000000000000000       -2.4183991523122899     
 ( 0.24090773552938258     ,  2.0724163126336257E-015)
 (  4.0455620227043530E-005,-0.10744840772930164     )
 (  4.0455620227043530E-005, 0.10744840772930402     )
 ( 0.24236642639153849     ,  1.4802973661668755E-015)
   0.0000000000000000        0.0000000000000000     
 (  9.2005298684922323     ,  2.3094686996278174E-002)
 (  8.7986075619883088     ,  9.4519477279063589E-003)
 (  8.7986075619883071     ,  9.4519477279063693E-003)
 (  9.2019912073260954     , -4.1907915404571627E-003)
   0.0000000000000000        2.4183991523122899     
 ( 0.24090773552938258     , -1.4802973661668755E-015)
 (  4.0455620227043530E-005, 0.10744840772930164     )
 (  4.0455620227043530E-005,-0.10744840772930440     )
 ( 0.24236642639153849     , -1.6776703483224587E-015)
   2.0943951023931953       -1.2091995761561449     
 ( 0.24313727055752959     ,  1.9737298215558337E-016)
 ( -9.0069128708914370E-002, -5.3928097537060675E-002)
 ( -9.0069128708914467E-002,  5.3928097537061861E-002)
 ( 0.24292951255952902     ,  3.9474596431116675E-016)
   2.0943951023931953        1.2091995761561449     
 ( 0.24452264862883874     , -5.9211894646675012E-016)
 ( -9.7119186110460845E-002,  5.4027397141953988E-002)
 ( -9.7119186110459957E-002, -5.4027397141955071E-002)
 ( 0.24965760853869914     , -8.8817841970012523E-016)
   2.0943951023931953        3.6275987284684348     
 ( 0.24717176471407715     ,  3.0080105073437835E-015)
 (  8.1101949368091023E-004,  1.0725469547628345E-003)
 (  8.1101949368130499E-004, -1.0725469547569989E-003)
 ( 0.25246595809170519     ,  2.9782310876728482E-015)
   4.1887902047863905        0.0000000000000000     
 ( 0.24717176471407795     ,  7.4169065950652817E-016)
 (  8.1101949368189707E-004, -1.0725469547599046E-003)
 (  8.1101949368189707E-004,  1.0725469547596240E-003)
 ( 0.25246595809170597     ,  9.0860960730607438E-016)
   1.0000000000000000                2           9
 (  1.0000000000000000     , -7.5581463013567904E-004)
 (  1.0000000000000000     , -2.5310255109350325E-004)
  -2.0943951023931953       -1.2091995761561449     
 ( 0.25086618559430579     ,  3.9474596431116675E-016)
 ( -9.8382494449908639E-002, -5.3543532006756815E-002)
 ( -9.8382494449908445E-002,  5.3543532006757801E-002)
 ( 0.24649686779543009     ,  3.9474596431116675E-016)
  -2.0943951023931953        1.2091995761561449     
 ( 0.25269227440784853     , -9.8686491077791687E-017)
 ( -9.3494387911024629E-002,  5.5544985167983500E-002)
 ( -9.3494387911024629E-002, -5.5544985167984590E-002)
 ( 0.24829892457444253     , -9.8686491077791687E-017)
   0.0000000000000000       -2.4183991523122899     
 ( 0.24925335317760439     ,  7.8949192862233350E-016)
 ( -1.5098987940880763E-004,-0.11139380504080895     )
 ( -1.5098987940930108E-004, 0.11139380504081083     )
 ( 0.24967952536856744     ,  1.0855514018557087E-015)
   0.0000000000000000        0.0000000000000000     
 (  9.2165280791512760     , -1.3604663342448312E-002)
 (  8.7827165524702995     , -9.0802546310677825E-003)
 (  8.7827165524702995     , -9.0802546310677999E-003)
 (  9.2210138254446701     , -4.5558459196886492E-003)
   0.0000000000000000        2.4183991523122899     
 ( 0.24925335317760439     , -7.8949192862233350E-016)
 ( -1.5098987940920239E-004, 0.11139380504080856     )
 ( -1.5098987940910370E-004,-0.11139380504081103     )
 ( 0.24967952536856744     , -1.0855514018557087E-015)
   2.0943951023931953       -1.2091995761561449     
 ( 0.25269227440784853     ,  8.8817841970012523E-016)
 ( -9.3494387911024629E-002, -5.5544985167983306E-002)
 ( -9.3494387911024823E-002,  5.5544985167984194E-002)
 ( 0.24829892457444253     ,  1.2829243840112920E-015)
   2.0943951023931953        1.2091995761561449     
 ( 0.25086618559430540     , -3.9474596431116675E-016)
 ( -9.8382494449908445E-002,  5.3543532006756815E-002)
 ( -9.8382494449908445E-002, -5.3543532006757801E-002)
 ( 0.24649686779543009     , -8.8817841970012523E-016)
   2.0943951023931953        3.6275987284684348     
 ( 0.25846118689306269     ,  3.1109374335850739E-015)
 (  2.5875353274314884E-003,  1.7506068001585380E-003)
 (  2.5875353274314884E-003, -1.7506068001526250E-003)
 ( 0.25899565454428175     ,  3.2368012591198358E-015)
   4.1887902047863905        0.0000000000000000     
 ( 0.25846118689306352     , -4.5102810375396984E-017)
 (  2.5875353274318830E-003, -1.7506068001556623E-003)
 (  2.5875353274322777E-003,  1.7506068001553619E-003)
 ( 0.25899565454428231     ,  2.7678476794474387E-016)
   1.0000000000000000                2           9
 (  1.0000000000000000     ,  1.8790233927404015E-003)
 (  1.0000000000000000     , -1.1161984544560378E-003)
  -2.0943951023931953       -1.2091995761561449     
 ( 0.25050321980724327     ,  1.4802973661668755E-015)
 ( -9.6506952808485799E-002, -5.3334117772056447E-002)
 ( -9.6506952808485896E-002,  5.3334117772057731E-002)
 ( 0.24810052822704551     ,  9.8686491077791697E-016)
  -2.0943951023931953        1.2091995761561449     
 ( 0.24560672398312069     , -3.9474596431116675E-016)
 ( -9.3480505076938253E-002,  5.3239752437936140E-002)
 ( -9.3480505076938350E-002, -5.3239752437937327E-002)
 ( 0.24698140927875942     , -1.9737298215558337E-016)
   0.0000000000000000       -2.4183991523122899     
 ( 0.24927599053998831     ,  6.9080543754454186E-016)
 (  2.4003330776256604E-004,-0.10917669239965121     )
 (  2.4003330776296080E-004, 0.10917669239965377     )
 ( 0.24945570557064004     ,  1.0855514018557087E-015)
   0.0000000000000000        0.0000000000000000     
 (  9.2369637493784165     ,  3.3822421069322123E-002)
 (  8.7606296746867116     ,  6.8654244445515442E-003)
 (  8.7606296746867116     ,  6.8654244445515294E-003)
 (  9.2429193488069483     , -2.0091572180214321E-002)
   0.0000000000000000        2.4183991523122899     
 ( 0.24927599053998811     , -1.6776703483224587E-015)
 (  2.4003330776276342E-004, 0.10917669239965121     )
 (  2.4003330776276342E-004,-0.10917669239965358     )
 ( 0.24945570557064004     , -1.0855514018557087E-015)
   2.0943951023931953       -1.2091995761561449     
 ( 0.24560672398312050     ,  1.1842378929335002E-015)
 ( -9.3480505076938059E-002, -5.3239752437936931E-002)
 ( -9.3480505076938558E-002,  5.3239752437937132E-002)
 ( 0.24698140927875961     ,  1.9737298215558337E-016)
   2.0943951023931953        1.2091995761561449     
 ( 0.25050321980724305     ,  4.9343245538895848E-016)
 ( -9.6506952808486188E-002,  5.3334117772056544E-002)
 ( -9.6506952808485702E-002, -5.3334117772057731E-002)
 ( 0.24810052822704531     , -3.9474596431116675E-016)
   2.0943951023931953        3.6275987284684348     
 ( 0.25468238646795033     ,  3.1872652665280534E-015)
 (  3.4817926077539911E-004,  2.3259575177422620E-004)
 (  3.4817926077539911E-004, -2.3259575176805511E-004)
 ( 0.25406777213109422     ,  3.4023709775491775E-015)
   4.1887902047863905        0.0000000000000000     
 ( 0.25468238646795094     ,  2.9297552038719409E-017)
 (  3.4817926077618862E-004, -2.3259575177090073E-004)
 (  3.4817926077599124E-004,  2.3259575177096288E-004)
 ( 0.25406777213109499     ,  7.3745022434302928E-016)
   1.0000000000000000                2           9
 (  1.0000000000000000     ,  1.6099337211104051E-003)
 (  1.0000000000000000     , -3.1477378068196639E-003)
  -2.0943951023931953       -1.2091995761561449     
 ( 0.25344681425667098     ,  9.8686491077791697E-016)
 ( -9.7557329650946267E-002, -5.6518237584096416E-002)
 ( -9.7557329650945962E-002,  5.6518237584098290E-002)
 ( 0.25071974143506903     ,  1.0855514018557087E-015)
  -2.0943951023931953        1.2091995761561449     
 ( 0.24347459807996685     ,  5.9211894646675012E-016)
 ( -9.3350410079000634E-002,  5.3168482234722508E-002)
 ( -9.3350410079000523E-002, -5.3168482234723292E-002)
 ( 0.24578843330959327     ,  7.8949192862233350E-016)
   0.0000000000000000       -2.4183991523122899     
 ( 0.24646776966247211     ,  1.1842378929335002E-015)
 ( -2.9219175494400083E-003,-0.10873529683677645     )
 ( -2.9219175494401067E-003, 0.10873529683677813     )
 ( 0.24517468541256093     ,  1.3816108750890837E-015)
   0.0000000000000000        0.0000000000000000     
 (  9.1636216702635398     ,  2.8978806979985353E-002)
 (  8.8249753646432740     , -1.3840236771387618E-002)
 (  8.8249753646432723     , -1.3840236771387628E-002)
 (  9.1870176023911956     , -5.6659280522756358E-002)
   0.0000000000000000        2.4183991523122899     
 ( 0.24646776966247211     , -9.8686491077791697E-016)
 ( -2.9219175494400083E-003, 0.10873529683677624     )
 ( -2.9219175494401067E-003,-0.10873529683677792     )
 ( 0.24517468541256093     ,  0.0000000000000000     )
   2.0943951023931953       -1.2091995761561449     
 ( 0.24347459807996685     ,  1.1842378929335002E-015)
 ( -9.3350410079000426E-002, -5.3168482234722113E-002)
 ( -9.3350410079000329E-002,  5.3168482234724285E-002)
 ( 0.24578843330959288     ,  5.9211894646675012E-016)
   2.0943951023931953        1.2091995761561449     
 ( 0.25344681425667098     , -5.9211894646675012E-016)
 ( -9.7557329650946059E-002,  5.6518237584096909E-002)
 ( -9.7557329650945962E-002, -5.6518237584097894E-002)
 ( 0.25071974143506903     , -4.9343245538895848E-016)
   2.0943951023931953        3.6275987284684348     
 ( 0.25809870815561997     ,  3.6290415117434804E-015)
 (  6.6262004757473077E-004,  4.5458460631214179E-003)
 (  6.6262004757492810E-004, -4.5458460631152865E-003)
 ( 0.24800825071174101     ,  3.9389787727846697E-015)
   4.1887902047863905        0.0000000000000000     
 ( 0.25809870815562075     ,  8.7198766725767507E-016)
 (  6.6262004757552029E-004, -4.5458460631181991E-003)
 (  6.6262004757571761E-004,  4.5458460631184038E-003)
 ( 0.24800825071174179     ,  4.9111949075432268E-016)
   1.0000000000000000                2           9
 (  1.0000000000000000     ,  3.4882691505687484E-003)
 (  1.0000000000000000     , -4.5686921218549411E-003)
  -2.0943951023931953       -1.2091995761561449     
 ( 0.24989185315502993     ,  6.9080543754454186E-016)
 (-0.10041795751279942     , -5.1783649222500706E-002)
 (-0.10041795751279942     ,  5.1783649222502684E-002)
 ( 0.25144804240583291     ,  1.1842378929335002E-015)
  -2.0943951023931953        1.2091995761561449     
 ( 0.25058423782053146     , -6.9080543754454186E-016)
 ( -9.4334842879648856E-002,  5.6678412650520350E-002)
 ( -9.4334842879649050E-002, -5.6678412650521141E-002)
 ( 0.25205558844619586     , -4.9343245538895848E-016)
   0.0000000000000000       -2.4183991523122899     
 ( 0.24821767260724067     ,  1.4802973661668755E-015)
 ( -2.1178589794595601E-003,-0.10679043520761983     )
 ( -2.1178589794597575E-003, 0.10679043520762141     )
 ( 0.24639404643055063     ,  1.5789838572446670E-015)
   0.0000000000000000        0.0000000000000000     
 (  9.2338628300884285     ,  6.2788844710242514E-002)
 (  8.7704115790419106     , -9.7238067415696579E-003)
 (  8.7704115790419106     , -9.7238067415696596E-003)
 (  9.2264137666248214     , -8.2236458193383974E-002)
   0.0000000000000000        2.4183991523122899     
 ( 0.24821767260724067     , -1.2829243840112920E-015)
 ( -2.1178589794599548E-003, 0.10679043520761963     )
 ( -2.1178589794593628E-003,-0.10679043520762181     )
 ( 0.24639404643055063     , -9.8686491077791697E-016)
   2.0943951023931953       -1.2091995761561449     
 ( 0.25058423782053169     ,  8.8817841970012523E-016)
 ( -9.4334842879649258E-002, -5.6678412650520746E-002)
 ( -9.4334842879648856E-002,  5.6678412650521537E-002)
 ( 0.25205558844619586     ,  2.9605947323337506E-016)
   2.0943951023931953        1.2091995761561449     
 ( 0.24989185315502993     , -2.0724163126336257E-015)
 (-0.10041795751279962     ,  5.1783649222500908E-002)
 (-0.10041795751279922     , -5.1783649222502288E-002)
 ( 0.25144804240583291     , -5.9211894646675012E-016)
   2.0943951023931953        3.6275987284684348     
 ( 0.25615912951857694     ,  3.4956605511461526E-015)
 ( -1.3518073864603587E-003,  2.7174321887134482E-003)
 ( -1.3518073864607534E-003, -2.7174321887072691E-003)
 ( 0.25587607952219776     ,  2.6182759664076607E-015)
   4.1887902047863905        0.0000000000000000     
 ( 0.25615912951857772     ,  1.3245577474347354E-015)
 ( -1.3518073864595692E-003, -2.7174321887099761E-003)
 ( -1.3518073864595692E-003,  2.7174321887104389E-003)
 ( 0.25587607952219837     ,  5.4740163019712577E-016)
   1.0000000000000000                2           9
 (  1.0000000000000000     ,  4.9907842489602342E-005)
 (  1.0000000000000000     , -4.9088005732975224E-004)
  -2.0943951023931953       -1.2091995761561449     
 ( 0.24188933288505896     ,  0.0000000000000000     )
 ( -9.1389458497037265E-002, -5.3385049712243178E-002)
 ( -9.1389458497037362E-002,  5.3385049712244656E-002)
 ( 0.24690092368871130     ,  7.8949192862233350E-016)
  -2.0943951023931953        1.2091995761561449     
 ( 0.24006632478523729     , -8.8817841970012523E-016)
 ( -9.1601860624435247E-002,  5.3360674269604128E-002)
 ( -9.1601860624435635E-002, -5.3360674269604919E-002)
 ( 0.24559272131255838     , -4.9343245538895848E-016)
   0.0000000000000000       -2.4183991523122899     
 ( 0.24760114565870761     ,  5.9211894646675012E-016)
 (  2.1507184306167482E-003,-0.11117574957126436     )
 (  2.1507184306167482E-003, 0.11117574957126664     )
 ( 0.24993790439563610     ,  5.9211894646675012E-016)
   0.0000000000000000        0.0000000000000000     
 (  9.1905454104947246     ,  8.9834116482575361E-004)
 (  8.8097910394962433     , -3.9687499335484318E-003)
 (  8.8097910394962433     , -3.9687499335484310E-003)
 (  9.1899276132806911     , -8.8358410319223004E-003)
   0.0000000000000000        2.4183991523122899     
 ( 0.24760114565870761     , -1.1842378929335002E-015)
 (  2.1507184306171429E-003, 0.11117574957126457     )
 (  2.1507184306161558E-003,-0.11117574957126644     )
 ( 0.24993790439563610     , -1.5789838572446670E-015)
   2.0943951023931953       -1.2091995761561449     
 ( 0.24006632478523729     ,  4.9343245538895848E-016)
 ( -9.1601860624435247E-002, -5.3360674269604128E-002)
 ( -9.1601860624435247E-002,  5.3360674269604919E-002)
 ( 0.24559272131255877     , -4.9343245538895848E-016)
   2.0943951023931953        1.2091995761561449     
 ( 0.24188933288505896     , -5.9211894646675012E-016)
 ( -9.1389458497037071E-002,  5.3385049712243372E-002)
 ( -9.1389458497037557E-002, -5.3385049712244462E-002)
 ( 0.24690092368871153     , -1.3816108750890837E-015)
   2.0943951023931953        3.6275987284684348     
 ( 0.24712085975935880     ,  3.1020349290798876E-015)
 (  1.2844068307698267E-003, -1.4383464868964041E-003)
 (  1.2844068307700240E-003,  1.4383464869024702E-003)
 ( 0.25077729115846037     ,  3.1506433264796542E-015)
   4.1887902047863905        0.0000000000000000     
 ( 0.24712085975935980     ,  1.4586133227171652E-016)
 (  1.2844068307706162E-003,  1.4383464869000191E-003)
 (  1.2844068307712082E-003, -1.4383464868989847E-003)
 ( 0.25077729115846092     , -1.0080670865954113E-016)
   1.0000000000000000                2           9
 (  1.0000000000000000     , -3.7179644299247661E-004)
 (  1.0000000000000000     ,  1.4108841802300015E-003)
  -2.0943951023931953       -1.2091995761561449     
 ( 0.24440162077503796     ,  4.9343245538895848E-016)
 ( -8.9858763826792670E-002, -5.2801629166385901E-002)
 ( -8.9858763826791782E-002,  5.2801629166387677E-002)
 ( 0.24361897556523981     ,  0.0000000000000000     )
  -2.0943951023931953        1.2091995761561449     
 ( 0.24805426074209644     , -3.9474596431116675E-016)
 ( -9.5727527577020216E-002,  5.4503535345786482E-002)
 ( -9.5727527577021104E-002, -5.4503535345786877E-002)
 ( 0.24939892533915556     , -5.9211894646675012E-016)
   0.0000000000000000       -2.4183991523122899     
 ( 0.24649012490175584     ,  6.9080543754454186E-016)
 ( -1.0632180139756248E-003,-0.10662055405158455     )
 ( -1.0632180139749339E-003, 0.10662055405158741     )
 ( 0.24744320282699089     ,  1.3816108750890837E-015)
   0.0000000000000000        0.0000000000000000     
 (  9.2180475978937046     , -6.6923359738520682E-003)
 (  8.7829815883019808     ,  9.3517896351512260E-003)
 (  8.7829815883019808     ,  9.3517896351512173E-003)
 (  9.2171895861497131     ,  2.5395915244151492E-002)
   0.0000000000000000        2.4183991523122899     
 ( 0.24649012490175584     , -1.0855514018557087E-015)
 ( -1.0632180139750326E-003, 0.10662055405158455     )
 ( -1.0632180139755259E-003,-0.10662055405158741     )
 ( 0.24744320282699089     , -1.5789838572446670E-015)
   2.0943951023931953       -1.2091995761561449     
 ( 0.24805426074209644     ,  0.0000000000000000     )
 ( -9.5727527577021007E-002, -5.4503535345785697E-002)
 ( -9.5727527577020702E-002,  5.4503535345786877E-002)
 ( 0.24939892533915575     , -3.9474596431116675E-016)
   2.0943951023931953        1.2091995761561449     
 ( 0.24440162077503796     , -1.0855514018557087E-015)
 ( -8.9858763826792087E-002,  5.2801629166386296E-002)
 ( -8.9858763826792185E-002, -5.2801629166387282E-002)
 ( 0.24361897556523962     , -5.9211894646675012E-016)
   2.0943951023931953        3.6275987284684348     
 ( 0.24971694015502324     ,  2.7983980873299194E-015)
 ( -2.8798784307348451E-003, -1.4732828327861309E-003)
 ( -2.8798784307346478E-003,  1.4732828327928852E-003)
 ( 0.25576913751035169     ,  2.5970737905901665E-015)
   4.1887902047863905        0.0000000000000000     
 ( 0.24971694015502402     , -1.6007642742208202E-016)
 ( -2.8798784307338585E-003,  1.4732828327896519E-003)
 ( -2.8798784307340558E-003, -1.4732828327896012E-003)
 ( 0.25576913751035246     , -1.6499147727068299E-016)
   1.0000000000000000                2           9
 (  1.0000000000000000     , -1.2197631498290767E-003)
 (  1.0000000000000000     , -3.5449934083775584E-005)
  -2.0943951023931953       -1.2091995761561449     
 ( 0.24461750727878398     ,  1.3816108750890837E-015)
 ( -8.9554663094102968E-002, -5.4185147147268568E-002)
 ( -8.9554663094103065E-002,  5.4185147147270643E-002)
 ( 0.24434667453196646     ,  7.8949192862233350E-016)
  -2.0943951023931953        1.2091995761561449     
 ( 0.24843509851621676     ,  0.0000000000000000     )
 ( -9.6610466375219514E-002,  5.3160364221853169E-002)
 ( -9.6610466375219417E-002, -5.3160364221853856E-002)
 ( 0.24897418664124998     , -1.9737298215558337E-016)
   0.0000000000000000       -2.4183991523122899     
 ( 0.24715214141698272     ,  1.8750433304780422E-015)
 (  1.1426254603126296E-003,-0.11116287231044335     )
 (  1.1426254603123336E-003, 0.11116287231044591     )
 ( 0.25226878989996898     ,  1.7763568394002505E-015)
   0.0000000000000000        0.0000000000000000     
 (  9.2343912051747683     , -2.1955736696932925E-002)
 (  8.7673493897368999     , -1.1296917755226081E-002)
 (  8.7673493897369017     , -1.1296917755226088E-002)
 (  9.2301456024833168     , -6.3809881351874393E-004)
   0.0000000000000000        2.4183991523122899     
 ( 0.24715214141698272     , -1.4802973661668755E-015)
 (  1.1426254603126296E-003, 0.11116287231044354     )
 (  1.1426254603123336E-003,-0.11116287231044571     )
 ( 0.25226878989996898     , -7.8949192862233350E-016)
   2.0943951023931953       -1.2091995761561449     
 ( 0.24843509851621695     ,  5.9211894646675012E-016)
 ( -9.6610466375219514E-002, -5.3160364221853169E-002)
 ( -9.6610466375219611E-002,  5.3160364221853468E-002)
 ( 0.24897418664124998     ,  3.9474596431116675E-016)
   2.0943951023931953        1.2091995761561449     
 ( 0.24461750727878417     ,  5.9211894646675012E-016)
 ( -8.9554663094103371E-002,  5.4185147147268665E-002)
 ( -8.9554663094102677E-002, -5.4185147147270442E-002)
 ( 0.24434667453196646     , -1.9737298215558337E-016)
   2.0943951023931953        3.6275987284684348     
 ( 0.25218146825575144     ,  2.7902063375822509E-015)
 (  1.1952984141981994E-003, -9.8772227238348546E-004)
 (  1.1952984141978045E-003,  9.8772227238946007E-004)
 ( 0.25592344920453058     ,  3.5805053944885463E-015)
   4.1887902047863905        0.0000000000000000     
 ( 0.25218146825575222     ,  5.2041704279304213E-016)
 (  1.1952984141985941E-003,  9.8772227238683391E-004)
 (  1.1952984141985941E-003, -9.8772227238637681E-004)
 ( 0.25592344920453136     ,  7.1895855395674882E-016)
   1.0000000000000000                2           9
 (  1.0000000000000000     ,  1.7183925608783664E-004)
 (  1.0000000000000000     , -2.1223234085846669E-004)
  -2.0943951023931953       -1.2091995761561449     
 ( 0.24814689698416151     ,  6.9080543754454186E-016)
 ( -9.6558213693546044E-002, -5.2834193019921351E-002)
 ( -9.6558213693546432E-002,  5.2834193019922142E-002)
 ( 0.24554539252365062     ,  1.2829243840112920E-015)
  -2.0943951023931953        1.2091995761561449     
 ( 0.24673077861221002     ,  2.9605947323337506E-016)
 ( -8.9539860880708408E-002,  5.4272722397559155E-002)
 ( -8.9539860880708408E-002, -5.4272722397559252E-002)
 ( 0.24540458799900172     , -2.9605947323337506E-016)
   0.0000000000000000       -2.4183991523122899     
 ( 0.24346861859960611     ,  1.2829243840112920E-015)
 (  1.9962591876956123E-003,-0.10615845038059450     )
 (  1.9962591876952177E-003, 0.10615845038059686     )
 ( 0.24967324997903173     ,  1.1842378929335002E-015)
   0.0000000000000000        0.0000000000000000     
 (  9.2209937710259346     ,  3.0931066095674928E-003)
 (  8.7776982323987980     , -3.6353776294725169E-004)
 (  8.7776982323987980     , -3.6353776294726080E-004)
 (  9.2259285928811892     , -3.8201821354635701E-003)
   0.0000000000000000        2.4183991523122899     
 ( 0.24346861859960611     , -8.8817841970012523E-016)
 (  1.9962591876952177E-003, 0.10615845038059470     )
 (  1.9962591876956123E-003,-0.10615845038059667     )
 ( 0.24967324997903173     , -7.8949192862233350E-016)
   2.0943951023931953       -1.2091995761561449     
 ( 0.24673077861220982     ,  1.2829243840112920E-015)
 ( -8.9539860880708408E-002, -5.4272722397558759E-002)
 ( -8.9539860880708214E-002,  5.4272722397560043E-002)
 ( 0.24540458799900192     ,  8.8817841970012523E-016)
   2.0943951023931953        1.2091995761561449     
 ( 0.24814689698416131     , -4.9343245538895848E-016)
 ( -9.6558213693546432E-002,  5.2834193019921059E-002)
 ( -9.6558213693546238E-002, -5.2834193019922537E-002)
 ( 0.24554539252365043     , -4.9343245538895848E-016)
   2.0943951023931953        3.6275987284684348     
 ( 0.25540076361286879     ,  4.2676606847190530E-015)
 (  1.4971208457191427E-003,  1.8775045166596535E-003)
 (  1.4971208457193403E-003, -1.8775045166532554E-003)
 ( 0.25223140980789410     ,  3.0474754664222559E-015)
   4.1887902047863905        0.0000000000000000     
 ( 0.25540076361286956     ,  1.4063788713849747E-015)
 (  1.4971208457201296E-003, -1.8775045166560212E-003)
 (  1.4971208457199322E-003,  1.8775045166567026E-003)
 ( 0.25223140980789488     ,  1.8657914719394992E-016)
   1.0000000000000000                2           9
 ( 0.99999999999999978     ,  1.0198149058132724E-003)
 (  1.0000000000000002     , -2.0953400303403212E-003)
  -2.0943951023931953       -1.2091995761561449     
 ( 0.24881312814076406     ,  7.8949192862233350E-016)
 (-0.10066335381418984     , -5.3994419769110159E-002)
 (-0.10066335381418906     ,  5.3994419769112532E-002)
 ( 0.23369439171454776     ,  3.9474596431116675E-016)
  -2.0943951023931953        1.2091995761561449     
 ( 0.24984405573380444     , -6.9080543754454186E-016)
 ( -9.4057067931975880E-002,  5.3676690067386429E-002)
 ( -9.4057067931976074E-002, -5.3676690067387317E-002)
 ( 0.24626981691860333     , -1.9737298215558337E-016)
   0.0000000000000000       -2.4183991523122899     
 ( 0.23370994829439132     ,  1.3816108750890837E-015)
 ( -3.6229551834573805E-003,-0.10916095768385976     )
 ( -3.6229551834581703E-003, 0.10916095768386204     )
 ( 0.25025218663996007     ,  1.3816108750890837E-015)
   0.0000000000000000        0.0000000000000000     
 (  9.1450350616992733     ,  1.8356668304638134E-002)
 (  8.8324047197756670     , -9.6797261207431130E-003)
 (  8.8324047197756670     , -9.6797261207430992E-003)
 (  9.1877533057997702     , -3.7716120546127052E-002)
   0.0000000000000000        2.4183991523122899     
 ( 0.23370994829439132     , -1.1842378929335002E-015)
 ( -3.6229551834575779E-003, 0.10916095768385937     )
 ( -3.6229551834579730E-003,-0.10916095768386164     )
 ( 0.25025218663996007     , -7.8949192862233350E-016)
   2.0943951023931953       -1.2091995761561449     
 ( 0.24984405573380464     ,  2.9605947323337506E-016)
 ( -9.4057067931976268E-002, -5.3676690067386228E-002)
 ( -9.4057067931975283E-002,  5.3676690067387511E-002)
 ( 0.24626981691860353     ,  7.8949192862233350E-016)
   2.0943951023931953        1.2091995761561449     
 ( 0.24881312814076384     , -5.9211894646675012E-016)
 (-0.10066335381418945     ,  5.3994419769111249E-002)
 (-0.10066335381418964     , -5.3994419769111346E-002)
 ( 0.23369439171454776     , -2.0724163126336257E-015)
   2.0943951023931953        3.6275987284684348     
 ( 0.24486542905563496     ,  3.1714600081913759E-015)
 (  7.0273388958867538E-003,  3.8210369033582900E-003)
 (  7.0273388958871485E-003, -3.8210369033509473E-003)
 ( 0.25259846457377322     ,  2.9336101449296671E-015)
   4.1887902047863905        0.0000000000000000     
 ( 0.24486542905563555     , -2.7292982688701767E-016)
 (  7.0273388958877409E-003, -3.8210369033538638E-003)
 (  7.0273388958877409E-003,  3.8210369033550790E-003)
 ( 0.25259846457377400     , -2.3900634557902677E-017)
   1.0000000000000000                2           9
 (  1.0000000000000000     ,  3.0449211957528686E-004)
 (  1.0000000000000000     , -6.2771103412430221E-004)
  -2.0943951023931953       -1.2091995761561449     
 ( 0.24268988537940236     ,  0.0000000000000000     )
 ( -8.7780600341157353E-002, -5.5752521899763333E-002)
 ( -8.7780600341157644E-002,  5.5752521899765303E-002)
 ( 0.24159125034823850     ,  1.9737298215558337E-016)
  -2.0943951023931953        1.2091995761561449     
 ( 0.23929914274761396     , -3.9474596431116675E-016)
 ( -8.9082896297300609E-002,  5.0662607334307080E-002)
 ( -8.9082896297299916E-002, -5.0662607334307372E-002)
 ( 0.23804514857800563     , -3.9474596431116675E-016)
   0.0000000000000000       -2.4183991523122899     
 ( 0.24799161147276058     ,  2.0724163126336257E-015)
 (  7.6690452849259572E-004,-0.11128515196633407     )
 (  7.6690452849299047E-004, 0.11128515196633654     )
 ( 0.24196311465192888     ,  8.8817841970012523E-016)
   0.0000000000000000        0.0000000000000000     
 (  9.2013633617323443     ,  5.4808581523522392E-003)
 (  8.7977259123121687     , -2.9089702309434157E-003)
 (  8.7977259123121687     , -2.9089702309434049E-003)
 (  9.2017802869717062     , -1.1298798614240452E-002)
   0.0000000000000000        2.4183991523122899     
 ( 0.24799161147276058     , -1.6776703483224587E-015)
 (  7.6690452849299047E-004, 0.11128515196633426     )
 (  7.6690452849259572E-004,-0.11128515196633613     )
 ( 0.24196311465192888     , -8.8817841970012523E-016)
   2.0943951023931953       -1.2091995761561449     
 ( 0.23929914274761377     , -3.9474596431116675E-016)
 ( -8.9082896297300415E-002, -5.0662607334306484E-002)
 ( -8.9082896297300318E-002,  5.0662607334308163E-002)
 ( 0.23804514857800563     ,  7.8949192862233350E-016)
   2.0943951023931953        1.2091995761561449     
 ( 0.24268988537940236     , -5.9211894646675012E-016)
 ( -8.7780600341157547E-002,  5.5752521899763728E-002)
 ( -8.7780600341157256E-002, -5.5752521899765109E-002)
 ( 0.24159125034823850     , -1.4802973661668755E-015)
   2.0943951023931953        3.6275987284684348     
 ( 0.25043056312053236     ,  3.5716992635098025E-015)
 (  3.0829492721738839E-003, -4.6191364384110360E-003)
 (  3.0829492721734888E-003,  4.6191364384180747E-003)
 ( 0.24522016474581912     ,  2.7505004446876710E-015)
   4.1887902047863905        0.0000000000000000     
 ( 0.25043056312053313     ,  2.1780416976153244E-017)
 (  3.0829492721746732E-003,  4.6191364384150450E-003)
 (  3.0829492721742785E-003, -4.6191364384143181E-003)
 ( 0.24522016474581992     ,  4.8360235569175654E-016)
   1.0000000000000000                2           9
 (  1.0000000000000000     , -2.6319784210429852E-004)
 (  1.0000000000000000     ,  1.3807200545193124E-004)
  -2.0943951023931953       -1.2091995761561449     
 ( 0.24657856015273882     ,  1.9737298215558337E-016)
 ( -9.6234769805909115E-002, -5.2637585181907594E-002)
 ( -9.6234769805909615E-002,  5.2637585181909370E-002)
 ( 0.25271882325936523     ,  2.9605947323337506E-016)
  -2.0943951023931953        1.2091995761561449     
 ( 0.24700977230926510     , -1.3816108750890837E-015)
 ( -9.4619871851992957E-002,  5.2120390980265538E-002)
 ( -9.4619871851993650E-002, -5.2120390980266135E-002)
 ( 0.24789381185666423     , -1.1842378929335002E-015)
   0.0000000000000000       -2.4183991523122899     
 ( 0.24623446435905164     ,  8.8817841970012523E-016)
 (  1.8992066458612831E-003,-0.10779487840463532     )
 (  1.8992066458619740E-003, 0.10779487840463758     )
 ( 0.24930007776225269     ,  7.8949192862233350E-016)
   0.0000000000000000        0.0000000000000000     
 (  9.2243078179084055     , -4.7375611578708114E-003)
 (  8.7730792936228088     , -1.1261325298619715E-003)
 (  8.7730792936228088     , -1.1261325298619642E-003)
 (  9.2307526409510192     ,  2.4852960981420042E-003)
   0.0000000000000000        2.4183991523122899     
 ( 0.24623446435905164     , -1.6776703483224587E-015)
 (  1.8992066458616780E-003, 0.10779487840463532     )
 (  1.8992066458615791E-003,-0.10779487840463758     )
 ( 0.24930007776225269     , -1.7763568394002505E-015)
   2.0943951023931953       -1.2091995761561449     
 ( 0.24700977230926510     , -7.8949192862233350E-016)
 ( -9.4619871851993345E-002, -5.2120390980265538E-002)
 ( -9.4619871851993248E-002,  5.2120390980266135E-002)
 ( 0.24789381185666423     , -1.9737298215558337E-016)
   2.0943951023931953        1.2091995761561449     
 ( 0.24657856015273882     , -7.8949192862233350E-016)
 ( -9.6234769805908921E-002,  5.2637585181907691E-002)
 ( -9.6234769805909615E-002, -5.2637585181909169E-002)
 ( 0.25271882325936523     , -2.9605947323337506E-016)
   2.0943951023931953        3.6275987284684348     
 ( 0.25314616782335186     ,  3.2492334440310030E-015)
 ( -1.2270761080781512E-003,  4.2240960488002508E-004)
 ( -1.2270761080773616E-003, -4.2240960487343227E-004)
 ( 0.25422731572821328     ,  3.3178513948585298E-015)
   4.1887902047863905        0.0000000000000000     
 ( 0.25314616782335264     ,  3.8828893803947534E-016)
 ( -1.2270761080769670E-003, -4.2240960487633988E-004)
 ( -1.2270761080767694E-003,  4.2240960487701946E-004)
 ( 0.25422731572821405     ,  6.2257298082278738E-017)
   1.0000000000000000                2           9
 (  1.0000000000000000     , -5.5537540490823583E-004)
 (  1.0000000000000002     , -3.3237271957131572E-004)
  -2.0943951023931953       -1.2091995761561449     
 ( 0.23383209594057724     ,  1.0855514018557087E-015)
 ( -9.5185997356935753E-002, -4.6474205039337906E-002)
 ( -9.5185997356936836E-002,  4.6474205039339779E-002)
 ( 0.23902720759220250     ,  7.8949192862233350E-016)
  -2.0943951023931953        1.2091995761561449     
 ( 0.24338200195387552     , -9.8686491077791697E-016)
 ( -8.7397465435143831E-002,  5.0946055861947670E-002)
 ( -8.7397465435143637E-002, -5.0946055861948066E-002)
 ( 0.23655155547346307     , -9.8686491077791687E-017)
   0.0000000000000000       -2.4183991523122899     
 ( 0.23750080951127905     ,  1.6776703483224587E-015)
 ( -2.5805810026921071E-003,-0.10296170599864486     )
 ( -2.5805810026926007E-003, 0.10296170599864782     )
 ( 0.23639935372381565     ,  1.0855514018557087E-015)
   0.0000000000000000        0.0000000000000000     
 (  9.1621831284698931     , -9.9967572883405634E-003)
 (  8.8270210567727858     , -7.9897331203152930E-003)
 (  8.8270210567727858     , -7.9897331203152844E-003)
 (  9.1805524255606148     , -5.9827089522768752E-003)
   0.0000000000000000        2.4183991523122899     
 ( 0.23750080951127905     , -4.9343245538895848E-016)
 ( -2.5805810026928969E-003, 0.10296170599864565     )
 ( -2.5805810026918114E-003,-0.10296170599864683     )
 ( 0.23639935372381565     , -9.8686491077791687E-017)
   2.0943951023931953       -1.2091995761561449     
 ( 0.24338200195387572     , -1.9737298215558337E-016)
 ( -8.7397465435143637E-002, -5.0946055861947274E-002)
 ( -8.7397465435144220E-002,  5.0946055861947864E-002)
 ( 0.23655155547346268     ,  1.2829243840112920E-015)
   2.0943951023931953        1.2091995761561449     
 ( 0.23383209594057724     , -9.8686491077791687E-017)
 ( -9.5185997356936738E-002,  4.6474205039338599E-002)
 ( -9.5185997356935656E-002, -4.6474205039339384E-002)
 ( 0.23902720759220250     , -1.9737298215558337E-016)
   2.0943951023931953        3.6275987284684348     
 ( 0.25050893338971048     ,  3.0939756929310788E-015)
 ( -4.2438094755858913E-003,  5.1744928195069061E-003)
 ( -4.2438094755866806E-003, -5.1744928195000643E-003)
 ( 0.24646592636794315     ,  3.8803836687072308E-015)
   4.1887902047863905        0.0000000000000000     
 ( 0.25050893338971125     ,  2.3707887505016362E-016)
 ( -4.2438094755860890E-003, -5.1744928195034774E-003)
 ( -4.2438094755854966E-003,  5.1744928195031148E-003)
 ( 0.24646592636794395     ,  5.2889791312003990E-016)
   1.0000000000000000                2           9
 ( 0.99999999999999944     , -2.2426515886347256E-003)
 (  1.0000000000000004     , -2.6745076210788827E-004)
  -2.0943951023931953       -1.2091995761561449     
 ( 0.22013775619244866     ,  5.9211894646675012E-016)
 ( -5.3426123611106310E-002, -3.4779379995731712E-002)
 ( -5.3426123611105818E-002,  3.4779379995732801E-002)
 ( 0.16962191386102077     , -4.9343245538895848E-016)
  -2.0943951023931953        1.2091995761561449     
 ( 0.23826074569938654     ,  1.9737298215558337E-016)
 (-0.10825306528486796     ,  3.3245229914711731E-002)
 (-0.10825306528486806     , -3.3245229914712522E-002)
 ( 0.15644033880666985     , -6.9080543754454186E-016)
   0.0000000000000000       -2.4183991523122899     
 ( 0.23956347820255697     ,  1.4802973661668755E-015)
 (  2.6614766992604209E-002,-0.11004877292865720     )
 (  2.6614766992605295E-002, 0.11004877292865907     )
 ( 0.16152630847982566     ,  2.0724163126336257E-015)
   0.0000000000000000        0.0000000000000000     
 (  8.9032805880599941     , -4.0367728595425680E-002)
 (  9.0759213224599673     , -2.2590921156688079E-002)
 (  9.0759213224599655     , -2.2590921156688100E-002)
 (  8.9472717132184734     , -4.8141137179422179E-003)
   0.0000000000000000        2.4183991523122899     
 ( 0.23956347820255719     , -1.4802973661668755E-015)
 (  2.6614766992604802E-002, 0.11004877292865681     )
 (  2.6614766992604899E-002,-0.11004877292865967     )
 ( 0.16152630847982566     , -9.8686491077791687E-017)
   2.0943951023931953       -1.2091995761561449     
 ( 0.23826074569938674     ,  9.8686491077791697E-016)
 (-0.10825306528486757     , -3.3245229914711731E-002)
 (-0.10825306528486865     ,  3.3245229914712522E-002)
 ( 0.15644033880666963     , -9.8686491077791687E-017)
   2.0943951023931953        1.2091995761561449     
 ( 0.22013775619244885     , -1.7763568394002505E-015)
 ( -5.3426123611105721E-002,  3.4779379995731614E-002)
 ( -5.3426123611106213E-002, -3.4779379995732801E-002)
 ( 0.16962191386102099     , -2.0724163126336257E-015)
   2.0943951023931953        3.6275987284684348     
 ( 0.25096927850826400     ,  2.8989156754101309E-015)
 ( -4.1862258250916617E-003, -6.5729728729638816E-003)
 ( -4.1862258250914648E-003,  6.5729728729702602E-003)
 ( 0.19831586412093583     ,  2.8285630011066273E-015)
   4.1887902047863905        0.0000000000000000     
 ( 0.25096927850826500     ,  9.5371241768147137E-016)
 ( -4.1862258250904777E-003,  6.5729728729668957E-003)
 ( -4.1862258250914648E-003, -6.5729728729674655E-003)
 ( 0.19831586412093660     ,  2.7688114147118705E-016)
   1.0000000000000000                2           9
 (  1.0000000000000000     , -1.6580036808913343E-003)
 (  1.0000000000000002     ,  1.1558264992962578E-003)
  -2.0943951023931953       -1.2091995761561449     
 ( 0.24785423801007125     ,  4.9343245538895848E-016)
 ( -9.6778049401948882E-002, -5.5641947346847985E-002)
 ( -9.6778049401948493E-002,  5.5641947346849067E-002)
 ( 0.24983408453579672     , -9.8686491077791687E-017)
  -2.0943951023931953        1.2091995761561449     
 ( 0.24799266732355305     , -4.9343245538895848E-016)
 ( -9.5369297797557789E-002,  5.2876869168262078E-002)
 ( -9.5369297797558775E-002, -5.2876869168263556E-002)
 ( 0.25219210610162979     , -1.2829243840112920E-015)
   0.0000000000000000       -2.4183991523122899     
 ( 0.25218249387940628     , -6.9080543754454186E-016)
 ( -3.0279479356486324E-004,-0.10948998969645490     )
 ( -3.0279479356387640E-004, 0.10948998969645718     )
 ( 0.24350126035030456     , -1.9737298215558337E-016)
   0.0000000000000000        0.0000000000000000     
 (  9.2175837412251003     , -2.9844066256033846E-002)
 (  8.7812596375365750     , -4.5195946343457687E-003)
 (  8.7812596375365750     , -4.5195946343457704E-003)
 (  9.2213286800080780     ,  2.0804876987340085E-002)
   0.0000000000000000        2.4183991523122899     
 ( 0.25218249387940628     , -1.6776703483224587E-015)
 ( -3.0279479356407378E-004, 0.10948998969645451     )
 ( -3.0279479356466591E-004,-0.10948998969645737     )
 ( 0.24350126035030456     , -2.1711028037114174E-015)
   2.0943951023931953       -1.2091995761561449     
 ( 0.24799266732355266     ,  1.0855514018557087E-015)
 ( -9.5369297797558580E-002, -5.2876869168261481E-002)
 ( -9.5369297797557984E-002,  5.2876869168263556E-002)
 ( 0.25219210610162957     , -4.9343245538895848E-016)
   2.0943951023931953        1.2091995761561449     
 ( 0.24785423801007125     , -1.0855514018557087E-015)
 ( -9.6778049401948688E-002,  5.5641947346847784E-002)
 ( -9.6778049401948688E-002, -5.5641947346849269E-002)
 ( 0.24983408453579672     , -1.4802973661668755E-015)
   2.0943951023931953        3.6275987284684348     
 ( 0.25273903723119162     ,  2.0735727949509433E-015)
 (  8.3008836744882493E-004,  1.4515841655994249E-003)
 (  8.3008836744902226E-004, -1.4515841655930878E-003)
 ( 0.25511263110475507     ,  2.7046266461007285E-015)
   4.1887902047863905        0.0000000000000000     
 ( 0.25273903723119229     , -1.5751289161869408E-015)
 (  8.3008836744961434E-004, -1.4515841655961489E-003)
 (  8.3008836744941702E-004,  1.4515841655963722E-003)
 ( 0.25511263110475585     , -5.5087107714907939E-016)
   1.0000000000000000                2           9
 ( 0.99999999999999978     ,  1.0031689388733057E-003)
 (  1.0000000000000002     ,  3.2231683518101501E-004)
  -2.0943951023931953       -1.2091995761561449     
 ( 0.24651785016465450     ,  3.9474596431116675E-016)
 ( -9.3443075333086753E-002, -5.6269547509556560E-002)
 ( -9.3443075333086947E-002,  5.6269547509557642E-002)
 ( 0.24433429074074808     ,  0.0000000000000000     )
  -2.0943951023931953        1.2091995761561449     
 ( 0.24461723215801368     , -4.9343245538895848E-016)
 ( -8.7506098883047237E-002,  5.0860742706885752E-002)
 ( -8.7506098883047445E-002, -5.0860742706885849E-002)
 ( 0.23589776582687064     , -6.9080543754454186E-016)
   0.0000000000000000       -2.4183991523122899     
 ( 0.24533297257268455     ,  6.9080543754454186E-016)
 ( -2.8033721877809528E-003,-0.10660035819344217     )
 ( -2.8033721877809528E-003, 0.10660035819344375     )
 ( 0.24445708214510276     ,  8.8817841970012523E-016)
   0.0000000000000000        0.0000000000000000     
 (  9.1955146294669685     ,  1.8057040899717481E-002)
 (  8.8039678970628188     ,  1.1929371966488519E-002)
 (  8.8039678970628188     ,  1.1929371966488507E-002)
 (  9.1989556692199805     ,  5.8017030332569485E-003)
   0.0000000000000000        2.4183991523122899     
 ( 0.24533297257268455     , -1.4802973661668755E-015)
 ( -2.8033721877803609E-003, 0.10660035819344119     )
 ( -2.8033721877815448E-003,-0.10660035819344434     )
 ( 0.24445708214510276     , -1.2829243840112920E-015)
   2.0943951023931953       -1.2091995761561449     
 ( 0.24461723215801368     ,  4.9343245538895848E-016)
 ( -8.7506098883047445E-002, -5.0860742706885155E-002)
 ( -8.7506098883047043E-002,  5.0860742706886244E-002)
 ( 0.23589776582687103     ,  9.8686491077791687E-017)
   2.0943951023931953        1.2091995761561449     
 ( 0.24651785016465450     ,  0.0000000000000000     )
 ( -9.3443075333086947E-002,  5.6269547509556560E-002)
 ( -9.3443075333086753E-002, -5.6269547509557642E-002)
 ( 0.24433429074074808     , -5.9211894646675012E-016)
   2.0943951023931953        3.6275987284684348     
 ( 0.25451495904189947     ,  2.8892783227658155E-015)
 ( -2.4849477420762550E-003, -1.2116384512115461E-003)
 ( -2.4849477420764523E-003,  1.2116384512176328E-003)
 ( 0.24793405766023568     ,  3.1314649947174664E-015)
   4.1887902047863905        0.0000000000000000     
 ( 0.25451495904190047     ,  9.1863245405616249E-016)
 ( -2.4849477420758603E-003,  1.2116384512149644E-003)
 ( -2.4849477420750710E-003, -1.2116384512143022E-003)
 ( 0.24793405766023627     ,  3.7123082385903672E-016)
   1.0000000000000000                2           9
 (  1.0000000000000000     ,  2.3376820553233490E-003)
 (  1.0000000000000000     , -1.1367705138447105E-003)
  -2.0943951023931953       -1.2091995761561449     
 ( 0.25296608080229582     ,  9.8686491077791697E-016)
 ( -9.4474002708209215E-002, -5.4656688761580793E-002)
 ( -9.4474002708209104E-002,  5.4656688761581779E-002)
 ( 0.24669831450106847     ,  1.2829243840112920E-015)
  -2.0943951023931953        1.2091995761561449     
 ( 0.25280813299557792     , -1.9737298215558337E-016)
 ( -9.7844896667405673E-002,  5.7531069676341043E-002)
 ( -9.7844896667405770E-002, -5.7531069676341633E-002)
 ( 0.24895913578156512     , -4.9343245538895848E-016)
   0.0000000000000000       -2.4183991523122899     
 ( 0.25353624145260234     ,  1.8750433304780422E-015)
 ( -2.0250080573230237E-004,-0.11294904721636437     )
 ( -2.0250080573279582E-004, 0.11294904721636673     )
 ( 0.25073256376010378     ,  1.5789838572446670E-015)
   0.0000000000000000        0.0000000000000000     
 (  9.2352061287338127     ,  4.2078276995813478E-002)
 (  8.7630690291774300     ,  1.0808203873300413E-002)
 (  8.7630690291774300     ,  1.0808203873300419E-002)
 (  9.2397420381936897     , -2.0461869249210490E-002)
   0.0000000000000000        2.4183991523122899     
 ( 0.25353624145260234     , -9.8686491077791687E-017)
 ( -2.0250080573249975E-004, 0.11294904721636456     )
 ( -2.0250080573259844E-004,-0.11294904721636673     )
 ( 0.25073256376010378     , -5.9211894646675012E-016)
   2.0943951023931953       -1.2091995761561449     
 ( 0.25280813299557753     ,  1.3816108750890837E-015)
 ( -9.7844896667405673E-002, -5.7531069676340058E-002)
 ( -9.7844896667405770E-002,  5.7531069676342028E-002)
 ( 0.24895913578156512     ,  4.9343245538895848E-016)
   2.0943951023931953        1.2091995761561449     
 ( 0.25296608080229582     , -4.9343245538895848E-016)
 ( -9.4474002708209409E-002,  5.4656688761580793E-002)
 ( -9.4474002708208910E-002, -5.4656688761581779E-002)
 ( 0.24669831450106847     , -2.9605947323337506E-016)
   2.0943951023931953        3.6275987284684348     
 ( 0.25617139605386985     ,  2.9328391567181220E-015)
 (  2.8650395427385592E-003,  2.5933254760082219E-004)
 (  2.8650395427383618E-003, -2.5933254759444936E-004)
 ( 0.25221208865228678     ,  3.3622795905488247E-015)
   4.1887902047863905        0.0000000000000000     
 ( 0.25617139605387063     , -2.6984587404083666E-017)
 (  2.8650395427393485E-003, -2.5933254759741671E-004)
 (  2.8650395427395458E-003,  2.5933254759738240E-004)
 ( 0.25221208865228739     ,  7.9643082252624072E-016)
   1.0000000000000000                2           9
 (  1.0000000000000000     , -3.1860674129132626E-004)
 (  1.0000000000000000     , -1.5514313225276702E-003)
  -2.0943951023931953       -1.2091995761561449     
 ( 0.24503752242246277     ,  4.9343245538895848E-016)
 ( -9.0372012917074265E-002, -5.2715706291687030E-002)
 ( -9.0372012917074168E-002,  5.2715706291687918E-002)
 ( 0.24086571803444753     ,  9.8686491077791697E-016)
  -2.0943951023931953        1.2091995761561449     
 ( 0.24460975400284499     ,  1.9737298215558337E-016)
 ( -9.0467272322400580E-002,  5.2619919169074457E-002)
 ( -9.0467272322400871E-002, -5.2619919169075935E-002)
 ( 0.24170997514650919     ,  4.9343245538895848E-016)
   0.0000000000000000       -2.4183991523122899     
 ( 0.25022709139473992     ,  8.8817841970012523E-016)
 ( -5.5179942013901717E-004,-0.10784609631445836     )
 ( -5.5179942013852375E-004, 0.10784609631446045     )
 ( 0.24188632693450765     ,  1.2829243840112920E-015)
   0.0000000000000000        0.0000000000000000     
 (  9.2023964763819261     , -5.7349213432512187E-003)
 (  8.8011395932449474     , -1.6830342574380267E-002)
 (  8.8011395932449457     , -1.6830342574380260E-002)
 (  9.1975030265060340     , -2.7925763805507060E-002)
   0.0000000000000000        2.4183991523122899     
 ( 0.25022709139473992     , -6.9080543754454186E-016)
 ( -5.5179942013901717E-004, 0.10784609631445798     )
 ( -5.5179942013852375E-004,-0.10784609631446083     )
 ( 0.24188632693450765     , -8.8817841970012523E-016)
   2.0943951023931953       -1.2091995761561449     
 ( 0.24460975400284499     ,  9.8686491077791697E-016)
 ( -9.0467272322400774E-002, -5.2619919169074852E-002)
 ( -9.0467272322400288E-002,  5.2619919169075539E-002)
 ( 0.24170997514650899     ,  8.8817841970012523E-016)
   2.0943951023931953        1.2091995761561449     
 ( 0.24503752242246277     , -4.9343245538895848E-016)
 ( -9.0372012917073682E-002,  5.2715706291686634E-002)
 ( -9.0372012917074571E-002, -5.2715706291688119E-002)
 ( 0.24086571803444773     ,  0.0000000000000000     )
   2.0943951023931953        3.6275987284684348     
 ( 0.25108319359753839     ,  3.1189364362798558E-015)
 (  1.1695062688082834E-003,  1.4103636563955067E-003)
 (  1.1695062688074939E-003, -1.4103636563896696E-003)
 ( 0.25052352412651058     ,  3.6930335333017356E-015)
   4.1887902047863905        0.0000000000000000     
 ( 0.25108319359753900     ,  3.5918413305364220E-016)
 (  1.1695062688084807E-003, -1.4103636563924824E-003)
 (  1.1695062688088756E-003,  1.4103636563927964E-003)
 ( 0.25052352412651135     ,  4.3907778647501851E-016)
   1.0000000000000000                2           9
 (  1.0000000000000000     ,  1.1559608327506726E-003)
 (  1.0000000000000000     , -2.3946873511637326E-003)
  -2.0943951023931953       -1.2091995761561449     
 ( 0.25171041645544395     ,  7.8949192862233350E-016)
 ( -9.4269234969971985E-002, -5.5074092970496286E-002)
 ( -9.4269234969972276E-002,  5.5074092970497764E-002)
 ( 0.24705511392697657     , -2.9605947323337506E-016)
  -2.0943951023931953        1.2091995761561449     
 ( 0.25025683248264285     , -3.9474596431116675E-016)
 ( -9.4845267496268384E-002,  5.5494022389563864E-002)
 ( -9.4845267496267899E-002, -5.5494022389564260E-002)
 ( 0.25079146722104512     ,  3.9474596431116675E-016)
   0.0000000000000000       -2.4183991523122899     
 ( 0.24541150011176457     ,  8.8817841970012523E-016)
 ( -8.7924391770884591E-004,-0.10679633828638371     )
 ( -8.7924391770854982E-004, 0.10679633828638628     )
 ( 0.24674541639398445     ,  2.9605947323337506E-016)
   0.0000000000000000        0.0000000000000000     
 (  9.2415794196811571     ,  2.0807294989517791E-002)
 (  8.7605609062308822     , -1.1148538665711158E-002)
 (  8.7605609062308805     , -1.1148538665711180E-002)
 (  9.2412679294876217     , -4.3104372320941935E-002)
   0.0000000000000000        2.4183991523122899     
 ( 0.24541150011176457     , -1.0855514018557087E-015)
 ( -8.7924391770845115E-004, 0.10679633828638371     )
 ( -8.7924391770894457E-004,-0.10679633828638588     )
 ( 0.24674541639398445     , -1.2829243840112920E-015)
   2.0943951023931953       -1.2091995761561449     
 ( 0.25025683248264269     ,  7.8949192862233350E-016)
 ( -9.4845267496268190E-002, -5.5494022389563469E-002)
 ( -9.4845267496268093E-002,  5.5494022389564260E-002)
 ( 0.25079146722104512     ,  1.3816108750890837E-015)
   2.0943951023931953        1.2091995761561449     
 ( 0.25171041645544417     , -1.1842378929335002E-015)
 ( -9.4269234969971985E-002,  5.5074092970496875E-002)
 ( -9.4269234969972276E-002, -5.5074092970497368E-002)
 ( 0.24705511392697657     , -6.9080543754454186E-016)
   2.0943951023931953        3.6275987284684348     
 ( 0.25868140230920328     ,  2.6240583779942503E-015)
 ( -3.1886533310893205E-003,  3.1430298851107849E-003)
 ( -3.1886533310891232E-003, -3.1430298851040125E-003)
 ( 0.25236287667161172     ,  3.4177907417800825E-015)
   4.1887902047863905        0.0000000000000000     
 ( 0.25868140230920411     , -4.1633363423443370E-017)
 ( -3.1886533310881366E-003, -3.1430298851070609E-003)
 ( -3.1886533310887285E-003,  3.1430298851076268E-003)
 ( 0.25236287667161267     ,  1.6113653621295674E-016)
