   -1.000000      0.000000
  1    1       -0.00727524        0.00301950       -0.00000000        0.00000000
  1    2       -0.00003092        0.00301292       -0.00000000        0.00000000
  2    1       -0.00009216        0.00314936       -0.00000000        0.00000000
  2    2       -0.00588733        0.00219724       -0.00000000        0.00000000
   -0.500000      0.866025
  1    1       -0.00789035        0.00346787       -0.00000000        0.00000000
  1    2       -0.06184712        0.00387616       -0.00000000        0.00000000
  2    1       -0.00005988        0.00299996       -0.00000000        0.00000000
  2    2       -0.00625613        0.00184451       -0.00000000        0.00000000
    0.000000      1.732051
  1    1       -0.00523240        0.00256588        0.00000000        0.00000000
  1    2        0.00039411        0.00287610        0.00000000        0.00000000
  2    1       -0.00140992        0.00164429        0.00000000        0.00000000
  2    2       -0.00332895        0.00126834        0.00000000        0.00000000
   -0.500000     -0.866025
  1    1       -0.00721606        0.00279051       -0.00000000        0.00000000
  1    2       -0.00092724        0.00182101       -0.00000000        0.00000000
  2    1       -0.06270717        0.00272737       -0.00000000        0.00000000
  2    2       -0.00637185        0.00224863       -0.00000000        0.00000000
    0.000000      0.000000
  1    1        0.23986944        0.00435186        0.00000000        0.00000000
  1    2       -0.06163229        0.00357452        0.00000000        0.00000000
  2    1       -0.06163229        0.00357452        0.00000000        0.00000000
  2    2        0.23622741        0.00838131        0.00000000        0.00000000
    0.500000      0.866025
  1    1       -0.00721606        0.00279051        0.00000000        0.00000000
  1    2       -0.06270717        0.00272737       -0.00000000        0.00000000
  2    1       -0.00092724        0.00182101       -0.00000000        0.00000000
  2    2       -0.00637185        0.00224863       -0.00000000        0.00000000
    0.500000     -0.866025
  1    1       -0.00789035        0.00346787       -0.00000000        0.00000000
  1    2       -0.00005988        0.00299996       -0.00000000        0.00000000
  2    1       -0.06184712        0.00387616       -0.00000000        0.00000000
  2    2       -0.00625613        0.00184451       -0.00000000        0.00000000
    1.000000      0.000000
  1    1       -0.00727524        0.00301950       -0.00000000        0.00000000
  1    2       -0.00009216        0.00314936       -0.00000000        0.00000000
  2    1       -0.00003092        0.00301292       -0.00000000        0.00000000
  2    2       -0.00588733        0.00219724       -0.00000000        0.00000000
    1.500000      0.866025
  1    1       -0.00523240        0.00256588        0.00000000        0.00000000
  1    2       -0.00140992        0.00164429        0.00000000        0.00000000
  2    1        0.00039411        0.00287610        0.00000000        0.00000000
  2    2       -0.00332895        0.00126834        0.00000000        0.00000000
