   -1.000000      0.000000
  1    1        0.00000673        0.00025691       -0.00012789        0.00032903
  1    2       -0.06061994        0.00044808       -0.00026390        0.00031100
  2    1       -0.06068662        0.00041507       -0.00015123        0.00038351
  2    2       -0.00010724        0.00041420        0.00015229        0.00036732
   -0.500000      0.866025
  1    1       -0.00004954        0.00021364       -0.00024889        0.00012691
  1    2        0.42392957        0.00058896        0.00024466        0.00042422
  2    1       -0.06080318        0.00050089        0.00039712        0.00037079
  2    2        0.00021086        0.00036885        0.00031441        0.00028345
    0.000000      1.732051
  1    1       -0.00014201        0.00010751        0.00027575        0.00032291
  1    2       -0.06080535        0.00053505        0.00010938        0.00027086
  2    1       -0.06117892        0.00061510       -0.00017549        0.00021900
  2    2        0.00003276        0.00015068       -0.00040833        0.00049855
   -0.500000     -0.866025
  1    1       -0.00013187        0.00026454       -0.00000728        0.00012474
  1    2       -0.06065042        0.00037936        0.00015402        0.00043565
  2    1        0.42422924        0.00072238        0.00052818        0.00031627
  2    2        0.00037813        0.00025367        0.00021229        0.00023278
    0.000000      0.000000
  1    1        1.00000000        0.00000000        0.00012470        0.00044388
  1    2        0.42337707        0.00089582        0.00030891        0.00041838
  2    1        0.42337707        0.00089582       -0.00030891        0.00041838
  2    2        1.00000000        0.00000000       -0.00059223        0.00047876
    0.500000      0.866025
  1    1        0.00013187        0.00026454       -0.00000728        0.00012474
  1    2        0.42422924        0.00072238       -0.00052818        0.00031627
  2    1       -0.06065042        0.00037936       -0.00015402        0.00043565
  2    2       -0.00037813        0.00025367        0.00021229        0.00023278
    0.500000     -0.866025
  1    1        0.00004954        0.00021364       -0.00024889        0.00012691
  1    2       -0.06080318        0.00050089       -0.00039712        0.00037079
  2    1        0.42392957        0.00058896       -0.00024466        0.00042422
  2    2       -0.00021086        0.00036885        0.00031441        0.00028345
    1.000000      0.000000
  1    1       -0.00000673        0.00025691       -0.00012789        0.00032903
  1    2       -0.06068662        0.00041507        0.00015123        0.00038351
  2    1       -0.06061994        0.00044808        0.00026390        0.00031100
  2    2        0.00010724        0.00041420        0.00015229        0.00036732
    1.500000      0.866025
  1    1        0.00014201        0.00010751        0.00027575        0.00032291
  1    2       -0.06117892        0.00061510        0.00017549        0.00021900
  2    1       -0.06080535        0.00053505       -0.00010938        0.00027086
  2    2       -0.00003276        0.00015068       -0.00040833        0.00049855
