   1.0000000000000000                2           9
 (  0.0000000000000000     ,  0.0000000000000000     )
 (  0.0000000000000000     ,  0.0000000000000000     )
  -2.0943951023931953       -1.2091995761561449     
 ( 0.99999999999999900     ,  1.7142441578817133E-003)
 ( 0.72711506616242516     , 0.41759075122343270     )
 ( 0.72711506616242638     ,-0.41759075122343214     )
 ( 0.99999999999999944     , -2.2974128294598246E-003)
  -2.0943951023931953        1.2091995761561449     
 (  1.0000000000000002     , -1.1151579375885587E-003)
 ( 0.72542393875311528     ,-0.41945816688959175     )
 ( 0.72542393875311406     , 0.41945816688959359     )
 (  1.0000000000000007     , -1.6535092575991776E-004)
   0.0000000000000000       -2.4183991523122899     
 ( 0.99999999999999900     , -2.4605694874530247E-003)
 (  1.2141984594184290E-003, 0.83613220118003440     )
 (  1.2141984594212845E-003,-0.83613220118003384     )
 ( 0.99999999999999944     ,  1.9631709721772751E-003)
   0.0000000000000000        0.0000000000000000     
 (  1.0000000000000029     , -3.7064655059438072E-004)
 ( 0.90411354977579828     ,  3.2773798502387847E-004)
 ( 0.90411354977579628     , -3.2773798502314225E-004)
 (  1.0000000000000036     ,  2.6184612499946099E-005)
   0.0000000000000000        2.4183991523122899     
 ( 0.99999999999999922     ,  3.6178578284159476E-004)
 (  1.2450742698844053E-004,-0.83690217365549635     )
 (  1.2450742698970495E-004, 0.83690217365549524     )
 ( 0.99999999999999978     ,  2.2971428176592132E-003)
   2.0943951023931953       -1.2091995761561449     
 (  1.0000000000000007     ,  5.4076069606592500E-004)
 ( 0.72430200449763837     , 0.41723289970795102     )
 ( 0.72430200449763749     ,-0.41723289970795197     )
 (  1.0000000000000007     , -3.4275951727296694E-003)
   2.0943951023931953        1.2091995761561449     
 ( 0.99999999999999922     ,  1.6292570704698566E-003)
 ( 0.72601821807418176     ,-0.41577095386614626     )
 ( 0.72601821807418176     , 0.41577095386614660     )
 ( 0.99999999999999944     , -2.8187348549433861E-004)
   2.0943951023931953        3.6275987284684348     
 ( 0.99999999999999956     , -2.9649560101483842E-003)
 ( -4.9752743846223947E-003, -3.3481515407447755E-003)
 ( -4.9752743846209636E-003,  3.3481515407457192E-003)
 (  1.0000000000000002     ,  2.8572209895029641E-003)
   4.1887902047863905        0.0000000000000000     
 (  1.0000000000000000     , -6.6539907161229008E-003)
 ( -7.0827365363593979E-003,  2.9441774239348517E-003)
 ( -7.0827365363575912E-003, -2.9441774239361844E-003)
 ( 0.99999999999999900     ,  9.7420960562185216E-003)
   1.0000000000000000                2           9
 (  0.0000000000000000     ,  0.0000000000000000     )
 (  0.0000000000000000     ,  0.0000000000000000     )
  -2.0943951023931953       -1.2091995761561449     
 ( 0.99999999999999944     , -1.3999288968854385E-003)
 ( 0.73021545930404286     , 0.42009535372069301     )
 ( 0.73021545930404386     ,-0.42009535372069268     )
 ( 0.99999999999999944     ,  2.0515129849830605E-003)
  -2.0943951023931953        1.2091995761561449     
 (  1.0000000000000000     , -1.4751886058905154E-004)
 ( 0.72480980305817211     ,-0.42195784074121584     )
 ( 0.72480980305817244     , 0.42195784074121673     )
 (  1.0000000000000009     , -1.0658019381003112E-004)
   0.0000000000000000       -2.4183991523122899     
 ( 0.99999999999999956     ,  1.3762508195707920E-003)
 ( -5.0530086537884744E-004, 0.83978497336743407     )
 ( -5.0530086537851438E-004,-0.83978497336743418     )
 ( 0.99999999999999944     ,  3.4908903989288166E-004)
   0.0000000000000000        0.0000000000000000     
 (  1.0000000000000029     ,  7.3007360507499133E-004)
 ( 0.90820587019075893     , -9.0565333186751597E-004)
 ( 0.90820587019076116     ,  9.0565333186719450E-004)
 (  1.0000000000000040     , -3.3313654595285166E-004)
   0.0000000000000000        2.4183991523122899     
 ( 0.99999999999999944     ,  1.3882250354860736E-003)
 (  4.5298585959838465E-004,-0.84073562745732933     )
 (  4.5298585959988963E-004, 0.84073562745732955     )
 ( 0.99999999999999944     ,  2.9829124688666724E-003)
   2.0943951023931953       -1.2091995761561449     
 ( 0.99999999999999978     , -1.4297729373993794E-003)
 ( 0.72724428592403711     , 0.42112356831972919     )
 ( 0.72724428592403723     ,-0.42112356831973102     )
 (  1.0000000000000007     ,  4.8141814276237544E-004)
   2.0943951023931953        1.2091995761561449     
 ( 0.99999999999999922     , -2.1930720891128654E-003)
 ( 0.72849770143465653     ,-0.42112989206187390     )
 ( 0.72849770143465853     , 0.42112989206187212     )
 ( 0.99999999999999922     ,  2.6031829485524260E-004)
   2.0943951023931953        3.6275987284684348     
 (  1.0000000000000000     ,  4.4297054752441972E-003)
 (  1.2377993672921805E-003, -4.4390466578496978E-003)
 (  1.2377993672928714E-003,  4.4390466578505027E-003)
 ( 0.99999999999999944     ,  4.7832473987807322E-004)
   4.1887902047863905        0.0000000000000000     
 ( 0.99999999999999978     ,  8.7933813467469604E-003)
 ( -1.4397322338460083E-002,  1.0803167895490079E-002)
 ( -1.4397322338458831E-002, -1.0803167895491784E-002)
 ( 0.99999999999999956     , -8.2592547017073647E-003)
   1.0000000000000000                2           9
 (  0.0000000000000000     ,  0.0000000000000000     )
 (  0.0000000000000000     ,  0.0000000000000000     )
  -2.0943951023931953       -1.2091995761561449     
 ( 0.99999999999999878     ,  3.1291083352517524E-003)
 ( 0.72683675528612024     , 0.41664642462310764     )
 ( 0.72683675528611991     ,-0.41664642462310897     )
 ( 0.99999999999999922     ,  8.8463231581348972E-004)
  -2.0943951023931953        1.2091995761561449     
 (  1.0000000000000002     , -1.5000295915943871E-003)
 ( 0.72564327569564246     ,-0.42258495271338936     )
 ( 0.72564327569564280     , 0.42258495271338997     )
 (  1.0000000000000009     ,  1.8940022088033261E-005)
   0.0000000000000000       -2.4183991523122899     
 ( 0.99999999999999922     , -1.0568551591151423E-003)
 ( -1.4014261435656859E-003, 0.83779597289537600     )
 ( -1.4014261435657230E-003,-0.83779597289537666     )
 ( 0.99999999999999922     , -2.1702103096300170E-003)
   0.0000000000000000        0.0000000000000000     
 (  1.0000000000000031     , -1.4026722487456133E-003)
 ( 0.90483225065476758     ,  1.0318615416040763E-003)
 ( 0.90483225065477002     , -1.0318615416029355E-003)
 (  1.0000000000000033     ,  1.0258320831160782E-003)
   0.0000000000000000        2.4183991523122899     
 ( 0.99999999999999922     ,  1.0735828441077204E-004)
 ( -5.0670449901078374E-003,-0.83693900817083167     )
 ( -5.0670449901100085E-003, 0.83693900817083267     )
 ( 0.99999999999999922     ,  5.6114718382560742E-004)
   2.0943951023931953       -1.2091995761561449     
 (  1.0000000000000000     , -3.5283951379801526E-003)
 ( 0.72492282423619370     , 0.42128475928957737     )
 ( 0.72492282423619470     ,-0.42128475928957648     )
 (  1.0000000000000004     ,  9.6736649396898106E-004)
   2.0943951023931953        1.2091995761561449     
 ( 0.99999999999999900     , -2.1182667682470842E-003)
 ( 0.72324793554468281     ,-0.41797715533750757     )
 ( 0.72324793554468136     , 0.41797715533751101     )
 ( 0.99999999999999900     , -6.3789482565451000E-004)
   2.0943951023931953        3.6275987284684348     
 (  1.0000000000000000     , -4.0173382080460288E-003)
 ( -7.0491397994008297E-003,  1.6716563593210483E-003)
 ( -7.0491397994016875E-003, -1.6716563593205354E-003)
 ( 0.99999999999999956     ,  3.8829955390673601E-004)
   4.1887902047863905        0.0000000000000000     
 (  1.0000000000000000     ,  3.5847588228447719E-003)
 ( -9.7216117562485271E-003, -1.5877737841805712E-003)
 ( -9.7216117562497241E-003,  1.5877737841805345E-003)
 ( 0.99999999999999922     , -3.3160354772759234E-003)
   1.0000000000000000                2           9
 (  0.0000000000000000     ,  0.0000000000000000     )
 (  0.0000000000000000     ,  0.0000000000000000     )
  -2.0943951023931953       -1.2091995761561449     
 ( 0.99999999999999900     ,  2.4161642052173680E-003)
 ( 0.72792232082853825     , 0.41992068506787983     )
 ( 0.72792232082853703     ,-0.41992068506787983     )
 ( 0.99999999999999900     ,  1.1563734686652570E-003)
  -2.0943951023931953        1.2091995761561449     
 (  1.0000000000000004     ,  1.9943261980530052E-003)
 ( 0.72764051625312676     ,-0.41928122933603196     )
 ( 0.72764051625312698     , 0.41928122933603135     )
 (  1.0000000000000002     , -1.6145092486153998E-003)
   0.0000000000000000       -2.4183991523122899     
 ( 0.99999999999999900     ,  2.0426588220701556E-003)
 ( -1.2847584514207003E-003, 0.83911088426860247     )
 ( -1.2847584514197442E-003,-0.83911088426860347     )
 ( 0.99999999999999900     ,  6.7890278064124392E-004)
   0.0000000000000000        0.0000000000000000     
 (  1.0000000000000029     ,  9.1579715480109923E-004)
 ( 0.90696387461345140     ,  8.9759341615451842E-004)
 ( 0.90696387461345118     , -8.9759341615328254E-004)
 (  1.0000000000000033     ,  7.5360541273116486E-004)
   0.0000000000000000        2.4183991523122899     
 ( 0.99999999999999956     , -6.0705562186214653E-004)
 (  3.0122580964290521E-003,-0.83940698449759921     )
 (  3.0122580964280716E-003, 0.83940698449760054     )
 ( 0.99999999999999922     , -1.2426690671743861E-003)
   2.0943951023931953       -1.2091995761561449     
 (  1.0000000000000002     ,  5.2462740911156955E-004)
 ( 0.72947870664314685     , 0.42144725706113340     )
 ( 0.72947870664314785     ,-0.42144725706113073     )
 (  1.0000000000000004     , -2.3914552981133824E-004)
   2.0943951023931953        1.2091995761561449     
 ( 0.99999999999999900     , -2.7258643326915803E-004)
 ( 0.72925628624704197     ,-0.41781032322170270     )
 ( 0.72925628624703986     , 0.41781032322170503     )
 ( 0.99999999999999900     , -1.4822077836532670E-003)
   2.0943951023931953        3.6275987284684348     
 ( 0.99999999999999978     ,  3.1948640308734579E-004)
 ( -5.1322289280706116E-004,  1.0530360160263208E-002)
 ( -5.1322289280749300E-004, -1.0530360160266320E-002)
 ( 0.99999999999999978     , -2.8081453915651451E-003)
   4.1887902047863905        0.0000000000000000     
 (  1.0000000000000000     ,  9.5777923974543662E-003)
 ( -7.2957714005317687E-003, -2.5058045711655787E-003)
 ( -7.2957714005324097E-003,  2.5058045711667649E-003)
 ( 0.99999999999999978     , -5.2479907313224645E-003)
   1.0000000000000000                2           9
 (  0.0000000000000000     ,  0.0000000000000000     )
 (  0.0000000000000000     ,  0.0000000000000000     )
  -2.0943951023931953       -1.2091995761561449     
 ( 0.99999999999999922     ,  5.0375920311951910E-003)
 ( 0.73347191078985996     , 0.41563239952010866     )
 ( 0.73347191078986063     ,-0.41563239952010778     )
 ( 0.99999999999999922     , -6.6667755339233801E-003)
  -2.0943951023931953        1.2091995761561449     
 (  1.0000000000000000     ,  7.9708015742944484E-003)
 ( 0.72402101616136405     ,-0.42958792756606751     )
 ( 0.72402101616136072     , 0.42958792756606690     )
 (  1.0000000000000009     , -7.0341393758025263E-003)
   0.0000000000000000       -2.4183991523122899     
 ( 0.99999999999999922     ,  3.0458721574427626E-003)
 (  8.5432414908453991E-004, 0.84373348337906051     )
 (  8.5432414908625154E-004,-0.84373348337905896     )
 ( 0.99999999999999922     , -4.1839701855350964E-003)
   0.0000000000000000        0.0000000000000000     
 (  1.0000000000000031     ,  2.4401956096426324E-003)
 ( 0.90811721358341779     , -2.3388691369215990E-003)
 ( 0.90811721358341435     ,  2.3388691369224100E-003)
 (  1.0000000000000036     , -1.6889815134250002E-003)
   0.0000000000000000        2.4183991523122899     
 ( 0.99999999999999922     ,  2.7053283965535074E-003)
 ( -4.0610443577431326E-003,-0.84195010380604129     )
 ( -4.0610443577422505E-003, 0.84195010380603963     )
 ( 0.99999999999999956     , -3.5397150436068591E-003)
   2.0943951023931953       -1.2091995761561449     
 (  1.0000000000000004     ,  3.3622263061242611E-004)
 ( 0.73062518577279301     , 0.41983686098855011     )
 ( 0.73062518577278979     ,-0.41983686098854833     )
 (  1.0000000000000009     , -3.4814262780869191E-003)
   2.0943951023931953        1.2091995761561449     
 ( 0.99999999999999922     ,  4.8230870867602520E-003)
 ( 0.72714437561554035     ,-0.42403316445441475     )
 ( 0.72714437561554024     , 0.42403316445441436     )
 ( 0.99999999999999922     , -3.6795969307297583E-003)
   2.0943951023931953        3.6275987284684348     
 ( 0.99999999999999978     ,  1.4926087321261909E-003)
 ( -2.3219520327404870E-005, -1.9323207923841582E-002)
 ( -2.3219520328404071E-005,  1.9323207923842265E-002)
 ( 0.99999999999999978     ,  4.7513401583972482E-003)
   4.1887902047863905        0.0000000000000000     
 (  1.0000000000000004     , -1.3362304728633754E-002)
 (  5.5591361872978518E-003, -1.2845111093164878E-002)
 (  5.5591361872977408E-003,  1.2845111093164736E-002)
 ( 0.99999999999999922     , -2.8063755586646890E-003)
   1.0000000000000000                2           9
 (  0.0000000000000000     ,  0.0000000000000000     )
 (  0.0000000000000000     ,  0.0000000000000000     )
  -2.0943951023931953       -1.2091995761561449     
 ( 0.99999999999999900     ,  3.9879355991865794E-003)
 ( 0.72813631068748697     , 0.41855991299890394     )
 ( 0.72813631068748574     ,-0.41855991299890549     )
 ( 0.99999999999999922     , -4.3588117215714439E-003)
  -2.0943951023931953        1.2091995761561449     
 (  1.0000000000000007     ,  9.7323374568361826E-004)
 ( 0.72558322000721542     ,-0.42254604292502118     )
 ( 0.72558322000721509     , 0.42254604292501829     )
 (  1.0000000000000007     , -3.7749691799558488E-003)
   0.0000000000000000       -2.4183991523122899     
 ( 0.99999999999999922     ,  3.4505335022371499E-003)
 (  1.2251741184524101E-003, 0.83931010833523745     )
 (  1.2251741184502144E-003,-0.83931010833523600     )
 ( 0.99999999999999944     , -4.3849863971428963E-003)
   0.0000000000000000        0.0000000000000000     
 (  1.0000000000000027     ,  7.4202457427430821E-004)
 ( 0.90592544041704848     ,  1.1953078841540387E-003)
 ( 0.90592544041704626     , -1.1953078841556756E-003)
 (  1.0000000000000036     , -7.8480733362875027E-004)
   0.0000000000000000        2.4183991523122899     
 ( 0.99999999999999900     , -4.5822202042220168E-004)
 (  3.2341105769005149E-003,-0.83675037942504871     )
 (  3.2341105769007864E-003, 0.83675037942504726     )
 ( 0.99999999999999944     ,  1.0231244177797286E-003)
   2.0943951023931953       -1.2091995761561449     
 (  1.0000000000000002     ,  6.8741673687683202E-003)
 ( 0.72442024125638182     , 0.41782920499823267     )
 ( 0.72442024125638027     ,-0.41782920499823228     )
 (  1.0000000000000004     , -5.6341964749092154E-003)
   2.0943951023931953        1.2091995761561449     
 ( 0.99999999999999878     ,  4.7847390463314203E-004)
 ( 0.72767160936045705     ,-0.41671354195955845     )
 ( 0.72767160936045672     , 0.41671354195955773     )
 ( 0.99999999999999922     ,  8.6457232086258658E-004)
   2.0943951023931953        3.6275987284684348     
 (  1.0000000000000004     ,  6.9288988240446782E-003)
 (  1.1680938318140321E-002, -1.7425690806130066E-002)
 (  1.1680938318140495E-002,  1.7425690806129959E-002)
 ( 0.99999999999999956     , -1.2373785855118011E-002)
   4.1887902047863905        0.0000000000000000     
 (  1.0000000000000002     ,  8.4173768567131334E-003)
 (  1.1981105436366423E-002,  2.0789601590052331E-002)
 (  1.1981105436365399E-002, -2.0789601590053573E-002)
 ( 0.99999999999999922     , -1.1694368873010598E-002)
   1.0000000000000000                2           9
 (  0.0000000000000000     ,  0.0000000000000000     )
 (  0.0000000000000000     ,  0.0000000000000000     )
  -2.0943951023931953       -1.2091995761561449     
 ( 0.99999999999999900     ,  1.5272825280957197E-003)
 ( 0.72204669955469969     , 0.42088885092101974     )
 ( 0.72204669955470002     ,-0.42088885092102257     )
 ( 0.99999999999999922     ,  4.3445079580491742E-004)
  -2.0943951023931953        1.2091995761561449     
 (  1.0000000000000002     ,  5.0900158807913945E-004)
 ( 0.72915768487018107     ,-0.41587160293423620     )
 ( 0.72915768487018251     , 0.41587160293423409     )
 (  1.0000000000000004     ,  2.6144528141839127E-003)
   0.0000000000000000       -2.4183991523122899     
 ( 0.99999999999999922     , -2.1829090891784877E-003)
 ( -4.0722146436129099E-004, 0.83666772503947762     )
 ( -4.0722146436335109E-004,-0.83666772503947795     )
 ( 0.99999999999999900     ,  8.0148137631930823E-004)
   0.0000000000000000        0.0000000000000000     
 (  1.0000000000000033     ,  4.2040799798310872E-004)
 ( 0.90656108037780880     ,  2.6629049749653418E-004)
 ( 0.90656108037781236     , -2.6629049749940400E-004)
 (  1.0000000000000029     ,  2.3508647987835799E-003)
   0.0000000000000000        2.4183991523122899     
 ( 0.99999999999999944     , -3.1904770738876809E-003)
 ( -3.4590327467341904E-004,-0.83500417345820988     )
 ( -3.4590327467017473E-004, 0.83500417345821054     )
 ( 0.99999999999999878     , -7.9859520629660928E-004)
   2.0943951023931953       -1.2091995761561449     
 (  1.0000000000000000     , -1.9898651140235774E-003)
 ( 0.72701830202637385     , 0.42203600533826235     )
 ( 0.72701830202637308     ,-0.42203600533826480     )
 (  1.0000000000000007     ,  2.8826022790683389E-003)
   2.0943951023931953        1.2091995761561449     
 ( 0.99999999999999922     , -3.6600508630372213E-003)
 ( 0.72376256564856367     ,-0.41956186471867024     )
 ( 0.72376256564856734     , 0.41956186471866896     )
 ( 0.99999999999999878     , -7.3830595239614705E-004)
   2.0943951023931953        3.6275987284684348     
 ( 0.99999999999999978     ,  3.3913802017127301E-003)
 ( -4.6843236644574421E-004,  1.9899332078708542E-002)
 ( -4.6843236644500408E-004, -1.9899332078706467E-002)
 ( 0.99999999999999922     , -7.6786488078804931E-003)
   4.1887902047863905        0.0000000000000000     
 ( 0.99999999999999922     ,  5.6244004066626852E-003)
 (  8.9634778126407421E-003, -6.9784260588626433E-003)
 (  8.9634778126419026E-003,  6.9784260588603188E-003)
 (  1.0000000000000002     , -4.2862226135545693E-003)
   1.0000000000000000                2           9
 (  0.0000000000000000     ,  0.0000000000000000     )
 (  0.0000000000000000     ,  0.0000000000000000     )
  -2.0943951023931953       -1.2091995761561449     
 ( 0.99999999999999944     , -1.4598351605182142E-003)
 ( 0.72486704960227655     , 0.41947505035090604     )
 ( 0.72486704960227444     ,-0.41947505035090871     )
 ( 0.99999999999999900     , -9.5262229077451382E-004)
  -2.0943951023931953        1.2091995761561449     
 (  1.0000000000000004     ,  1.3430445604602349E-003)
 ( 0.72873138971338713     ,-0.42177823421865784     )
 ( 0.72873138971338680     , 0.42177823421865729     )
 (  1.0000000000000007     ,  5.6493339838693194E-004)
   0.0000000000000000       -2.4183991523122899     
 ( 0.99999999999999900     ,  1.1192535968014921E-003)
 (  3.2232333989188098E-004, 0.84050166535942594     )
 (  3.2232333988795200E-004,-0.84050166535942683     )
 ( 0.99999999999999944     ,  7.9270801596845999E-004)
   0.0000000000000000        0.0000000000000000     
 (  1.0000000000000031     , -7.4918573502990226E-004)
 ( 0.90730873790654121     ,  9.6545396116187274E-005)
 ( 0.90730873790654165     , -9.6545396118819418E-005)
 (  1.0000000000000036     , -7.3089925320111223E-004)
   0.0000000000000000        2.4183991523122899     
 ( 0.99999999999999878     , -7.4440570896972232E-005)
 (  1.4375891898426401E-003,-0.84255402229356946     )
 (  1.4375891898435467E-003, 0.84255402229356990     )
 ( 0.99999999999999922     , -4.6410369256063072E-003)
   2.0943951023931953       -1.2091995761561449     
 (  1.0000000000000004     ,  3.2301714092282403E-003)
 ( 0.73006380372467083     , 0.41745802801267740     )
 ( 0.73006380372466884     ,-0.41745802801268117     )
 (  1.0000000000000007     ,  5.6292808058184868E-004)
   2.0943951023931953        1.2091995761561449     
 ( 0.99999999999999944     ,  3.1437226510316825E-004)
 ( 0.72898932739068578     ,-0.41875470092263228     )
 ( 0.72898932739068656     , 0.41875470092263062     )
 ( 0.99999999999999878     ,  2.0952591635150829E-003)
   2.0943951023931953        3.6275987284684348     
 (  1.0000000000000000     , -4.5815915576239274E-003)
 (  2.5364689275217708E-003,  7.5138214698435186E-004)
 (  2.5364689275212773E-003, -7.5138214698359249E-004)
 ( 0.99999999999999900     ,  1.2506276865292866E-003)
   4.1887902047863905        0.0000000000000000     
 (  1.0000000000000000     , -2.4879567944564060E-003)
 (  7.8891208074305871E-003,  7.2981375030296931E-003)
 (  7.8891208074290831E-003, -7.2981375030298458E-003)
 ( 0.99999999999999944     ,  1.3756059746670329E-002)
   1.0000000000000000                2           9
 (  0.0000000000000000     ,  0.0000000000000000     )
 (  0.0000000000000000     ,  0.0000000000000000     )
  -2.0943951023931953       -1.2091995761561449     
 ( 0.99999999999999922     , -3.3029708040347799E-003)
 ( 0.72415640290981320     , 0.41996339706207148     )
 ( 0.72415640290981331     ,-0.41996339706207070     )
 ( 0.99999999999999922     ,  3.3522366959836095E-003)
  -2.0943951023931953        1.2091995761561449     
 (  1.0000000000000002     ,  2.6331601347306531E-004)
 ( 0.72424381020757655     ,-0.41896277242829610     )
 ( 0.72424381020757755     , 0.41896277242829827     )
 (  1.0000000000000004     ,  9.7441087384144776E-004)
   0.0000000000000000       -2.4183991523122899     
 ( 0.99999999999999878     , -1.2266826455552152E-003)
 ( -2.2624238793483111E-003, 0.83924956242272775     )
 ( -2.2624238793452151E-003,-0.83924956242272897     )
 ( 0.99999999999999900     ,  2.5602478022194813E-004)
   0.0000000000000000        0.0000000000000000     
 (  1.0000000000000029     ,  1.3388494503990449E-003)
 ( 0.90728440362796348     , -1.3112116068764951E-003)
 ( 0.90728440362796314     ,  1.3112116068784430E-003)
 (  1.0000000000000033     , -1.0594080530905616E-003)
   0.0000000000000000        2.4183991523122899     
 ( 0.99999999999999900     , -4.4966618207865634E-004)
 ( -1.5047841617503597E-003,-0.83749898930843969     )
 ( -1.5047841617510630E-003, 0.83749898930844058     )
 ( 0.99999999999999900     , -2.1139755710242198E-003)
   2.0943951023931953       -1.2091995761561449     
 (  1.0000000000000007     , -3.9148033935746873E-003)
 ( 0.72683477328943513     , 0.42152039164419991     )
 ( 0.72683477328943891     ,-0.42152039164419869     )
 (  1.0000000000000004     , -2.9358731392270174E-003)
   2.0943951023931953        1.2091995761561449     
 ( 0.99999999999999900     ,  6.7134314297525970E-004)
 ( 0.72237348902707377     ,-0.42320916822691146     )
 ( 0.72237348902707244     , 0.42320916822691379     )
 ( 0.99999999999999900     , -1.6468808929516819E-003)
   2.0943951023931953        3.6275987284684348     
 (  1.0000000000000004     , -4.5252791710197215E-004)
 ( -8.5437664214216037E-003,  1.4141203373187642E-002)
 ( -8.5437664214228683E-003, -1.4141203373189200E-002)
 ( 0.99999999999999956     , -1.0021392530015133E-002)
   4.1887902047863905        0.0000000000000000     
 ( 0.99999999999999956     , -3.9047260129637445E-003)
 ( -8.5023158543643517E-003, -1.6007096443213832E-002)
 ( -8.5023158543650976E-003,  1.6007096443215980E-002)
 (  1.0000000000000000     ,  1.2875808429507628E-002)
   1.0000000000000000                2           9
 (  0.0000000000000000     ,  0.0000000000000000     )
 (  0.0000000000000000     ,  0.0000000000000000     )
  -2.0943951023931953       -1.2091995761561449     
 ( 0.99999999999999922     ,  3.4061996421064552E-003)
 ( 0.72947516179156358     , 0.41912353953087395     )
 ( 0.72947516179156380     ,-0.41912353953087178     )
 ( 0.99999999999999900     , -5.0371891477854862E-003)
  -2.0943951023931953        1.2091995761561449     
 (  1.0000000000000000     ,  2.7910910695392015E-003)
 ( 0.72441697245269898     ,-0.42393541091376713     )
 ( 0.72441697245269887     , 0.42393541091376924     )
 (  1.0000000000000004     , -7.3720204631446589E-004)
   0.0000000000000000       -2.4183991523122899     
 ( 0.99999999999999922     ,  2.7898475732466696E-003)
 (  2.2962180411914925E-003, 0.83749043109804699     )
 (  2.2962180411940460E-003,-0.83749043109804666     )
 ( 0.99999999999999944     , -1.7087727595256844E-003)
   0.0000000000000000        0.0000000000000000     
 (  1.0000000000000031     ,  8.4453933549466802E-004)
 ( 0.90638953168552883     , -2.2917470333927038E-003)
 ( 0.90638953168552783     ,  2.2917470333948930E-003)
 (  1.0000000000000036     , -8.8109496985004838E-004)
   0.0000000000000000        2.4183991523122899     
 ( 0.99999999999999900     , -5.4665862867020430E-003)
 (  2.4598804634272538E-004,-0.83945866289222670     )
 (  2.4598804634086272E-004, 0.83945866289222637     )
 ( 0.99999999999999922     ,  7.9943568517672420E-004)
   2.0943951023931953       -1.2091995761561449     
 (  1.0000000000000002     ,  3.5285644148842137E-004)
 ( 0.72587358359716248     , 0.42165410833165740     )
 ( 0.72587358359716425     ,-0.42165410833165556     )
 (  1.0000000000000002     ,  2.0244797152896249E-003)
   2.0943951023931953        1.2091995761561449     
 ( 0.99999999999999922     , -2.4632768935938573E-003)
 ( 0.72588858976857717     ,-0.41803711978273017     )
 ( 0.72588858976857518     , 0.41803711978273150     )
 ( 0.99999999999999900     ,  5.9802801133407670E-004)
   2.0943951023931953        3.6275987284684348     
 (  1.0000000000000000     , -8.9807783635316267E-003)
 ( -1.2449211740910904E-002, -9.7175733516263532E-003)
 ( -1.2449211740910342E-002,  9.7175733516258796E-003)
 ( 0.99999999999999900     ,  8.2617757827343277E-003)
   4.1887902047863905        0.0000000000000000     
 ( 0.99999999999999978     ,  8.2726607867426409E-003)
 ( -5.1420301629959576E-003,  9.2148036427270926E-003)
 ( -5.1420301629944527E-003, -9.2148036427271013E-003)
 (  1.0000000000000000     , -5.2295513387852731E-003)
   1.0000000000000000                2           9
 (  0.0000000000000000     ,  0.0000000000000000     )
 (  0.0000000000000000     ,  0.0000000000000000     )
  -2.0943951023931953       -1.2091995761561449     
 ( 0.99999999999999900     ,  7.1117075090046291E-004)
 ( 0.72736770492402969     , 0.42051988613499686     )
 ( 0.72736770492403280     ,-0.42051988613499702     )
 ( 0.99999999999999922     ,  3.1598645768538686E-004)
  -2.0943951023931953        1.2091995761561449     
 (  1.0000000000000002     , -1.6400800755475141E-004)
 ( 0.72693345348583371     ,-0.42279558323645272     )
 ( 0.72693345348583360     , 0.42279558323645383     )
 (  1.0000000000000004     , -1.9675141077529542E-003)
   0.0000000000000000       -2.4183991523122899     
 ( 0.99999999999999878     , -1.6662598370047554E-004)
 (  2.3469045251880673E-006, 0.84085556135169404     )
 (  2.3469045245651089E-006,-0.84085556135169592     )
 ( 0.99999999999999878     , -1.0342691204328807E-003)
   0.0000000000000000        0.0000000000000000     
 (  1.0000000000000029     , -6.3343159581470362E-004)
 ( 0.90769286681260597     , -5.8333987604344492E-004)
 ( 0.90769286681260986     ,  5.8333987604333769E-004)
 (  1.0000000000000033     , -3.6503536228135156E-004)
   0.0000000000000000        2.4183991523122899     
 ( 0.99999999999999900     , -3.2697143237639837E-004)
 ( -1.3332046963362555E-003,-0.83895979486043437     )
 ( -1.3332046963368785E-003, 0.83895979486043593     )
 (  1.0000000000000000     ,  1.4381180578919728E-003)
   2.0943951023931953       -1.2091995761561449     
 ( 0.99999999999999956     , -8.2079117440233586E-004)
 ( 0.72788346259577152     , 0.41914999891678811     )
 ( 0.72788346259577108     ,-0.41914999891678928     )
 (  1.0000000000000009     ,  5.5508257347051680E-005)
   2.0943951023931953        1.2091995761561449     
 ( 0.99999999999999922     , -1.2667717834473728E-003)
 ( 0.72501876816096500     ,-0.42183153103277926     )
 ( 0.72501876816096789     , 0.42183153103277893     )
 ( 0.99999999999999944     ,  1.6781119017884594E-003)
   2.0943951023931953        3.6275987284684348     
 ( 0.99999999999999878     ,  1.0996208243028265E-002)
 ( -1.1520988093100074E-002, -5.1732693741609916E-003)
 ( -1.1520988093100771E-002,  5.1732693741606585E-003)
 ( 0.99999999999999956     , -1.2694533382090731E-002)
   4.1887902047863905        0.0000000000000000     
 ( 0.99999999999999978     ,  8.4955513568675490E-004)
 ( -2.5310865878813704E-003,  1.8566656824754750E-003)
 ( -2.5310865878822217E-003, -1.8566656824778201E-003)
 ( 0.99999999999999944     , -6.2844329752178279E-003)
   1.0000000000000000                2           9
 (  0.0000000000000000     ,  0.0000000000000000     )
 (  0.0000000000000000     ,  0.0000000000000000     )
  -2.0943951023931953       -1.2091995761561449     
 ( 0.99999999999999944     ,  8.3180345074316490E-004)
 ( 0.72334952295924604     , 0.42200481770897291     )
 ( 0.72334952295924859     ,-0.42200481770897325     )
 ( 0.99999999999999867     ,  2.6344391217845830E-003)
  -2.0943951023931953        1.2091995761561449     
 (  1.0000000000000000     ,  1.5914275974206302E-003)
 ( 0.72376556228372979     ,-0.41719476058234684     )
 ( 0.72376556228372946     , 0.41719476058234861     )
 (  1.0000000000000007     , -1.7459086045439917E-003)
   0.0000000000000000       -2.4183991523122899     
 ( 0.99999999999999956     ,  3.7939066818413409E-003)
 (  1.5521802300937975E-003, 0.83849015033883445     )
 (  1.5521802300938285E-003,-0.83849015033883656     )
 ( 0.99999999999999944     , -4.6828823008100351E-003)
   0.0000000000000000        0.0000000000000000     
 (  1.0000000000000029     , -8.6784441541058776E-005)
 ( 0.90623904695289348     ,  9.4647033874933851E-004)
 ( 0.90623904695289526     , -9.4647033874834940E-004)
 (  1.0000000000000038     , -4.4696811979261588E-004)
   0.0000000000000000        2.4183991523122899     
 ( 0.99999999999999944     ,  1.5537212666573827E-003)
 ( -4.4446741733135363E-003,-0.84128582435126609     )
 ( -4.4446741733146534E-003, 0.84128582435126775     )
 ( 0.99999999999999922     , -2.2478778917589586E-004)
   2.0943951023931953       -1.2091995761561449     
 (  1.0000000000000000     ,  7.7158818231692005E-004)
 ( 0.72634325839369374     , 0.41795758740023053     )
 ( 0.72634325839369418     ,-0.41795758740023092     )
 (  1.0000000000000004     , -9.2608334241782615E-004)
   2.0943951023931953        1.2091995761561449     
 ( 0.99999999999999944     ,  2.1642008815462542E-003)
 ( 0.72457097588618935     ,-0.42372892787011662     )
 ( 0.72457097588619046     , 0.42372892787011818     )
 ( 0.99999999999999922     , -2.9520904615022033E-003)
   2.0943951023931953        3.6275987284684348     
 (  1.0000000000000002     , -5.9754327386151917E-003)
 ( -7.8775398261622513E-004,  1.4652826288350950E-002)
 ( -7.8775398261631143E-004, -1.4652826288350363E-002)
 ( 0.99999999999999944     , -4.5676877759078848E-003)
   4.1887902047863905        0.0000000000000000     
 (  1.0000000000000000     , -1.9040018041918579E-003)
 ( -2.4282214662772625E-002, -5.2054817113206852E-003)
 ( -2.4282214662772621E-002,  5.2054817113201830E-003)
 ( 0.99999999999999944     ,  7.2625699652471521E-003)
   1.0000000000000000                2           9
 (  0.0000000000000000     ,  0.0000000000000000     )
 (  0.0000000000000000     ,  0.0000000000000000     )
  -2.0943951023931953       -1.2091995761561449     
 ( 0.99999999999999944     , -4.5218507321227799E-003)
 ( 0.72574534980894345     , 0.42009812641394267     )
 ( 0.72574534980894190     ,-0.42009812641394234     )
 ( 0.99999999999999922     ,  1.4466646373120782E-003)
  -2.0943951023931953        1.2091995761561449     
 (  1.0000000000000002     ,  8.7783334990168592E-004)
 ( 0.72625267274317973     ,-0.41887476618240849     )
 ( 0.72625267274317906     , 0.41887476618240654     )
 (  1.0000000000000007     , -2.0905093771872942E-004)
   0.0000000000000000       -2.4183991523122899     
 ( 0.99999999999999900     , -3.2405591648030315E-003)
 ( -4.7627269157911722E-003, 0.83770516536588102     )
 ( -4.7627269157934976E-003,-0.83770516536588002     )
 ( 0.99999999999999900     ,  4.6068544776209936E-003)
   0.0000000000000000        0.0000000000000000     
 (  1.0000000000000031     , -1.9798078876489644E-003)
 ( 0.90650365254108523     ,  2.0833468511114216E-003)
 ( 0.90650365254108345     , -2.0833468511127161E-003)
 (  1.0000000000000033     ,  2.7643576010896015E-003)
   0.0000000000000000        2.4183991523122899     
 ( 0.99999999999999922     ,  1.7317378662677616E-003)
 (  7.6210500066114454E-004,-0.83728780194418606     )
 (  7.6210500066136041E-004, 0.83728780194418440     )
 ( 0.99999999999999900     ,  2.8056919159043783E-003)
   2.0943951023931953       -1.2091995761561449     
 (  1.0000000000000004     , -1.8867924120961497E-003)
 ( 0.72340914898848263     , 0.42083201882026255     )
 ( 0.72340914898848119     ,-0.42083201882026283     )
 (  1.0000000000000004     ,  3.1889752036962605E-003)
   2.0943951023931953        1.2091995761561449     
 ( 0.99999999999999922     ,  1.3901172231998670E-003)
 ( 0.72659238976685425     ,-0.42145488157846178     )
 ( 0.72659238976685447     , 0.42145488157845884     )
 ( 0.99999999999999900     , -2.5842211377378067E-004)
   2.0943951023931953        3.6275987284684348     
 (  1.0000000000000002     ,  1.7458820170765780E-003)
 ( -7.8749899176312668E-003, -1.4677291068742089E-002)
 ( -7.8749899176332339E-003,  1.4677291068743527E-002)
 ( 0.99999999999999878     , -7.8470899398710367E-003)
   4.1887902047863905        0.0000000000000000     
 ( 0.99999999999999944     ,  3.5146591612863435E-003)
 ( -6.7844538165545941E-003, -6.7334491605956842E-003)
 ( -6.7844538165575301E-003,  6.7334491605938575E-003)
 ( 0.99999999999999944     , -5.2553327951923769E-003)
   1.0000000000000000                2           9
 (  0.0000000000000000     ,  0.0000000000000000     )
 (  0.0000000000000000     ,  0.0000000000000000     )
  -2.0943951023931953       -1.2091995761561449     
 ( 0.99999999999999922     , -3.5679110215144482E-003)
 ( 0.72573505380532011     , 0.42240502131269020     )
 ( 0.72573505380531844     ,-0.42240502131269264     )
 ( 0.99999999999999900     , -3.0094805850310334E-004)
  -2.0943951023931953        1.2091995761561449     
 (  1.0000000000000004     ,  5.0704962848265728E-003)
 ( 0.73022283123341714     ,-0.42095704131709033     )
 ( 0.73022283123341958     , 0.42095704131708822     )
 (  1.0000000000000009     , -2.9702710838684096E-003)
   0.0000000000000000       -2.4183991523122899     
 ( 0.99999999999999922     , -6.4078879693910571E-003)
 ( -2.1447543689611165E-003, 0.83901111998554134     )
 ( -2.1447543689616716E-003,-0.83901111998554134     )
 ( 0.99999999999999944     , -2.3090873950924263E-004)
   0.0000000000000000        0.0000000000000000     
 (  1.0000000000000029     ,  3.8135563726912104E-004)
 ( 0.90689898484125842     , -4.1608565479620842E-004)
 ( 0.90689898484126041     ,  4.1608565479533629E-004)
 (  1.0000000000000036     , -1.8876462946205194E-004)
   0.0000000000000000        2.4183991523122899     
 ( 0.99999999999999922     ,  1.1726760680533699E-003)
 ( -2.5997194704662405E-003,-0.84005892750221256     )
 ( -2.5997194704657839E-003, 0.84005892750221289     )
 ( 0.99999999999999922     ,  8.9228327499194350E-004)
   2.0943951023931953       -1.2091995761561449     
 (  1.0000000000000007     ,  1.5310199131211462E-003)
 ( 0.72561469867960060     , 0.42126304551667509     )
 ( 0.72561469867960271     ,-0.42126304551667443     )
 (  1.0000000000000009     ,  2.9891127139359819E-003)
   2.0943951023931953        1.2091995761561449     
 ( 0.99999999999999878     ,  1.7643693389228911E-003)
 ( 0.72630841931850632     ,-0.41958302300021910     )
 ( 0.72630841931850443     , 0.41958302300022066     )
 ( 0.99999999999999922     ,  2.7046747167090218E-003)
   2.0943951023931953        3.6275987284684348     
 ( 0.99999999999999956     , -7.2060825855245611E-004)
 ( -1.1728594338294948E-002,  8.2897825816113414E-003)
 ( -1.1728594338295971E-002, -8.2897825816140511E-003)
 ( 0.99999999999999944     , -7.0917935026469188E-003)
   4.1887902047863905        0.0000000000000000     
 ( 0.99999999999999956     , -4.2218886369092571E-003)
 ( -1.0702353559218681E-002, -1.3191344348969326E-002)
 ( -1.0702353559219446E-002,  1.3191344348970489E-002)
 (  1.0000000000000000     ,  1.2052608322109437E-003)
   1.0000000000000000                2           9
 (  0.0000000000000000     ,  0.0000000000000000     )
 (  0.0000000000000000     ,  0.0000000000000000     )
  -2.0943951023931953       -1.2091995761561449     
 ( 0.99999999999999878     , -6.3513309430340541E-003)
 ( 0.72664338353599023     , 0.42227220903302465     )
 ( 0.72664338353598978     ,-0.42227220903302465     )
 ( 0.99999999999999944     ,  3.0746275268141009E-003)
  -2.0943951023931953        1.2091995761561449     
 ( 0.99999999999999900     , -3.3300884782283056E-003)
 ( 0.72565670329641940     ,-0.42301626839186035     )
 ( 0.72565670329642218     , 0.42301626839185835     )
 (  1.0000000000000007     ,  1.3030905526317783E-003)
   0.0000000000000000       -2.4183991523122899     
 ( 0.99999999999999878     , -6.6632280445403863E-003)
 ( -3.5260497276632941E-003, 0.84432144856176361     )
 ( -3.5260497276621652E-003,-0.84432144856176272     )
 (  1.0000000000000000     ,  3.8938050647704271E-003)
   0.0000000000000000        0.0000000000000000     
 (  1.0000000000000024     , -4.3497527522641617E-003)
 ( 0.90735774028410299     ,  1.2354498980903742E-003)
 ( 0.90735774028410476     , -1.2354498980891371E-003)
 (  1.0000000000000038     ,  3.4457029398065830E-003)
   0.0000000000000000        2.4183991523122899     
 ( 0.99999999999999767     , -6.5600962626106317E-003)
 ( -9.3557346862081314E-004,-0.84203672252675332     )
 ( -9.3557346862022724E-004, 0.84203672252675377     )
 ( 0.99999999999999956     ,  3.1919141504887149E-003)
   2.0943951023931953       -1.2091995761561449     
 (  1.0000000000000000     , -4.8372246957250793E-003)
 ( 0.72919306673460960     , 0.42137728367457677     )
 ( 0.72919306673461182     ,-0.42137728367457516     )
 (  1.0000000000000009     ,  1.3663271000261387E-003)
   2.0943951023931953        1.2091995761561449     
 ( 0.99999999999999878     , -4.7111858527201329E-003)
 ( 0.72357447348947024     ,-0.41795936659171679     )
 ( 0.72357447348946846     , 0.41795936659171745     )
 ( 0.99999999999999956     ,  6.0129330690633816E-003)
   2.0943951023931953        3.6275987284684348     
 ( 0.99999999999999956     ,  8.6256990566050198E-003)
 (  4.7687156911024502E-003, -7.1841162256821578E-003)
 (  4.7687156911030183E-003,  7.1841162256826973E-003)
 (  1.0000000000000004     , -9.1881786679406871E-003)
   4.1887902047863905        0.0000000000000000     
 ( 0.99999999999999900     ,  7.9933436748051891E-003)
 ( -1.3265823660238818E-002,  1.9504969947383263E-003)
 ( -1.3265823660238775E-002, -1.9504969947391774E-003)
 ( 0.99999999999999922     , -1.5507278594631413E-002)
   1.0000000000000000                2           9
 (  0.0000000000000000     ,  0.0000000000000000     )
 (  0.0000000000000000     ,  0.0000000000000000     )
  -2.0943951023931953       -1.2091995761561449     
 ( 0.99999999999999922     ,  7.3687699402678474E-004)
 ( 0.72946007800491808     , 0.42176204405716683     )
 ( 0.72946007800491608     ,-0.42176204405716855     )
 ( 0.99999999999999922     , -1.3906083556548417E-004)
  -2.0943951023931953        1.2091995761561449     
 (  1.0000000000000007     , -3.0618563822003959E-003)
 ( 0.72863845936760008     ,-0.41724847058910997     )
 ( 0.72863845936759997     , 0.41724847058910791     )
 (  1.0000000000000007     ,  2.5177598439569781E-003)
   0.0000000000000000       -2.4183991523122899     
 ( 0.99999999999999944     ,  3.9383345938094998E-003)
 ( -1.0336940841281536E-003, 0.84232717618972108     )
 ( -1.0336940841304851E-003,-0.84232717618972219     )
 ( 0.99999999999999944     , -2.6439575476587718E-003)
   0.0000000000000000        0.0000000000000000     
 (  1.0000000000000029     ,  2.4256684645908194E-004)
 ( 0.90785352352752446     , -5.7883106554259666E-004)
 ( 0.90785352352752491     ,  5.7883106554106002E-004)
 (  1.0000000000000033     , -1.0784345850094286E-003)
   0.0000000000000000        2.4183991523122899     
 ( 0.99999999999999922     ,  1.6364357881547944E-003)
 ( -3.6857660960642406E-004,-0.83882072583704304     )
 ( -3.6857660960595530E-004, 0.83882072583704392     )
 ( 0.99999999999999922     ,  7.0239967829430932E-004)
   2.0943951023931953       -1.2091995761561449     
 ( 0.99999999999999978     , -5.2997536549016433E-003)
 ( 0.72333388060599135     , 0.42381346508204054     )
 ( 0.72333388060598969     ,-0.42381346508204143     )
 (  1.0000000000000007     ,  2.6529976938362439E-003)
   2.0943951023931953        1.2091995761561449     
 ( 0.99999999999999900     , -2.8415179273579634E-003)
 ( 0.72966601478829130     ,-0.42130595414307748     )
 ( 0.72966601478829096     , 0.42130595414307614     )
 ( 0.99999999999999922     ,  6.4650863446577642E-004)
   2.0943951023931953        3.6275987284684348     
 (  1.0000000000000007     , -6.3190072842702720E-003)
 (  6.4039775641946779E-003, -3.7107872233949659E-004)
 (  6.4039775641932467E-003,  3.7107872233850769E-004)
 ( 0.99999999999999944     ,  3.5501035367796457E-003)
   4.1887902047863905        0.0000000000000000     
 (  1.0000000000000000     , -3.9541121017418945E-003)
 (  3.9501458858000665E-003,  1.2923690651901167E-002)
 (  3.9501458857986232E-003, -1.2923690651901125E-002)
 ( 0.99999999999999956     ,  4.1941220745670459E-003)
   1.0000000000000000                2           9
 (  0.0000000000000000     ,  0.0000000000000000     )
 (  0.0000000000000000     ,  0.0000000000000000     )
  -2.0943951023931953       -1.2091995761561449     
 ( 0.99999999999999800     , -9.1899410530869017E-004)
 ( 0.72884886945507688     , 0.42004288127885514     )
 ( 0.72884886945507854     ,-0.42004288127885536     )
 ( 0.99999999999999944     , -4.5302676216910412E-004)
  -2.0943951023931953        1.2091995761561449     
 (  1.0000000000000000     ,  2.4105426550289402E-004)
 ( 0.72997851163484484     ,-0.42160642144331334     )
 ( 0.72997851163484673     , 0.42160642144331423     )
 (  1.0000000000000007     , -6.4844716158533183E-004)
   0.0000000000000000       -2.4183991523122899     
 ( 0.99999999999999878     ,  2.6195899039394995E-003)
 ( -4.4176770139958070E-004, 0.84100386229131407     )
 ( -4.4176770140075261E-004,-0.84100386229131752     )
 ( 0.99999999999999956     , -4.5701210207521898E-003)
   0.0000000000000000        0.0000000000000000     
 (  1.0000000000000027     , -2.3101455956207970E-004)
 ( 0.90573535428210328     ,  1.0430190746119397E-003)
 ( 0.90573535428210739     , -1.0430190746115325E-003)
 (  1.0000000000000036     , -9.0919045477007797E-004)
   0.0000000000000000        2.4183991523122899     
 ( 0.99999999999999922     ,  2.7726436733316066E-003)
 (  4.5297866715890731E-004,-0.83939488169171339     )
 (  4.5297866715677323E-004, 0.83939488169171605     )
 ( 0.99999999999999944     , -4.1816240523671829E-004)
   2.0943951023931953       -1.2091995761561449     
 (  1.0000000000000002     ,  1.5238556027305482E-003)
 ( 0.72904499905037268     , 0.42062304109359860     )
 ( 0.72904499905037456     ,-0.42062304109359860     )
 (  1.0000000000000009     , -1.2195726265480230E-003)
   2.0943951023931953        1.2091995761561449     
 ( 0.99999999999999845     , -1.4870206647763810E-003)
 ( 0.72547174529047009     ,-0.41671288045130628     )
 ( 0.72547174529046965     , 0.41671288045130667     )
 ( 0.99999999999999956     ,  1.4353788905401908E-003)
   2.0943951023931953        3.6275987284684348     
 ( 0.99999999999999978     ,  4.0453809912749834E-003)
 (  9.6905458040560145E-003,  4.2316278209932534E-003)
 (  9.6905458040538930E-003, -4.2316278209958797E-003)
 ( 0.99999999999999922     ,  4.3334861736384449E-003)
   4.1887902047863905        0.0000000000000000     
 (  1.0000000000000004     ,  4.6302534272736444E-004)
 (  1.2048553022463314E-003,  3.3162531891118155E-003)
 (  1.2048553022452582E-003, -3.3162531891104616E-003)
 (  1.0000000000000004     ,  5.3505068835119430E-003)
   1.0000000000000000                2           9
 (  0.0000000000000000     ,  0.0000000000000000     )
 (  0.0000000000000000     ,  0.0000000000000000     )
  -2.0943951023931953       -1.2091995761561449     
 ( 0.99999999999999922     ,  8.6641261851266556E-004)
 ( 0.72987243599654505     , 0.41776724980299612     )
 ( 0.72987243599654628     ,-0.41776724980299396     )
 ( 0.99999999999999922     , -5.7105922327397758E-003)
  -2.0943951023931953        1.2091995761561449     
 (  1.0000000000000002     ,  9.9384177776960423E-004)
 ( 0.72573548399049925     ,-0.42034646322740382     )
 ( 0.72573548399049914     , 0.42034646322740510     )
 (  1.0000000000000004     , -1.0478408710786577E-003)
   0.0000000000000000       -2.4183991523122899     
 ( 0.99999999999999922     ,  8.7078172013667625E-004)
 (  3.5703823950589807E-003, 0.83867973753872738     )
 (  3.5703823950606031E-003,-0.83867973753872715     )
 ( 0.99999999999999922     , -1.6602039684909600E-003)
   0.0000000000000000        0.0000000000000000     
 (  1.0000000000000029     ,  5.9964328189890815E-004)
 ( 0.90756241871987264     , -2.5528236084732835E-003)
 ( 0.90756241871987298     ,  2.5528236084745130E-003)
 (  1.0000000000000036     , -1.4847346486909115E-003)
   0.0000000000000000        2.4183991523122899     
 ( 0.99999999999999878     , -1.3867901674314287E-003)
 (  5.6729167887401932E-004,-0.84064519260404436     )
 (  5.6729167887335937E-004, 0.84064519260404402     )
 ( 0.99999999999999944     , -1.4239291280057076E-003)
   2.0943951023931953       -1.2091995761561449     
 (  1.0000000000000004     ,  1.3689522824234513E-003)
 ( 0.72913217719428713     , 0.41605388564724799     )
 ( 0.72913217719428802     ,-0.41605388564724710     )
 (  1.0000000000000004     ,  4.2485144163501948E-004)
   2.0943951023931953        1.2091995761561449     
 ( 0.99999999999999922     ,  2.0579754196254855E-003)
 ( 0.72753344026315070     ,-0.42252481940549741     )
 ( 0.72753344026315048     , 0.42252481940549752     )
 ( 0.99999999999999922     , -1.7598759436964736E-003)
   2.0943951023931953        3.6275987284684348     
 ( 0.99999999999999956     ,  9.0708745982738346E-003)
 (  2.6147936736008581E-003,  5.4616670150312947E-003)
 (  2.6147936736013021E-003, -5.4616670150314439E-003)
 ( 0.99999999999999922     ,  7.6554686551983742E-003)
   4.1887902047863905        0.0000000000000000     
 (  1.0000000000000007     ,  6.5974469667009327E-003)
 ( -4.8309220353157534E-003,  1.2279115436255109E-004)
 ( -4.8309220353147169E-003, -1.2279115436315862E-004)
 (  1.0000000000000002     , -5.2240779287333079E-003)
   1.0000000000000000                2           9
 (  0.0000000000000000     ,  0.0000000000000000     )
 (  0.0000000000000000     ,  0.0000000000000000     )
  -2.0943951023931953       -1.2091995761561449     
 ( 0.99999999999999922     ,  4.5503212150549741E-004)
 ( 0.72736806452613922     , 0.42129514272569257     )
 ( 0.72736806452613789     ,-0.42129514272568985     )
 ( 0.99999999999999922     ,  1.0441033982632455E-003)
  -2.0943951023931953        1.2091995761561449     
 (  1.0000000000000004     , -6.6030446090935204E-004)
 ( 0.73116311970580516     ,-0.41832783846868143     )
 ( 0.73116311970580394     , 0.41832783846868327     )
 (  1.0000000000000007     , -1.3445444743075494E-003)
   0.0000000000000000       -2.4183991523122899     
 ( 0.99999999999999944     ,  4.6360973348821121E-003)
 (  1.2391312370284939E-003, 0.84022264580524564     )
 (  1.2391312370297830E-003,-0.84022264580524453     )
 ( 0.99999999999999922     ,  3.0459272809600666E-005)
   0.0000000000000000        0.0000000000000000     
 (  1.0000000000000031     ,  2.1737125700060055E-003)
 ( 0.90576744245758078     ,  2.3048207490599019E-004)
 ( 0.90576744245757923     , -2.3048207490435584E-004)
 (  1.0000000000000033     , -1.3443268473152152E-003)
   0.0000000000000000        2.4183991523122899     
 ( 0.99999999999999944     ,  1.4970997333830531E-003)
 (  1.0843528985452859E-003,-0.83720077958921979     )
 (  1.0843528985432073E-003, 0.83720077958921846     )
 ( 0.99999999999999900     , -2.0666789784942528E-003)
   2.0943951023931953       -1.2091995761561449     
 (  1.0000000000000000     ,  1.5712844933905355E-003)
 ( 0.72842155488204852     , 0.41979041309231113     )
 ( 0.72842155488204929     ,-0.41979041309231030     )
 (  1.0000000000000004     , -5.2892603752452642E-003)
   2.0943951023931953        1.2091995761561449     
 ( 0.99999999999999922     ,  8.0684530456903540E-004)
 ( 0.72757117856829467     ,-0.41759245352891022     )
 ( 0.72757117856829234     , 0.41759245352891039     )
 ( 0.99999999999999900     , -1.7808782742209095E-003)
   2.0943951023931953        3.6275987284684348     
 ( 0.99999999999999978     ,  1.6312291906910132E-003)
 (  1.8472364961897587E-002,  2.4986788266363408E-003)
 (  1.8472364961898129E-002, -2.4986788266349227E-003)
 (  1.0000000000000000     ,  2.9855845067725689E-004)
   4.1887902047863905        0.0000000000000000     
 ( 0.99999999999999978     , -1.4978456959139831E-002)
 (  2.6756583665440304E-003,  8.4148405604679100E-004)
 (  2.6756583665455106E-003, -8.4148405604873454E-004)
 ( 0.99999999999999944     , -3.5103140749159450E-003)
   1.0000000000000000                2           9
 (  0.0000000000000000     ,  0.0000000000000000     )
 (  0.0000000000000000     ,  0.0000000000000000     )
  -2.0943951023931953       -1.2091995761561449     
 ( 0.99999999999999900     ,  9.0376340498596309E-004)
 ( 0.72864652653411710     , 0.41992648589816217     )
 ( 0.72864652653411854     ,-0.41992648589816128     )
 ( 0.99999999999999944     ,  5.9997683004277443E-004)
  -2.0943951023931953        1.2091995761561449     
 (  1.0000000000000002     ,  3.1527937134053379E-003)
 ( 0.73006081684281443     ,-0.42049217730144961     )
 ( 0.73006081684281332     , 0.42049217730145083     )
 (  1.0000000000000004     ,  3.3284053435719096E-003)
   0.0000000000000000       -2.4183991523122899     
 ( 0.99999999999999944     ,  9.5541683627214241E-004)
 ( -5.3546949812766087E-004, 0.84136223737185867     )
 ( -5.3546949812981963E-004,-0.84136223737185878     )
 ( 0.99999999999999900     ,  1.6022210697268192E-003)
   0.0000000000000000        0.0000000000000000     
 (  1.0000000000000031     ,  1.2570594878824932E-004)
 ( 0.90879138143719529     ,  2.4162820518972754E-004)
 ( 0.90879138143719596     , -2.4162820519113483E-004)
 (  1.0000000000000033     , -2.4077353463246491E-004)
   0.0000000000000000        2.4183991523122899     
 ( 0.99999999999999922     , -5.6974897752605893E-004)
 ( -1.7899207468854675E-003,-0.84036775580459122     )
 ( -1.7899207468854675E-003, 0.84036775580459144     )
 ( 0.99999999999999944     , -3.1035098226558440E-003)
   2.0943951023931953       -1.2091995761561449     
 (  1.0000000000000002     ,  2.8529811561084275E-004)
 ( 0.72692058755405875     , 0.41963449789262813     )
 ( 0.72692058755405664     ,-0.41963449789263091     )
 (  1.0000000000000004     , -7.0729051203323055E-004)
   2.0943951023931953        1.2091995761561449     
 ( 0.99999999999999900     , -4.4010293301417584E-004)
 ( 0.72840734907633919     ,-0.42115521516653964     )
 ( 0.72840734907634164     , 0.42115521516653714     )
 ( 0.99999999999999900     , -2.2059418305157511E-003)
   2.0943951023931953        3.6275987284684348     
 (  1.0000000000000002     ,  2.9560992446592766E-003)
 ( -7.0750852227685190E-003,  3.3131159417560331E-003)
 ( -7.0750852227699562E-003, -3.3131159417535516E-003)
 ( 0.99999999999999900     , -1.2127947566999914E-002)
   4.1887902047863905        0.0000000000000000     
 ( 0.99999999999999978     ,  3.0344221415744693E-003)
 ( -9.1568306756533650E-004, -4.0467553231739119E-004)
 ( -9.1568306756650841E-004,  4.0467553231296965E-004)
 ( 0.99999999999999956     , -8.6973261369778787E-003)
