           2 (  8.7396193052781577     ,  2.7886200799285975E-003)   1.0000000000000000     
           2 (  8.6576778516817274     ,  1.8903895455825711E-002)   1.0000000000000000     
           2 (  8.9340596986138880     , -1.8160509262146098E-002)   1.0000000000000000     
           2 (  8.9544611403948799     ,  1.3730848889098540E-002)   1.0000000000000000     
           2 (  8.6659945494036208     , -2.7680473542768633E-002)   1.0000000000000000     
           2 (  8.9630597930510536     , -1.9447613483131225E-002)   1.0000000000000000     
           2 (  8.6404920621258086     , -7.9374998670832912E-003)   1.0000000000000000     
           2 (  8.8100471193496936     ,  1.8703579270309648E-002)   1.0000000000000000     
           2 (  8.9046708782979529     , -2.2593835510462623E-002)   1.0000000000000000     
           2 (  8.8402515202877350     , -7.2707552590855725E-004)   1.0000000000000000     
           2 (  8.5057664192845692     , -1.9359452241497512E-002)   1.0000000000000000     
           2 (  8.5952108215843896     , -5.8179404618985868E-003)   1.0000000000000000     
           2 (  8.8985568907213235     , -2.2522650597205573E-003)   1.0000000000000000     
           2 (  8.3801426438720519     , -1.5979466240593865E-002)   1.0000000000000000     
           2 (  6.2404473380407008     , -4.5181842313365091E-002)   1.0000000000000000     
           2 (  8.8834589166139697     , -9.0391892686922850E-003)   1.0000000000000000     
           2 (  8.6433654386147136     ,  2.3858743932965231E-002)   1.0000000000000000     
           2 (  9.0062321498535738     ,  2.1616407746601323E-002)   1.0000000000000000     
           2 (  8.6635714284136736     , -3.3660685148765544E-002)   1.0000000000000000     
           2 (  8.9777548006273822     , -2.2297077331418013E-002)   1.0000000000000000     
