   -2.094395     -1.209200
  1    1        0.66140977        0.00272685       -0.00000000        0.00000000
  1    2       -0.28870824        0.00256176       -0.16757775        0.00231069
  2    1       -0.28870824        0.00256176        0.16757775        0.00231069
  2    2        0.66636273        0.00639931        0.00000000        0.00000000
   -2.094395      1.209200
  1    1        0.66045905        0.00115068       -0.00000000        0.00000000
  1    2       -0.28733077        0.00115585        0.16847840        0.00198017
  2    1       -0.28733077        0.00115585       -0.16847840        0.00198017
  2    2        0.66760187        0.00750686       -0.00000000        0.00000000
    0.000000     -2.418399
  1    1        0.66108515        0.00218213        0.00000000        0.00000000
  1    2       -0.00031298        0.00207296       -0.33219142        0.00157102
  2    1       -0.00031298        0.00207296        0.33219142        0.00157102
  2    2        0.66626009        0.00783243        0.00000000        0.00000000
    0.000000      0.000000
  1    1        1.62842297        0.02747313       -0.00000000        0.00000000
  1    2       -1.58013433        0.02507563        0.00000000        0.00000000
  2    1       -1.58013433        0.02507563        0.00000000        0.00000000
  2    2        1.61886199        0.02319464       -0.00000000        0.00000000
    0.000000      2.418399
  1    1        0.66108515        0.00218213       -0.00000000        0.00000000
  1    2       -0.00031298        0.00207296        0.33219142        0.00157102
  2    1       -0.00031298        0.00207296       -0.33219142        0.00157102
  2    2        0.66626009        0.00783243       -0.00000000        0.00000000
    2.094395     -1.209200
  1    1        0.66045905        0.00115068       -0.00000000        0.00000000
  1    2       -0.28733077        0.00115585       -0.16847840        0.00198017
  2    1       -0.28733077        0.00115585        0.16847840        0.00198017
  2    2        0.66760187        0.00750686        0.00000000        0.00000000
    2.094395      1.209200
  1    1        0.66140977        0.00272685       -0.00000000        0.00000000
  1    2       -0.28870824        0.00256176        0.16757775        0.00231069
  2    1       -0.28870824        0.00256176       -0.16757775        0.00231069
  2    2        0.66636273        0.00639931       -0.00000000        0.00000000
    2.094395      3.627599
  1    1        0.62343159        0.00069536        0.00000000        0.00000000
  1    2        0.00050085        0.00151926       -0.00012183        0.00044381
  2    1        0.00050085        0.00151926        0.00012183        0.00044381
  2    2        0.62733167        0.00460861        0.00000000        0.00000000
    4.188790      0.000000
  1    1        0.62343159        0.00069536       -0.00000000        0.00000000
  1    2        0.00050085        0.00151926        0.00012183        0.00044381
  2    1        0.00050085        0.00151926       -0.00012183        0.00044381
  2    2        0.62733167        0.00460861        0.00000000        0.00000000
