   1.0000000000000000                2           9
 (  0.0000000000000000     ,  0.0000000000000000     )
 (  0.0000000000000000     ,  0.0000000000000000     )
  -2.0943951023931953       -1.2091995761561449     
 ( 0.66070384963676720     ,  7.4014868308343765E-017)
 (-0.28676366814339427     ,-0.16603903163547906     )
 (-0.28676366814339393     , 0.16603903163547862     )
 ( 0.65927151928844319     ,  1.3569392523196359E-016)
  -2.0943951023931953        1.2091995761561449     
 ( 0.65982317003569824     ,  1.1102230246251565E-016)
 (-0.28185467736914255     , 0.17045229085095842     )
 (-0.28185467736914283     ,-0.17045229085095889     )
 ( 0.66225149372880132     ,  1.1102230246251565E-016)
   0.0000000000000000       -2.4183991523122899     
 ( 0.66199253705270000     ,  2.0970879354030734E-016)
 (  2.6797349528705802E-003,-0.33377526719728473     )
 (  2.6797349528704505E-003, 0.33377526719728423     )
 ( 0.65719263745367684     ,  2.2204460492503131E-016)
   0.0000000000000000        0.0000000000000000     
 (  1.6072628479694326     , -9.2082701047443314E-017)
 ( -1.5666860463118946     , -9.5240512728726018E-017)
 ( -1.5666860463118946     , -9.5240512728725735E-017)
 (  1.6093446276923851     ,  1.3421773372712346E-016)
   0.0000000000000000        2.4183991523122899     
 ( 0.66199253705270000     , -1.2335811384723961E-017)
 (  2.6797349528705186E-003, 0.33377526719728468     )
 (  2.6797349528705494E-003,-0.33377526719728429     )
 ( 0.65719263745367684     , -2.4671622769447922E-017)
   2.0943951023931953       -1.2091995761561449     
 ( 0.65982317003569813     ,  8.6350679693067732E-017)
 (-0.28185467736914271     ,-0.17045229085095906     )
 (-0.28185467736914255     , 0.17045229085095823     )
 ( 0.66225149372880143     ,  1.8503717077085943E-016)
   2.0943951023931953        1.2091995761561449     
 ( 0.66070384963676720     ,  2.4671622769447922E-017)
 (-0.28676366814339405     , 0.16603903163547873     )
 (-0.28676366814339416     ,-0.16603903163547903     )
 ( 0.65927151928844319     ,  1.2335811384723961E-017)
   2.0943951023931953        3.6275987284684348     
 ( 0.62324017790970965     ,  4.2835545892278628E-016)
 ( -2.1928747955578408E-004,  2.9397160932230553E-003)
 ( -2.1928747955610482E-004, -2.9397160932232978E-003)
 ( 0.62231605074363883     ,  3.5906145966709137E-016)
   4.1887902047863905        0.0000000000000000     
 ( 0.62324017790970965     ,  2.0668352901811099E-016)
 ( -2.1928747955633919E-004, -2.9397160932227782E-003)
 ( -2.1928747955610482E-004,  2.9397160932230540E-003)
 ( 0.62231605074363905     ,  6.2976221492055354E-017)
   1.0000000000000000                2           9
 (  0.0000000000000000     ,  0.0000000000000000     )
 (  0.0000000000000000     ,  0.0000000000000000     )
  -2.0943951023931953       -1.2091995761561449     
 ( 0.66415644823123909     , -2.2204460492503131E-016)
 (-0.28762551391903463     ,-0.16518371508797317     )
 (-0.28762551391903457     , 0.16518371508797283     )
 ( 0.65908189375759130     , -1.9737298215558337E-016)
  -2.0943951023931953        1.2091995761561449     
 ( 0.66160997412880840     , -3.7007434154171886E-016)
 (-0.28604317169621657     , 0.16930419766329424     )
 (-0.28604317169621646     ,-0.16930419766329363     )
 ( 0.66349720201767592     , -2.5905203907920321E-016)
   0.0000000000000000       -2.4183991523122899     
 ( 0.66639390234699425     , -7.4014868308343765E-017)
 (  4.2684735835628223E-003,-0.33494440014847332     )
 (  4.2684735835628656E-003, 0.33494440014847299     )
 ( 0.66403729044395698     , -4.1941758708061468E-016)
   0.0000000000000000        0.0000000000000000     
 (  1.6130470739994083     , -1.6210521276859071E-015)
 ( -1.5664971995304309     ,  1.4681506956402293E-015)
 ( -1.5664971995304307     ,  1.4681506956402289E-015)
 (  1.6071691798848042     , -1.4014931077716585E-015)
   0.0000000000000000        2.4183991523122899     
 ( 0.66639390234699447     , -3.2073109600282300E-016)
 (  4.2684735835629090E-003, 0.33494440014847338     )
 (  4.2684735835627919E-003,-0.33494440014847299     )
 ( 0.66403729044395698     , -5.9211894646675012E-016)
   2.0943951023931953       -1.2091995761561449     
 ( 0.66160997412880829     , -3.2073109600282300E-016)
 (-0.28604317169621662     ,-0.16930419766329374     )
 (-0.28604317169621651     , 0.16930419766329408     )
 ( 0.66349720201767581     , -1.3569392523196359E-016)
   2.0943951023931953        1.2091995761561449     
 ( 0.66415644823123909     , -4.1941758708061468E-016)
 (-0.28762551391903451     , 0.16518371508797308     )
 (-0.28762551391903468     ,-0.16518371508797294     )
 ( 0.65908189375759130     , -2.7138785046392718E-016)
   2.0943951023931953        3.6275987284684348     
 ( 0.62531178461707504     ,  5.5216232438443015E-017)
 ( -6.9365067577630154E-004,  1.7274114381057566E-003)
 ( -6.9365067577627693E-004, -1.7274114381061888E-003)
 ( 0.62138391459392928     ,  2.5844605678119823E-017)
   4.1887902047863905        0.0000000000000000     
 ( 0.62531178461707526     , -2.8984210191423075E-016)
 ( -6.9365067577657291E-004, -1.7274114381055563E-003)
 ( -6.9365067577662224E-004,  1.7274114381060489E-003)
 ( 0.62138391459392939     , -2.0738321388306722E-016)
   1.0000000000000000                2           9
 (  0.0000000000000000     ,  0.0000000000000000     )
 (  0.0000000000000000     ,  0.0000000000000000     )
  -2.0943951023931953       -1.2091995761561449     
 ( 0.65471338139965130     ,  5.3043988954313034E-016)
 (-0.27874044478374604     ,-0.16823531592608962     )
 (-0.27874044478374632     , 0.16823531592608879     )
 ( 0.65870049540815057     ,  5.9211894646675012E-016)
  -2.0943951023931953        1.2091995761561449     
 ( 0.65387141994419851     ,  3.7007434154171886E-016)
 (-0.28298972561345620     , 0.16594951716386644     )
 (-0.28298972561345581     ,-0.16594951716386694     )
 ( 0.65660293744120213     ,  4.3175339846533865E-016)
   0.0000000000000000       -2.4183991523122899     
 ( 0.65606767248283782     ,  4.8109664400423447E-016)
 (  4.6639300235165422E-003,-0.33308382169003675     )
 (  4.6639300235161718E-003, 0.33308382169003592     )
 ( 0.65990188733014721     ,  5.7978313508202620E-016)
   0.0000000000000000        0.0000000000000000     
 (  1.5903569427365705     ,  1.6970918899594604E-015)
 ( -1.5444012663126125     , -1.5382153697152749E-015)
 ( -1.5444012663126123     , -1.5382153697152745E-015)
 (  1.5835056837109025     ,  1.5345998718208108E-015)
   0.0000000000000000        2.4183991523122899     
 ( 0.65606767248283793     ,  3.0839528461809903E-016)
 (  4.6639300235161961E-003, 0.33308382169003625     )
 (  4.6639300235165292E-003,-0.33308382169003642     )
 ( 0.65990188733014721     ,  2.8372366184865109E-016)
   2.0943951023931953       -1.2091995761561449     
 ( 0.65387141994419862     ,  4.1941758708061468E-016)
 (-0.28298972561345598     ,-0.16594951716386694     )
 (-0.28298972561345603     , 0.16594951716386636     )
 ( 0.65660293744120213     ,  5.5511151231257827E-016)
   2.0943951023931953        1.2091995761561449     
 ( 0.65471338139965130     ,  2.5905203907920321E-016)
 (-0.27874044478374616     , 0.16823531592608906     )
 (-0.27874044478374616     ,-0.16823531592608942     )
 ( 0.65870049540815045     ,  5.3043988954313034E-016)
   2.0943951023931953        3.6275987284684348     
 ( 0.62063201515675503     ,  8.4310364598929465E-016)
 (  3.8993414652300279E-003, -2.4539314339317962E-003)
 (  3.8993414652300894E-003,  2.4539314339311049E-003)
 ( 0.61906395295983141     ,  6.7587507113190797E-016)
   4.1887902047863905        0.0000000000000000     
 ( 0.62063201515675503     ,  5.8484420753982336E-016)
 (  3.8993414652297811E-003,  2.4539314339317520E-003)
 (  3.8993414652297442E-003, -2.4539314339315586E-003)
 ( 0.61906395295983152     ,  4.1964267588459915E-016)
   1.0000000000000000                2           9
 (  0.0000000000000000     ,  0.0000000000000000     )
 (  0.0000000000000000     ,  0.0000000000000000     )
  -2.0943951023931953       -1.2091995761561449     
 ( 0.65565090418548588     ,  3.8241015292644283E-016)
 (-0.28330243709183989     ,-0.16822650891107038     )
 (-0.28330243709184022     , 0.16822650891106988     )
 ( 0.65723593703532246     ,  5.0576826677368240E-016)
  -2.0943951023931953        1.2091995761561449     
 ( 0.66091149455068621     ,  3.0839528461809903E-016)
 (-0.29025777923294549     , 0.16453105616966346     )
 (-0.29025777923294521     ,-0.16453105616966360     )
 ( 0.65798948900961585     ,  5.0576826677368240E-016)
   0.0000000000000000       -2.4183991523122899     
 ( 0.65649369328828577     ,  4.6876083261951055E-016)
 (  7.1349516178189883E-004,-0.32974194812607766     )
 (  7.1349516178122034E-004, 0.32974194812607738     )
 ( 0.65571249691514355     ,  7.6482030585288566E-016)
   0.0000000000000000        0.0000000000000000     
 (  1.5789801869318270     ,  1.2202459311340152E-015)
 ( -1.5367118538646589     , -1.1535296654733295E-015)
 ( -1.5367118538646589     , -1.1535296654733295E-015)
 (  1.5764797991957193     ,  1.1761392486758987E-015)
   0.0000000000000000        2.4183991523122899     
 ( 0.65649369328828577     ,  2.2204460492503131E-016)
 (  7.1349516178131900E-004, 0.32974194812607771     )
 (  7.1349516178182478E-004,-0.32974194812607738     )
 ( 0.65571249691514366     ,  4.6876083261951055E-016)
   2.0943951023931953       -1.2091995761561449     
 ( 0.66091149455068621     ,  2.8372366184865109E-016)
 (-0.29025777923294516     ,-0.16453105616966368     )
 (-0.29025777923294543     , 0.16453105616966335     )
 ( 0.65798948900961585     ,  5.5511151231257827E-016)
   2.0943951023931953        1.2091995761561449     
 ( 0.65565090418548588     ,  2.5905203907920321E-016)
 (-0.28330243709184022     , 0.16822650891107008     )
 (-0.28330243709183989     ,-0.16822650891107013     )
 ( 0.65723593703532268     ,  3.8241015292644283E-016)
   2.0943951023931953        3.6275987284684348     
 ( 0.61890361902220137     ,  6.3486639600181268E-016)
 ( -5.9308640799629305E-004, -8.7417837540648344E-004)
 ( -5.9308640799636699E-004,  8.7417837540594437E-004)
 ( 0.62075708783102557     ,  6.8458981672258131E-016)
   4.1887902047863905        0.0000000000000000     
 ( 0.61890361902220148     ,  4.1590758610845072E-016)
 ( -5.9308640799663837E-004,  8.7417837540643714E-004)
 ( -5.9308640799663837E-004, -8.7417837540644029E-004)
 ( 0.62075708783102568     ,  5.1464614752152278E-016)
   1.0000000000000000                2           9
 (  0.0000000000000000     ,  0.0000000000000000     )
 (  0.0000000000000000     ,  0.0000000000000000     )
  -2.0943951023931953       -1.2091995761561449     
 ( 0.65749556528862607     ,  2.3438041630975528E-016)
 (-0.28815793425101455     ,-0.16479631462239885     )
 (-0.28815793425101460     , 0.16479631462239841     )
 ( 0.66154045826587737     ,  2.3438041630975528E-016)
  -2.0943951023931953        1.2091995761561449     
 ( 0.66180084011784635     ,  2.2204460492503131E-016)
 (-0.28401626211835918     , 0.16648452852272586     )
 (-0.28401626211835890     ,-0.16648452852272599     )
 ( 0.66034347258699777     ,  1.9737298215558337E-016)
   0.0000000000000000       -2.4183991523122899     
 ( 0.66178333867270978     ,  2.9605947323337506E-016)
 (  4.3267650684556897E-003,-0.33023912504204855     )
 (  4.3267650684556402E-003, 0.33023912504204783     )
 ( 0.66055831403418175     ,  2.5905203907920321E-016)
   0.0000000000000000        0.0000000000000000     
 (  1.6306341535952562     , -8.4526045951109504E-016)
 ( -1.5738142993016158     ,  6.7265594043758451E-016)
 ( -1.5738142993016155     ,  6.7265594043758461E-016)
 (  1.6078362958021417     , -5.0035702544825281E-016)
   0.0000000000000000        2.4183991523122899     
 ( 0.66178333867270978     , -2.4671622769447922E-017)
 (  4.3267650684557391E-003, 0.33023912504204811     )
 (  4.3267650684555908E-003,-0.33023912504204822     )
 ( 0.66055831403418175     , -3.7007434154171883E-017)
   2.0943951023931953       -1.2091995761561449     
 ( 0.66180084011784646     ,  2.7138785046392718E-016)
 (-0.28401626211835906     ,-0.16648452852272622     )
 (-0.28401626211835901     , 0.16648452852272580     )
 ( 0.66034347258699788     ,  3.2073109600282300E-016)
   2.0943951023931953        1.2091995761561449     
 ( 0.65749556528862607     ,  1.3569392523196359E-016)
 (-0.28815793425101460     , 0.16479631462239866     )
 (-0.28815793425101455     ,-0.16479631462239858     )
 ( 0.66154045826587726     ,  3.7007434154171883E-017)
   2.0943951023931953        3.6275987284684348     
 ( 0.62030445383679733     ,  3.9701491160176380E-016)
 ( -1.3353837748773091E-003, -9.0395669649710785E-004)
 ( -1.3353837748773091E-003,  9.0395669649631074E-004)
 ( 0.63043969514734011     ,  3.4946144201963420E-016)
   4.1887902047863905        0.0000000000000000     
 ( 0.62030445383679733     ,  2.1048132626435636E-016)
 ( -1.3353837748774694E-003,  9.0395669649696289E-004)
 ( -1.3353837748777038E-003, -9.0395669649689459E-004)
 ( 0.63043969514734011     ,  7.6961055200343483E-017)
   1.0000000000000000                2           9
 (  0.0000000000000000     ,  0.0000000000000000     )
 (  0.0000000000000000     ,  0.0000000000000000     )
  -2.0943951023931953       -1.2091995761561449     
 ( 0.65566222668453633     , -4.4408920985006262E-016)
 (-0.29467066161430616     ,-0.16064516990538769     )
 (-0.29467066161430605     , 0.16064516990538827     )
 ( 0.65796234427399747     , -5.0576826677368240E-016)
  -2.0943951023931953        1.2091995761561449     
 ( 0.65575246313202806     , -4.9343245538895848E-016)
 (-0.28276203387572951     , 0.16861781439518803     )
 (-0.28276203387572957     ,-0.16861781439518736     )
 ( 0.65518971484520727     , -4.4408920985006262E-016)
   0.0000000000000000       -2.4183991523122899     
 ( 0.65668641892826318     , -4.6876083261951055E-016)
 ( -4.9469443039342198E-003,-0.32732691025604627     )
 ( -4.9469443039338685E-003, 0.32732691025604627     )
 ( 0.65651535567811170     , -2.5905203907920321E-016)
   0.0000000000000000        0.0000000000000000     
 (  1.5806814780897733     , -1.7223853158712440E-015)
 ( -1.5385191236693989     ,  1.6262552924414811E-015)
 ( -1.5385191236693987     ,  1.6262552924414811E-015)
 (  1.5833218761514953     , -1.6721743882066954E-015)
   0.0000000000000000        2.4183991523122899     
 ( 0.65668641892826318     , -6.1679056923619806E-016)
 ( -4.9469443039338624E-003, 0.32732691025604654     )
 ( -4.9469443039342259E-003,-0.32732691025604610     )
 ( 0.65651535567811148     , -5.0576826677368240E-016)
   2.0943951023931953       -1.2091995761561449     
 ( 0.65575246313202806     , -4.6876083261951055E-016)
 (-0.28276203387572979     ,-0.16861781439518739     )
 (-0.28276203387572940     , 0.16861781439518794     )
 ( 0.65518971484520705     , -4.1941758708061468E-016)
   2.0943951023931953        1.2091995761561449     
 ( 0.65566222668453622     , -6.4146219200564599E-016)
 (-0.29467066161430594     , 0.16064516990538844     )
 (-0.29467066161430622     ,-0.16064516990538757     )
 ( 0.65796234427399736     , -6.5379800339037001E-016)
   2.0943951023931953        3.6275987284684348     
 ( 0.61977384406467850     , -1.8505152501287063E-016)
 ( -4.3739738760754099E-003,  5.6718747268930218E-003)
 ( -4.3739738760755209E-003, -5.6718747268934677E-003)
 ( 0.61969100700987056     , -1.4959686719881481E-016)
   4.1887902047863905        0.0000000000000000     
 ( 0.61977384406467861     , -4.6651803510952791E-016)
 ( -4.3739738760757672E-003, -5.6718747268929056E-003)
 ( -4.3739738760757187E-003,  5.6718747268932430E-003)
 ( 0.61969100700987056     , -4.3115302587041755E-016)
   1.0000000000000000                2           9
 (  0.0000000000000000     ,  0.0000000000000000     )
 (  0.0000000000000000     ,  0.0000000000000000     )
  -2.0943951023931953       -1.2091995761561449     
 ( 0.66138165553591233     , -8.1416355139178143E-016)
 (-0.28369444698977581     ,-0.16924381647030667     )
 (-0.28369444698977503     , 0.16924381647030695     )
 ( 0.66000190801917036     , -7.4014868308343773E-016)
  -2.0943951023931953        1.2091995761561449     
 ( 0.66406436964821169     , -1.0732155904709846E-015)
 (-0.29576487043392147     , 0.16245236606015054     )
 (-0.29576487043392180     ,-0.16245236606014968     )
 ( 0.66240159911002050     , -1.1102230246251565E-015)
   0.0000000000000000       -2.4183991523122899     
 ( 0.66243678881088697     , -1.0362081563168128E-015)
 ( -3.5063785305029455E-003,-0.32790471873761895     )
 ( -3.5063785305017425E-003, 0.32790471873761834     )
 ( 0.65696028283781283     , -9.2518585385429718E-016)
   0.0000000000000000        0.0000000000000000     
 (  1.6239206802117279     , -2.2119452810417753E-015)
 ( -1.5751729055451031     ,  2.2269002852333469E-015)
 ( -1.5751729055451031     ,  2.2269002852333473E-015)
 (  1.6173752006879465     , -2.2805498990508051E-015)
   0.0000000000000000        2.4183991523122899     
 ( 0.66243678881088686     , -1.2335811384723961E-015)
 ( -3.5063785305017490E-003, 0.32790471873761845     )
 ( -3.5063785305029516E-003,-0.32790471873761884     )
 ( 0.65696028283781283     , -1.1225588360098805E-015)
   2.0943951023931953       -1.2091995761561449     
 ( 0.66406436964821181     , -8.7584260831540131E-016)
 (-0.29576487043392191     ,-0.16245236606014968     )
 (-0.29576487043392136     , 0.16245236606015057     )
 ( 0.66240159911002050     , -9.3752166523902110E-016)
   2.0943951023931953        1.2091995761561449     
 ( 0.66138165553591233     , -9.4985747662374502E-016)
 (-0.28369444698977492     , 0.16924381647030703     )
 (-0.28369444698977581     ,-0.16924381647030659     )
 ( 0.66000190801917036     , -1.0115365335473648E-015)
   2.0943951023931953        3.6275987284684348     
 ( 0.62820647756334991     , -6.9398776180404844E-016)
 ( -1.2535481978242441E-003, -5.1754156226194456E-003)
 ( -1.2535481978241452E-003,  5.1754156226183502E-003)
 ( 0.62377596249329581     , -5.6066624832677621E-016)
   4.1887902047863905        0.0000000000000000     
 ( 0.62820647756334991     , -1.0041052067469547E-015)
 ( -1.2535481978245154E-003,  5.1754156226190545E-003)
 ( -1.2535481978244907E-003, -5.1754156226191637E-003)
 ( 0.62377596249329603     , -8.7010399147992865E-016)
   1.0000000000000000                2           9
 (  0.0000000000000000     ,  0.0000000000000000     )
 (  0.0000000000000000     ,  0.0000000000000000     )
  -2.0943951023931953       -1.2091995761561449     
 ( 0.66279136809535633     , -7.7715611723760958E-016)
 (-0.29253798517910540     ,-0.16563344423037893     )
 (-0.29253798517910518     , 0.16563344423037940     )
 ( 0.66235661152006919     , -8.0182774000705751E-016)
  -2.0943951023931953        1.2091995761561449     
 ( 0.65923919687018073     , -9.6219328800846894E-016)
 (-0.28676459633464313     , 0.16523607074601607     )
 (-0.28676459633464363     ,-0.16523607074601543     )
 ( 0.65729958254902865     , -8.2649936277650545E-016)
   0.0000000000000000       -2.4183991523122899     
 ( 0.65781925404725827     , -7.8949192862233350E-016)
 ( -7.3601660261417442E-004,-0.32955581688000063     )
 ( -7.3601660261326163E-004, 0.32955581688000035     )
 ( 0.65612175370186565     , -6.7846962615981784E-016)
   0.0000000000000000        0.0000000000000000     
 (  1.6004521679319124     , -1.8583757661095218E-015)
 ( -1.5583053072296353     ,  1.8353780194258897E-015)
 ( -1.5583053072296356     ,  1.8353780194258893E-015)
 (  1.5971957992300805     , -1.8728672433575002E-015)
   0.0000000000000000        2.4183991523122899     
 ( 0.65781925404725827     , -9.8686491077791697E-016)
 ( -7.3601660261323691E-004, 0.32955581688000035     )
 ( -7.3601660261417442E-004,-0.32955581688000041     )
 ( 0.65612175370186554     , -9.2518585385429718E-016)
   2.0943951023931953       -1.2091995761561449     
 ( 0.65923919687018073     , -9.1285004246957307E-016)
 (-0.28676459633464368     ,-0.16523607074601554     )
 (-0.28676459633464302     , 0.16523607074601598     )
 ( 0.65729958254902865     , -7.7715611723760958E-016)
   2.0943951023931953        1.2091995761561449     
 ( 0.66279136809535633     , -9.0051423108484915E-016)
 (-0.29253798517910506     , 0.16563344423037957     )
 (-0.29253798517910545     ,-0.16563344423037873     )
 ( 0.66235661152006908     , -9.4985747662374502E-016)
   2.0943951023931953        3.6275987284684348     
 ( 0.62223735150062298     , -5.7927714617127596E-016)
 ( -1.2361013380485107E-003,  1.1833309861246793E-003)
 ( -1.2361013380485970E-003, -1.1833309861255909E-003)
 ( 0.62079911829712642     , -4.6956402848308610E-016)
   4.1887902047863905        0.0000000000000000     
 ( 0.62223735150062309     , -8.4968573570807680E-016)
 ( -1.2361013380489919E-003, -1.1833309861249476E-003)
 ( -1.2361013380487451E-003,  1.1833309861248339E-003)
 ( 0.62079911829712653     , -7.0276179457344336E-016)
   1.0000000000000000                2           9
 (  0.0000000000000000     ,  0.0000000000000000     )
 (  0.0000000000000000     ,  0.0000000000000000     )
  -2.0943951023931953       -1.2091995761561449     
 ( 0.65605952546956403     ,  8.6350679693067730E-016)
 (-0.27857564946082891     ,-0.16848917033816868     )
 (-0.27857564946082936     , 0.16848917033816771     )
 ( 0.65536851775245708     ,  8.8817841970012523E-016)
  -2.0943951023931953        1.2091995761561449     
 ( 0.66040648171264704     ,  8.3883517416122936E-016)
 (-0.28943152316876675     , 0.16426295596358120     )
 (-0.28943152316876608     ,-0.16426295596358173     )
 ( 0.65751450648841592     ,  7.4014868308343773E-016)
   0.0000000000000000       -2.4183991523122899     
 ( 0.65703791080571872     ,  8.5117098554595338E-016)
 (  5.4742855973643912E-003,-0.33165557419103586     )
 (  5.4742855973637927E-003, 0.33165557419103553     )
 ( 0.65512982745894266     ,  7.7715611723760958E-016)
   0.0000000000000000        0.0000000000000000     
 (  1.5917246983311351     ,  1.9207914073410180E-015)
 ( -1.5485915528839491     , -1.7065362068637078E-015)
 ( -1.5485915528839493     , -1.7065362068637084E-015)
 (  1.5920541269519515     ,  1.6782261051197185E-015)
   0.0000000000000000        2.4183991523122899     
 ( 0.65703791080571872     ,  6.2912638062092207E-016)
 (  5.4742855973638109E-003, 0.33165557419103581     )
 (  5.4742855973643721E-003,-0.33165557419103570     )
 ( 0.65512982745894277     ,  6.2912638062092207E-016)
   2.0943951023931953       -1.2091995761561449     
 ( 0.66040648171264704     ,  1.0608797790862607E-015)
 (-0.28943152316876619     ,-0.16426295596358187     )
 (-0.28943152316876641     , 0.16426295596358109     )
 ( 0.65751450648841581     ,  9.3752166523902110E-016)
   2.0943951023931953        1.2091995761561449     
 ( 0.65605952546956403     ,  7.1547706031398979E-016)
 (-0.27857564946082919     , 0.16848917033816788     )
 (-0.27857564946082902     ,-0.16848917033816854     )
 ( 0.65536851775245697     ,  8.1416355139178143E-016)
   2.0943951023931953        3.6275987284684348     
 ( 0.62105191479109201     ,  1.1181349018822862E-015)
 (  3.1385910357828450E-003, -3.0337805034207736E-003)
 (  3.1385910357828819E-003,  3.0337805034202064E-003)
 ( 0.61937418330495242     ,  1.0487492241267362E-015)
   4.1887902047863905        0.0000000000000000     
 ( 0.62105191479109201     ,  7.9885206863112426E-016)
 (  3.1385910357826230E-003,  3.0337805034207441E-003)
 (  3.1385910357824873E-003, -3.0337805034207238E-003)
 ( 0.61937418330495264     ,  8.0323799383169510E-016)
   1.0000000000000000                2           9
 (  0.0000000000000000     ,  0.0000000000000000     )
 (  0.0000000000000000     ,  0.0000000000000000     )
  -2.0943951023931953       -1.2091995761561449     
 ( 0.65921130140619422     ,  8.2649936277650545E-016)
 (-0.28780364414255927     ,-0.16513591212889070     )
 (-0.28780364414255938     , 0.16513591212889001     )
 ( 0.66045366122675675     ,  8.2649936277650545E-016)
  -2.0943951023931953        1.2091995761561449     
 ( 0.65788330665255934     ,  8.8817841970012523E-016)
 (-0.28347868083620603     , 0.17000622045660693     )
 (-0.28347868083620564     ,-0.17000622045660732     )
 ( 0.66033023153316861     ,  6.2912638062092207E-016)
   0.0000000000000000       -2.4183991523122899     
 ( 0.66398629821770128     ,  9.4985747662374502E-016)
 (  1.8982391732631806E-003,-0.33494034886700408     )
 (  1.8982391732622122E-003, 0.33494034886700358     )
 ( 0.65964539922137999     ,  1.0485439677015368E-015)
   0.0000000000000000        0.0000000000000000     
 (  1.5839905976184943     ,  2.3786285886040049E-015)
 ( -1.5391953822640323     , -2.4045020526266212E-015)
 ( -1.5391953822640327     , -2.4045020526266208E-015)
 (  1.5799683509711211     ,  2.4984983729499704E-015)
   0.0000000000000000        2.4183991523122899     
 ( 0.66398629821770128     ,  6.7846962615981784E-016)
 (  1.8982391732622432E-003, 0.33494034886700402     )
 (  1.8982391732631128E-003,-0.33494034886700369     )
 ( 0.65964539922137999     ,  7.7715611723760958E-016)
   2.0943951023931953       -1.2091995761561449     
 ( 0.65788330665255945     ,  9.8686491077791697E-016)
 (-0.28347868083620553     ,-0.17000622045660763     )
 (-0.28347868083620620     , 0.17000622045660668     )
 ( 0.66033023153316861     ,  8.5117098554595338E-016)
   2.0943951023931953        1.2091995761561449     
 ( 0.65921130140619433     ,  7.4014868308343773E-016)
 (-0.28780364414255954     , 0.16513591212889012     )
 (-0.28780364414255910     ,-0.16513591212889059     )
 ( 0.66045366122675675     ,  7.0314124892926578E-016)
   2.0943951023931953        3.6275987284684348     
 ( 0.62267985159252215     ,  1.0724824745491806E-015)
 (  2.2353351721996605E-003,  1.4629105268625484E-003)
 (  2.2353351721994879E-003, -1.4629105268629339E-003)
 ( 0.62376759578306151     ,  1.1666003133151308E-015)
   4.1887902047863905        0.0000000000000000     
 ( 0.62267985159252226     ,  8.9008325343682800E-016)
 (  2.2353351721992659E-003, -1.4629105268627030E-003)
 (  2.2353351721992659E-003,  1.4629105268624339E-003)
 ( 0.62376759578306151     ,  9.2263997984400349E-016)
   1.0000000000000000                2           9
 (  0.0000000000000000     ,  0.0000000000000000     )
 (  0.0000000000000000     ,  0.0000000000000000     )
  -2.0943951023931953       -1.2091995761561449     
 ( 0.65792016042201573     , -1.7270135938613546E-016)
 (-0.27953112619100701     ,-0.16874202066597352     )
 (-0.27953112619100701     , 0.16874202066597363     )
 ( 0.67392332298387669     ,  3.3306690738754696E-016)
  -2.0943951023931953        1.2091995761561449     
 ( 0.65818610062637073     , -3.5773853015699490E-016)
 (-0.28529803482205257     , 0.16772149706787998     )
 (-0.28529803482205274     ,-0.16772149706787953     )
 ( 0.65936018628071791     ,  1.3569392523196359E-016)
   0.0000000000000000       -2.4183991523122899     
 ( 0.67311399414955397     ,  2.9605947323337506E-016)
 (  8.4294117743948984E-003,-0.33363638105641180     )
 (  8.4294117743947249E-003, 0.33363638105641180     )
 ( 0.65486619248966815     ,  1.4802973661668753E-016)
   0.0000000000000000        0.0000000000000000     
 (  1.6661337497362694     ,  2.2306360783636203E-015)
 ( -1.6002081530894696     , -1.6227949022944351E-015)
 ( -1.6002081530894696     , -1.6227949022944363E-015)
 (  1.6230767622817290     ,  1.2255140925920860E-015)
   0.0000000000000000        2.4183991523122899     
 ( 0.67311399414955386     ,  2.4671622769447922E-017)
 (  8.4294117743947249E-003, 0.33363638105641208     )
 (  8.4294117743948984E-003,-0.33363638105641152     )
 ( 0.65486619248966815     , -7.4014868308343765E-017)
   2.0943951023931953       -1.2091995761561449     
 ( 0.65818610062637073     , -2.3438041630975528E-016)
 (-0.28529803482205263     ,-0.16772149706787962     )
 (-0.28529803482205252     , 0.16772149706787978     )
 ( 0.65936018628071791     ,  2.3438041630975528E-016)
   2.0943951023931953        1.2091995761561449     
 ( 0.65792016042201562     , -2.7138785046392718E-016)
 (-0.27953112619100712     , 0.16874202066597382     )
 (-0.27953112619100701     ,-0.16874202066597338     )
 ( 0.67392332298387669     ,  1.3569392523196359E-016)
   2.0943951023931953        3.6275987284684348     
 ( 0.62796277785973198     ,  4.9488190093405886E-016)
 ( -3.2562269948816563E-003, -4.3925939563009761E-003)
 ( -3.2562269948817057E-003,  4.3925939563001053E-003)
 ( 0.62362040435801813     ,  5.8810794969760948E-016)
   4.1887902047863905        0.0000000000000000     
 ( 0.62796277785973209     ,  1.5610706062929818E-016)
 ( -3.2562269948820267E-003,  4.3925939563005754E-003)
 ( -3.2562269948819278E-003, -4.3925939563008928E-003)
 ( 0.62362040435801824     ,  3.0367691598481252E-016)
   1.0000000000000000                2           9
 (  0.0000000000000000     ,  0.0000000000000000     )
 (  0.0000000000000000     ,  0.0000000000000000     )
  -2.0943951023931953       -1.2091995761561449     
 ( 0.66155469109376430     ,  4.4408920985006262E-016)
 (-0.28261988250384379     ,-0.16835781475537445     )
 (-0.28261988250384384     , 0.16835781475537395     )
 ( 0.66130082079747354     ,  4.0708177569589072E-016)
  -2.0943951023931953        1.2091995761561449     
 ( 0.66344836352174041     ,  2.9605947323337506E-016)
 (-0.29308134793255303     , 0.16785376839691163     )
 (-0.29308134793255275     ,-0.16785376839691191     )
 ( 0.66991075104861020     ,  4.0708177569589072E-016)
   0.0000000000000000       -2.4183991523122899     
 ( 0.65942340783084774     ,  3.9474596431116675E-016)
 (  6.8333951523539150E-003,-0.33438024833251007     )
 (  6.8333951523534952E-003, 0.33438024833250996     )
 ( 0.66376559834963933     ,  3.7007434154171886E-016)
   0.0000000000000000        0.0000000000000000     
 (  1.6223585536615830     ,  1.8678744299584835E-015)
 ( -1.5784138337823217     , -1.6261351573524896E-015)
 ( -1.5784138337823217     , -1.6261351573524896E-015)
 (  1.6189728450971566     ,  1.4131242628173272E-015)
   0.0000000000000000        2.4183991523122899     
 ( 0.65942340783084774     ,  1.9737298215558337E-016)
 (  6.8333951523535073E-003, 0.33438024833251018     )
 (  6.8333951523539150E-003,-0.33438024833250979     )
 ( 0.66376559834963911     ,  1.2335811384723962E-016)
   2.0943951023931953       -1.2091995761561449     
 ( 0.66344836352174030     ,  3.7007434154171886E-016)
 (-0.29308134793255292     ,-0.16785376839691218     )
 (-0.29308134793255303     , 0.16785376839691157     )
 ( 0.66991075104861020     ,  5.0576826677368240E-016)
   2.0943951023931953        1.2091995761561449     
 ( 0.66155469109376430     ,  2.9605947323337506E-016)
 (-0.28261988250384390     , 0.16835781475537409     )
 (-0.28261988250384373     ,-0.16835781475537429     )
 ( 0.66130082079747354     ,  1.3569392523196359E-016)
   2.0943951023931953        3.6275987284684348     
 ( 0.62330137713660838     ,  6.6642855636471588E-016)
 (  1.8657348712713961E-004, -6.1394295689353232E-004)
 (  1.8657348712731233E-004,  6.1394295689277912E-004)
 ( 0.62782658544586134     ,  6.0948582200765784E-016)
   4.1887902047863905        0.0000000000000000     
 ( 0.62330137713660849     ,  3.5709231130239301E-016)
 (  1.8657348712704092E-004,  6.1394295689329499E-004)
 (  1.8657348712676955E-004, -6.1394295689331851E-004)
 ( 0.62782658544586156     ,  3.7464662741901406E-016)
   1.0000000000000000                2           9
 (  0.0000000000000000     ,  0.0000000000000000     )
 (  0.0000000000000000     ,  0.0000000000000000     )
  -2.0943951023931953       -1.2091995761561449     
 ( 0.65945426878191382     , -4.5642502123478653E-016)
 (-0.28521435156120117     ,-0.16566661866535545     )
 (-0.28521435156120095     , 0.16566661866535609     )
 ( 0.65464789791166034     , -5.1810407815840642E-016)
  -2.0943951023931953        1.2091995761561449     
 ( 0.65976905286429888     , -4.0708177569589072E-016)
 (-0.28052648091620574     , 0.17148000227980414     )
 (-0.28052648091620580     ,-0.17148000227980370     )
 ( 0.65763955934680851     , -6.0445475785147414E-016)
   0.0000000000000000       -2.4183991523122899     
 ( 0.66109214756258261     , -3.7007434154171886E-016)
 (  4.7855291563676577E-003,-0.33539893807626558     )
 (  4.7855291563680957E-003, 0.33539893807626547     )
 ( 0.65945119786344708     , -4.9343245538895848E-016)
   0.0000000000000000        0.0000000000000000     
 (  1.5830648753279417     , -1.3003382625574646E-015)
 ( -1.5380740413465748     ,  1.4572613131058200E-015)
 ( -1.5380740413465750     ,  1.4572613131058194E-015)
 (  1.5778292301287069     , -1.5718849909023503E-015)
   0.0000000000000000        2.4183991523122899     
 ( 0.66109214756258261     , -5.6744732369730219E-016)
 (  4.7855291563681139E-003, 0.33539893807626581     )
 (  4.7855291563676516E-003,-0.33539893807626531     )
 ( 0.65945119786344708     , -7.1547706031398979E-016)
   2.0943951023931953       -1.2091995761561449     
 ( 0.65976905286429888     , -2.8372366184865109E-016)
 (-0.28052648091620586     ,-0.17148000227980376     )
 (-0.28052648091620569     , 0.17148000227980417     )
 ( 0.65763955934680862     , -5.0576826677368240E-016)
   2.0943951023931953        1.2091995761561449     
 ( 0.65945426878191371     , -4.9343245538895848E-016)
 (-0.28521435156120095     , 0.16566661866535615     )
 (-0.28521435156120117     ,-0.16566661866535543     )
 ( 0.65464789791166045     , -6.4146219200564599E-016)
   2.0943951023931953        3.6275987284684348     
 ( 0.62302921952859358     , -6.8195036846308905E-017)
 (  5.0068441873405050E-003,  1.6109610309132986E-003)
 (  5.0068441873406533E-003, -1.6109610309135711E-003)
 ( 0.61983038073196983     , -2.1565767407414592E-016)
   4.1887902047863905        0.0000000000000000     
 ( 0.62302921952859369     , -4.1101294376526605E-016)
 (  5.0068441873402829E-003, -1.6109610309129720E-003)
 (  5.0068441873402586E-003,  1.6109610309134330E-003)
 ( 0.61983038073196994     , -4.8415907656565464E-016)
   1.0000000000000000                2           9
 (  0.0000000000000000     ,  0.0000000000000000     )
 (  0.0000000000000000     ,  0.0000000000000000     )
  -2.0943951023931953       -1.2091995761561449     
 ( 0.66810227607013128     , -9.1285004246957307E-016)
 (-0.27606293720029207     ,-0.17629801516592108     )
 (-0.27606293720029096     , 0.17629801516592070     )
 ( 0.66652776865091101     , -6.6613381477509392E-016)
  -2.0943951023931953        1.2091995761561449     
 ( 0.66501815091677419     , -6.0445475785147414E-016)
 (-0.29609945946540805     , 0.16846627798532030     )
 (-0.29609945946540844     ,-0.16846627798531918     )
 ( 0.66962531971441308     , -8.2649936277650545E-016)
   0.0000000000000000       -2.4183991523122899     
 ( 0.67009132091930734     , -6.1679056923619806E-016)
 (  1.0456967749330866E-002,-0.34336069574817446     )
 (  1.0456967749331728E-002, 0.34336069574817357     )
 ( 0.67104289951040186     , -5.1810407815840642E-016)
   0.0000000000000000        0.0000000000000000     
 (  1.6474627861364846     , -4.1139670512156305E-015)
 ( -1.5934485115190644     ,  3.5136330693162143E-015)
 ( -1.5934485115190642     ,  3.5136330693162143E-015)
 (  1.6283413138371423     , -3.0608495155138353E-015)
   0.0000000000000000        2.4183991523122899     
 ( 0.67009132091930734     , -9.3752166523902110E-016)
 (  1.0456967749331691E-002, 0.34336069574817379     )
 (  1.0456967749330890E-002,-0.34336069574817418     )
 ( 0.67104289951040175     , -8.6350679693067730E-016)
   2.0943951023931953       -1.2091995761561449     
 ( 0.66501815091677430     , -5.7978313508202620E-016)
 (-0.29609945946540850     ,-0.16846627798531935     )
 (-0.29609945946540805     , 0.16846627798532024     )
 ( 0.66962531971441308     , -6.7846962615981784E-016)
   2.0943951023931953        1.2091995761561449     
 ( 0.66810227607013117     , -9.8686491077791697E-016)
 (-0.27606293720029101     , 0.17629801516592083     )
 (-0.27606293720029207     ,-0.17629801516592092     )
 ( 0.66652776865091101     , -8.6350679693067730E-016)
   2.0943951023931953        3.6275987284684348     
 ( 0.62674145399522285     , -3.1735016538411638E-016)
 (  6.8343593348310821E-003, -8.6513027457289400E-003)
 (  6.8343593348318965E-003,  8.6513027457281507E-003)
 ( 0.62991309926788430     , -3.5743627167974911E-016)
   4.1887902047863905        0.0000000000000000     
 ( 0.62674145399522296     , -6.4032479476781333E-016)
 (  6.8343593348316250E-003,  8.6513027457286798E-003)
 (  6.8343593348307368E-003, -8.6513027457287752E-003)
 ( 0.62991309926788452     , -6.9109248786630845E-016)
   1.0000000000000000                2           9
 (  0.0000000000000000     ,  0.0000000000000000     )
 (  0.0000000000000000     ,  0.0000000000000000     )
  -2.0943951023931953       -1.2091995761561449     
 ( 0.68477001658336134     ,  3.8241015292644283E-016)
 (-0.32798840293056336     ,-0.18348671657556462     )
 (-0.32798840293056414     , 0.18348671657556417     )
 ( 0.73587194298191827     ,  1.0732155904709846E-015)
  -2.0943951023931953        1.2091995761561449     
 ( 0.66731045794299848     , -2.0970879354030734E-016)
 (-0.26948987828926124     , 0.18822021935825675     )
 (-0.26948987828926230     ,-0.18822021935825706     )
 ( 0.74837359348586163     ,  2.9605947323337506E-016)
   0.0000000000000000       -2.4183991523122899     
 ( 0.66710775371505626     ,  0.0000000000000000     )
 ( -2.5321986580613059E-002,-0.33342562326094266     )
 ( -2.5321986580612996E-002, 0.33342562326094316     )
 ( 0.74770397260796884     , -5.3043988954313034E-016)
   0.0000000000000000        0.0000000000000000     
 (  1.9104675511985556     , -1.9851835904993700E-015)
 ( -1.8433497719052783     ,  1.4639645252153705E-015)
 ( -1.8433497719052785     ,  1.4639645252153707E-015)
 (  1.8662490465434809     , -1.0193015981633860E-015)
   0.0000000000000000        2.4183991523122899     
 ( 0.66710775371505626     , -2.9605947323337506E-016)
 ( -2.5321986580612982E-002, 0.33342562326094344     )
 ( -2.5321986580613069E-002,-0.33342562326094238     )
 ( 0.74770397260796884     , -7.7715611723760958E-016)
   2.0943951023931953       -1.2091995761561449     
 ( 0.66731045794299826     , -1.3569392523196359E-016)
 (-0.26948987828926235     ,-0.18822021935825708     )
 (-0.26948987828926124     , 0.18822021935825653     )
 ( 0.74837359348586163     ,  3.2073109600282300E-016)
   2.0943951023931953        1.2091995761561449     
 ( 0.68477001658336123     ,  1.6036554800141150E-016)
 (-0.32798840293056403     , 0.18348671657556423     )
 (-0.32798840293056331     ,-0.18348671657556453     )
 ( 0.73587194298191827     ,  8.8817841970012523E-016)
   2.0943951023931953        3.6275987284684348     
 ( 0.62500644352649037     ,  4.9860107754445770E-016)
 (  7.8571179565192963E-003,  7.7479288688587517E-003)
 (  7.8571179565195184E-003, -7.7479288688595410E-003)
 ( 0.67538568577495206     ,  6.1986776172459209E-016)
   4.1887902047863905        0.0000000000000000     
 ( 0.62500644352649048     ,  1.6392634911910945E-016)
 (  7.8571179565192460E-003, -7.7479288688590137E-003)
 (  7.8571179565191229E-003,  7.7479288688589547E-003)
 ( 0.67538568577495228     ,  3.4995321086469545E-016)
   1.0000000000000000                2           9
 (  0.0000000000000000     ,  0.0000000000000000     )
 (  0.0000000000000000     ,  0.0000000000000000     )
  -2.0943951023931953       -1.2091995761561449     
 ( 0.65694184916842135     , -4.1941758708061468E-016)
 (-0.28750490619017055     ,-0.16173006868147266     )
 (-0.28750490619017061     , 0.16173006868147327     )
 ( 0.65661139881028008     , -4.5642502123478653E-016)
  -2.0943951023931953        1.2091995761561449     
 ( 0.65718916743372635     , -6.5379800339037001E-016)
 (-0.28478145292143503     , 0.16733584899910936     )
 (-0.28478145292143520     ,-0.16733584899910875     )
 ( 0.65653282245955680     , -5.3043988954313034E-016)
   0.0000000000000000       -2.4183991523122899     
 ( 0.65656826595318374     , -4.6876083261951055E-016)
 ( -9.2102075675552320E-004,-0.33042824777268204     )
 ( -9.2102075675525800E-004, 0.33042824777268215     )
 ( 0.66215317972511112     ,  0.0000000000000000     )
   0.0000000000000000        0.0000000000000000     
 (  1.5908341892407540     , -7.9053988790152620E-016)
 ( -1.5460182285008544     ,  7.4006487024824896E-016)
 ( -1.5460182285008544     ,  7.4006487024824896E-016)
 (  1.5865176133192092     , -6.6708715879298925E-016)
   0.0000000000000000        2.4183991523122899     
 ( 0.65656826595318374     , -7.1547706031398979E-016)
 ( -9.2102075675523946E-004, 0.33042824777268232     )
 ( -9.2102075675549241E-004,-0.33042824777268187     )
 ( 0.66215317972511101     , -2.7138785046392718E-016)
   2.0943951023931953       -1.2091995761561449     
 ( 0.65718916743372646     , -5.7978313508202620E-016)
 (-0.28478145292143531     ,-0.16733584899910880     )
 (-0.28478145292143497     , 0.16733584899910925     )
 ( 0.65653282245955680     , -4.5642502123478653E-016)
   2.0943951023931953        1.2091995761561449     
 ( 0.65694184916842135     , -6.1679056923619806E-016)
 (-0.28750490619017049     , 0.16173006868147344     )
 (-0.28750490619017066     ,-0.16173006868147249     )
 ( 0.65661139881027997     , -5.5511151231257827E-016)
   2.0943951023931953        3.6275987284684348     
 ( 0.62432331576740452     , -8.9445011372862093E-017)
 ( -1.7856651055845083E-004,  8.0251963620246421E-004)
 ( -1.7856651055869754E-004, -8.0251963620327487E-004)
 ( 0.62013937024894017     , -1.3871829568018508E-017)
   4.1887902047863905        0.0000000000000000     
 ( 0.62432331576740463     , -4.2189824058746243E-016)
 ( -1.7856651055900595E-004, -8.0251963620269786E-004)
 ( -1.7856651055874688E-004,  8.0251963620269601E-004)
 ( 0.62013937024894017     , -3.6929112384237697E-016)
   1.0000000000000000                2           9
 (  0.0000000000000000     ,  0.0000000000000000     )
 (  0.0000000000000000     ,  0.0000000000000000     )
  -2.0943951023931953       -1.2091995761561449     
 ( 0.66010179241018641     ,  2.2204460492503131E-016)
 (-0.28942351816155409     ,-0.16408554196414737     )
 (-0.28942351816155398     , 0.16408554196414693     )
 ( 0.66170016897105832     ,  5.5511151231257827E-016)
  -2.0943951023931953        1.2091995761561449     
 ( 0.66245926500705965     , -1.2335811384723961E-017)
 (-0.29457475680307310     , 0.16894182654025031     )
 (-0.29457475680307288     ,-0.16894182654025042     )
 ( 0.66847710787051673     ,  5.7978313508202620E-016)
   0.0000000000000000       -2.4183991523122899     
 ( 0.65891265296272516     ,  2.4671622769447924E-016)
 (  1.2288401317503664E-003,-0.33179166717461933     )
 (  1.2288401317499778E-003, 0.33179166717461944     )
 ( 0.66104454284677372     ,  3.7007434154171886E-016)
   0.0000000000000000        0.0000000000000000     
 (  1.6186988968362297     ,  9.3586959203808470E-016)
 ( -1.5731478755620416     , -1.0157911711063998E-015)
 ( -1.5731478755620416     , -1.0157911711063994E-015)
 (  1.6157138402532507     ,  1.0958881839343705E-015)
   0.0000000000000000        2.4183991523122899     
 ( 0.65891265296272528     ,  9.8686491077791687E-017)
 (  1.2288401317499963E-003, 0.33179166717461961     )
 (  1.2288401317503232E-003,-0.33179166717461922     )
 ( 0.66104454284677383     ,  1.9737298215558337E-016)
   2.0943951023931953       -1.2091995761561449     
 ( 0.66245926500705965     ,  1.1102230246251565E-016)
 (-0.29457475680307293     ,-0.16894182654025058     )
 (-0.29457475680307310     , 0.16894182654025020     )
 ( 0.66847710787051673     ,  6.5379800339037001E-016)
   2.0943951023931953        1.2091995761561449     
 ( 0.66010179241018629     , -2.4671622769447922E-017)
 (-0.28942351816155398     , 0.16408554196414707     )
 (-0.28942351816155404     ,-0.16408554196414712     )
 ( 0.66170016897105832     ,  4.0708177569589072E-016)
   2.0943951023931953        3.6275987284684348     
 ( 0.62043651253120735     ,  3.2846921935865291E-016)
 ( -1.9510794494524851E-004,  2.8509569392884257E-003)
 ( -1.9510794494489078E-004, -2.8509569392891000E-003)
 ( 0.62882022920216751     ,  8.7053223848889528E-016)
   4.1887902047863905        0.0000000000000000     
 ( 0.62043651253120735     ,  9.3783051425502925E-017)
 ( -1.9510794494521152E-004, -2.8509569392885670E-003)
 ( -1.9510794494548289E-004,  2.8509569392884833E-003)
 ( 0.62882022920216740     ,  5.6143307454863605E-016)
   1.0000000000000000                2           9
 (  0.0000000000000000     ,  0.0000000000000000     )
 (  0.0000000000000000     ,  0.0000000000000000     )
  -2.0943951023931953       -1.2091995761561449     
 ( 0.65359320119772879     ,  3.9474596431116675E-016)
 (-0.28475442652198890     ,-0.16447939359264460     )
 (-0.28475442652198901     , 0.16447939359264419     )
 ( 0.65851678851662576     ,  3.8241015292644283E-016)
  -2.0943951023931953        1.2091995761561449     
 ( 0.65475727385976790     ,  3.4540271877227093E-016)
 (-0.28701337741237071     , 0.16437303928374108     )
 (-0.28701337741237054     ,-0.16437303928374117     )
 ( 0.65984359921920410     ,  3.4540271877227093E-016)
   0.0000000000000000       -2.4183991523122899     
 ( 0.65297990084871282     ,  4.4408920985006262E-016)
 ( -1.4675543792333984E-003,-0.32827959725839284     )
 ( -1.4675543792339904E-003, 0.32827959725839290     )
 ( 0.65777918662901280     ,  4.1941758708061468E-016)
   0.0000000000000000        0.0000000000000000     
 (  1.5767339820763939     ,  5.2519942887465278E-016)
 ( -1.5278663297982824     , -5.2024491397472217E-016)
 ( -1.5278663297982824     , -5.2024491397472167E-016)
 (  1.5696317917882388     ,  5.4868878105093822E-016)
   0.0000000000000000        2.4183991523122899     
 ( 0.65297990084871282     ,  2.2204460492503131E-016)
 ( -1.4675543792339657E-003, 0.32827959725839306     )
 ( -1.4675543792334106E-003,-0.32827959725839256     )
 ( 0.65777918662901280     ,  1.7270135938613546E-016)
   2.0943951023931953       -1.2091995761561449     
 ( 0.65475727385976801     ,  4.4408920985006262E-016)
 (-0.28701337741237043     ,-0.16437303928374136     )
 (-0.28701337741237076     , 0.16437303928374092     )
 ( 0.65984359921920399     ,  4.4408920985006262E-016)
   2.0943951023931953        1.2091995761561449     
 ( 0.65359320119772890     ,  3.2073109600282300E-016)
 (-0.28475442652198918     , 0.16447939359264435     )
 (-0.28475442652198890     ,-0.16447939359264441     )
 ( 0.65851678851662576     ,  2.5905203907920321E-016)
   2.0943951023931953        3.6275987284684348     
 ( 0.61721771738434061     ,  6.7641651723704011E-016)
 ( -2.6175574995129423E-003, -1.1973963028633361E-003)
 ( -2.6175574995130533E-003,  1.1973963028630060E-003)
 ( 0.62057140794893784     ,  6.1470347596992694E-016)
   4.1887902047863905        0.0000000000000000     
 ( 0.61721771738434072     ,  3.5816846799611230E-016)
 ( -2.6175574995132875E-003,  1.1973963028635950E-003)
 ( -2.6175574995133000E-003, -1.1973963028632793E-003)
 ( 0.62057140794893784     ,  3.5963491381471942E-016)
   1.0000000000000000                2           9
 (  0.0000000000000000     ,  0.0000000000000000     )
 (  0.0000000000000000     ,  0.0000000000000000     )
  -2.0943951023931953       -1.2091995761561449     
 ( 0.66219238976072059     ,  6.9080543754454186E-016)
 (-0.29153340597057287     ,-0.16409479461126650     )
 (-0.29153340597057320     , 0.16409479461126594     )
 ( 0.66383509854075085     ,  6.5379800339037001E-016)
  -2.0943951023931953        1.2091995761561449     
 ( 0.66094305813104226     ,  5.5511151231257827E-016)
 (-0.29356432425215440     , 0.16372965120990279     )
 (-0.29356432425215395     ,-0.16372965120990304     )
 ( 0.66392761685266466     ,  5.4277570092785435E-016)
   0.0000000000000000       -2.4183991523122899     
 ( 0.65793601183725259     ,  8.0182774000705751E-016)
 ( -6.5885155120178653E-003,-0.32859507878022232     )
 ( -6.5885155120184880E-003, 0.32859507878022237     )
 ( 0.66546182234947604     ,  7.0314124892926578E-016)
   0.0000000000000000        0.0000000000000000     
 (  1.6013973934387227     ,  1.2585423159044041E-015)
 ( -1.5615696710335474     , -1.2359745347220549E-015)
 ( -1.5615696710335476     , -1.2359745347220545E-015)
 (  1.6078200166203407     ,  1.2592547467281896E-015)
   0.0000000000000000        2.4183991523122899     
 ( 0.65793601183725248     ,  5.7978313508202620E-016)
 ( -6.5885155120186667E-003, 0.32859507878022232     )
 ( -6.5885155120176987E-003,-0.32859507878022232     )
 ( 0.66546182234947604     ,  5.3043988954313034E-016)
   2.0943951023931953       -1.2091995761561449     
 ( 0.66094305813104226     ,  6.0445475785147414E-016)
 (-0.29356432425215390     ,-0.16372965120990304     )
 (-0.29356432425215445     , 0.16372965120990279     )
 ( 0.66392761685266466     ,  6.4146219200564599E-016)
   2.0943951023931953        1.2091995761561449     
 ( 0.66219238976072059     ,  5.1810407815840642E-016)
 (-0.29153340597057309     , 0.16409479461126597     )
 (-0.29153340597057298     ,-0.16409479461126639     )
 ( 0.66383509854075085     ,  5.3043988954313034E-016)
   2.0943951023931953        3.6275987284684348     
 ( 0.62607404394331612     ,  9.4332628972858843E-016)
 ( -5.1357983233752957E-003,  2.8381752887749528E-005)
 ( -5.1357983233749870E-003, -2.8381752888285673E-005)
 ( 0.62912839645193297     ,  9.1886310290633470E-016)
   4.1887902047863905        0.0000000000000000     
 ( 0.62607404394331612     ,  5.9817285090151290E-016)
 ( -5.1357983233754562E-003, -2.8381752887652052E-005)
 ( -5.1357983233754683E-003,  2.8381752887901486E-005)
 ( 0.62912839645193286     ,  5.7367233589575440E-016)
   1.0000000000000000                2           9
 (  0.0000000000000000     ,  0.0000000000000000     )
 (  0.0000000000000000     ,  0.0000000000000000     )
  -2.0943951023931953       -1.2091995761561449     
 ( 0.65740286213392385     , -3.5773853015699490E-016)
 (-0.28508850466714863     ,-0.16684742890980978     )
 (-0.28508850466714830     , 0.16684742890981016     )
 ( 0.65812810969421298     , -4.4408920985006262E-016)
  -2.0943951023931953        1.2091995761561449     
 ( 0.65594552740720746     , -6.4146219200564599E-016)
 (-0.28751212753801680     , 0.16486412158685335     )
 (-0.28751212753801703     ,-0.16486412158685260     )
 ( 0.65741039913672350     , -5.9211894646675012E-016)
   0.0000000000000000       -2.4183991523122899     
 ( 0.65686758430654124     , -4.1941758708061468E-016)
 (  1.8419649152226307E-003,-0.33294942686050377     )
 (  1.8419649152229638E-003, 0.33294942686050416     )
 ( 0.66169839426656862     , -2.4671622769447924E-016)
   0.0000000000000000        0.0000000000000000     
 (  1.5667839074985899     , -8.6298500075497978E-016)
 ( -1.5237814532364198     ,  9.3935669496098545E-016)
 ( -1.5237814532364200     ,  9.3935669496098545E-016)
 (  1.5646485631927431     , -1.0835530684467101E-015)
   0.0000000000000000        2.4183991523122899     
 ( 0.65686758430654113     , -6.1679056923619806E-016)
 (  1.8419649152229638E-003, 0.33294942686050422     )
 (  1.8419649152226184E-003,-0.33294942686050366     )
 ( 0.66169839426656862     , -5.1810407815840642E-016)
   2.0943951023931953       -1.2091995761561449     
 ( 0.65594552740720757     , -4.4408920985006262E-016)
 (-0.28751212753801686     ,-0.16486412158685265     )
 (-0.28751212753801692     , 0.16486412158685335     )
 ( 0.65741039913672361     , -5.4277570092785435E-016)
   2.0943951023931953        1.2091995761561449     
 ( 0.65740286213392385     , -5.0576826677368240E-016)
 (-0.28508850466714841     , 0.16684742890981022     )
 (-0.28508850466714858     ,-0.16684742890980969     )
 ( 0.65812810969421287     , -5.1810407815840642E-016)
   2.0943951023931953        3.6275987284684348     
 ( 0.61954221120384867     , -1.6606500184547613E-016)
 (  2.4272414831930777E-003, -3.1065349103841810E-003)
 (  2.4272414831933244E-003,  3.1065349103837135E-003)
 ( 0.62284997634873429     , -9.1766901235443730E-017)
   4.1887902047863905        0.0000000000000000     
 ( 0.61954221120384867     , -4.0889814862720181E-016)
 (  2.4272414831929298E-003,  3.1065349103841654E-003)
 (  2.4272414831928556E-003, -3.1065349103841992E-003)
 ( 0.62284997634873440     , -3.5902093374897536E-016)
