     0.0000000        0.15623594        0.00119480
     0.1000000        0.10433522        0.00138649
     0.2000000        0.07024097        0.00131555
     0.3000000        0.04776655        0.00110823
     0.4000000        0.03276458        0.00094683
     0.5000000        0.02250937        0.00078819
     0.6000000        0.01535969        0.00068436
     0.7000000        0.01054130        0.00062611
     0.8000000        0.00726141        0.00054692
     0.9000000        0.00504981        0.00048576
     1.0000000        0.00345036        0.00042698
     1.1000000        0.00243275        0.00038021
     1.2000000        0.00168543        0.00029574
     1.3000000        0.00120415        0.00024240
     1.4000000        0.00085997        0.00022769
     1.5000000        0.00069012        0.00013020
     1.6000000        0.00046095        0.00007693
     1.7000000        0.00023928        0.00010152
     1.8000000        0.00010587        0.00010776
     1.9000000        0.00004474        0.00009468
     2.0000000       -0.00005460        0.00006621
     2.1000000       -0.00008988        0.00007126
     2.2000000       -0.00011938        0.00008654
     2.3000000       -0.00015420        0.00010414
     2.4000000       -0.00012900        0.00010675
     2.5000000       -0.00010001        0.00010551
     2.6000000       -0.00009934        0.00010663
     2.7000000       -0.00011880        0.00008573
     2.8000000       -0.00013924        0.00008365
     2.9000000       -0.00015380        0.00009544
     3.0000000       -0.00013292        0.00008013
     3.1000000       -0.00010459        0.00006658
     3.2000000       -0.00012203        0.00006802
     3.3000000       -0.00011044        0.00006516
     3.4000000       -0.00010217        0.00006341
     3.5000000       -0.00007988        0.00006210
     3.6000000       -0.00007626        0.00006311
     3.7000000       -0.00005670        0.00006440
     3.8000000       -0.00003409        0.00005775
     3.9000000        0.00002411        0.00005429
     4.0000000        0.00003904        0.00005171
     4.1000000        0.00005465        0.00004599
     4.2000000        0.00006091        0.00003779
     4.3000000        0.00005094        0.00003692
     4.4000000        0.00004154        0.00003670
     4.5000000        0.00004576        0.00003487
     4.6000000        0.00003368        0.00003448
     4.7000000        0.00001465        0.00003434
     4.8000000        0.00002440        0.00002013
     4.9000000        0.00002814        0.00001824
     5.0000000        0.00002753        0.00001905
     5.1000000        0.00001449        0.00002005
     5.2000000        0.00000973        0.00002430
     5.3000000        0.00002037        0.00002787
     5.4000000        0.00001323        0.00002342
     5.5000000        0.00000554        0.00002061
     5.6000000       -0.00000050        0.00002904
     5.7000000        0.00001186        0.00003688
     5.8000000        0.00002893        0.00004402
     5.9000000        0.00005359        0.00004606
     6.0000000        0.00004401        0.00004921
     6.1000000        0.00003399        0.00004469
     6.2000000        0.00002528        0.00004627
     6.3000000        0.00002362        0.00003753
     6.4000000        0.00002810        0.00002388
     6.5000000        0.00002664        0.00001421
     6.6000000        0.00002885        0.00001477
     6.7000000        0.00002663        0.00002616
     6.8000000        0.00000251        0.00004735
     6.9000000        0.00000472        0.00004711
     7.0000000        0.00000025        0.00005072
     7.1000000       -0.00004319        0.00005906
     7.2000000       -0.00005066        0.00006811
     7.3000000       -0.00012300        0.00009233
     7.4000000       -0.00016691        0.00012894
     7.5000000       -0.00019534        0.00014860
     7.6000000       -0.00019282        0.00015700
     7.7000000       -0.00020005        0.00015913
     7.8000000       -0.00021113        0.00015981
     7.9000000       -0.00019370        0.00015385
     8.0000000       -0.00009201        0.00012939
     8.1000000       -0.00001441        0.00011516
     8.2000000        0.00002437        0.00011663
     8.3000000        0.00015022        0.00012980
     8.4000000        0.00029125        0.00014289
     8.5000000        0.00045630        0.00017024
     8.6000000        0.00073974        0.00018538
     8.7000000        0.00123641        0.00015443
     8.8000000        0.00178395        0.00023034
     8.9000000        0.00247537        0.00025350
     9.0000000        0.00342313        0.00034102
     9.1000000        0.00487795        0.00056631
     9.2000000        0.00719634        0.00072660
     9.3000000        0.01042171        0.00076675
     9.4000000        0.01505493        0.00073044
     9.5000000        0.02189788        0.00078433
     9.6000000        0.03191150        0.00072853
     9.7000000        0.04724149        0.00076353
     9.8000000        0.07023730        0.00091574
     9.9000000        0.10437209        0.00108256
    10.0000000        0.15623594        0.00119480
