     0.0000000        0.39844687        0.00788631
     0.1000000        0.30134241        0.00778357
     0.2000000        0.23148988        0.00689874
     0.3000000        0.18095807        0.00526351
     0.4000000        0.14205446        0.00346229
     0.5000000        0.11181766        0.00329721
     0.6000000        0.08750984        0.00118490
     0.7000000        0.07017851        0.00215425
     0.8000000        0.05525359        0.00155085
     0.9000000        0.04426476        0.00122722
     1.0000000        0.03456365        0.00063601
     1.1000000        0.02690929        0.00005396
     1.2000000        0.02214809        0.00050235
     1.3000000        0.01781380        0.00138420
     1.4000000        0.01446479        0.00115615
     1.5000000        0.01102122        0.00061412
     1.6000000        0.00889806        0.00032282
     1.7000000        0.00688108        0.00033061
     1.8000000        0.00547493        0.00050019
     1.9000000        0.00293767        0.00083170
     2.0000000        0.00166239        0.00123579
     2.1000000        0.00108573        0.00178335
     2.2000000        0.00055591        0.00193083
     2.3000000       -0.00019487        0.00216283
     2.4000000       -0.00036687        0.00214060
     2.5000000       -0.00067129        0.00199135
     2.6000000       -0.00118015        0.00184950
     2.7000000       -0.00112489        0.00162015
     2.8000000       -0.00132032        0.00186452
     2.9000000       -0.00150643        0.00155707
     3.0000000       -0.00185731        0.00133542
     3.1000000       -0.00189135        0.00074589
     3.2000000       -0.00173336        0.00105588
     3.3000000       -0.00153521        0.00150345
     3.4000000       -0.00143766        0.00151706
     3.5000000       -0.00102669        0.00159373
     3.6000000       -0.00108398        0.00150459
     3.7000000       -0.00137874        0.00146946
     3.8000000       -0.00144616        0.00122263
     3.9000000       -0.00140045        0.00091070
     4.0000000       -0.00130942        0.00067087
     4.1000000       -0.00092794        0.00072022
     4.2000000       -0.00056380        0.00086447
     4.3000000       -0.00058692        0.00093639
     4.4000000       -0.00045047        0.00110083
     4.5000000       -0.00036884        0.00118257
     4.6000000       -0.00044856        0.00096795
     4.7000000       -0.00054657        0.00112069
     4.8000000       -0.00061214        0.00111517
     4.9000000       -0.00056778        0.00108879
     5.0000000       -0.00058903        0.00118107
     5.1000000       -0.00076291        0.00111793
     5.2000000       -0.00068587        0.00093923
     5.3000000       -0.00071942        0.00095700
     5.4000000       -0.00073392        0.00113524
     5.5000000       -0.00085684        0.00133800
     5.6000000       -0.00123117        0.00135735
     5.7000000       -0.00107971        0.00097916
     5.8000000       -0.00118137        0.00095002
     5.9000000       -0.00095207        0.00068289
     6.0000000       -0.00113830        0.00067289
     6.1000000       -0.00140612        0.00050791
     6.2000000       -0.00144437        0.00049462
     6.3000000       -0.00160673        0.00076833
     6.4000000       -0.00166673        0.00095033
     6.5000000       -0.00179117        0.00103324
     6.6000000       -0.00250314        0.00137054
     6.7000000       -0.00274495        0.00146203
     6.8000000       -0.00296626        0.00146964
     6.9000000       -0.00265291        0.00140048
     7.0000000       -0.00215144        0.00128690
     7.1000000       -0.00263620        0.00145186
     7.2000000       -0.00344486        0.00180910
     7.3000000       -0.00367172        0.00142255
     7.4000000       -0.00344764        0.00102878
     7.5000000       -0.00293908        0.00083460
     7.6000000       -0.00226660        0.00128524
     7.7000000       -0.00159199        0.00143457
     7.8000000       -0.00019060        0.00072096
     7.9000000        0.00071768        0.00073205
     8.0000000        0.00141684        0.00088272
     8.1000000        0.00266642        0.00089164
     8.2000000        0.00349992        0.00094393
     8.3000000        0.00532870        0.00079262
     8.4000000        0.00772895        0.00112534
     8.5000000        0.01051666        0.00211021
     8.6000000        0.01473705        0.00253410
     8.7000000        0.02097629        0.00371884
     8.8000000        0.02541111        0.00200325
     8.9000000        0.03059549        0.00132242
     9.0000000        0.03697320        0.00150401
     9.1000000        0.04567325        0.00157607
     9.2000000        0.05667747        0.00133485
     9.3000000        0.07092899        0.00079043
     9.4000000        0.08947124        0.00098317
     9.5000000        0.11269868        0.00245794
     9.6000000        0.14167342        0.00334832
     9.7000000        0.18003504        0.00430908
     9.8000000        0.23024636        0.00517817
     9.9000000        0.30007846        0.00698528
    10.0000000        0.39844687        0.00788631
