     0.0000000        1.85397360        0.00252515
     0.1000000        1.45020295        0.00238830
     0.2000000        1.14360413        0.00252874
     0.3000000        0.91098249        0.00287886
     0.4000000        0.72745761        0.00227552
     0.5000000        0.58251276        0.00288812
     0.6000000        0.46751902        0.00289978
     0.7000000        0.37584305        0.00271356
     0.8000000        0.30472488        0.00288192
     0.9000000        0.25024576        0.00291965
     1.0000000        0.20521037        0.00231463
     1.1000000        0.16698055        0.00242683
     1.2000000        0.13662657        0.00232679
     1.3000000        0.11066394        0.00232887
     1.4000000        0.09325951        0.00241171
     1.5000000        0.07193246        0.00227732
     1.6000000        0.06124397        0.00263987
     1.7000000        0.04955092        0.00279775
     1.8000000        0.03762975        0.00296536
     1.9000000        0.03190344        0.00306835
     2.0000000        0.02676795        0.00268470
     2.1000000        0.02170006        0.00298235
     2.2000000        0.01743730        0.00269569
     2.3000000        0.01376447        0.00234306
     2.4000000        0.01118452        0.00220630
     2.5000000        0.00786327        0.00239292
     2.6000000        0.00747484        0.00223430
     2.7000000        0.00582244        0.00225290
     2.8000000        0.00616961        0.00207443
     2.9000000        0.00737830        0.00226977
     3.0000000        0.00693116        0.00210177
     3.1000000        0.00341360        0.00194860
     3.2000000        0.00409446        0.00202832
     3.3000000        0.00114629        0.00243517
     3.4000000       -0.00101362        0.00226750
     3.5000000       -0.00076315        0.00152054
     3.6000000       -0.00037582        0.00195481
     3.7000000       -0.00096819        0.00223262
     3.8000000       -0.00100106        0.00209133
     3.9000000       -0.00294812        0.00230602
     4.0000000       -0.00279712        0.00230177
     4.1000000       -0.00105466        0.00226329
     4.2000000       -0.00283682        0.00216019
     4.3000000       -0.00029808        0.00190050
     4.4000000       -0.00073656        0.00177032
     4.5000000        0.00249411        0.00168374
     4.6000000        0.00131249        0.00177198
     4.7000000        0.00195578        0.00155908
     4.8000000        0.00069682        0.00177907
     4.9000000        0.00126149        0.00207486
     5.0000000        0.00193468        0.00195326
     5.1000000        0.00213877        0.00162161
     5.2000000       -0.00107191        0.00196409
     5.3000000       -0.00035421        0.00218405
     5.4000000       -0.00014017        0.00184525
     5.5000000        0.00098049        0.00174840
     5.6000000       -0.00001206        0.00195523
     5.7000000        0.00029823        0.00191857
     5.8000000        0.00014226        0.00199361
     5.9000000       -0.00205512        0.00189233
     6.0000000       -0.00307495        0.00168177
     6.1000000       -0.00260046        0.00198528
     6.2000000       -0.00380366        0.00242618
     6.3000000       -0.00232462        0.00241516
     6.4000000       -0.00236343        0.00258750
     6.5000000       -0.00275109        0.00234344
     6.6000000       -0.00048471        0.00213734
     6.7000000       -0.00129976        0.00167696
     6.8000000       -0.00087273        0.00175436
     6.9000000       -0.00098949        0.00163153
     7.0000000        0.00208905        0.00172501
     7.1000000        0.00108166        0.00171614
     7.2000000        0.00115237        0.00197327
     7.3000000        0.00180936        0.00226756
     7.4000000       -0.00000610        0.00233726
     7.5000000       -0.00099226        0.00193066
     7.6000000       -0.00062851        0.00201138
     7.7000000       -0.00100246        0.00186269
     7.8000000        0.00066005        0.00227197
     7.9000000        0.00009724        0.00216385
     8.0000000        0.00246273        0.00204074
     8.1000000        0.00191892        0.00167893
     8.2000000       -0.00097551        0.00194321
     8.3000000        0.00025287        0.00191839
     8.4000000        0.00090578        0.00169535
     8.5000000        0.00342868        0.00162984
     8.6000000        0.00079601        0.00165688
     8.7000000        0.00060290        0.00171113
     8.8000000        0.00218203        0.00189021
     8.9000000        0.00234578        0.00191300
     9.0000000        0.00556593        0.00165469
     9.1000000        0.00771212        0.00198094
     9.2000000        0.01255121        0.00273938
     9.3000000        0.01462498        0.00257715
     9.4000000        0.02067367        0.00279857
     9.5000000        0.02715806        0.00233334
     9.6000000        0.03349788        0.00220845
     9.7000000        0.05089915        0.00192098
     9.8000000        0.07097817        0.00192739
     9.9000000        0.10167556        0.00198596
    10.0000000        0.14602640        0.00252515
