7.985100000000000364e+03
7.985100000000000364e+03
6.621500000000000000e+03
7.930220000000000255e+03
7.930220000000000255e+03
7.930220000000000255e+03
1.271479999999999927e+04
1.273420000000000073e+04
1.275879999999999927e+04
2.047879999999999927e+04
1.328810000000000036e+04
2.102370000000000073e+04
3.369259999999999854e+04
2.169659999999999854e+04
4.634750000000000000e+04
9.936360000000000582e+04
6.863539999999999418e+04
6.863539999999999418e+04
6.753939999999999418e+04
7.425080000000000291e+04
4.567069999999999709e+04
1.135950000000000000e+05
1.135950000000000000e+05
4.868169999999999709e+04
1.078100000000000000e+05
8.050069999999999709e+04
1.172980000000000000e+05
6.173430000000000291e+04
6.173430000000000291e+04
6.173430000000000291e+04
1.577490000000000000e+05
1.577490000000000000e+05
3.805090000000000000e+05
3.805090000000000000e+05
3.805090000000000000e+05
3.805090000000000000e+05
3.805090000000000000e+05
6.100850000000000000e+05
6.121940000000000000e+05
9.830500000000000000e+05
1.582350000000000000e+06
1.601950000000000000e+06
1.631310000000000000e+06
3.508450000000000000e+06
2.279120000000000000e+06
2.044150000000000000e+06
1.367020000000000000e+06
3.302750000000000000e+06
3.371520000000000000e+06
3.346490000000000000e+06
3.346490000000000000e+06
4.733260000000000000e+06
4.733260000000000000e+06
1.225910000000000000e+07
2.781110000000000000e+07
1.097840000000000000e+07
2.829280000000000000e+07
2.387170000000000000e+07
5.159140000000000000e+07
5.159140000000000000e+07
7.415970000000000000e+07
1.960010000000000000e+08
4.930960000000000000e+08
1.308300000000000000e+09
3.525270000000000000e+09
1.406460000000000000e+09
1.406460000000000000e+09
1.406460000000000000e+09
1.406460000000000000e+09
2.255030000000000000e+09
3.619930000000000000e+09
3.625440000000000000e+09
3.637960000000000000e+09
3.684550000000000000e+09
2.459540000000000000e+09
2.468010000000000000e+09
2.507170000000000000e+09
2.249630000000000000e+09
2.267830000000000000e+09
4.779380000000000000e+09
4.779380000000000000e+09
4.676100000000000000e+09
2.467500000000000000e+09
2.313400000000000000e+09
2.313400000000000000e+09
5.909100000000000000e+09
1.472030000000000000e+10
6.216000000000000000e+09
6.216000000000000000e+09
4.990260000000000000e+09
8.765860000000000000e+09
2.094960000000000000e+10
5.207080000000000000e+10
1.361640000000000000e+11
3.510020000000000000e+11
8.996540000000000000e+11
1.867590000000000000e+12
7.148910000000000000e+11
3.460870000000000000e+11
3.460870000000000000e+11
1.621790000000000000e+11
2.600280000000000000e+11
4.180510000000000000e+11
6.710840000000000000e+11
6.744220000000000000e+11
6.827340000000000000e+11
4.562350000000000000e+11
7.114390000000000000e+11
7.240720000000000000e+11
6.876200000000000000e+11
6.925140000000000000e+11
1.702370000000000000e+12
1.625340000000000000e+12
1.751920000000000000e+12
1.751920000000000000e+12
2.707370000000000000e+12
2.707370000000000000e+12
6.977770000000000000e+12
1.837300000000000000e+13
1.837300000000000000e+13
4.288490000000000000e+13
3.499110000000000000e+13
4.966430000000000000e+13
1.284840000000000000e+14
3.101590000000000000e+14
8.125390000000000000e+14
2.160080000000000000e+15
5.770100000000000000e+15
1.369380000000000000e+16
5.362410000000000000e+15
5.362410000000000000e+15
5.362410000000000000e+15
5.362410000000000000e+15
8.597770000000000000e+15
8.610880000000000000e+15
8.627490000000000000e+15
1.387050000000000000e+16
1.404810000000000000e+16
1.456590000000000000e+16
1.455380000000000000e+16
9.559100000000000000e+15
9.226650000000000000e+15
9.226650000000000000e+15
9.087530000000000000e+15
9.087530000000000000e+15
8.093190000000000000e+15
8.093190000000000000e+15
7.268970000000000000e+15
7.631840000000000000e+15
1.975190000000000000e+16
1.975190000000000000e+16
5.119520000000000000e+16
5.119520000000000000e+16
4.205890000000000000e+16
1.088400000000000000e+17
2.821810000000000000e+17
3.812510000000000000e+17
9.919100000000000000e+17
2.000090000000000000e+18
5.340270000000000000e+18
1.433680000000000000e+19
5.425530000000000000e+18
5.425530000000000000e+18
5.259110000000000000e+18
5.259110000000000000e+18
8.432140000000000000e+18
1.353590000000000000e+19
1.355650000000000000e+19
1.360330000000000000e+19
1.377750000000000000e+19
9.196890000000000000e+18
9.228550000000000000e+18
9.374960000000000000e+18
9.048910000000000000e+18
6.164360000000000000e+18
6.164360000000000000e+18
4.022940000000000000e+18
3.889270000000000000e+18
2.817470000000000000e+18
2.817470000000000000e+18
2.817470000000000000e+18
7.137940000000000000e+18
1.749850000000000000e+19
1.749850000000000000e+19
3.661470000000000000e+19
3.066580000000000000e+19
7.251780000000000000e+19
1.303470000000000000e+20
2.378880000000000000e+20
6.307619999999999345e+20
1.395640000000000000e+21
3.467000000000000262e+21
8.785380000000000393e+21
8.785380000000000393e+21
8.785380000000000393e+21
8.785380000000000393e+21
4.590669999999999803e+21
4.581810000000000197e+21
4.590669999999999803e+21
7.360399999999999476e+21
7.385850000000000459e+21
1.165280000000000000e+22
1.203919999999999895e+22
1.878400000000000000e+22
1.910539999999999921e+22
1.243710000000000013e+22
1.207860000000000079e+22
1.207860000000000079e+22
8.084699999999999607e+21
6.191020000000000131e+21
5.805110000000000066e+21
2.599740000000000131e+21
2.599740000000000131e+21
6.397750000000000066e+21
1.631130000000000039e+22
7.397740000000000131e+21
1.783169999999999987e+22
1.330279999999999948e+22
3.372410000000000039e+22
8.126420000000000288e+22
1.249949999999999971e+23
3.267900000000000278e+23
6.627609999999999662e+23
1.716029999999999896e+24
4.509359999999999786e+24
3.427659999999999905e+24
1.756309999999999923e+24
7.154110000000000265e+23
5.871600000000000105e+23
5.860279999999999801e+23
5.871600000000000105e+23
9.414179999999999429e+23
9.446729999999999347e+23
1.490430000000000114e+24
1.539849999999999901e+24
2.402529999999999895e+24
2.443640000000000086e+24
2.443640000000000086e+24
2.470199999999999969e+24
5.955280000000000113e+24
3.844260000000000066e+24
3.844260000000000066e+24
3.925600000000000042e+24
1.803939999999999932e+24
1.159540000000000045e+24
1.159540000000000045e+24
3.024519999999999914e+24
1.360830000000000131e+24
3.155820000000000098e+24
3.155820000000000098e+24
8.395779999999999772e+24
2.011599999999999805e+25
4.155179999999999980e+25
7.984720000000000415e+25
1.784630000000000018e+26
4.701879999999999782e+26
1.237850000000000034e+27
6.100660000000000128e+26
6.100660000000000128e+26
6.100660000000000128e+26
4.001960000000000257e+26
4.001960000000000257e+26
6.416499999999999683e+26
6.426280000000000520e+26
6.438679999999999904e+26
6.320319999999999944e+26
4.116640000000000218e+26
4.127589999999999736e+26
4.125180000000000018e+26
4.165360000000000011e+26
4.165360000000000011e+26
8.824270000000000042e+26
8.824270000000000042e+26
8.804520000000000408e+26
4.651030000000000085e+26
2.419680000000000070e+26
1.212450000000000036e+26
3.105330000000000280e+26
1.699950000000000019e+26
1.055560000000000062e+26
5.191219999999999592e+25
1.352229999999999964e+26
3.326380000000000102e+26
6.930640000000000151e+26
1.639649999999999961e+27
3.153889999999999846e+27
7.517669999999999531e+27
1.948920000000000108e+28
4.921670000000000307e+28
2.291649999999999784e+28
2.291649999999999784e+28
1.355910000000000080e+28
1.231040000000000024e+28
1.228670000000000068e+28
1.228670000000000068e+28
1.228670000000000068e+28
1.231040000000000024e+28
1.207200000000000034e+28
1.231040000000000024e+28
1.231040000000000024e+28
1.231040000000000024e+28
1.238510000000000053e+28
1.995229999999999991e+28
4.298939999999999869e+28
9.035460000000000246e+28
8.836950000000000229e+28
5.909199999999999622e+28
5.909199999999999622e+28
5.909199999999999622e+28
1.510039999999999916e+29
1.028289999999999936e+29
4.861960000000000247e+28
4.861960000000000247e+28
1.288280000000000011e+29
3.367050000000000238e+29
8.337949999999999515e+29
2.238289999999999937e+30
4.295390000000000088e+30
9.428680000000000253e+30
2.534359999999999793e+31
5.260309999999999819e+31
5.260309999999999819e+31
2.529200000000000070e+31
1.815909999999999988e+31
8.836640000000000413e+30
1.414650000000000045e+31
1.416809999999999966e+31
1.416809999999999966e+31
1.421709999999999950e+31
1.421709999999999950e+31
1.423659999999999901e+31
1.424320000000000033e+31
1.398139999999999896e+31
6.766309999999999594e+30
1.106460000000000040e+31
2.440890000000000137e+31
2.332979999999999815e+31
2.332979999999999815e+31
2.332979999999999815e+31
2.603550000000000170e+31
2.419339999999999798e+31
3.986539999999999951e+31
2.206029999999999925e+31
9.827020000000000382e+30
2.577819999999999970e+31
2.577819999999999970e+31
5.752760000000000415e+31
1.325929999999999990e+32
3.400329999999999875e+32
8.434009999999999537e+32
2.051529999999999966e+33
5.325159999999999961e+33
1.114410000000000003e+34
1.114410000000000003e+34
1.114410000000000003e+34
7.573370000000000263e+33
7.573370000000000263e+33
7.588010000000000000e+33
1.216620000000000088e+34
1.220819999999999979e+34
1.960369999999999929e+34
1.994999999999999912e+34
1.994999999999999912e+34
2.029920000000000082e+34
1.280670000000000034e+34
8.004360000000000211e+33
1.957310000000000061e+34
4.298819999999999842e+34
2.762340000000000168e+34
2.762340000000000168e+34
3.280859999999999929e+34
3.547069999999999804e+34
2.495950000000000192e+34
6.175920000000000421e+34
2.531999999999999791e+34
2.531999999999999791e+34
6.324080000000000110e+34
1.200679999999999941e+35
1.200679999999999941e+35
3.167069999999999882e+35
7.667880000000000609e+35
1.764900000000000096e+36
4.765390000000000245e+36
1.285240000000000038e+37
3.134219999999999990e+37
3.134219999999999990e+37
1.542999999999999973e+37
1.721079999999999967e+37
9.683039999999999581e+36
1.554889999999999936e+37
2.496009999999999776e+37
2.504630000000000167e+37
4.026700000000000029e+37
6.282240000000000281e+37
9.815959999999999579e+37
9.991860000000000253e+37
9.991860000000000253e+37
4.756400000000000316e+37
1.138739999999999943e+38
1.218859999999999963e+38
1.218859999999999963e+38
1.218859999999999963e+38
1.612150000000000033e+38
1.793269999999999848e+38
1.793269999999999848e+38
2.594919999999999910e+38
2.594919999999999910e+38
6.793360000000000199e+38
6.793360000000000199e+38
1.749449999999999981e+39
4.726020000000000179e+39
1.273339999999999928e+40
1.273339999999999928e+40
3.378949999999999925e+40
9.170060000000000773e+40
2.485689999999999999e+41
6.807910000000000293e+41
2.810629999999999983e+41
1.365240000000000021e+41
1.648930000000000092e+41
7.168600000000000254e+40
1.151120000000000076e+41
1.847860000000000049e+41
1.854240000000000053e+41
2.981069999999999842e+41
4.566889999999999712e+41
7.138080000000000066e+41
7.150439999999999797e+41
1.135310000000000008e+42
1.135310000000000008e+42
1.689270000000000150e+42
1.689460000000000088e+42
2.639239999999999970e+42
3.274179999999999738e+42
4.506879999999999933e+42
4.513450000000000185e+42
6.726159999999999476e+42
6.726159999999999476e+42
1.794740000000000078e+43
4.751659999999999621e+43
1.279349999999999940e+44
3.435430000000000049e+44
9.311130000000000441e+44
2.508519999999999957e+45
6.862639999999999422e+45
1.847110000000000107e+46
5.017700000000000335e+46
1.360070000000000094e+47
3.729300000000000043e+47
3.729300000000000043e+47
3.729300000000000043e+47
5.127739999999999956e+47
2.120589999999999817e+47
2.120589999999999817e+47
2.120589999999999817e+47
2.124690000000000136e+47
3.411780000000000029e+47
3.354839999999999943e+47
3.356800000000000065e+47
3.365720000000000185e+47
5.333469999999999906e+47
5.069779999999999859e+47
5.093480000000000189e+47
5.113250000000000337e+47
7.864259999999999517e+47
7.213059999999999933e+47
7.312000000000000100e+47
7.346619999999999202e+47
1.089399999999999974e+48
2.857239999999999925e+48
7.573530000000000078e+48
2.005400000000000114e+49
5.448349999999999761e+49
1.454450000000000007e+50
3.920710000000000269e+50
1.056289999999999959e+51
2.889259999999999948e+51
7.760779999999999780e+51
2.104289999999999889e+52
5.703640000000000492e+52
1.563810000000000061e+53
1.406779999999999898e+53
1.469489999999999983e+53
1.665149999999999963e+53
6.310809999999999806e+52
6.310809999999999806e+52
6.310809999999999806e+52
6.322999999999999861e+52
1.015340000000000086e+53
9.983910000000000448e+52
9.989729999999999841e+52
1.001629999999999926e+53
1.587220000000000061e+53
1.508749999999999976e+53
1.515800000000000081e+53
1.521690000000000061e+53
2.340379999999999798e+53
2.146580000000000069e+53
2.176030000000000182e+53
2.186330000000000130e+53
3.242030000000000196e+53
8.503050000000000175e+53
2.253859999999999896e+54
5.968009999999999940e+54
1.621409999999999942e+55
4.328390000000000216e+55
1.166789999999999938e+56
3.143499999999999853e+56
8.598339999999999194e+56
2.309580000000000017e+57
6.262310000000000086e+57
1.697379999999999866e+58
4.653850000000000053e+58
4.186530000000000107e+58
4.373160000000000118e+58
4.955429999999999905e+58
4.955429999999999905e+58
4.945880000000000220e+58
4.945880000000000220e+58
4.945880000000000220e+58
4.955429999999999905e+58
4.860380000000000209e+58
4.860380000000000209e+58
4.860380000000000209e+58
4.955429999999999905e+58
4.696930000000000169e+58
4.696930000000000169e+58
4.696930000000000169e+58
4.955429999999999905e+58
4.536039999999999816e+58
4.536039999999999816e+58
4.536039999999999816e+58
4.955429999999999905e+58
1.299940000000000078e+59
3.442760000000000200e+59
9.117200000000000215e+59
2.438109999999999822e+60
6.508999999999999775e+60
1.753929999999999996e+61
4.725490000000000128e+61
1.285449999999999926e+62
3.452900000000000068e+62
9.360769999999999791e+62
2.537239999999999919e+63
6.943290000000000696e+63
6.154260000000000044e+63
6.154260000000000044e+63
6.154260000000000044e+63
6.943290000000000696e+63
6.929899999999999866e+63
6.929899999999999866e+63
6.929899999999999866e+63
6.943290000000000696e+63
6.810119999999999658e+63
6.810119999999999658e+63
6.810119999999999658e+63
6.943290000000000696e+63
6.581090000000000222e+63
6.581090000000000222e+63
6.581090000000000222e+63
6.943290000000000696e+63
6.943290000000000696e+63
6.355670000000000342e+63
6.355670000000000342e+63
6.355670000000000342e+63
1.573960000000000090e+64
4.157329999999999916e+64
1.100839999999999942e+65
2.935370000000000156e+65
7.681890000000000257e+65
2.068419999999999881e+66
5.572140000000000356e+66
1.514430000000000055e+67
4.040289999999999870e+67
1.095080000000000117e+68
2.967979999999999778e+68
8.119799999999999892e+68
8.119799999999999892e+68
7.189479999999999868e+68
6.976110000000000086e+68
7.212309999999999858e+68
1.154619999999999979e+69
1.156379999999999994e+69
1.156379999999999994e+69
1.160379999999999940e+69
1.782520000000000009e+69
1.780089999999999843e+69
1.780920000000000031e+69
1.813959999999999839e+69
2.553730000000000071e+69
2.535140000000000081e+69
2.544909999999999992e+69
2.674699999999999839e+69
1.212550000000000051e+69
1.144100000000000090e+69
1.168089999999999959e+69
1.233660000000000036e+69
3.183970000000000056e+69
8.406440000000000533e+69
2.228229999999999953e+70
5.939670000000000586e+70
1.577140000000000096e+71
4.245899999999999864e+71
1.144409999999999986e+72
3.109950000000000026e+72
8.338739999999999937e+72
2.260010000000000018e+73
6.126760000000000431e+73
1.676090000000000040e+74
1.676090000000000040e+74
1.508950000000000086e+74
1.577310000000000062e+74
1.788070000000000036e+74
1.784619999999999885e+74
1.784619999999999885e+74
1.784619999999999885e+74
1.788070000000000036e+74
1.753769999999999981e+74
1.753769999999999981e+74
1.753769999999999981e+74
1.788070000000000036e+74
1.694790000000000003e+74
1.694790000000000003e+74
1.694790000000000003e+74
1.788070000000000036e+74
1.788070000000000036e+74
1.762890000000000003e+74
1.779740000000000116e+74
1.963520000000000066e+74
5.150850000000000119e+74
1.364149999999999966e+75
3.612570000000000049e+75
9.660699999999999728e+75
2.579110000000000130e+76
6.949699999999999916e+76
1.872410000000000073e+77
5.093430000000000031e+77
1.368169999999999973e+78
3.709080000000000366e+78
1.005350000000000041e+79
2.751189999999999925e+79
2.438549999999999896e+79
2.438549999999999896e+79
2.438549999999999896e+79
2.751189999999999925e+79
2.745890000000000128e+79
2.745890000000000128e+79
2.745890000000000128e+79
2.751189999999999925e+79
2.698420000000000012e+79
2.698420000000000012e+79
2.698420000000000012e+79
2.751189999999999925e+79
2.607669999999999866e+79
2.607669999999999866e+79
2.607669999999999866e+79
2.751189999999999925e+79
2.518350000000000153e+79
2.518350000000000153e+79
2.518350000000000153e+79
2.751189999999999925e+79
7.217109999999999880e+79
1.911380000000000092e+80
5.061749999999999862e+80
1.353610000000000086e+81
3.613710000000000176e+81
9.737559999999999801e+81
2.623530000000000168e+82
7.136649999999999776e+82
1.917000000000000055e+83
5.196969999999999914e+83
1.408640000000000091e+84
3.854820000000000187e+84
3.416759999999999921e+84
3.416759999999999921e+84
3.416759999999999921e+84
3.854820000000000187e+84
3.847390000000000063e+84
3.847390000000000063e+84
3.847390000000000063e+84
3.854820000000000187e+84
3.780890000000000042e+84
3.780890000000000042e+84
3.780890000000000042e+84
3.854820000000000187e+84
3.653729999999999962e+84
3.653729999999999962e+84
3.653729999999999962e+84
3.854820000000000187e+84
3.528579999999999851e+84
3.528579999999999851e+84
3.528579999999999851e+84
3.854820000000000187e+84
1.011220000000000039e+85
2.678119999999999870e+85
7.092259999999999828e+85
1.896599999999999981e+86
5.063349999999999551e+86
1.364380000000000020e+87
3.675949999999999853e+87
9.999509999999999714e+87
2.686000000000000108e+88
7.281729999999999531e+88
1.973710000000000028e+89
5.401170000000000164e+89
4.787390000000000057e+89
4.787390000000000057e+89
4.787390000000000057e+89
5.401170000000000164e+89
5.390769999999999462e+89
5.390769999999999462e+89
5.390769999999999462e+89
5.401170000000000164e+89
5.297579999999999838e+89
5.297579999999999838e+89
5.297579999999999838e+89
5.401170000000000164e+89
5.119419999999999984e+89
5.119419999999999984e+89
5.119419999999999984e+89
5.401170000000000164e+89
4.944070000000000020e+89
4.944070000000000020e+89
4.944070000000000020e+89
5.401170000000000164e+89
1.416870000000000030e+90
3.752449999999999966e+90
9.937300000000000773e+90
2.657419999999999894e+91
7.094500000000000012e+91
1.911690000000000134e+92
5.150549999999999796e+92
1.401079999999999945e+93
3.763490000000000069e+93
1.020280000000000004e+94
2.765469999999999979e+94
7.567840000000000438e+94
6.707849999999999446e+94
6.707849999999999446e+94
6.707849999999999446e+94
7.567840000000000438e+94
7.553259999999999350e+94
7.553259999999999350e+94
7.553259999999999350e+94
7.567840000000000438e+94
7.422699999999999847e+94
7.422699999999999847e+94
7.422699999999999847e+94
7.567840000000000438e+94
7.173069999999999362e+94
7.173069999999999362e+94
7.173069999999999362e+94
7.567840000000000438e+94
6.927369999999999854e+94
6.927369999999999854e+94
6.927369999999999854e+94
7.567840000000000438e+94
1.985250000000000061e+95
5.257729999999999988e+95
1.392360000000000112e+96
3.723440000000000057e+96
9.940439999999999784e+96
2.678570000000000133e+97
7.216679999999999588e+97
1.963119999999999929e+98
5.273210000000000287e+98
1.429559999999999918e+99
3.874830000000000001e+99
1.060370000000000034e+100
9.398679999999999217e+99
9.398679999999999217e+99
9.398679999999999217e+99
1.060370000000000034e+100
1.058319999999999929e+100
1.058319999999999929e+100
1.058319999999999929e+100
1.060370000000000034e+100
1.040029999999999978e+100
1.040029999999999978e+100
1.040029999999999978e+100
1.060370000000000034e+100
1.005049999999999910e+100
1.005049999999999910e+100
1.005049999999999910e+100
1.060370000000000034e+100
9.706270000000000962e+99
9.706270000000000962e+99
9.706270000000000962e+99
1.060370000000000034e+100
2.781630000000000140e+100
7.366859999999999317e+100
1.950909999999999942e+101
5.217090000000000196e+101
1.392800000000000008e+102
3.753070000000000075e+102
1.011160000000000008e+103
2.750619999999999961e+103
7.388540000000000538e+103
2.003029999999999892e+104
5.429209999999999750e+104
1.485729999999999996e+105
1.485729999999999996e+105
1.316889999999999874e+105
1.316889999999999874e+105
1.316889999999999874e+105
2.108209999999999980e+105
2.111429999999999995e+105
2.111429999999999995e+105
2.118730000000000065e+105
3.254699999999999875e+105
3.250259999999999754e+105
3.251769999999999842e+105
3.312109999999999879e+105
4.662850000000000151e+105
4.628899999999999706e+105
4.646740000000000431e+105
4.883729999999999776e+105
6.227829999999999927e+105
6.142950000000000137e+105
6.214869999999999629e+105
6.765239999999999677e+105
1.804609999999999936e+106
4.776319999999999737e+106
1.265880000000000063e+107
3.383450000000000141e+107
9.085449999999999814e+107
2.447659999999999915e+108
6.596980000000000074e+108
1.794239999999999949e+109
4.829280000000000399e+109
1.309120000000000023e+110
3.548930000000000206e+110
9.711310000000000259e+110
9.711310000000000259e+110
8.736150000000000338e+110
9.125580000000000008e+110
1.034059999999999951e+111
1.032069999999999946e+111
1.032069999999999946e+111
1.032069999999999946e+111
1.034059999999999951e+111
1.014229999999999961e+111
1.014229999999999961e+111
1.014229999999999961e+111
1.034059999999999951e+111
9.801200000000000161e+110
9.801200000000000161e+110
9.801200000000000161e+110
1.034059999999999951e+111
9.465480000000000658e+110
9.465480000000000658e+110
9.465480000000000658e+110
1.034059999999999951e+111
2.712619999999999781e+111
7.184110000000000230e+111
1.902509999999999949e+112
5.087669999999999858e+112
1.358250000000000005e+113
3.659959999999999874e+113
9.860800000000000584e+113
2.682390000000000250e+114
7.205249999999999505e+114
1.953339999999999988e+115
5.294520000000000403e+115
1.448870000000000041e+116
1.284230000000000000e+116
1.284230000000000000e+116
1.284230000000000000e+116
1.448870000000000041e+116
1.446079999999999995e+116
1.446079999999999995e+116
1.446079999999999995e+116
1.448870000000000041e+116
1.421090000000000040e+116
1.421090000000000040e+116
1.421090000000000040e+116
1.448870000000000041e+116
1.373289999999999991e+116
1.373289999999999991e+116
1.373289999999999991e+116
1.448870000000000041e+116
1.326250000000000004e+116
1.326250000000000004e+116
1.326250000000000004e+116
1.448870000000000041e+116
3.800789999999999712e+116
1.006599999999999933e+117
2.665699999999999912e+117
7.128580000000000461e+117
1.903109999999999911e+118
5.128150000000000404e+118
1.381640000000000078e+119
3.758420000000000289e+119
1.009559999999999976e+120
2.736910000000000281e+120
7.418409999999999507e+120
2.030089999999999951e+121
1.799390000000000065e+121
1.799390000000000065e+121
1.799390000000000065e+121
2.030089999999999951e+121
2.026180000000000004e+121
2.026180000000000004e+121
2.026180000000000004e+121
2.030089999999999951e+121
1.991150000000000044e+121
1.991150000000000044e+121
1.991150000000000044e+121
2.030089999999999951e+121
1.924189999999999922e+121
1.924189999999999922e+121
1.924189999999999922e+121
2.030089999999999951e+121
1.858280000000000085e+121
1.858280000000000085e+121
1.858280000000000085e+121
2.030089999999999951e+121
5.325470000000000145e+121
1.410400000000000075e+122
3.735040000000000114e+122
9.988200000000000347e+122
2.666540000000000183e+123
7.185299999999999914e+123
1.935890000000000024e+124
5.266100000000000351e+124
1.414550000000000000e+125
3.834820000000000248e+125
1.039430000000000051e+126
2.844449999999999776e+126
2.521209999999999869e+126
2.521209999999999869e+126
2.521209999999999869e+126
2.844449999999999776e+126
2.838970000000000045e+126
2.838970000000000045e+126
2.838970000000000045e+126
2.844449999999999776e+126
2.789900000000000185e+126
2.789900000000000185e+126
2.789900000000000185e+126
2.844449999999999776e+126
2.696070000000000030e+126
2.696070000000000030e+126
2.696070000000000030e+126
2.844449999999999776e+126
2.603720000000000049e+126
2.603720000000000049e+126
2.603720000000000049e+126
2.844449999999999776e+126
7.461769999999999794e+126
1.976169999999999953e+127
5.233340000000000300e+127
1.399489999999999999e+128
3.736219999999999869e+128
1.006770000000000001e+129
2.712469999999999944e+129
7.378589999999999526e+129
1.981990000000000058e+130
5.373149999999999754e+130
1.456390000000000050e+131
3.985500000000000008e+131
3.532589999999999886e+131
3.532589999999999886e+131
3.532589999999999886e+131
3.985500000000000008e+131
3.977820000000000081e+131
3.977820000000000081e+131
3.977820000000000081e+131
3.985500000000000008e+131
3.909060000000000097e+131
3.909060000000000097e+131
3.909060000000000097e+131
3.985500000000000008e+131
3.777590000000000256e+131
3.777590000000000256e+131
3.777590000000000256e+131
3.985500000000000008e+131
3.648200000000000198e+131
3.648200000000000198e+131
3.648200000000000198e+131
3.985500000000000008e+131
1.045499999999999975e+132
2.768910000000000043e+132
7.332689999999999408e+132
1.960900000000000031e+133
5.234989999999999635e+133
1.410629999999999978e+134
3.800570000000000375e+134
1.033849999999999949e+135
2.777059999999999922e+135
7.528579999999999855e+135
2.040620000000000038e+136
5.584270000000000374e+136
4.949690000000000475e+136
4.949690000000000475e+136
4.949690000000000475e+136
5.584270000000000374e+136
5.573510000000000029e+136
5.573510000000000029e+136
5.573510000000000029e+136
5.584270000000000374e+136
5.477169999999999854e+136
5.477169999999999854e+136
5.477169999999999854e+136
5.584270000000000374e+136
5.292969999999999964e+136
5.292969999999999964e+136
5.292969999999999964e+136
5.584270000000000374e+136
5.111670000000000326e+136
5.111670000000000326e+136
5.111670000000000326e+136
5.584270000000000374e+136
1.464910000000000095e+137
3.879650000000000197e+137
1.027419999999999954e+138
2.747510000000000029e+138
7.335000000000000224e+138
1.976499999999999901e+139
5.325149999999999793e+139
1.448579999999999936e+140
3.891069999999999582e+140
1.054869999999999996e+141
2.859219999999999977e+141
7.824390000000000467e+141
6.935240000000000410e+141
6.935240000000000410e+141
6.935240000000000410e+141
7.824390000000000467e+141
7.809319999999999767e+141
7.809319999999999767e+141
7.809319999999999767e+141
7.824390000000000467e+141
7.674329999999999385e+141
7.674329999999999385e+141
7.674329999999999385e+141
7.824390000000000467e+141
7.416230000000000567e+141
7.416230000000000567e+141
7.416230000000000567e+141
7.824390000000000467e+141
7.162210000000000036e+141
7.162210000000000036e+141
7.162210000000000036e+141
7.824390000000000467e+141
2.052550000000000057e+142
5.435970000000000419e+142
1.439560000000000022e+143
3.849669999999999842e+143
1.027739999999999990e+144
2.769370000000000011e+144
7.461329999999999399e+144
2.029670000000000076e+145
5.451969999999999447e+145
1.478019999999999988e+146
4.006179999999999963e+146
1.096309999999999927e+147
9.717299999999999321e+146
9.717299999999999321e+146
9.717299999999999321e+146
1.096309999999999927e+147
1.094200000000000040e+147
1.094200000000000040e+147
1.094200000000000040e+147
1.096309999999999927e+147
1.075290000000000067e+147
1.075290000000000067e+147
1.075290000000000067e+147
1.096309999999999927e+147
1.039119999999999924e+147
1.039119999999999924e+147
1.039119999999999924e+147
1.096309999999999927e+147
1.003529999999999980e+147
1.003529999999999980e+147
1.003529999999999980e+147
1.096309999999999927e+147
2.875919999999999884e+147
7.616600000000000366e+147
2.017039999999999916e+148
5.393950000000000097e+148
1.440020000000000002e+149
3.880300000000000088e+149
1.045440000000000071e+150
2.843869999999999958e+150
7.639009999999999674e+150
2.070929999999999858e+151
5.613260000000000366e+151
1.536099999999999949e+152
1.361539999999999960e+152
1.361539999999999960e+152
1.361539999999999960e+152
1.536099999999999949e+152
1.533139999999999970e+152
1.533139999999999970e+152
1.533139999999999970e+152
1.536099999999999949e+152
1.506639999999999930e+152
1.506639999999999930e+152
1.506639999999999930e+152
1.536099999999999949e+152
1.455970000000000071e+152
1.455970000000000071e+152
1.455970000000000071e+152
1.536099999999999949e+152
1.406099999999999899e+152
1.406099999999999899e+152
1.406099999999999899e+152
1.536099999999999949e+152
4.029599999999999969e+152
1.067200000000000057e+153
2.826170000000000116e+153
7.557729999999999453e+153
2.017680000000000055e+154
5.436870000000000324e+154
1.464819999999999919e+155
3.984680000000000237e+155
1.070340000000000045e+156
2.901680000000000142e+156
7.864999999999999560e+156
2.152299999999999886e+157
1.907719999999999891e+157
1.907719999999999891e+157
1.907719999999999891e+157
2.152299999999999886e+157
2.148149999999999937e+157
2.148149999999999937e+157
2.148149999999999937e+157
2.152299999999999886e+157
2.111019999999999926e+157
2.111019999999999926e+157
2.111019999999999926e+157
2.152299999999999886e+157
2.040020000000000070e+157
2.040020000000000070e+157
2.040020000000000070e+157
2.152299999999999886e+157
1.970150000000000143e+157
1.970150000000000143e+157
1.970150000000000143e+157
2.152299999999999886e+157
5.646060000000000353e+157
1.495300000000000102e+158
3.959889999999999928e+158
1.058949999999999904e+159
2.827069999999999966e+159
7.617860000000000146e+159
2.052430000000000022e+160
5.583120000000000283e+160
1.499700000000000022e+161
4.065680000000000117e+161
1.101999999999999991e+162
3.015689999999999987e+162
2.672989999999999930e+162
2.672989999999999930e+162
2.672989999999999930e+162
3.015689999999999987e+162
3.009880000000000095e+162
3.009880000000000095e+162
3.009880000000000095e+162
3.015689999999999987e+162
2.957850000000000065e+162
2.957850000000000065e+162
2.957850000000000065e+162
3.015689999999999987e+162
2.858379999999999990e+162
2.858379999999999990e+162
2.858379999999999990e+162
3.015689999999999987e+162
2.760469999999999896e+162
2.760469999999999896e+162
2.760469999999999896e+162
3.015689999999999987e+162
7.910970000000000040e+162
2.095139999999999925e+163
5.548390000000000211e+163
1.483739999999999893e+164
3.961139999999999786e+164
1.067370000000000025e+165
2.875760000000000193e+165
7.822780000000000814e+165
2.101309999999999897e+166
5.696619999999999992e+166
1.544069999999999934e+167
4.225429999999999931e+167
3.745260000000000055e+167
3.745260000000000055e+167
3.745260000000000055e+167
4.225429999999999931e+167
4.217279999999999989e+167
4.217279999999999989e+167
4.217279999999999989e+167
4.225429999999999931e+167
4.144389999999999919e+167
4.144389999999999919e+167
4.144389999999999919e+167
4.225429999999999931e+167
4.005010000000000083e+167
4.005010000000000083e+167
4.005010000000000083e+167
4.225429999999999931e+167
3.867820000000000203e+167
3.867820000000000203e+167
3.867820000000000203e+167
4.225429999999999931e+167
1.108440000000000087e+168
2.935600000000000162e+168
7.774119999999999833e+168
2.078950000000000026e+169
5.550139999999999939e+169
1.495550000000000108e+170
4.029359999999999860e+170
1.096090000000000079e+171
2.944239999999999906e+171
7.981800000000000136e+171
2.163469999999999839e+172
5.920449999999999869e+172
5.247660000000000242e+172
5.247660000000000242e+172
5.247660000000000242e+172
5.920449999999999869e+172
5.909040000000000272e+172
5.909040000000000272e+172
5.909040000000000272e+172
5.920449999999999869e+172
5.806900000000000185e+172
5.806900000000000185e+172
5.806900000000000185e+172
5.920449999999999869e+172
5.611609999999999849e+172
5.611609999999999849e+172
5.611609999999999849e+172
5.920449999999999869e+172
5.419390000000000201e+172
5.419390000000000201e+172
5.419390000000000201e+172
5.920449999999999869e+172
1.553089999999999974e+173
4.113209999999999921e+173
1.089270000000000001e+174
2.912910000000000043e+174
7.776570000000000412e+174
2.095490000000000063e+175
5.645729999999999747e+175
1.535780000000000091e+176
4.125320000000000070e+176
1.118369999999999953e+177
3.031340000000000100e+177
8.295429999999999861e+177
7.352750000000000240e+177
7.352750000000000240e+177
7.352750000000000240e+177
8.295429999999999861e+177
8.279439999999999136e+177
8.279439999999999136e+177
8.279439999999999136e+177
8.295429999999999861e+177
8.136319999999999267e+177
8.136319999999999267e+177
8.136319999999999267e+177
8.295429999999999861e+177
7.862690000000000055e+177
7.862690000000000055e+177
7.862690000000000055e+177
8.295429999999999861e+177
7.593369999999999635e+177
7.593369999999999635e+177
7.593369999999999635e+177
8.295429999999999861e+177
2.176110000000000017e+178
5.763220000000000246e+178
1.526230000000000051e+179
4.081419999999999720e+179
1.089609999999999908e+180
2.936089999999999973e+180
7.910499999999999557e+180
2.151860000000000007e+181
5.780179999999999729e+181
1.566999999999999855e+182
4.247359999999999931e+182
1.162310000000000049e+183
1.030230000000000043e+183
1.030230000000000043e+183
1.030230000000000043e+183
1.162310000000000049e+183
1.160069999999999894e+183
1.160069999999999894e+183
1.160069999999999894e+183
1.162310000000000049e+183
1.140020000000000086e+183
1.140020000000000086e+183
1.140020000000000086e+183
1.162310000000000049e+183
1.162310000000000049e+183
1.101679999999999952e+183
1.101679999999999952e+183
1.101679999999999952e+183
6.995039999999999468e+182
6.726880000000000290e+182
6.699389999999999478e+182
7.096850000000000225e+182
5.634640000000000454e+182
1.455949999999999990e+183
3.838839999999999862e+183
1.001180000000000014e+184
2.630069999999999953e+184
7.085880000000000121e+184
1.908369999999999882e+185
5.190090000000000126e+185
1.386369999999999903e+186
3.758280000000000059e+186
1.018479999999999907e+187
2.786939999999999982e+187
2.786939999999999982e+187
2.786939999999999982e+187
2.304920000000000010e+187
2.381149999999999962e+187
3.817800000000000225e+187
6.128600000000000042e+187
6.137940000000000258e+187
6.159129999999999916e+187
9.448470000000000307e+187
1.476340000000000080e+188
1.474789999999999993e+188
1.503079999999999970e+188
1.766340000000000012e+188
2.329769999999999968e+188
2.321819999999999956e+188
2.218490000000000030e+188
1.928189999999999951e+188
2.564029999999999986e+188
2.532320000000000073e+188
2.737680000000000012e+188
3.119579999999999830e+188
8.205650000000000461e+188
2.167790000000000100e+189
5.640529999999999521e+189
1.503179999999999916e+190
4.072670000000000388e+190
1.097189999999999938e+191
2.984560000000000171e+191
8.012170000000000033e+191
2.176230000000000095e+192
5.898540000000000498e+192
1.614219999999999934e+193
1.614219999999999934e+193
1.614219999999999934e+193
1.319540000000000064e+193
1.739100000000000005e+193
1.735749999999999978e+193
1.735749999999999978e+193
1.735749999999999978e+193
1.739100000000000005e+193
1.705750000000000019e+193
1.705750000000000019e+193
1.705750000000000019e+193
1.739100000000000005e+193
2.906000000000000083e+193
2.642920000000000146e+193
2.642920000000000146e+193
2.530799999999999909e+193
2.530799999999999909e+193
2.274849999999999985e+193
2.267180000000000090e+193
2.250599999999999911e+193
2.250599999999999911e+193
5.759279999999999933e+193
1.521460000000000127e+194
3.932240000000000241e+194
8.818290000000000213e+194
2.360959999999999881e+195
6.352380000000000410e+195
1.715809999999999959e+196
4.331430000000000268e+196
1.172029999999999970e+197
3.173939999999999993e+197
8.666209999999999432e+197
8.666209999999999432e+197
7.665460000000000461e+197
7.191080000000000033e+197
7.816500000000000288e+197
1.251340000000000078e+198
1.253249999999999967e+198
1.253249999999999967e+198
1.257580000000000046e+198
1.931850000000000015e+198
1.929210000000000121e+198
1.930109999999999874e+198
1.965919999999999923e+198
1.006120000000000063e+198
9.706059999999999909e+197
9.764719999999999584e+197
9.981959999999999524e+197
9.981959999999999524e+197
9.630629999999999971e+197
9.797679999999999974e+197
1.063030000000000057e+198
1.518419999999999991e+198
3.716820000000000006e+198
9.828179999999999889e+198
2.420909999999999965e+199
6.234699999999999976e+199
1.674280000000000122e+200
4.512669999999999838e+200
1.223000000000000035e+201
3.245419999999999975e+201
8.789450000000000468e+201
2.382779999999999887e+202
6.512980000000000040e+202
6.512980000000000040e+202
5.872120000000000023e+202
6.147869999999999996e+202
6.973510000000000259e+202
6.960070000000000270e+202
6.960070000000000270e+202
6.960070000000000270e+202
6.973510000000000259e+202
6.839760000000000024e+202
6.839760000000000024e+202
6.839760000000000024e+202
6.973510000000000259e+202
4.784289999999999995e+202
4.609849999999999776e+202
4.620039999999999749e+202
4.708190000000000021e+202
2.989440000000000149e+202
2.874840000000000026e+202
2.863089999999999836e+202
3.032950000000000023e+202
5.735700000000000390e+202
1.441390000000000071e+203
3.807620000000000208e+203
9.655650000000000392e+203
2.398540000000000095e+204
6.441529999999999869e+204
1.734769999999999903e+205
4.701689999999999941e+205
1.231890000000000045e+206
3.336389999999999769e+206
9.040929999999999695e+206
2.471250000000000109e+207
2.471250000000000109e+207
2.185110000000000141e+207
2.076990000000000044e+207
2.212159999999999946e+207
3.541449999999999911e+207
3.546849999999999739e+207
3.546849999999999739e+207
3.559110000000000072e+207
5.467360000000000026e+207
5.459890000000000149e+207
5.462439999999999498e+207
5.563789999999999887e+207
2.847440000000000159e+207
2.746929999999999972e+207
2.763530000000000204e+207
2.825010000000000036e+207
2.825010000000000036e+207
2.532540000000000098e+207
2.556570000000000076e+207
2.521760000000000080e+207
5.010759999999999719e+207
1.246190000000000098e+208
3.295999999999999809e+208
8.263140000000000231e+208
2.013090000000000148e+209
5.389889999999999699e+209
1.452349999999999893e+210
3.922990000000000219e+210
1.021120000000000044e+211
2.763060000000000077e+211
7.489050000000000095e+211
2.044880000000000139e+212
2.044880000000000139e+212
1.848690000000000110e+212
1.936530000000000170e+212
2.199049999999999889e+212
2.194819999999999893e+212
2.194819999999999893e+212
2.194819999999999893e+212
2.199049999999999889e+212
2.156879999999999914e+212
2.156879999999999914e+212
2.156879999999999914e+212
2.199049999999999889e+212
2.199049999999999889e+212
2.203479999999999976e+212
2.207440000000000148e+212
2.342150000000000094e+212
2.342150000000000094e+212
2.309169999999999997e+212
2.331229999999999871e+212
2.571979999999999999e+212
2.571979999999999999e+212
6.746979999999999893e+212
1.786869999999999947e+213
4.732029999999999722e+213
1.263299999999999912e+214
3.404119999999999952e+214
9.171490000000000613e+214
2.494880000000000002e+215
6.701579999999999767e+215
1.816790000000000045e+216
4.924419999999999708e+216
1.347589999999999927e+217
1.194449999999999922e+217
1.194449999999999922e+217
1.194449999999999922e+217
1.347589999999999927e+217
1.344999999999999969e+217
1.344999999999999969e+217
1.344999999999999969e+217
1.347589999999999927e+217
1.321750000000000056e+217
1.321750000000000056e+217
1.321750000000000056e+217
1.347589999999999927e+217
1.277290000000000007e+217
1.277290000000000007e+217
1.277290000000000007e+217
1.347589999999999927e+217
1.233540000000000108e+217
1.233540000000000108e+217
1.233540000000000108e+217
1.347589999999999927e+217
3.535099999999999877e+217
9.362350000000000893e+217
2.479360000000000058e+218
6.630270000000000278e+218
1.770079999999999890e+219
4.769670000000000256e+219
1.285059999999999986e+220
3.495689999999999914e+220
9.389899999999999057e+220
2.545589999999999905e+221
6.899839999999999961e+221
1.888179999999999973e+222
1.673610000000000000e+222
1.673610000000000000e+222
1.673610000000000000e+222
1.888179999999999973e+222
1.884540000000000128e+222
1.884540000000000128e+222
1.884540000000000128e+222
1.888179999999999973e+222
1.851959999999999842e+222
1.851959999999999842e+222
1.851959999999999842e+222
1.888179999999999973e+222
1.789679999999999973e+222
1.789679999999999973e+222
1.789679999999999973e+222
1.888179999999999973e+222
1.728379999999999902e+222
1.728379999999999902e+222
1.728379999999999902e+222
1.888179999999999973e+222
4.953190000000000267e+222
1.311800000000000035e+223
3.473939999999999847e+223
9.289989999999999624e+223
2.480139999999999821e+224
6.683020000000000360e+224
1.800560000000000081e+225
4.897980000000000309e+225
1.315660000000000014e+226
3.566749999999999842e+226
9.667689999999999119e+226
2.645609999999999905e+227
2.344969999999999931e+227
2.344969999999999931e+227
2.344969999999999931e+227
2.645609999999999905e+227
2.640519999999999886e+227
2.640519999999999886e+227
2.640519999999999886e+227
2.645609999999999905e+227
2.594870000000000120e+227
2.594870000000000120e+227
2.594870000000000120e+227
2.645609999999999905e+227
2.507599999999999804e+227
2.507599999999999804e+227
2.507599999999999804e+227
2.645609999999999905e+227
2.421709999999999844e+227
2.421709999999999844e+227
2.421709999999999844e+227
2.645609999999999905e+227
6.940159999999999789e+227
1.838029999999999931e+228
4.867509999999999772e+228
1.301660000000000046e+229
3.475039999999999983e+229
9.363899999999999613e+229
2.522849999999999832e+230
6.862790000000000027e+230
1.843439999999999897e+231
4.997550000000000254e+231
1.354589999999999983e+232
3.706900000000000089e+232
3.285650000000000205e+232
3.285650000000000205e+232
3.285650000000000205e+232
3.706900000000000089e+232
3.699749999999999757e+232
3.699749999999999757e+232
3.699749999999999757e+232
3.706900000000000089e+232
3.635800000000000145e+232
3.635800000000000145e+232
3.635800000000000145e+232
3.706900000000000089e+232
3.513529999999999916e+232
3.513529999999999916e+232
3.513529999999999916e+232
3.706900000000000089e+232
3.393179999999999980e+232
3.393179999999999980e+232
3.393179999999999980e+232
3.706900000000000089e+232
9.724189999999999960e+232
2.575349999999999795e+233
6.820100000000000166e+233
1.823819999999999971e+234
4.869049999999999961e+234
1.312019999999999952e+235
3.534889999999999827e+235
9.615790000000000103e+235
2.582929999999999912e+236
7.002300000000000205e+236
1.897980000000000066e+237
5.193909999999999692e+237
4.603680000000000180e+237
4.603680000000000180e+237
4.603680000000000180e+237
5.193909999999999692e+237
5.183899999999999843e+237
5.183899999999999843e+237
5.183899999999999843e+237
5.193909999999999692e+237
5.094290000000000355e+237
5.094290000000000355e+237
5.094290000000000355e+237
5.193909999999999692e+237
4.922970000000000166e+237
4.922970000000000166e+237
4.922970000000000166e+237
5.193909999999999692e+237
4.754339999999999869e+237
4.754339999999999869e+237
4.754339999999999869e+237
5.193909999999999692e+237
1.362500000000000070e+238
3.608449999999999739e+238
9.555970000000000188e+238
2.555450000000000099e+239
6.822250000000000411e+239
1.838330000000000169e+240
4.952909999999999892e+240
1.347309999999999896e+241
3.619069999999999736e+241
9.811260000000000102e+241
2.659350000000000115e+242
7.277439999999999976e+242
6.450439999999999885e+242
6.450439999999999885e+242
6.450439999999999885e+242
7.277439999999999976e+242
7.263410000000000397e+242
7.263410000000000397e+242
7.263410000000000397e+242
7.277439999999999976e+242
7.137859999999999665e+242
7.137859999999999665e+242
7.137859999999999665e+242
7.277439999999999976e+242
6.897809999999999832e+242
6.897809999999999832e+242
6.897809999999999832e+242
7.277439999999999976e+242
6.661540000000000187e+242
6.661540000000000187e+242
6.661540000000000187e+242
7.277439999999999976e+242
1.909070000000000081e+243
5.055970000000000223e+243
1.338929999999999962e+244
3.580559999999999891e+244
9.558990000000000522e+244
2.575779999999999859e+245
6.939750000000000058e+245
1.887790000000000033e+246
5.070850000000000243e+246
1.374699999999999975e+247
3.726140000000000263e+247
1.019679999999999986e+248
9.038019999999999568e+247
9.038019999999999568e+247
9.038019999999999568e+247
1.019679999999999986e+248
1.017709999999999978e+248
1.017709999999999978e+248
1.017709999999999978e+248
1.019679999999999986e+248
1.000119999999999975e+248
1.000119999999999975e+248
1.000119999999999975e+248
1.019679999999999986e+248
9.664850000000000333e+247
9.664850000000000333e+247
9.664850000000000333e+247
1.019679999999999986e+248
9.333799999999999554e+247
9.333799999999999554e+247
9.333799999999999554e+247
1.019679999999999986e+248
2.674890000000000137e+248
7.084169999999999648e+248
1.876039999999999917e+249
5.016890000000000267e+249
1.339359999999999927e+250
3.609050000000000226e+250
9.723620000000000327e+250
2.645070000000000017e+251
7.105010000000000267e+251
1.926160000000000066e+252
5.220869999999999792e+252
1.428719999999999975e+253
1.266360000000000081e+253
1.266360000000000081e+253
1.266360000000000081e+253
1.428719999999999975e+253
1.425960000000000065e+253
1.425960000000000065e+253
1.425960000000000065e+253
1.428719999999999975e+253
1.401320000000000011e+253
1.401320000000000011e+253
1.401320000000000011e+253
1.428719999999999975e+253
1.354189999999999987e+253
1.354189999999999987e+253
1.354189999999999987e+253
1.428719999999999975e+253
1.307799999999999928e+253
1.307799999999999928e+253
1.307799999999999928e+253
1.428719999999999975e+253
3.747910000000000005e+253
9.925969999999999497e+253
2.628610000000000031e+254
7.029410000000000207e+254
1.876640000000000000e+255
5.056809999999999621e+255
1.362419999999999983e+256
3.706130000000000166e+256
9.955180000000000421e+256
2.698840000000000103e+257
7.315210000000000455e+257
2.001850000000000089e+258
1.774360000000000066e+258
1.774360000000000066e+258
1.774360000000000066e+258
2.001850000000000089e+258
1.997990000000000099e+258
1.997990000000000099e+258
1.997990000000000099e+258
2.001850000000000089e+258
1.963450000000000028e+258
1.963450000000000028e+258
1.963450000000000028e+258
2.001850000000000089e+258
1.897419999999999942e+258
1.897419999999999942e+258
1.897419999999999942e+258
2.001850000000000089e+258
1.832429999999999900e+258
1.832429999999999900e+258
1.832429999999999900e+258
2.001850000000000089e+258
5.251379999999999944e+258
1.390769999999999974e+259
3.683079999999999866e+259
9.849250000000000503e+259
2.629440000000000231e+260
7.085339999999999834e+260
1.908959999999999939e+261
5.192839999999999942e+261
1.394870000000000055e+262
3.781469999999999904e+262
1.024970000000000004e+263
2.804880000000000249e+263
2.486139999999999873e+263
2.486139999999999873e+263
2.486139999999999873e+263
2.804880000000000249e+263
2.799480000000000076e+263
2.799480000000000076e+263
2.799480000000000076e+263
2.804880000000000249e+263
2.751080000000000128e+263
2.751080000000000128e+263
2.751080000000000128e+263
2.804880000000000249e+263
2.658559999999999825e+263
2.658559999999999825e+263
2.658559999999999825e+263
2.804880000000000249e+263
2.804880000000000249e+263
2.567499999999999746e+263
2.567499999999999746e+263
2.567499999999999746e+263
6.358340000000000150e+263
1.679440000000000074e+264
4.447059999999999917e+264
1.185799999999999980e+265
3.103259999999999863e+265
8.355810000000000334e+265
2.250980000000000061e+266
6.117849999999999687e+266
1.632160000000000079e+267
4.423809999999999593e+267
1.198980000000000074e+268
3.280159999999999905e+268
2.272329999999999852e+268
2.224710000000000065e+268
2.149349999999999838e+268
2.421329999999999989e+268
2.416669999999999835e+268
2.416669999999999835e+268
2.416669999999999835e+268
2.421329999999999989e+268
2.374889999999999832e+268
2.374889999999999832e+268
2.374889999999999832e+268
2.421329999999999989e+268
2.295030000000000103e+268
2.295030000000000103e+268
2.295030000000000103e+268
2.421329999999999989e+268
1.293769999999999990e+268
1.226319999999999985e+268
1.242359999999999997e+268
1.310209999999999982e+268
3.244689999999999838e+268
8.570269999999999768e+268
2.269359999999999880e+269
6.051219999999999742e+269
1.583609999999999935e+270
4.264010000000000255e+270
1.148689999999999937e+271
3.121970000000000022e+271
8.328990000000000196e+271
2.257489999999999880e+272
6.118439999999999411e+272
1.673879999999999952e+273
1.159580000000000055e+273
1.135280000000000058e+273
1.096830000000000084e+273
1.235620000000000105e+273
1.233239999999999940e+273
1.233239999999999940e+273
1.233239999999999940e+273
1.235620000000000105e+273
1.211919999999999898e+273
1.211919999999999898e+273
1.211919999999999898e+273
1.235620000000000105e+273
1.171159999999999954e+273
1.171159999999999954e+273
1.171159999999999954e+273
1.235620000000000105e+273
1.235620000000000105e+273
1.218219999999999968e+273
1.229859999999999966e+273
1.356870000000000079e+273
3.559419999999999868e+273
9.426779999999999102e+273
2.496420000000000011e+274
6.675890000000000331e+274
1.782259999999999849e+275
4.802499999999999880e+275
1.293909999999999972e+276
3.519749999999999790e+276
9.454519999999999121e+276
2.563109999999999889e+277
6.947320000000000142e+277
1.901169999999999928e+278
1.685119999999999887e+278
1.685119999999999887e+278
1.685119999999999887e+278
1.901169999999999928e+278
1.897510000000000050e+278
1.897510000000000050e+278
1.897510000000000050e+278
1.901169999999999928e+278
1.864709999999999993e+278
1.864709999999999993e+278
1.864709999999999993e+278
1.901169999999999928e+278
1.801989999999999980e+278
1.801989999999999980e+278
1.801989999999999980e+278
1.901169999999999928e+278
1.740270000000000046e+278
1.740270000000000046e+278
1.740270000000000046e+278
1.901169999999999928e+278
4.987279999999999795e+278
1.320830000000000045e+279
3.497850000000000176e+279
9.353920000000000478e+279
2.497210000000000093e+280
6.729009999999999924e+280
1.812950000000000015e+281
4.931680000000000049e+281
1.324719999999999998e+282
3.591299999999999912e+282
9.734220000000000472e+282
2.663820000000000018e+283
2.361109999999999967e+283
2.361109999999999967e+283
2.361109999999999967e+283
2.663820000000000018e+283
2.658689999999999942e+283
2.658689999999999942e+283
2.658689999999999942e+283
2.663820000000000018e+283
2.612729999999999830e+283
2.612729999999999830e+283
2.612729999999999830e+283
2.663820000000000018e+283
2.524860000000000145e+283
2.524860000000000145e+283
2.524860000000000145e+283
2.663820000000000018e+283
2.438380000000000179e+283
2.438380000000000179e+283
2.438380000000000179e+283
2.663820000000000018e+283
6.987919999999999985e+283
1.850679999999999950e+284
4.901009999999999740e+284
1.310619999999999876e+285
3.498949999999999894e+285
9.428330000000000414e+285
2.540210000000000179e+286
6.910020000000000348e+286
1.856130000000000047e+287
5.031939999999999713e+287
1.363910000000000054e+288
3.732409999999999933e+288
3.308259999999999979e+288
3.308259999999999979e+288
3.308259999999999979e+288
3.732409999999999933e+288
3.732409999999999933e+288
3.725210000000000050e+288
3.725210000000000050e+288
3.725210000000000050e+288
2.350809999999999883e+288
2.344590000000000068e+288
2.343219999999999934e+288
2.382990000000000077e+288
1.549390000000000110e+288
1.543399999999999925e+288
1.536219999999999927e+288
1.616120000000000046e+288
1.089869999999999971e+288
1.084730000000000057e+288
1.070050000000000000e+288
1.166660000000000047e+288
2.945149999999999949e+288
7.804089999999999548e+288
2.063809999999999902e+289
5.521369999999999819e+289
1.454139999999999914e+290
3.919059999999999862e+290
1.055170000000000015e+291
2.870740000000000079e+291
2.824830000000000260e+291
7.445550000000000083e+291
2.005289999999999944e+292
5.329599999999999718e+292
3.805770000000000191e+292
3.795440000000000019e+292
3.622939999999999964e+292
4.087290000000000400e+292
6.563299999999999581e+292
6.540690000000000355e+292
6.540690000000000355e+292
6.530720000000000106e+292
6.530720000000000106e+292
6.411770000000000038e+292
6.408769999999999644e+292
6.417539999999999558e+292
3.107260000000000029e+292
3.039630000000000042e+292
3.021369999999999925e+292
3.131930000000000169e+292
1.619729999999999995e+292
1.579560000000000108e+292
1.544809999999999902e+292
1.667780000000000072e+292
3.854049999999999985e+292
1.021320000000000054e+293
2.694660000000000141e+293
7.208680000000000184e+293
7.208680000000000184e+293
1.889529999999999891e+294
5.060659999999999914e+294
1.339750000000000055e+295
1.339750000000000055e+295
3.557959999999999910e+295
9.596799999999999272e+295
2.574579999999999957e+296
1.055669999999999923e+296
9.561959999999999123e+295
8.955780000000000062e+295
9.883770000000000630e+295
1.587119999999999976e+296
1.581650000000000022e+296
1.581650000000000022e+296
1.579240000000000022e+296
2.502540000000000144e+296
2.456949999999999898e+296
2.455809999999999948e+296
2.459170000000000089e+296
2.459170000000000089e+296
2.335040000000000140e+296
2.324989999999999937e+296
2.345019999999999955e+296
1.006779999999999973e+296
9.532680000000000128e+295
9.336910000000000253e+295
9.895509999999999585e+295
9.895509999999999585e+295
2.578949999999999949e+296
6.804729999999999945e+296
1.792939999999999908e+297
4.743809999999999934e+297
1.265920000000000001e+298
3.400679999999999861e+298
9.173750000000000270e+298
2.486010000000000007e+299
6.712530000000000327e+299
1.813729999999999964e+300
4.950219999999999755e+300
4.950219999999999755e+300
4.361590000000000118e+300
4.172340000000000102e+300
4.620140000000000270e+300
4.629060000000000038e+300
4.620140000000000270e+300
4.620140000000000270e+300
4.620140000000000270e+300
4.693630000000000105e+300
4.611200000000000047e+300
4.611200000000000047e+300
4.620140000000000270e+300
4.784610000000000152e+300
4.565070000000000060e+300
4.565070000000000060e+300
4.620140000000000270e+300
2.255860000000000127e+300
2.135069999999999903e+300
2.106289999999999922e+300
2.228240000000000024e+300
5.184770000000000238e+300
1.338780000000000019e+301
3.537310000000000116e+301
9.232360000000000286e+301
2.352120000000000184e+302
6.239730000000000369e+302
1.676369999999999941e+303
4.494330000000000285e+303
1.196519999999999963e+304
3.218689999999999842e+304
8.697549999999999915e+304
2.364600000000000078e+305
1.698090000000000067e+305
1.698090000000000067e+305
1.446389999999999994e+305
1.574339999999999984e+305
1.574339999999999984e+305
2.520350000000000151e+305
2.524200000000000066e+305
2.524200000000000066e+305
2.562510000000000068e+305
3.934859999999999813e+305
3.929119999999999783e+305
3.938829999999999970e+305
4.084540000000000164e+305
5.791129999999999988e+305
5.741970000000000226e+305
5.840750000000000030e+305
5.840750000000000030e+305
7.519089999999999251e+305
7.314660000000000776e+305
7.594040000000000494e+305
1.964970000000000005e+306
5.227499999999999902e+306
1.381040000000000117e+307
3.628659999999999920e+307
9.725149999999999196e+307
inf
inf
inf
inf
inf
inf
inf
inf
inf
inf
inf
inf
inf
inf
inf
inf
inf
inf
inf
inf
inf
inf
inf
inf
inf
inf
inf
inf
inf
inf
inf
inf
inf
inf
inf
inf
inf
inf
inf
inf
inf
inf
inf
inf
inf
inf
inf
inf
inf
inf
inf
inf
inf
inf
inf
inf
inf
inf
inf
inf
inf
inf
inf
inf
inf
inf
inf
inf
inf
inf
inf
inf
inf
inf
inf
inf
inf
inf
inf
inf
inf
inf
inf
inf
inf
inf
inf
inf
inf
inf
inf
inf
inf
inf
inf
inf
inf
inf
inf
inf
inf
inf
inf
inf
inf
inf
inf
inf
inf
inf
inf
inf
inf
inf
inf
inf
inf
inf
inf
inf
inf
inf
inf
inf
inf
inf
inf
inf
inf
inf
inf
inf
inf
inf
inf
inf
inf
inf
inf
inf
inf
inf
inf
inf
inf
inf
inf
inf
inf
inf
inf
inf
inf
inf
inf
inf
inf
inf
inf
inf
inf
inf
inf
inf
inf
inf
inf
inf
inf
inf
inf
inf
inf
inf
inf
inf
inf
inf
inf
inf
inf
inf
inf
inf
inf
inf
inf
inf
inf
inf
inf
inf
inf
inf
inf
inf
inf
inf
inf
inf
inf
inf
inf
inf
inf
inf
inf
inf
inf
inf
inf
inf
inf
inf
inf
inf
inf
inf
inf
inf
inf
inf
inf
inf
inf
inf
inf
inf
inf
inf
inf
inf
inf
inf
inf
inf
inf
inf
inf
inf
inf
inf
inf
inf
inf
inf
inf
inf
inf
inf
inf
inf
inf
inf
inf
inf
inf
inf
inf
inf
inf
inf
inf
inf
inf
inf
inf
inf
inf
inf
inf
inf
inf
inf
inf
inf
inf
inf
inf
inf
inf
inf
inf
inf
inf
inf
inf
inf
inf
inf
inf
inf
inf
inf
inf
inf
inf
inf
inf
inf
inf
inf
inf
inf
inf
inf
inf
inf
inf
inf
inf
inf
inf
inf
inf
inf
inf
inf
inf
inf
inf
inf
inf
inf
inf
inf
inf
inf
inf
inf
inf
inf
inf
inf
inf
inf
inf
inf
inf
inf
inf
inf
inf
inf
inf
inf
inf
inf
inf
inf
inf
inf
inf
inf
inf
inf
inf
inf
inf
inf
inf
inf
inf
inf
inf
inf
inf
inf
inf
inf
inf
inf
inf
inf
inf
inf
inf
inf
inf
inf
inf
inf
inf
inf
inf
inf
inf
inf
inf
inf
inf
inf
inf
inf
inf
inf
inf
inf
inf
inf
inf
inf
inf
inf
inf
inf
inf
inf
inf
inf
inf
inf
inf
inf
inf
inf
inf
inf
inf
inf
inf
inf
inf
inf
inf
inf
inf
inf
inf
inf
inf
inf
inf
inf
inf
inf
inf
inf
inf
inf
inf
inf
inf
inf
inf
inf
inf
inf
inf
inf
inf
inf
inf
inf
inf
inf
inf
inf
inf
inf
inf
inf
inf
inf
inf
inf
inf
inf
inf
inf
inf
inf
inf
inf
inf
inf
inf
inf
inf
inf
inf
inf
inf
inf
inf
inf
inf
inf
inf
inf
inf
inf
inf
inf
inf
inf
inf
inf
inf
inf
inf
inf
inf
inf
inf
inf
inf
inf
inf
inf
inf
inf
inf
inf
inf
inf
inf
inf
inf
inf
inf
inf
inf
inf
inf
inf
inf
inf
inf
inf
inf
inf
inf
inf
inf
inf
inf
inf
inf
inf
inf
inf
inf
inf
inf
inf
inf
inf
inf
inf
inf
inf
inf
inf
inf
inf
inf
inf
inf
inf
inf
inf
inf
inf
inf
inf
inf
inf
inf
inf
inf
inf
inf
inf
inf
inf
inf
inf
inf
inf
inf
inf
inf
inf
inf
inf
inf
inf
inf
inf
inf
inf
inf
inf
inf
inf
inf
inf
inf
inf
inf
inf
inf
inf
inf
inf
inf
inf
inf
inf
inf
inf
inf
inf
inf
inf
inf
inf
inf
inf
inf
inf
inf
inf
inf
inf
inf
inf
inf
inf
inf
inf
inf
inf
inf
inf
inf
inf
inf
inf
inf
inf
inf
inf
inf
inf
inf
inf
inf
inf
inf
inf
inf
inf
inf
inf
inf
inf
inf
inf
inf
inf
inf
inf
inf
inf
inf
inf
inf
inf
inf
inf
inf
inf
inf
inf
inf
inf
inf
inf
inf
inf
inf
inf
inf
inf
inf
inf
inf
inf
inf
inf
inf
inf
inf
inf
inf
inf
inf
inf
inf
inf
inf
inf
inf
inf
inf
inf
inf
inf
inf
inf
inf
inf
inf
inf
inf
inf
inf
inf
inf
inf
inf
inf
inf
inf
inf
inf
inf
inf
inf
inf
inf
inf
inf
inf
inf
inf
inf
inf
inf
inf
inf
inf
inf
inf
inf
inf
inf
inf
inf
inf
inf
inf
inf
inf
inf
inf
inf
inf
inf
inf
inf
inf
inf
inf
inf
inf
inf
inf
inf
inf
inf
inf
inf
inf
inf
inf
inf
inf
inf
inf
inf
inf
inf
inf
inf
inf
inf
inf
inf
inf
inf
inf
inf
inf
inf
inf
inf
inf
inf
inf
inf
inf
inf
inf
inf
inf
inf
inf
inf
inf
inf
inf
inf
inf
inf
inf
inf
inf
inf
inf
inf
inf
inf
inf
inf
inf
inf
inf
inf
inf
inf
inf
inf
inf
inf
inf
inf
inf
inf
inf
inf
inf
inf
inf
inf
inf
inf
inf
inf
inf
inf
inf
inf
inf
inf
inf
inf
inf
inf
inf
inf
inf
inf
inf
inf
inf
inf
inf
inf
inf
inf
inf
inf
inf
inf
inf
inf
inf
inf
inf
inf
inf
inf
inf
inf
inf
inf
inf
inf
inf
inf
inf
inf
inf
inf
inf
inf
inf
inf
inf
inf
inf
inf
inf
inf
inf
inf
inf
inf
inf
inf
inf
inf
inf
inf
inf
inf
inf
inf
inf
inf
inf
inf
inf
inf
inf
inf
inf
inf
inf
inf
inf
inf
inf
inf
inf
inf
inf
inf
inf
inf
inf
inf
inf
inf
inf
inf
inf
inf
inf
inf
inf
inf
inf
inf
inf
inf
inf
inf
inf
inf
inf
inf
inf
inf
inf
inf
inf
inf
inf
inf
inf
inf
inf
inf
inf
inf
inf
inf
inf
inf
inf
inf
inf
inf
inf
inf
inf
inf
inf
inf
inf
inf
inf
inf
inf
inf
inf
inf
inf
inf
inf
inf
inf
inf
inf
inf
inf
inf
inf
inf
inf
inf
inf
inf
inf
inf
inf
inf
inf
inf
inf
inf
inf
inf
inf
inf
inf
inf
inf
inf
inf
inf
inf
inf
inf
inf
inf
inf
inf
inf
inf
inf
inf
inf
inf
inf
inf
inf
inf
inf
inf
inf
inf
inf
inf
inf
inf
inf
inf
inf
inf
inf
inf
inf
inf
inf
inf
inf
inf
inf
inf
inf
inf
inf
inf
inf
inf
inf
inf
inf
inf
inf
inf
inf
inf
inf
inf
inf
inf
inf
inf
