     0.0000000        0.30886684        0.00148997
     0.1000000        0.16862285        0.00141593
     0.2000000        0.09448045        0.00129421
     0.3000000        0.05459482        0.00101900
     0.4000000        0.03253660        0.00087298
     0.5000000        0.01954696        0.00079518
     0.6000000        0.01220316        0.00063435
     0.7000000        0.00768880        0.00069849
     0.8000000        0.00518644        0.00068430
     0.9000000        0.00364785        0.00057796
     1.0000000        0.00232545        0.00031670
     1.1000000        0.00156755        0.00024314
     1.2000000        0.00094173        0.00016649
     1.3000000        0.00073586        0.00022100
     1.4000000        0.00071307        0.00033078
     1.5000000        0.00061478        0.00025861
     1.6000000        0.00024258        0.00010589
     1.7000000        0.00004299        0.00014596
     1.8000000       -0.00006121        0.00021162
     1.9000000       -0.00003137        0.00019169
     2.0000000        0.00000892        0.00015950
     2.1000000        0.00005580        0.00013897
     2.2000000        0.00002778        0.00011538
     2.3000000        0.00003497        0.00012426
     2.4000000        0.00005560        0.00008226
     2.5000000        0.00002260        0.00006526
     2.6000000        0.00003388        0.00007333
     2.7000000       -0.00003518        0.00005893
     2.8000000       -0.00005118        0.00006349
     2.9000000       -0.00007057        0.00006373
     3.0000000       -0.00010764        0.00006404
     3.1000000       -0.00009118        0.00007227
     3.2000000       -0.00005549        0.00005921
     3.3000000       -0.00000233        0.00004437
     3.4000000        0.00000890        0.00003572
     3.5000000        0.00002044        0.00003086
     3.6000000        0.00001638        0.00002922
     3.7000000        0.00002458        0.00002342
     3.8000000        0.00004136        0.00002768
     3.9000000        0.00005192        0.00002615
     4.0000000        0.00004957        0.00003227
     4.1000000        0.00004242        0.00003105
     4.2000000        0.00003466        0.00003275
     4.3000000        0.00004139        0.00002506
     4.4000000        0.00003203        0.00001701
     4.5000000        0.00001206        0.00001875
     4.6000000       -0.00001806        0.00003176
     4.7000000       -0.00004668        0.00003595
     4.8000000       -0.00007027        0.00003862
     4.9000000       -0.00009702        0.00004612
     5.0000000       -0.00009703        0.00005029
     5.1000000       -0.00008188        0.00004225
     5.2000000       -0.00005088        0.00002621
     5.3000000       -0.00004041        0.00002139
     5.4000000       -0.00002840        0.00002582
     5.5000000       -0.00000918        0.00003409
     5.6000000        0.00000943        0.00003629
     5.7000000        0.00000583        0.00003828
     5.8000000       -0.00000991        0.00003059
     5.9000000       -0.00002808        0.00002085
     6.0000000       -0.00003977        0.00002211
     6.1000000       -0.00004463        0.00002360
     6.2000000       -0.00004596        0.00002893
     6.3000000       -0.00008294        0.00004650
     6.4000000       -0.00003897        0.00003521
     6.5000000        0.00000124        0.00003504
     6.6000000       -0.00000432        0.00005158
     6.7000000        0.00000133        0.00005850
     6.8000000        0.00001282        0.00004873
     6.9000000        0.00004435        0.00004340
     7.0000000        0.00004043        0.00004182
     7.1000000       -0.00000549        0.00009551
     7.2000000       -0.00002722        0.00009840
     7.3000000       -0.00006370        0.00010160
     7.4000000       -0.00010882        0.00011265
     7.5000000       -0.00013398        0.00012745
     7.6000000       -0.00014879        0.00013886
     7.7000000       -0.00020513        0.00016589
     7.8000000       -0.00017210        0.00017934
     7.9000000       -0.00024672        0.00022921
     8.0000000       -0.00018088        0.00016937
     8.1000000       -0.00015861        0.00015886
     8.2000000       -0.00004718        0.00012719
     8.3000000        0.00004925        0.00011989
     8.4000000       -0.00000557        0.00017117
     8.5000000        0.00006512        0.00019084
     8.6000000        0.00045631        0.00010890
     8.7000000        0.00078581        0.00015298
     8.8000000        0.00127535        0.00015277
     8.9000000        0.00185561        0.00017320
     9.0000000        0.00275118        0.00026854
     9.1000000        0.00366166        0.00024883
     9.2000000        0.00519452        0.00039261
     9.3000000        0.00772606        0.00053740
     9.4000000        0.01188924        0.00055557
     9.5000000        0.01939862        0.00070157
     9.6000000        0.03239509        0.00085323
     9.7000000        0.05485055        0.00092743
     9.8000000        0.09480825        0.00112342
     9.9000000        0.16893935        0.00147100
    10.0000000        0.30886684        0.00148997
