weights			sign			<n>			<n+ n->
37558.1			1			1.49834			0
68.6406			1			1.25201			0.326446
0.840061			1			1.03352			0.181403
47793.2			1			1.40991			0.44419
36830.8			1			1.49997			0.499975
5567.51			1			1.41094			0.432534
24886.7			1			1.03503			0.146979
1283.88			1			1.07773			0.214243
3050.06			1			1.4333			0.453495
1364.38			1			1.4995			0.49964
2448.18			1			1.49886			0.499207
2549.45			1			1.49932			0.49946
41763.6			1			1.49781			0.498391
92.8196			1			1.48467			0.489251
8668.76			1			1.49985			0.499903
278.929			1			1.49174			0.494077
399098			1			1.49996			0.499977
4340.39			1			1.48966			0.492087
8942.66			1			1.49566			0.496886
13631.3			1			1.49579			0.496966
16258.2			1			1.4999			0.499938
1029.53			1			1.49978			0.499848
2078.07			1			1.49978			0.499848
21862.2			1			1.49973			0.499809
11118.6			1			1.49979			0.499852
13503.4			1			1.4894			0.49258
134653			1			1.49687			0.497425
3187.6			1			1.49917			0.499368
18.0035			1			1.43373			0.45582
21010.5			1			1.4918			0.49452
19.3216			1			1.49464			0.49616
288871			1			1.48935			0.491511
328.815			1			1.49803			0.498509
17530.8			1			1.49729			0.49811
751.182			1			1.49934			0.499528
16556.8			1			1.37747			0.408419
1197.4			1			1.15832			0.257433
82307.9			1			1.0007			0.119912
196105			1			1.00069			0.125593
2987.63			1			1.00254			0.129105
113946			1			1.01399			0.138441
119022			1			1.00801			0.121918
129.344			1			1.00189			0.158718
58304			1			1.00572			0.141217
94545			1			1.33783			0.385017
7130.34			1			1.49692			0.497838
904104			1			1.49955			0.499693
2457.55			1			1.49689			0.497612
56870			1			1.06017			0.155621
90.1627			1			1.02034			0.159131
398515			1			1.48835			0.491958
2.70396			1			1.43006			0.452851
545287			1			1.33852			0.386447
1561.99			1			1.49935			0.49959
2.93836e+06			1			1.06878			0.178795
8738.99			1			1.00319			0.112515
156538			1			1.01424			0.135618
1426.02			1			1.01541			0.14351
4394.9			1			1.4482			0.462018
19.1885			1			1.31924			0.368756
18828.8			1			1.00423			0.124298
1298.92			1			1.01449			0.147344
346672			1			1.46665			0.478446
51.8136			1			1.4949			0.496043
13143.5			1			1.49903			0.499312
962.305			1			1.49393			0.495477
144.005			1			1.48987			0.49232
486417			1			1.49924			0.49946
127568			1			1.41902			0.436848
185326			1			1.01604			0.162637
109800			1			1.45871			0.472633
857688			1			1.49999			0.499994
0.185291			1			1.42233			0.44399
1308.44			1			1.06544			0.195352
8105.65			1			1.0259			0.163597
245122			1			1.4819			0.487264
8319.52			1			1.46129			0.469937
1.05056e+07			1			1.49785			0.49858
52.8974			1			1.49075			0.492096
427045			1			1.48112			0.484134
3250.74			1			1.45555			0.470496
12.3468			1			1.04915			0.17401
671.03			1			1.0497			0.166402
78821.2			1			1.0013			0.121167
8047.31			1			1.01668			0.145823
16.147			1			1.01833			0.14096
563.046			1			1.14679			0.250203
216505			1			1.00218			0.115312
844.276			1			1.01043			0.143541
131794			1			1.48713			0.49173
1678.35			1			1.49066			0.492849
2157.63			1			1.48613			0.48909
427.538			1			1.49976			0.499842
44824.3			1			1.49934			0.499538
128.055			1			1.25993			0.337815
46360.6			1			1.02631			0.135122
465.745			1			1.06163			0.184139
25849.2			1			1.25665			0.347417
58654.3			1			1.49641			0.49695
1276.46			1			1.17245			0.244688
453.525			1			1.21335			0.295751
632838			1			1.49971			0.499797
185.637			1			1.49895			0.499292
1.83999e+06			1			1.49468			0.495772
203.294			1			1.48698			0.490161
331.938			1			1.13017			0.228203
247.079			1			1.3317			0.379369
4405.57			1			1.49717			0.498168
377.124			1			1.49946			0.499654
201570			1			1.4999			0.499931
307.415			1			1.49714			0.498064
709.713			1			1.49857			0.498919
3570.11			1			1.49981			0.499868
2066.33			1			1.14814			0.22678
62.7464			1			1.00232			0.146305
7393.05			1			1.02172			0.156618
34717.6			1			1.01059			0.134877
1.86151e+06			1			1.00076			0.108898
25672			1			1.00024			0.119401
104.015			1			1.04077			0.178062
259831			1			1.49528			0.496009
198586			1			1.49915			0.499346
1061.19			1			1.49794			0.498534
1784.5			1			1.49945			0.499662
600.345			1			1.49961			0.499692
144556			1			1.49776			0.498435
980.888			1			1.49829			0.498752
12475			1			1.47002			0.477626
242.228			1			1.49702			0.49834
336.18			1			1.46122			0.471628
116.843			1			1.34083			0.390255
3883.64			1			1.49993			0.499953
8056.72			1			1.37363			0.405935
53333.7			1			1.00658			0.139249
1.06742e+06			1			1.00017			0.124811
2266.19			1			1.02333			0.163141
314129			1			1.04445			0.148315
4.0645e+06			1			1.0003			0.10282
20319			1			1.00592			0.14358
327632			1			1.00737			0.140012
1983.14			1			1.04288			0.1867
12576.9			1			1.477			0.484932
15814.7			1			1.49039			0.492957
56.7545			1			1.48731			0.490795
30087.8			1			1.49276			0.495415
6352.45			1			1.49659			0.497663
55772.8			1			1.49938			0.499583
5.44694			1			1.48633			0.490869
19220.4			1			1.16703			0.248263
402.379			1			1.05404			0.166417
5.00152e+07			1			1.00394			0.113554
1.18854e+08			1			1.00027			0.130232
1225.27			1			1.02998			0.140488
15181.8			1			1.49859			0.499235
69179.7			1			1.11422			0.211436
12762.1			1			1.0162			0.14016
196200			1			1.00536			0.116259
17488.5			1			1.00319			0.118335
1654.99			1			1.00185			0.119805
14176			1			1.00334			0.121258
466.983			1			1.00296			0.135954
435.168			1			1.03963			0.176857
1.91951e+06			1			1.00192			0.111369
344947			1			1.00075			0.10966
1495.96			1			1.00441			0.121138
16394.7			1			1.09994			0.198507
403.009			1			1.01041			0.133723
8187.3			1			1.0009			0.125737
31165.4			1			1.00396			0.139649
36792.9			1			1.01374			0.114416
500.642			1			1.03892			0.175038
874.409			1			1.15712			0.253468
1115.36			1			1.01741			0.164099
21833.6			1			1.01987			0.160737
33.1519			1			1.04579			0.176562
47215.5			1			1.08921			0.189252
2.92669e+06			1			1.00028			0.123207
8126.83			1			1.00161			0.129341
13133.2			1			1.00287			0.130189
12966			1			1.00165			0.160452
1819.08			1			1.17163			0.26605
18.3432			1			1.4997			0.499772
34757			1			1.49789			0.498626
229.506			1			1.49959			0.499724
306.583			1			1.49688			0.497791
1243.68			1			1.49175			0.494087
173349			1			1.49837			0.498815
60.9149			1			1.49869			0.499008
148256			1			1.4977			0.498473
3241.59			1			1.4939			0.496234
5688.88			1			1.35414			0.389056
5933.36			1			1.49996			0.499972
253.871			1			1.38755			0.412611
95784.9			1			1.00227			0.142062
1130.74			1			1.27024			0.318704
16386.6			1			1.49988			0.499909
288.195			1			1.49316			0.495213
816.542			1			1.46059			0.472163
79512.8			1			1.49995			0.499964
515.309			1			1.32698			0.371191
1087.34			1			1.16973			0.26405
408034			1			1.48666			0.489165
24.9032			1			1.42189			0.445677
856473			1			1.02692			0.13792
22800.8			1			1.03371			0.146802
1.41839e+06			1			1.01461			0.131434
19635.8			1			1.00053			0.111546
914593			1			1.00099			0.12018
111838			1			1.00248			0.114197
1.56295e+06			1			1.35373			0.399592
931.865			1			1.49052			0.493271
178478			1			1.04661			0.151806
346731			1			1.48284			0.487609
613.344			1			1.4932			0.495413
38424.7			1			1.49639			0.497245
1.02818e+06			1			1.18313			0.265328
30.8506			1			1.01192			0.154869
2357.15			1			1.02594			0.157135
2912.47			1			1.02532			0.15327
10002			1			1.00157			0.135074
2427.68			1			1.00377			0.128799
961.076			1			1.00415			0.145501
40481.5			1			1.00122			0.135417
28889.6			1			1.00172			0.123196
9979.79			1			1.00238			0.132522
2939.42			1			1.00593			0.121007
7.86158			1			1.03443			0.164779
7706.36			1			1.42901			0.453058
497.134			1			1.34134			0.3807
3098.48			1			1.02357			0.149075
98.977			1			1.08787			0.199336
68330.4			1			1.06362			0.184075
1.19468e+06			1			1.00181			0.107263
419531			1			1.30076			0.365038
166.056			1			1.2933			0.352032
979937			1			1.46726			0.475212
0.992289			1			1.40994			0.438665
30700.7			1			1.19799			0.277407
511525			1			1.42421			0.454511
35.1462			1			1.44559			0.463742
16904.3			1			1.01738			0.14154
258774			1			1.00121			0.114755
25456.8			1			1.00211			0.131897
173.038			1			1.0105			0.157215
14363.2			1			1.00584			0.134338
22340.3			1			1.00077			0.122724
30337.9			1			1.00461			0.132398
3775.54			1			1.0017			0.145625
1035.45			1			1.26134			0.332007
47.2909			1			1.48596			0.488908
133.641			1			1.10354			0.215991
149031			1			1.49857			0.498965
171.712			1			1.4891			0.491303
127021			1			1.49858			0.499052
290.351			1			1.4908			0.494025
2.18732e+06			1			1.49955			0.499703
861.55			1			1.29841			0.352163
21564.5			1			1.38042			0.41035
930.038			1			1.4995			0.499633
225930			1			1.45566			0.463881
2446.99			1			1.41978			0.443182
673.461			1			1.01271			0.123421
13350.5			1			1.30336			0.360885
38877.8			1			1.49879			0.499009
203.115			1			1.47984			0.485148
215769			1			1.49158			0.494447
137328			1			1.49996			0.499971
32131.4			1			1.49899			0.499264
2788.51			1			1.38636			0.420978
2069.25			1			1.21673			0.289879
5020.53			1			1.49999			0.499992
37.6754			1			1.26625			0.342828
26623.1			1			1.17776			0.261277
2693.83			1			1.07605			0.208296
198655			1			1.46709			0.479197
3868.11			1			1.47959			0.483759
179133			1			1.49968			0.499752
178.779			1			1.48713			0.48944
1.4621e+07			1			1.49731			0.4983
66.2005			1			1.49789			0.498341
99585.1			1			1.47269			0.479239
2476.67			1			1.49601			0.49688
4.89994e+06			1			1.17365			0.265168
1.59097e+07			1			1.00004			0.097325
22415.1			1			1.00468			0.134339
270.459			1			1.00331			0.130403
30611			1			1.02071			0.161167
128.989			1			1.00469			0.156512
185.688			1			1.2677			0.327362
349424			1			1.49936			0.499453
69044.5			1			1.2961			0.353722
397.078			1			1.03668			0.161959
4035.35			1			1.35632			0.397153
29026			1			1.49953			0.49972
571.945			1			1.49949			0.499621
173470			1			1.41301			0.430394
301.093			1			1.49037			0.494384
2686.47			1			1.05747			0.185579
169050			1			1.00278			0.115147
2675.66			1			1.00082			0.119168
1915.33			1			1.06904			0.179992
270.939			1			1.00484			0.130343
494.085			1			1.00363			0.15174
1902.05			1			1.00442			0.154153
7.2161e+06			1			1.00105			0.115875
474.084			1			1.00134			0.124543
10845.6			1			1.19537			0.277777
8.70903			1			1.49257			0.495256
5460.84			1			1.03191			0.157993
72249.8			1			1.01242			0.138161
80429.9			1			1.2613			0.357786
2.96467			1			1.48135			0.488308
15004.1			1			1.30948			0.365969
68602.4			1			1.49481			0.496182
514.155			1			1.4893			0.491546
9894.42			1			1.49487			0.496418
570.036			1			1.3478			0.393831
64662.7			1			1.39825			0.425213
2804.46			1			1.49607			0.497213
195.92			1			1.48503			0.48956
3489.12			1			1.47112			0.482828
15966.3			1			1.49868			0.499083
1219.57			1			1.49973			0.499822
919.09			1			1.48048			0.486987
12290.3			1			1.48869			0.491834
94491.8			1			1.49989			0.499915
246.537			1			1.48209			0.48744
2323.4			1			1.48082			0.48589
929.485			1			1.49548			0.49698
7275.07			1			1.49965			0.499728
28499			1			1.26796			0.323714
85107.3			1			1.31183			0.359192
8101.16			1			1.49997			0.499974
1604.2			1			1.43533			0.442549
37032.7			1			1.01377			0.146772
992.273			1			1.12823			0.217508
36055.9			1			1.4982			0.498822
11.0394			1			1.46822			0.477516
1.34825e+06			1			1.0811			0.173651
13844.2			1			1.00105			0.113294
50206.2			1			1.0008			0.123478
7322.79			1			1.01415			0.142755
749.969			1			1.00121			0.13593
274.354			1			1.05625			0.173499
242350			1			1.01662			0.125072
10983.4			1			1.34164			0.405201
46132.8			1			1.5			0.499997
2644.75			1			1.49713			0.49811
163.398			1			1.30133			0.362269
121205			1			1.48076			0.485354
1.06227e+06			1			1.20441			0.265364
183.481			1			1.03956			0.165697
72870.7			1			1.49788			0.498469
24003			1			1.45928			0.466831
1.60155e+06			1			1.49829			0.499061
412.459			1			1.29978			0.355387
2.60247e+07			1			1.44933			0.464391
1418.54			1			1.47906			0.483864
145418			1			1.24588			0.314844
13315.2			1			1.49999			0.499986
14751.5			1			1.13821			0.241557
11353.4			1			1.00772			0.149014
822514			1			1.00461			0.124538
4992.27			1			1.00117			0.131209
120.629			1			1.00508			0.135347
227524			1			1.0096			0.139524
108.882			1			1.06323			0.187882
2.53728e+06			1			1.49585			0.496795
7050.83			1			1.49858			0.498995
114.375			1			1.4971			0.498062
2811.15			1			1.49786			0.498442
266.061			1			1.45703			0.466088
414523			1			1.48792			0.491553
6215.35			1			1.49966			0.499735
2.67784e+06			1			1.29654			0.346045
2.43576e+06			1			1.00004			0.0986621
391407			1			1.00026			0.108763
2045.84			1			1.0471			0.163676
23310.8			1			1.42642			0.443139
11046.4			1			1.49987			0.499908
32752			1			1.49999			0.499995
802.641			1			1.49937			0.499532
494.345			1			1.45555			0.468858
445966			1			1.49847			0.498974
973.46			1			1.42623			0.449612
26541.1			1			1.02453			0.14722
49515.6			1			1.00137			0.131551
1.61665e+06			1			1.00029			0.10279
13284.1			1			1.00116			0.140617
26150.9			1			1.00099			0.133619
13142.1			1			1.00611			0.124884
102593			1			1.38847			0.418055
118.2			1			1.44213			0.457872
12054.4			1			1.01437			0.143201
82713.2			1			1.00045			0.142096
5172.02			1			1.2486			0.334195
52836.1			1			1.49994			0.499956
403.855			1			1.18886			0.280463
33181.7			1			1.00508			0.149163
1.71133e+08			1			1.00336			0.115898
1.96971e+06			1			1.00025			0.0980425
39319.2			1			1.00131			0.134443
3818.72			1			1.00233			0.117218
47.7375			1			1.00475			0.149673
5.0893e+07			1			1.00407			0.105311
1.50681e+06			1			1.00082			0.122965
1.6185e+07			1			1.00008			0.113027
1421.17			1			1.00301			0.123436
68.0658			1			1.05695			0.178318
2.3016e+06			1			1.00297			0.128893
3.80871e+06			1			1.00048			0.0935086
1241.93			1			1.00306			0.135952
111170			1			1.00372			0.123832
413.202			1			1.00521			0.130378
615.746			1			1.02019			0.157096
35.9798			1			1.02179			0.168752
1.82037e+07			1			1.01082			0.121836
285.794			1			1.00191			0.152376
1.02383e+06			1			1.00232			0.12527
118.916			1			1.00702			0.141643
93.9459			1			1.04962			0.170754
14016.5			1			1.0135			0.136145
783.543			1			1.00488			0.157469
1618.64			1			1.04112			0.152987
236.292			1			1.0028			0.141352
24355.8			1			1.41179			0.433737
33.8471			1			1.49874			0.499146
3115.34			1			1.4995			0.499656
1.13977e+06			1			1.49609			0.497183
80.2738			1			1.49964			0.499712
104109			1			1.49763			0.49811
213.065			1			1.48561			0.489665
7258.09			1			1.28312			0.338833
71061.4			1			1.47007			0.478144
159.887			1			1.46312			0.472738
12403.7			1			1.47783			0.484432
328.711			1			1.09443			0.22723
1.10704e+06			1			1.3077			0.367596
3621.85			1			1.49977			0.499822
1001.07			1			1.40994			0.432171
498.442			1			1.41067			0.436473
775.22			1			1.48836			0.49108
16110.9			1			1.48885			0.492595
24613.7			1			1.49997			0.49998
43308.8			1			1.4999			0.499929
38685.9			1			1.48944			0.492507
384.499			1			1.49994			0.499963
21855.1			1			1.49748			0.497947
13674.8			1			1.49874			0.498977
328490			1			1.49512			0.495905
3404.32			1			1.35306			0.388483
12127.3			1			1.00258			0.136617
2580.38			1			1.2798			0.347766
250316			1			1.49996			0.499967
143.836			1			1.20244			0.277178
31745.1			1			1.36768			0.406102
3.89041			1			1.49558			0.49726
64.2713			1			1.15537			0.261112
203407			1			1.49373			0.495281
12.1964			1			1.48074			0.487062
1.02807e+07			1			1.49448			0.496674
2.66401			1			1.46535			0.478955
63623.2			1			1.34836			0.397021
40.6051			1			1.49286			0.494914
3494.7			1			1.27916			0.337193
3.17682e+06			1			1.02503			0.14955
7336.52			1			1.00809			0.118266
752121			1			1.01984			0.129144
861104			1			1.04338			0.144992
9332.74			1			1.00069			0.155424
4893.94			1			1.01355			0.133009
569414			1			1.00034			0.121676
2146.35			1			1.02889			0.157704
26263.5			1			1.32314			0.37189
8310.38			1			1.4996			0.499739
218996			1			1.48329			0.489012
181.324			1			1.49917			0.499431
7177.62			1			1.15965			0.251337
596.562			1			1.07228			0.18689
2365.69			1			1.48696			0.491566
32.6983			1			1.33831			0.388567
15982.7			1			1.34278			0.399029
1.14183e+06			1			1.49659			0.497384
1352.45			1			1.10951			0.219242
103994			1			1.01301			0.135233
9313.27			1			1.00075			0.124306
5930.04			1			1.00046			0.120723
6679.2			1			1.00491			0.124995
1125.95			1			1.2332			0.314054
23209.7			1			1.49977			0.499836
18602.4			1			1.4769			0.483445
235.95			1			1.49906			0.499302
876.087			1			1.48067			0.486532
21232.2			1			1.47615			0.481782
259345			1			1.49998			0.499989
81.4119			1			1.47842			0.483166
3646.13			1			1.09124			0.216677
40982.8			1			1.00216			0.128362
204617			1			1.00033			0.115181
20105.6			1			1.00188			0.120263
1.446e+07			1			1.00843			0.118357
426146			1			1.00103			0.11358
5.47035			1			1.06153			0.192948
26.972			1			1.04402			0.178346
41603.3			1			1.01499			0.148559
508249			1			1.00086			0.124369
9659.4			1			1.18713			0.275263
159.103			1			1.49246			0.494787
1.69114			1			1.14263			0.259558
1594.12			1			1.49725			0.498272
409.56			1			1.48587			0.490858
1389.59			1			1.49998			0.499987
7758.27			1			1.23338			0.309061
868127			1			1.20508			0.301158
65408			1			1.5			0.499998
191.615			1			1.49911			0.499331
5323.14			1			1.4688			0.47491
871.219			1			1.0854			0.199895
9769.78			1			1.34521			0.394678
14.256			1			1.49954			0.499699
4608			1			1.10416			0.220883
193.371			1			1.04009			0.168156
407799			1			1.00961			0.146395
11041.3			1			1.00085			0.120162
4736.59			1			1.01012			0.151753
3.26387e+06			1			1.286			0.360766
42564.1			1			1.5			0.499998
202.024			1			1.40907			0.4314
1.60086e+06			1			1.01246			0.126851
111215			1			1.00033			0.134895
9.99399e+06			1			1.00366			0.12142
60422.8			1			1.00431			0.129928
26.0505			1			1.01165			0.150801
5083.88			1			1.02064			0.134717
5046.95			1			1.12827			0.239881
4918.02			1			1.49625			0.497732
1.82289e+06			1			1.03211			0.139284
1802.7			1			1.00237			0.13155
4138.73			1			1.00775			0.134508
97.5782			1			1.06174			0.193229
59648.4			1			1.429			0.44934
53152.5			1			1.49986			0.499903
1716.61			1			1.49996			0.499974
13.0281			1			1.22411			0.30582
418.241			1			1.02466			0.164475
16869.8			1			1.00512			0.144039
1594.84			1			1.00455			0.14874
6.19513e+06			1			1.00084			0.108999
129868			1			1.00133			0.122417
49.2635			1			1.00559			0.149825
28881.1			1			1.3503			0.392454
19042.8			1			1.49859			0.499039
568.048			1			1.49938			0.499536
203.244			1			1.48821			0.490887
140188			1			1.49922			0.499471
1111.89			1			1.44821			0.460549
6461.96			1			1.48753			0.492998
207.844			1			1.18369			0.278177
1.67326e+06			1			1.00093			0.120131
52.8353			1			1.02032			0.18128
58.0152			1			1.34432			0.389441
159.812			1			1.49992			0.499955
4603.27			1			1.49451			0.496002
45.3589			1			1.31119			0.374548
31830.7			1			1.05132			0.148833
7652			1			1.00102			0.115185
6717.39			1			1.00271			0.114969
1.31473e+06			1			1.00159			0.162616
836.434			1			1.04815			0.198039
12038.2			1			1.48736			0.491302
284.859			1			1.23134			0.301358
1.46452e+06			1			1.01158			0.138221
67.3006			1			1.00259			0.132114
673.263			1			1.35726			0.397316
5766.13			1			1.46361			0.472292
17173.2			1			1.03515			0.14832
28023.9			1			1.00583			0.114267
1675.17			1			1.24485			0.331099
239.992			1			1.49958			0.499746
3781.44			1			1.46332			0.475335
559.148			1			1.49967			0.499666
330424			1			1.17486			0.263608
10323.1			1			1.16714			0.26958
2706.04			1			1.49869			0.499011
11.3324			1			1.4663			0.478271
127247			1			1.49945			0.499569
370.955			1			1.49725			0.498301
3991.45			1			1.09066			0.208791
517039			1			1.40246			0.42879
8646.12			1			1.49994			0.499957
278319			1			1.49108			0.492658
6298.46			1			1.49882			0.499157
18.9233			1			1.14279			0.238262
58594.2			1			1.41714			0.437159
29604.8			1			1.49986			0.4999
1.7031e+06			1			1.49997			0.499982
1430.61			1			1.49965			0.499727
1166.38			1			1.49884			0.499227
51196.6			1			1.49995			0.499971
8.17123			1			1.38488			0.418963
44.2112			1			1.27914			0.352525
79514.2			1			1.49774			0.498332
139659			1			1.49977			0.499832
21115.7			1			1.49938			0.499501
7872.73			1			1.46801			0.474162
71.0078			1			1.46448			0.474331
1063.98			1			1.21387			0.309264
3552.91			1			1.49228			0.494036
24814.9			1			1.49739			0.498334
3883.57			1			1.49738			0.498067
22254.4			1			1.48209			0.487548
864.244			1			1.46237			0.471171
158948			1			1.39715			0.431557
19595.3			1			1.49981			0.49987
18203.4			1			1.44163			0.447876
3.63164			1			1.15724			0.261488
51664.4			1			1.04168			0.153497
1.84133e+07			1			1.00019			0.104443
23053.4			1			1.00043			0.141118
50203.7			1			1.00846			0.124276
89705.1			1			1.00096			0.127452
192025			1			1.00009			0.112633
17347.2			1			1.00054			0.12931
461151			1			1.00367			0.118583
3161.99			1			1.00306			0.112412
595703			1			1.00064			0.119152
973.459			1			1.00397			0.134307
20.1627			1			1.00873			0.141198
488327			1			1.0064			0.134931
14991.7			1			1.01197			0.126551
34379.3			1			1.01283			0.129755
123685			1			1.45114			0.46798
874.655			1			1.29187			0.366771
2411.88			1			1.49995			0.499972
3034.59			1			1.30898			0.368571
1044.61			1			1.49902			0.499383
8304.16			1			1.49268			0.49486
3324.02			1			1.49999			0.499992
10880.5			1			1.49111			0.493344
38294.6			1			1.49996			0.499974
1228.81			1			1.48715			0.490894
751.68			1			1.49865			0.498904
3340.93			1			1.48476			0.489876
330016			1			1.49839			0.498806
7553.66			1			1.49968			0.499768
69.6418			1			1.30685			0.359292
26050.4			1			1.35192			0.392343
45560.5			1			1.49883			0.499119
20.2755			1			1.48272			0.488607
393.755			1			1.16759			0.269128
4834.96			1			1.49615			0.496955
335.291			1			1.4884			0.490961
104.485			1			1.45777			0.472527
47538.9			1			1.4965			0.497671
95871.7			1			1.49999			0.499996
13976.4			1			1.48989			0.492146
15396.9			1			1.48558			0.489389
12.504			1			1.47098			0.480634
23534.9			1			1.49642			0.497697
28.601			1			1.35596			0.396634
7215.43			1			1.01917			0.141414
5122.47			1			1.00642			0.131609
63322.3			1			1.00163			0.130052
29.3786			1			1.02128			0.184011
29040.3			1			1.00433			0.133528
166090			1			1.01662			0.13156
249.217			1			1.00439			0.134066
101759			1			1.03084			0.142362
3330.04			1			1.00145			0.116055
6312.09			1			1.04057			0.158729
3185.5			1			1.49753			0.498527
101.078			1			1.19877			0.296878
44.5356			1			1.22893			0.302799
178768			1			1.45413			0.465877
784.38			1			1.49987			0.499928
361.976			1			1.49897			0.499232
298437			1			1.49787			0.498499
7454.25			1			1.4838			0.487016
21813.2			1			1.49528			0.496016
1.55212e+06			1			1.49908			0.499257
44108.4			1			1.5			0.499997
91460.8			1			1.49994			0.49996
11635			1			1.49915			0.499407
11373.4			1			1.4926			0.494639
408956			1			1.49999			0.499993
286.655			1			1.49989			0.499922
5523.75			1			1.49845			0.498879
56519.4			1			1.49961			0.499725
2017.16			1			1.49735			0.498085
842.364			1			1.16872			0.259624
3.80469e+08			1			1.00941			0.102624
6.37868e+06			1			1.00004			0.119715
64632.1			1			1.00104			0.102913
11939.8			1			1.00285			0.134185
140944			1			1.00185			0.125661
13795.3			1			1.45332			0.466333
100.764			1			1.48419			0.488305
137198			1			1.48861			0.491809
405.277			1			1.49722			0.498068
2939.38			1			1.44911			0.463977
29557.1			1			1.49988			0.499908
32.1609			1			1.39442			0.422188
23378.7			1			1.01792			0.153906
1221.82			1			1.00288			0.131323
8069.79			1			1.00178			0.121139
460248			1			1.00032			0.106636
48209			1			1.00031			0.151042
23681.2			1			1.04991			0.171605
331561			1			1.00681			0.132604
382620			1			1.22286			0.303826
3330.92			1			1.49559			0.496567
8370.97			1			1.13294			0.247462
1366.9			1			1.49756			0.498098
143779			1			1.48749			0.491029
1687.83			1			1.32133			0.372134
7205.98			1			1.00182			0.12563
16837			1			1.00088			0.14394
234509			1			1.00181			0.0977045
63.229			1			1.06225			0.199456
1793.76			1			1.49603			0.497519
9201.89			1			1.4882			0.491115
844782			1			1.15684			0.231323
183248			1			1.00009			0.11535
5.24956e+07			1			1.00033			0.096244
40030.3			1			1.00207			0.137378
40377.2			1			1.00705			0.111309
808.129			1			1.00966			0.157597
4.41441e+06			1			1.00058			0.116655
191213			1			1.0001			0.10986
891947			1			1.00131			0.109643
6514.27			1			1.00083			0.133983
22485.7			1			1.00047			0.13566
75572.7			1			1.00188			0.138995
879.644			1			1.00242			0.13839
461536			1			1.00407			0.134046
2.89039e+06			1			1.07387			0.181082
18865.9			1			1.03598			0.190767
133474			1			1.00451			0.117908
171535			1			1.00477			0.129653
12891.3			1			1.14461			0.227013
219993			1			1.49928			0.499447
23639.7			1			1.45598			0.465016
426918			1			1.46846			0.478218
10285			1			1.34601			0.378648
31.1458			1			1.14576			0.252416
14165.1			1			1.48255			0.486792
193.686			1			1.49916			0.499399
5117.71			1			1.49839			0.498866
377.043			1			1.44348			0.45605
604.208			1			1.0395			0.162695
4064.78			1			1.00297			0.143409
5545.28			1			1.00162			0.122385
75945.6			1			1.38125			0.424466
2754.82			1			1.48003			0.485414
460630			1			1.46063			0.47303
87437.5			1			1.41462			0.432825
17096.6			1			1.00082			0.144685
39429.6			1			1.00877			0.140501
2018.82			1			1.00055			0.135885
576842			1			1.00129			0.119863
100493			1			1.00054			0.110041
13623.9			1			1.00036			0.114892
1.23877e+06			1			1.0026			0.128178
399.658			1			1.1089			0.206276
62532.4			1			1.49611			0.496944
29469.8			1			1.49925			0.499499
110107			1			1.49915			0.499321
1626.08			1			1.49966			0.499753
94169.6			1			1.48941			0.491789
3638.5			1			1.49896			0.499205
1504.77			1			1.414			0.438966
334.238			1			1.02291			0.179306
219369			1			1.01929			0.142746
102364			1			1.00235			0.111045
337184			1			1.00206			0.121924
29196			1			1.20496			0.28525
38633.4			1			1.48529			0.48904
14527.8			1			1.49985			0.499895
2982.85			1			1.17715			0.274317
224041			1			1.36027			0.393591
333.465			1			1.49614			0.497178
895.664			1			1.48489			0.490093
195.186			1			1.49967			0.499806
202194			1			1.49878			0.499132
242.804			1			1.49122			0.493193
49.6337			1			1.07604			0.204273
13294.9			1			1.05198			0.165984
304.752			1			1.02386			0.147127
1.48486e+06			1			1.45755			0.467082
4.25527			1			1.378			0.418363
15050.4			1			1.37266			0.409421
27.0555			1			1.39464			0.433452
702.894			1			1.11434			0.21528
134163			1			1.00265			0.134138
182653			1			1.00039			0.101939
549353			1			1.00024			0.105016
3.96798e+06			1			1.00109			0.103608
5812.24			1			1.00728			0.129851
44014.3			1			1.00026			0.118131
56096.4			1			1.0128			0.160253
1.46995e+06			1			1.00787			0.120775
72623.1			1			1.00669			0.106329
1446.18			1			1.00114			0.125233
10981.3			1			1.09954			0.213396
1377.75			1			1.04268			0.167961
8046.09			1			1.12955			0.234077
1.46895e+06			1			1.49994			0.499959
7282.6			1			1.49947			0.49962
2230.12			1			1.47615			0.480746
3977.08			1			1.08792			0.198009
305.198			1			1.09689			0.205935
636.494			1			1.02689			0.158529
411975			1			1.00225			0.117319
2910.3			1			1.00138			0.125165
1.50632e+07			1			1.00059			0.103528
743884			1			1.00107			0.115145
28588			1			1.00121			0.13038
9519.11			1			1.02715			0.140637
34970.4			1			1.0403			0.157451
1497.1			1			1.18152			0.265847
10576.7			1			1.01544			0.157041
16.0771			1			1.0058			0.139857
3.22332e+06			1			1.35007			0.391844
32.047			1			1.499			0.49918
4.37721			1			1.09527			0.221282
84173.7			1			1.0329			0.163712
246013			1			1.00025			0.125151
24404.2			1			1.00011			0.105274
5307.04			1			1.0075			0.147071
14154.6			1			1.00089			0.114491
75207.4			1			1.00526			0.117993
540.655			1			1.04417			0.166514
2659.23			1			1.46094			0.473717
174.06			1			1.48221			0.487764
45589.5			1			1.49976			0.499811
2055.57			1			1.49229			0.49404
22287.6			1			1.49616			0.497247
41947			1			1.49991			0.499943
534.028			1			1.49565			0.497138
1716.73			1			1.436			0.453315
58079.8			1			1.01966			0.155119
8026.74			1			1.00115			0.139635
509703			1			1.0006			0.130386
6439.97			1			1.0459			0.148513
162609			1			1.49467			0.495942
183373			1			1.18008			0.245968
144449			1			1.00106			0.146016
122382			1			1.00025			0.141191
1462.09			1			1.00244			0.137641
3427.58			1			1.00448			0.138301
4166.91			1			1.00793			0.136697
593.878			1			1.00884			0.14331
55957.3			1			1.43484			0.453182
155.768			1			1.48185			0.486606
1713.74			1			1.38767			0.422161
43880.1			1			1.49872			0.499057
115.921			1			1.45442			0.466217
13954.8			1			1.43033			0.450594
194.074			1			1.49742			0.498332
19018.8			1			1.49995			0.499959
8229.03			1			1.1757			0.277412
8676.78			1			1.03979			0.163215
502209			1			1.00587			0.108263
2.89909e+06			1			1.27891			0.356268
18756.8			1			1.30156			0.365143
6198.67			1			1.02008			0.16458
106.324			1			1.0721			0.211758
2.00186e+06			1			1.49211			0.494415
1142.93			1			1.4999			0.499941
2502.81			1			1.48002			0.485446
483.571			1			1.46986			0.479172
7066.37			1			1.22868			0.301121
4.09616e+07			1			1.00031			0.0932871
81704.9			1			1.00071			0.102514
7817.03			1			1.00972			0.150896
77.8511			1			1.03406			0.180052
148282			1			1.29564			0.343111
3787.63			1			1.49948			0.499642
2.34707e+06			1			1.49602			0.497231
107.214			1			1.45841			0.469668
55908.6			1			1.32193			0.376101
153.11			1			1.37013			0.408206
571.502			1			1.29853			0.352338
1237.78			1			1.49984			0.499886
137.369			1			1.49163			0.494384
186302			1			1.49924			0.499455
827.543			1			1.4244			0.447881
27293.8			1			1.49994			0.499959
83.8406			1			1.49718			0.497952
101841			1			1.49829			0.49867
33002.4			1			1.49832			0.498773
79.2188			1			1.45048			0.464021
277.687			1			1.4964			0.497272
37.7355			1			1.2478			0.324551
3.27189e+06			1			1.49645			0.497174
283.831			1			1.32501			0.37702
2489.69			1			1.06431			0.174684
252424			1			1.43227			0.44447
3319.25			1			1.49793			0.498511
45049.7			1			1.49951			0.499606
34843.3			1			1.5			0.499997
3512.96			1			1.49386			0.495508
524.421			1			1.49967			0.499787
6077.88			1			1.49649			0.497428
556803			1			1.49922			0.49944
364.058			1			1.49855			0.498999
2340.97			1			1.48551			0.490256
557.248			1			1.49988			0.499914
53470.3			1			1.49864			0.498926
312.787			1			1.49886			0.499221
462860			1			1.49987			0.499904
13753.2			1			1.49988			0.499902
41722.5			1			1.49801			0.498611
373281			1			1.49938			0.499574
1981.76			1			1.49911			0.499329
166691			1			1.49903			0.499282
10652.1			1			1.19967			0.280019
3293.15			1			1.00597			0.125912
5698.09			1			1.00231			0.144178
6209.13			1			1.00271			0.134541
31.4597			1			1.01789			0.167203
153904			1			1.43158			0.451129
1086.81			1			1.49985			0.49989
1617.2			1			1.49958			0.499735
8.69786			1			1.49782			0.498523
4162.77			1			1.15102			0.248803
1.91573e+06			1			1.00058			0.101018
191782			1			1.00229			0.101098
28001.5			1			1.03091			0.162526
203.59			1			1.03845			0.159691
18442.5			1			1.46738			0.478918
1.21256e+06			1			1.4995			0.499651
5750.4			1			1.4981			0.498525
5585.46			1			1.47001			0.476945
1051.76			1			1.408			0.437913
525587			1			1.4942			0.496723
944.108			1			1.22169			0.315791
1059.74			1			1.25444			0.331493
274526			1			1.00476			0.131078
2498.69			1			1.02114			0.131959
2398.07			1			1.03975			0.160313
1.36685e+07			1			1.0003			0.105888
189.847			1			1.00269			0.128457
5768.25			1			1.0339			0.152567
199.052			1			1.0037			0.159575
2128.88			1			1.00803			0.144986
1.68438e+07			1			1.00064			0.129432
4729.79			1			1.02112			0.159854
549.626			1			1.00546			0.11791
189514			1			1.3498			0.394028
1106.41			1			1.22627			0.297458
31132			1			1.00208			0.119351
160345			1			1.3746			0.409841
12883.8			1			1.49871			0.499092
202915			1			1.49821			0.498544
20912.8			1			1.49924			0.499361
13476.7			1			1.44822			0.457928
65395.3			1			1.49948			0.499631
13199.4			1			1.49483			0.496248
1355.08			1			1.49635			0.497516
24643.1			1			1.49507			0.495895
398616			1			1.49655			0.497009
118.742			1			1.4039			0.43201
11795.7			1			1.06545			0.1839
713.947			1			1.00716			0.141936
5.16621e+06			1			1.01858			0.133719
127597			1			1.26491			0.330222
53971.5			1			1.49996			0.499973
539.569			1			1.46805			0.478512
70211.3			1			1.4885			0.490782
126917			1			1.49838			0.498708
38.7018			1			1.49921			0.499457
30436.2			1			1.47097			0.480133
26811.1			1			1.49853			0.49894
29008.9			1			1.10044			0.223495
3.74774e+06			1			1.00019			0.109063
5509.79			1			1.0017			0.13424
24543.6			1			1.24			0.310466
417.149			1			1.45196			0.468919
337.303			1			1.14466			0.240425
63.4134			1			1.01542			0.152448
1604.15			1			1.00713			0.14986
37191.3			1			1.01651			0.131485
399678			1			1.00105			0.102383
807357			1			1.00033			0.122042
1010.04			1			1.00321			0.14901
112.973			1			1.01811			0.156891
276558			1			1.45817			0.47529
35921.8			1			1.49568			0.496461
49902.4			1			1.49953			0.499647
723.23			1			1.4838			0.488705
90460.4			1			1.49986			0.499892
345.797			1			1.27004			0.343176
12069.9			1			1.49904			0.499369
45152.8			1			1.24014			0.308588
431062			1			1.49963			0.4997
463.871			1			1.49589			0.497053
1.33681e+06			1			1.4999			0.499923
1009.25			1			1.49993			0.49995
1.21499e+06			1			1.49998			0.499981
129.029			1			1.49639			0.497381
31371.9			1			1.23654			0.306436
326199			1			1.00104			0.117218
65187.4			1			1.14922			0.245257
4999.38			1			1.49021			0.493677
1538.22			1			1.48631			0.489421
4711.97			1			1.46548			0.475453
140740			1			1.49947			0.499638
6514.5			1			1.4749			0.481052
48099.7			1			1.49701			0.497639
7181.04			1			1.47361			0.479531
262.05			1			1.49847			0.498804
1.00033e+06			1			1.08581			0.177332
2798.75			1			1.00925			0.136016
1.46952e+06			1			1.00748			0.134719
51484.8			1			1.00029			0.112311
1882.06			1			1.00275			0.144264
11970.2			1			1.07915			0.19006
15215.6			1			1.44175			0.457591
64150.3			1			1.49996			0.499972
8741.85			1			1.40891			0.43079
451.87			1			1.02609			0.162379
572154			1			1.42968			0.447624
3484.35			1			1.44229			0.457784
17416.4			1			1.20273			0.284292
6.13278e+06			1			1.00021			0.113392
30925			1			1.01203			0.148381
14330.8			1			1.02293			0.149283
1.85344e+08			1			1.0042			0.107551
320372			1			1.00363			0.0961137
3.75526e+06			1			1.05059			0.160071
1448.07			1			1.00168			0.140245
10.9251			1			1.01837			0.155532
273.939			1			1.08061			0.197417
284977			1			1.00177			0.132871
3.32428e+07			1			1.00023			0.100744
14487.7			1			1.00698			0.134459
10642.1			1			1.01171			0.121081
1.16159e+06			1			1.0005			0.122216
151.068			1			1.00154			0.149328
4509.93			1			1.2397			0.303448
64477.9			1			1.49919			0.499327
55.995			1			1.32404			0.372703
243.457			1			1.20787			0.297661
60232.2			1			1.49743			0.497926
1973.65			1			1.49928			0.499448
14578.1			1			1.49985			0.499886
1055.21			1			1.16298			0.261213
2872.61			1			1.44786			0.45676
105471			1			1.49547			0.496287
97.8296			1			1.49986			0.499902
67564.7			1			1.49981			0.499863
12567			1			1.35821			0.391323
286.028			1			1.00371			0.131902
789.014			1			1.02589			0.164679
5275.29			1			1.0062			0.13038
4.76424e+06			1			1.00961			0.128505
47628.1			1			1.01032			0.12628
34855.3			1			1.00141			0.124654
3.754e+06			1			1.00019			0.0927646
12251.6			1			1.00107			0.143622
4700.18			1			1.00631			0.146908
487431			1			1.00053			0.126864
142481			1			1.01038			0.125224
3094.42			1			1.00327			0.139966
179.83			1			1.13766			0.253012
9795.56			1			1.49952			0.499701
1369.08			1			1.49204			0.49446
78292.5			1			1.49909			0.499374
685.563			1			1.47474			0.481818
20876.2			1			1.49989			0.499918
225.084			1			1.49129			0.493642
49463.5			1			1.49946			0.499588
9141.16			1			1.47932			0.484587
905127			1			1.49663			0.497256
4.42887e+06			1			1.5			0.499996
512.772			1			1.49175			0.494334
1184.32			1			1.49379			0.495813
3214.36			1			1.326			0.381064
27058.2			1			1.00071			0.124248
181156			1			1.26275			0.323313
107552			1			1.49982			0.499854
365966			1			1.48541			0.488077
106.927			1			1.49086			0.492571
45857.1			1			1.43853			0.454419
10601.2			1			1.49999			0.499995
14.9595			1			1.24187			0.315836
14648.1			1			1.0159			0.143957
6679.94			1			1.04013			0.159103
15.6928			1			1.02634			0.178909
15780.2			1			1.34951			0.399958
37812.3			1			1.4998			0.499865
1.30539e+07			1			1.08792			0.176127
138644			1			1.02707			0.171429
116003			1			1.00138			0.113569
666.226			1			1.02512			0.154049
707.235			1			1.01446			0.145282
423.077			1			1.0092			0.153856
1956.97			1			1.01814			0.153136
256082			1			1.02446			0.159434
1.90092e+07			1			1.00017			0.100199
14196.7			1			1.0159			0.124319
1022.61			1			1.04771			0.191864
1.92201e+06			1			1.03755			0.141428
1.97425e+06			1			1.08498			0.168214
460023			1			1.49594			0.49738
25953			1			1.31089			0.359175
69.8448			1			1.06335			0.168337
556.22			1			1.126			0.236471
1296.48			1			1.01215			0.140799
86.5674			1			1.00388			0.146634
16.0853			1			1.08481			0.203726
12949			1			1.36383			0.390693
41.6192			1			1.33715			0.385493
6984.87			1			1.42816			0.449963
1135.51			1			1.49991			0.499943
5922			1			1.44064			0.45885
16916.4			1			1.49911			0.499328
28046			1			1.49422			0.495914
9927.07			1			1.48916			0.491853
967986			1			1.49958			0.499714
3023.41			1			1.49703			0.49796
518427			1			1.48644			0.490137
60.8648			1			1.49853			0.498852
590362			1			1.49928			0.499495
265.148			1			1.47021			0.476959
3479.31			1			1.07675			0.198542
2.16606			1			1.01608			0.192358
17.3853			1			1.08503			0.218444
4117.29			1			1.12483			0.229139
74986.8			1			1.26612			0.325097
252435			1			1.49307			0.495062
170.538			1			1.48346			0.486929
16553.1			1			1.4959			0.497596
28871.5			1			1.49789			0.498449
1684.36			1			1.49821			0.498662
692.531			1			1.48957			0.49189
1556.81			1			1.49797			0.498548
1145.78			1			1.49819			0.498649
33841.7			1			1.49747			0.49819
10488.1			1			1.47787			0.484223
246.582			1			1.4969			0.497741
115230			1			1.04895			0.146765
2.94517e+06			1			1.00061			0.128976
464.553			1			1.00353			0.151795
6244.75			1			1.00354			0.133654
427654			1			1.00199			0.0993697
35.8922			1			1.06825			0.204731
83333.7			1			1.46779			0.476742
103.177			1			1.3951			0.416532
2.11271e+06			1			1.48066			0.489297
467.725			1			1.48461			0.487789
230767			1			1.48902			0.491834
9100.51			1			1.49232			0.494303
35148.9			1			1.4942			0.495452
1646.71			1			1.48902			0.491959
83427			1			1.49915			0.499504
4168.97			1			1.24103			0.3189
14944.8			1			1.49528			0.496677
2027.3			1			1.44741			0.462369
9414.27			1			1.49702			0.498082
1156.47			1			1.48			0.484657
14028.5			1			1.49961			0.499705
5.73611e+06			1			1.12406			0.209183
819783			1			1.00134			0.116065
3584.5			1			1.00635			0.136602
20105.7			1			1.41296			0.436582
2925.77			1			1.49976			0.499812
54.6638			1			1.49859			0.499028
16348.2			1			1.49509			0.496422
10584.8			1			1.4976			0.498225
2109.91			1			1.49794			0.498347
4660.95			1			1.48621			0.490111
37775.7			1			1.4998			0.499859
53341.4			1			1.49996			0.499975
281.139			1			1.49806			0.49893
7540			1			1.48263			0.486593
419568			1			1.49997			0.49998
52.7809			1			1.49507			0.4962
6.78286e+06			1			1.49633			0.497527
1.86832			1			1.38624			0.424064
108488			1			1.47484			0.479677
290.209			1			1.4285			0.449392
159267			1			1.00356			0.132921
2.25568e+06			1			1.00038			0.117728
97.6486			1			1.00412			0.151764
155.131			1			1.02103			0.154822
5773.54			1			1.24728			0.319924
328459			1			1.49344			0.495025
51269.5			1			1.49577			0.496598
15831			1			1.49681			0.497857
2160.62			1			1.47413			0.480571
209296			1			1.19252			0.263223
21714.2			1			1.00251			0.137422
388589			1			1.00324			0.115272
2.38173e+07			1			1.00244			0.118296
4705.85			1			1.01336			0.124711
106.829			1			1.03588			0.170377
22649.8			1			1.0355			0.15242
10138.8			1			1.07269			0.198854
13783.5			1			1.00222			0.137113
109947			1			1.00813			0.14014
27257.9			1			1.00072			0.124815
1.40376e+06			1			1.00084			0.112347
2389.64			1			1.0033			0.135031
31642.9			1			1.46157			0.474005
37.4121			1			1.49178			0.494102
3131.11			1			1.10454			0.217401
8725.34			1			1.36145			0.389521
90778.1			1			1.48986			0.491096
1889.74			1			1.4651			0.473232
4.49721			1			1.15859			0.268077
21704.8			1			1.419			0.442621
27124.9			1			1.49629			0.497178
21752.4			1			1.49906			0.499272
126203			1			1.49682			0.497561
364.816			1			1.24738			0.302596
323308			1			1.00645			0.12232
1.19954e+06			1			1.00353			0.122417
125837			1			1.00034			0.121426
1332.9			1			1.00528			0.145886
70.7349			1			1.02315			0.181722
16489.6			1			1.26438			0.33687
34289.2			1			1.49998			0.499983
189098			1			1.49917			0.499406
500.198			1			1.49956			0.499714
629057			1			1.49658			0.497154
86088.8			1			1.49988			0.499916
3162.1			1			1.48596			0.490041
5016.99			1			1.49897			0.499227
580251			1			1.49153			0.493031
2067.78			1			1.49519			0.49671
24421.4			1			1.01271			0.127304
2.29313e+06			1			1.00477			0.13205
1286.66			1			1.00658			0.127272
1.24802e+06			1			1.01414			0.120542
3304.58			1			1.00899			0.131603
494041			1			1.00097			0.137477
30660.4			1			1.00085			0.107217
10960.3			1			1.0151			0.137993
207.696			1			1.01516			0.15594
152.589			1			1.01603			0.145743
6870.17			1			1.01693			0.134353
6101.42			1			1.02176			0.146714
7945.26			1			1.0032			0.148888
351175			1			1.0047			0.119606
58078.7			1			1.00326			0.133171
877.126			1			1.0265			0.165259
98722.6			1			1.00252			0.115216
6.74414			1			1.00832			0.155789
284.809			1			1.01134			0.160286
45133.2			1			1.05652			0.181018
17.5941			1			1.012			0.144051
28.5542			1			1.41579			0.440769
2.18221e+06			1			1.0587			0.160086
1608.24			1			1.00347			0.127216
1833.38			1			1.00511			0.15228
7798.93			1			1.08659			0.198947
7001.6			1			1.4979			0.498619
33.2832			1			1.39922			0.429772
66795.5			1			1.49441			0.496022
45279			1			1.49849			0.498978
3438.28			1			1.49975			0.499814
115.49			1			1.42826			0.45043
16830			1			1.49921			0.4995
2204.41			1			1.48855			0.491668
32632.3			1			1.49879			0.499137
5058.3			1			1.48452			0.488762
1770.66			1			1.49981			0.499885
3065.68			1			1.45347			0.466772
9548.62			1			1.22244			0.282696
1.10888e+07			1			1.001			0.100951
16294.3			1			1.00011			0.135551
942.115			1			1.00437			0.138103
103807			1			1.38835			0.418945
579.099			1			1.49585			0.496977
31065.5			1			1.49974			0.499863
43.7333			1			1.49187			0.494396
1917.7			1			1.49999			0.499991
84.237			1			1.16896			0.271844
120735			1			1.00366			0.128747
9.37484e+06			1			1.00161			0.128082
512418			1			1.00007			0.103125
27002			1			1.00074			0.114173
11816			1			1.00063			0.115847
718.047			1			1.00503			0.141808
542641			1			1.0091			0.131887
319.633			1			1.00499			0.134084
1737.34			1			1.00979			0.137904
8420.92			1			1.02499			0.152192
83865.1			1			1.00163			0.134348
61465.8			1			1.00584			0.131961
2568.58			1			1.00536			0.134224
9160.54			1			1.3335			0.383286
25542.5			1			1.49981			0.499857
1641.1			1			1.45339			0.464453
8.5915e+06			1			1.06214			0.177388
105.748			1			1.00544			0.146204
37254.9			1			1.38316			0.413447
642.739			1			1.49867			0.499147
211750			1			1.48405			0.488322
13200.9			1			1.49821			0.498618
44374			1			1.42676			0.44592
119838			1			1.00812			0.108934
20109.1			1			1.00207			0.120752
129932			1			1.00948			0.127247
870.367			1			1.01375			0.159821
166.732			1			1.00512			0.146457
1.10075e+07			1			1.00133			0.116163
1255.11			1			1.04939			0.192665
3733.8			1			1.02828			0.149003
49948.5			1			1.00545			0.134327
321828			1			1.27293			0.343351
3788.43			1			1.49999			0.499994
73049.5			1			1.49996			0.499974
38888.7			1			1.4969			0.497607
95383.4			1			1.49536			0.496327
1540.15			1			1.49134			0.493258
4972.46			1			1.09507			0.203907
261.383			1			1.40587			0.428909
185492			1			1.4314			0.452554
3804.58			1			1.49509			0.496666
61163.4			1			1.17358			0.26318
64917			1			1.5			0.499997
144594			1			1.20994			0.298548
33023.5			1			1.02094			0.136382
731.265			1			1.23644			0.316077
6267.79			1			1.4094			0.434506
53730.9			1			1.49911			0.499289
306.672			1			1.48306			0.487935
430.941			1			1.08715			0.205865
1509.85			1			1.00637			0.14194
1.60497e+07			1			1.00106			0.113602
36423.8			1			1.00332			0.155783
63493.7			1			1.00355			0.136366
1.03768e+06			1			1.00287			0.103938
92497.7			1			1.00206			0.126524
355455			1			1.31579			0.363105
183260			1			1.49995			0.499959
1364.08			1			1.49867			0.499099
979.076			1			1.48736			0.490493
856.203			1			1.49992			0.49994
1402.48			1			1.48528			0.489407
55942.3			1			1.49817			0.498519
614.294			1			1.32755			0.363712
246.628			1			1.05836			0.183968
99.2887			1			1.32619			0.379745
44157.6			1			1.49995			0.499963
9.62566			1			1.37747			0.413479
5999.24			1			1.43531			0.449919
27975.1			1			1.4999			0.499927
244006			1			1.49987			0.499905
620.956			1			1.49428			0.495548
10208.5			1			1.49901			0.499443
116106			1			1.49991			0.499927
15.5975			1			1.48075			0.486041
15558			1			1.49853			0.498981
2128.36			1			1.48968			0.492456
323.202			1			1.49967			0.4998
667.136			1			1.49889			0.499267
266279			1			1.49974			0.499799
1446.27			1			1.48474			0.488793
19303.7			1			1.49388			0.495802
8249.37			1			1.4995			0.499616
288783			1			1.47344			0.481672
242.334			1			1.49356			0.495799
2389.77			1			1.40059			0.423164
5300.65			1			1.49997			0.499978
41281.8			1			1.4973			0.498001
1531.64			1			1.49957			0.499691
23905.8			1			1.49062			0.493285
10.7507			1			1.45823			0.46829
4.59512e+08			1			1.03888			0.127428
44572.5			1			1.00025			0.120539
776.918			1			1.00105			0.166794
686.638			1			1.02285			0.147413
3.64974e+08			1			1.00097			0.0992142
950.895			1			1.13781			0.237002
1516.25			1			1.49996			0.499976
4.43295			1			1.46403			0.476528
360.204			1			1.03751			0.193228
299760			1			1.00158			0.145949
745922			1			1.08151			0.165217
1148.76			1			1.00075			0.154189
9485.29			1			1.00406			0.128199
3636.69			1			1.00141			0.135222
262.32			1			1.03618			0.175432
1.44829e+09			1			1.07489			0.17928
6040.49			1			1.00211			0.123379
1259.51			1			1.00217			0.135172
3935.87			1			1.00285			0.127033
25859			1			1.00616			0.139325
22132.9			1			1.00423			0.153541
1.90509e+06			1			1.00285			0.121666
8485.72			1			1.00031			0.140033
1425.32			1			1.02762			0.153656
3.44038e+06			1			1.00386			0.129462
217144			1			1.00031			0.106393
1.23202e+06			1			1.00027			0.112729
2065.16			1			1.03183			0.165877
1.42488e+07			1			1.00139			0.108524
106805			1			1.00043			0.114321
22975.4			1			1.00048			0.124631
2770.26			1			1.00144			0.146626
49.3241			1			1.00525			0.163391
452.961			1			1.11161			0.219022
930312			1			1.48219			0.490527
129.946			1			1.39875			0.433309
32431.7			1			1.01069			0.123536
190857			1			1.01958			0.13015
11047.8			1			1.00252			0.113321
1.30986e+06			1			1.00051			0.111926
867.483			1			1.03121			0.181874
131.651			1			1.15312			0.266072
6471.33			1			1.49985			0.4999
825.435			1			1.48971			0.4933
8631.58			1			1.49869			0.498996
15478.6			1			1.49993			0.499948
8312.71			1			1.28631			0.337345
24758.1			1			1.44446			0.458056
673.563			1			1.32701			0.369881
12494.8			1			1.0134			0.134818
85602			1			1.00683			0.149691
8766.43			1			1.21461			0.288855
2651.37			1			1.49807			0.498523
2599.21			1			1.49409			0.495912
3929.25			1			1.4994			0.499543
41266.6			1			1.2821			0.3354
461540			1			1.00069			0.126666
2.50841e+06			1			1.00003			0.107837
3034.15			1			1.2215			0.300275
3171.97			1			1.49992			0.499941
4516.02			1			1.21575			0.298553
22587.5			1			1.18202			0.282437
568.133			1			1.49847			0.49868
1147.83			1			1.08963			0.206285
34.633			1			1.04841			0.189481
92101.5			1			1.46069			0.471022
1.6608e+06			1			1.49982			0.499887
2988.24			1			1.40426			0.421971
981.601			1			1.04524			0.183163
22009.2			1			1.00185			0.119716
577.105			1			1.10464			0.218607
494.787			1			1.10707			0.207558
2928.72			1			1.00905			0.132878
6761.27			1			1.02864			0.171616
90204.6			1			1.49586			0.497369
45555			1			1.49995			0.499966
40.0753			1			1.49699			0.498318
70768.4			1			1.0704			0.169148
381.865			1			1.01568			0.146581
128171			1			1.01292			0.131731
17433.7			1			1.002			0.136497
217059			1			1.00895			0.114748
76282.4			1			1.10428			0.194994
75.5773			1			1.47488			0.482656
203.657			1			1.02785			0.157921
1645.64			1			1.06324			0.183382
31296.2			1			1.48131			0.487239
26.0184			1			1.49055			0.493743
64036.8			1			1.48874			0.491644
2454.99			1			1.49984			0.499877
210242			1			1.4927			0.49423
1223.53			1			1.49999			0.499991
1440.56			1			1.49466			0.496287
3814.76			1			1.49942			0.499584
9441.57			1			1.20793			0.275746
6.75797e+06			1			1.0005			0.101697
1.5527e+07			1			1.0002			0.114043
795164			1			1.00032			0.108432
52.4975			1			1.00928			0.130543
1354.15			1			1.0347			0.15345
179430			1			1.00062			0.129861
2.01581e+06			1			1.00095			0.119975
59461.4			1			1.00174			0.119161
122490			1			1.00369			0.136747
27394.5			1			1.00685			0.163621
2669.16			1			1.13226			0.211858
310247			1			1.47414			0.480226
0.499539			1			1.42236			0.448916
1.72682e+06			1			1.44945			0.468344
3664.18			1			1.49974			0.499827
24712.8			1			1.49935			0.499461
126059			1			1.26756			0.328066
792568			1			1.49776			0.498281
792.903			1			1.49142			0.493933
10573.4			1			1.49978			0.499842
2258.19			1			1.41693			0.439372
50880.6			1			1.49976			0.499822
1755.18			1			1.49969			0.499809
74.5662			1			1.49837			0.498867
944.193			1			1.49928			0.499546
87.8509			1			1.49785			0.498588
3100.87			1			1.49951			0.499632
63879.7			1			1.49922			0.499421
6241.51			1			1.49984			0.499876
8551.77			1			1.49631			0.497277
62.9959			1			1.40889			0.435446
224539			1			1.31388			0.369234
29675.5			1			1.45742			0.466716
4021.31			1			1.01523			0.149528
1.27621e+06			1			1.014			0.125546
157130			1			1.00019			0.136891
188207			1			1.00608			0.124167
4375.75			1			1.0008			0.121661
407.968			1			1.22318			0.309949
205950			1			1.07129			0.169434
1.26742e+06			1			1.0008			0.121114
882591			1			1.00087			0.120753
16465.8			1			1.00035			0.103599
1091.26			1			1.01596			0.147183
1.57239e+08			1			1.00157			0.111921
2.8603e+09			1			1.00001			0.107004
20782.3			1			1.0004			0.115715
2.39049e+06			1			1.0006			0.151962
943.793			1			1.00484			0.16071
316247			1			1.00231			0.108765
20029.4			1			1.00043			0.111941
40934.2			1			1.00032			0.13883
340137			1			1.00035			0.144301
3.214e+06			1			1.00075			0.105996
73522.6			1			1.03451			0.156732
15803.6			1			1.05134			0.160539
27058.4			1			1.00135			0.126297
9.36416e+06			1			1.00074			0.118057
112191			1			1.00041			0.105845
1.88688e+06			1			1.00476			0.136247
1299.26			1			1.10209			0.234366
4082.36			1			1.26829			0.322675
13922.4			1			1.01883			0.155385
268692			1			1.4849			0.49168
3257.28			1			1.48071			0.486708
39421.1			1			1.49927			0.49942
504.037			1			1.48176			0.486846
26236.3			1			1.49948			0.499659
81027.5			1			1.18069			0.263502
580449			1			1.00223			0.14308
1635.95			1			1.00168			0.116047
3004.97			1			1.00525			0.143466
219.921			1			1.00456			0.140135
3.15164e+07			1			1.00154			0.120239
139817			1			1.12965			0.208204
427613			1			1.48613			0.488774
122.733			1			1.49499			0.49715
130080			1			1.49135			0.493384
749.893			1			1.45662			0.467723
1.09909e+06			1			1.49069			0.49372
0.356261			1			1.42031			0.449623
166.098			1			1.38131			0.421026
1110.31			1			1.49843			0.498894
3046.63			1			1.49699			0.497884
453.748			1			1.49025			0.492744
1602.51			1			1.4997			0.499771
123.79			1			1.49975			0.499828
18619.9			1			1.49059			0.493467
4.13828			1			1.39162			0.430416
345.497			1			1.01044			0.146908
1524.1			1			1.00954			0.127643
13.8902			1			1.1162			0.236319
204622			1			1.46531			0.472402
110.719			1			1.49478			0.496375
139669			1			1.49862			0.498926
15.8519			1			1.27719			0.351943
4761.08			1			1.01084			0.149474
107454			1			1.00518			0.135197
1261.1			1			1.0009			0.144809
34346.6			1			1.00882			0.126428
11853.8			1			1.00305			0.117753
6.59078e+06			1			1.29208			0.343109
148.336			1			1.49916			0.499549
255.724			1			1.34795			0.392123
39881			1			1.30023			0.357205
5069.33			1			1.49707			0.497803
872061			1			1.4987			0.499094
2107.25			1			1.16682			0.269485
13922.1			1			1.42055			0.441281
9088.16			1			1.4998			0.499864
9169.66			1			1.49913			0.499338
1283.67			1			1.48199			0.488013
1.77125e+06			1			1.49563			0.496862
141528			1			1.49975			0.499834
2709.15			1			1.49142			0.493291
22103.9			1			1.4903			0.492151
38617.9			1			1.20709			0.301158
13144.5			1			1.48405			0.488855
16983.9			1			1.49969			0.499773
16.1517			1			1.26445			0.339496
2292.2			1			1.36051			0.403278
2210.51			1			1.49245			0.494269
17061.5			1			1.49674			0.49757
48.483			1			1.49848			0.498972
338645			1			1.49982			0.49987
19172.1			1			1.11662			0.226643
1368.61			1			1.00678			0.141552
3578.76			1			1.01164			0.126983
13829.3			1			1.00499			0.132977
103431			1			1.00055			0.128512
129.123			1			1.03774			0.16452
2878.5			1			1.36498			0.400683
425855			1			1.49991			0.499934
475180			1			1.44483			0.459432
192.561			1			1.05127			0.171325
417811			1			1.42166			0.440313
39235.7			1			1.48204			0.484226
23847.6			1			1.01183			0.133636
25.5986			1			1.01312			0.162644
1106.3			1			1.0159			0.146209
3043.92			1			1.03533			0.176936
14842			1			1.00339			0.12451
846751			1			1.00307			0.109129
684.934			1			1.01374			0.146629
46214.7			1			1.00832			0.128375
327228			1			1.00387			0.12672
844674			1			1.00188			0.123166
3087.88			1			1.20304			0.284842
2964.42			1			1.15404			0.256061
1.30782e+07			1			1.00071			0.105717
159827			1			1.00017			0.0967406
2148.06			1			1.04508			0.160171
1145.14			1			1.47448			0.48296
18764.8			1			1.49888			0.499247
5031.06			1			1.4993			0.499476
6284.48			1			1.49824			0.498714
862.947			1			1.4672			0.476377
4007.97			1			1.21288			0.28762
26537.4			1			1.27955			0.3609
692.419			1			1.49996			0.499968
267.253			1			1.25957			0.338515
1583.47			1			1.12356			0.221347
20084.4			1			1.2216			0.310856
1084.2			1			1.49983			0.499875
404628			1			1.23369			0.285473
773.878			1			1.00265			0.129437
245474			1			1.06753			0.185423
25.8436			1			1.00351			0.147087
66291.1			1			1.00071			0.1239
28.2178			1			1.0357			0.162046
6483.46			1			1.01045			0.153901
457778			1			1.00215			0.122594
489.226			1			1.01508			0.158282
2.84166e+06			1			1.00296			0.137039
140675			1			1.00017			0.126667
1.8305e+07			1			1.00344			0.129625
162.507			1			1.01388			0.15406
3.6545e+06			1			1.43648			0.454391
24.5957			1			1.46377			0.47666
2927.2			1			1.04916			0.17687
93.6657			1			1.01539			0.151377
3.17161e+06			1			1.01096			0.123754
3.74968e+07			1			1.00004			0.121675
190924			1			1.00035			0.11581
5.37738e+07			1			1.00171			0.0997009
1.74853e+06			1			1.00002			0.0981094
24937.6			1			1.00076			0.13355
36264.9			1			1.16013			0.250047
25505.5			1			1.00268			0.133487
3.99391e+06			1			1.00281			0.0915359
8347.73			1			1.00555			0.12974
508.245			1			1.01901			0.15765
21219.1			1			1.0213			0.155079
19297.4			1			1.0109			0.140649
9636.39			1			1.01492			0.127621
3182.55			1			1.00044			0.114117
91193.4			1			1.00168			0.139632
49.8732			1			1.06772			0.191908
10442.5			1			1.48904			0.492907
16363.1			1			1.49976			0.49983
42659.8			1			1.49943			0.499538
2362.55			1			1.49936			0.499547
581.203			1			1.49023			0.492648
44636.6			1			1.49599			0.496909
24436.1			1			1.3161			0.368416
8044.95			1			1.00708			0.150326
466616			1			1.31863			0.369172
424.124			1			1.49947			0.499686
8757.66			1			1.25064			0.310013
115540			1			1.00128			0.133011
105597			1			1.00049			0.121104
2.10101e+07			1			1.33878			0.390186
328.07			1			1.4428			0.460613
2.34383e+06			1			1.00693			0.126926
14106.5			1			1.02018			0.130558
2002.96			1			1.35068			0.383484
11271.8			1			1.49437			0.496446
4770.3			1			1.17457			0.248248
363.045			1			1.14924			0.247668
2088.31			1			1.49978			0.499836
656.275			1			1.49512			0.496821
340496			1			1.49949			0.499728
1551.31			1			1.49768			0.49817
182994			1			1.05204			0.16705
42.609			1			1.03346			0.157184
1.27481e+06			1			1.22434			0.298757
18335.5			1			1.49969			0.499775
3.71155e+06			1			1.14511			0.227613
200.692			1			1.01074			0.131653
21641.3			1			1.40132			0.427827
1410.33			1			1.49799			0.498871
560169			1			1.48669			0.489939
6440.13			1			1.29058			0.344972
4.87927e+07			1			1.00117			0.11012
11065.8			1			1.00054			0.115481
19550.6			1			1.00489			0.118542
4806.33			1			1.00069			0.137229
6.43231e+06			1			1.00166			0.110819
17.0904			1			1.00305			0.139001
142572			1			1.00331			0.129794
19750.5			1			1.00371			0.119831
86405.3			1			1.05557			0.164105
94.2847			1			1.06166			0.197432
6578.86			1			1.11272			0.236324
21086			1			1.49662			0.497793
6230.29			1			1.48088			0.486156
140185			1			1.49861			0.499128
125.618			1			1.48565			0.490276
7635.17			1			1.47282			0.479633
3207.62			1			1.4865			0.491074
3.93972e+08			1			1.0448			0.150289
3557.91			1			1.00558			0.135731
1616.88			1			1.1037			0.210306
13831.7			1			1.00215			0.121116
4.5087e+06			1			1.00072			0.123868
708.113			1			1.00107			0.132365
599079			1			1.0043			0.123737
117057			1			1.00084			0.105479
87158.3			1			1.04109			0.171032
8.00351e+06			1			1.00927			0.117315
7137.72			1			1.0017			0.127338
1.23536e+07			1			1.00422			0.115289
7775.39			1			1.00612			0.140252
1.44925e+06			1			1.00046			0.140844
1521.46			1			1.0017			0.143171
3572.29			1			1.25463			0.316964
40139			1			1.49995			0.499963
16.881			1			1.28158			0.34707
10695.5			1			1.20687			0.298466
147.499			1			1.49034			0.492033
68.8547			1			1.14206			0.233426
2972.09			1			1.05594			0.180452
27015.3			1			1.01492			0.1453
1.82435e+07			1			1.00114			0.0943017
3447.18			1			1.00485			0.124019
187.868			1			1.26549			0.326462
346870			1			1.49857			0.498937
2694.15			1			1.49964			0.499745
4487.58			1			1.49897			0.499303
154.752			1			1.36004			0.400486
92344.5			1			1.49665			0.497359
7.77177			1			1.32261			0.382532
9099.67			1			1.4932			0.495485
43.49			1			1.45138			0.464816
6.82116e+06			1			1.49964			0.499702
70037.8			1			1.27896			0.322625
3851.87			1			1.35707			0.405141
34151			1			1.49914			0.499315
2179.32			1			1.43711			0.457287
8718.17			1			1.4984			0.499011
20296.2			1			1.49995			0.499967
6268.01			1			1.49899			0.499235
6722.88			1			1.48885			0.491627
12167.7			1			1.49982			0.499877
86122.1			1			1.49989			0.499932
4218.19			1			1.49957			0.499706
176200			1			1.49794			0.498466
67.2413			1			1.4448			0.460471
151462			1			1.49922			0.49949
7263.27			1			1.49745			0.498489
15710.1			1			1.48916			0.492721
150894			1			1.49991			0.499943
2.24065e+06			1			1.13758			0.200308
9928.28			1			1.10505			0.203676
2.16173e+06			1			1.00047			0.11214
1.41709e+06			1			1.00004			0.0950896
284570			1			1.00023			0.107815
175.608			1			1.20536			0.287872
1.49379e+06			1			1.473			0.480544
26.2362			1			1.49937			0.499599
1536.83			1			1.28107			0.346519
2857.04			1			1.49602			0.49761
25658.6			1			1.486			0.489181
6858.51			1			1.49958			0.499714
13409.5			1			1.49697			0.497854
22283.4			1			1.4997			0.499784
199.917			1			1.49927			0.499468
214.814			1			1.44181			0.456022
6290.25			1			1.45405			0.465351
20949.9			1			1.49949			0.499615
121.713			1			1.32511			0.37465
9.05284e+06			1			1.45789			0.469631
6584.63			1			1.49998			0.499984
117.735			1			1.35339			0.381413
4302.82			1			1.00408			0.13494
20465.5			1			1.00286			0.130253
339603			1			1.04242			0.143183
49846.3			1			1.49391			0.496416
206663			1			1.30836			0.350882
163.669			1			1.02996			0.162057
37541			1			1.39876			0.428018
29.8441			1			1.44621			0.464869
6.82149			1			1.1055			0.217199
513.145			1			1.1498			0.245778
333699			1			1.4841			0.488833
1303.12			1			1.4902			0.492713
293620			1			1.06704			0.183458
54870			1			1.00445			0.121834
3.49063e+06			1			1.0001			0.10609
4.63278e+06			1			1.00026			0.10894
26738.4			1			1.00043			0.128807
1281.6			1			1.00168			0.129591
197934			1			1.37818			0.414821
1126.38			1			1.49952			0.499687
907.362			1			1.42208			0.451528
501.437			1			1.42371			0.439141
55519.4			1			1.24342			0.318131
1880.45			1			1.49428			0.49539
3065.08			1			1.472			0.478983
3813.27			1			1.49636			0.497384
142.719			1			1.49666			0.497658
1647.75			1			1.49487			0.49649
16095.4			1			1.49922			0.499453
1354.92			1			1.49615			0.497176
20558.1			1			1.49799			0.498663
624.246			1			1.43169			0.446128
53268.8			1			1.03359			0.152868
503.478			1			1.02373			0.162698
185.116			1			1.02001			0.153821
1436.19			1			1.20405			0.30813
5044.49			1			1.49991			0.499935
74.959			1			1.46321			0.473513
1573.54			1			1.49798			0.498746
199626			1			1.49963			0.499751
91.1746			1			1.49861			0.499049
820.934			1			1.36827			0.402467
49.7017			1			1.47066			0.480924
703.463			1			1.46848			0.477906
7178.14			1			1.49974			0.499794
6037.65			1			1.49296			0.495368
203.188			1			1.499			0.499338
389.319			1			1.36303			0.407566
2360.54			1			1.49985			0.499886
159.31			1			1.48712			0.49101
37637.2			1			1.49972			0.499781
25476.2			1			1.21362			0.291082
288.541			1			1.01277			0.160554
1137.98			1			1.04094			0.154092
2.99832e+08			1			1.0011			0.0965865
23210.8			1			1.00934			0.13877
525.383			1			1.05911			0.181148
179.021			1			1.21722			0.302104
5814.05			1			1.49557			0.496901
1074.2			1			1.40379			0.422469
57054.8			1			1.41561			0.438071
21792.2			1			1.49998			0.499987
2.20241e+06			1			1.47639			0.482019
73966.6			1			1.4891			0.490764
3.08835e+06			1			1.01942			0.135583
143.871			1			1.00314			0.142528
37065.8			1			1.28693			0.344654
569765			1			1.49992			0.499941
145078			1			1.49957			0.499684
8673.16			1			1.49957			0.499667
368.861			1			1.49024			0.493765
9198.58			1			1.49961			0.499719
9127.44			1			1.49003			0.49217
3131.68			1			1.49936			0.499544
1585.9			1			1.49905			0.499247
378.227			1			1.49907			0.499409
279.783			1			1.4998			0.499862
160.497			1			1.40823			0.43566
1166.51			1			1.49913			0.499335
17035.5			1			1.45118			0.463178
541565			1			1.49982			0.499881
1559.35			1			1.37332			0.410548
1079.52			1			1.00154			0.14516
1.84982e+06			1			1.0178			0.160233
3645.07			1			1.01335			0.125671
304331			1			1.47938			0.485666
209.53			1			1.49856			0.498912
1244.15			1			1.12595			0.223259
1.64377e+06			1			1.00178			0.110623
34118.6			1			1.3336			0.368954
146723			1			1.5			0.499999
1547.51			1			1.49984			0.499858
22.6575			1			1.38974			0.421763
5693.78			1			1.49983			0.499887
216.558			1			1.30365			0.35995
869.188			1			1.29882			0.36654
1696.01			1			1.49639			0.497577
37.36			1			1.48085			0.48611
3104.08			1			1.48569			0.489778
242.525			1			1.49262			0.49493
1.15991e+07			1			1.49995			0.499968
54.3315			1			1.35224			0.399668
6.20112e+06			1			1.46406			0.47388
42.5617			1			1.49922			0.499471
374394			1			1.49994			0.49996
109123			1			1.30103			0.333772
337.633			1			1.00062			0.141577
16965.5			1			1.00887			0.131967
394.624			1			1.02793			0.154557
89281			1			1.00484			0.129348
284884			1			1.00747			0.119283
661578			1			1.00237			0.140342
1.21125e+08			1			1.00938			0.109051
24.197			1			1.00793			0.165477
855.576			1			1.01217			0.143968
6213.95			1			1.46127			0.472557
712.728			1			1.49689			0.497871
3019.08			1			1.49872			0.499179
2182.34			1			1.49124			0.493466
808.091			1			1.49921			0.499439
101810			1			1.49553			0.496666
171868			1			1.49849			0.498914
90305.6			1			1.49307			0.49456
3.17829e+06			1			1.17895			0.264496
986.913			1			1.00557			0.139969
2.57117e+06			1			1.00085			0.104312
15983.4			1			1.00342			0.152387
741491			1			1.00033			0.126481
448784			1			1.00043			0.126644
25.5216			1			1.0648			0.195033
1820.07			1			1.37734			0.420524
133.417			1			1.24438			0.327073
37554.6			1			1.09423			0.197678
1.29226e+06			1			1.00026			0.105341
14015.4			1			1.00046			0.137681
9301.31			1			1.00124			0.136457
7.78539e+06			1			1.00034			0.0927123
4.80817e+06			1			1.00002			0.0948796
169650			1			1.00019			0.121786
566150			1			1.00026			0.130844
1347.19			1			1.0459			0.17164
20643.5			1			1.03925			0.153771
64245.5			1			1.00007			0.11083
8159.57			1			1.02338			0.150156
499.765			1			1.00641			0.133325
25177.2			1			1.31093			0.363202
7559.34			1			1.49993			0.499955
519.703			1			1.18113			0.266265
16895.6			1			1.38734			0.427136
84.329			1			1.49987			0.499921
1221.02			1			1.31527			0.379824
12896			1			1.49955			0.499708
352679			1			1.39334			0.426611
637.576			1			1.49738			0.498181
767.878			1			1.26374			0.339347
437.727			1			1.49864			0.49906
536.346			1			1.1411			0.242467
21483.3			1			1.4993			0.499593
38631.3			1			1.49976			0.49982
754.221			1			1.49984			0.499913
5061.82			1			1.49907			0.499389
119842			1			1.48866			0.490871
105.763			1			1.49237			0.494854
554444			1			1.49599			0.497276
323.891			1			1.38968			0.41796
43521.8			1			1.14663			0.235681
3343.41			1			1.49985			0.499902
4277.89			1			1.49933			0.499544
43.5227			1			1.45745			0.471354
105355			1			1.49998			0.499987
6135.53			1			1.49842			0.498808
6.30617e+07			1			1.25136			0.307537
109422			1			1.00034			0.13234
2.35103e+06			1			1.00081			0.10198
1587.44			1			1.00917			0.165269
668020			1			1.4729			0.480698
939.219			1			1.49701			0.497954
3091.77			1			1.48995			0.493062
42048.9			1			1.15866			0.234165
70.0079			1			1.05189			0.194979
140206			1			1.49893			0.499304
8823.27			1			1.27227			0.323241
592.874			1			1.13917			0.234881
237344			1			1.4953			0.496492
3.56955			1			1.40839			0.439948
12.1798			1			1.26768			0.348352
120793			1			1.49992			0.499946
50.9542			1			1.38128			0.411621
16342.3			1			1.41333			0.437702
2862.57			1			1.48535			0.489322
1607.9			1			1.09222			0.191305
55.1659			1			1.01085			0.156953
2493.47			1			1.00826			0.147619
1543.61			1			1.00599			0.141004
107095			1			1.00332			0.119789
1.75897e+06			1			1.00079			0.0943575
2108.35			1			1.00072			0.134033
1017.36			1			1.00952			0.140428
41065.3			1			1.0249			0.133457
13627.1			1			1.00216			0.113014
2.63637e+06			1			1.00011			0.106428
158584			1			1.00025			0.10283
2.07103e+06			1			1.00104			0.110352
2.68585e+09			1			1.00001			0.10971
73144			1			1.00156			0.099736
94157.3			1			1.00442			0.126099
427726			1			1.02853			0.138879
277.689			1			1.03357			0.179893
105436			1			1.0084			0.134202
526991			1			1.00068			0.116124
709960			1			1.01655			0.135446
10888.8			1			1.00297			0.138145
22556.8			1			1.00685			0.130951
3.89465e+06			1			1.00182			0.134992
65980.1			1			1.00009			0.106531
4495.24			1			1.00173			0.128501
16926.7			1			1.00457			0.134558
33925			1			1.00295			0.130134
1.43842e+06			1			1.23457			0.295341
618442			1			1.49999			0.499991
54.8604			1			1.47206			0.480231
58.1677			1			1.36961			0.413532
24892.9			1			1.49961			0.499765
2.43264e+06			1			1.28771			0.337865
5.52172e+06			1			1.00016			0.0966572
6.17932e+07			1			1.00025			0.0950579
11655.5			1			1.00033			0.137099
2112.63			1			1.02865			0.154687
4097.05			1			1.12772			0.227778
1583.15			1			1.07981			0.202042
2939.55			1			1.04511			0.167409
154403			1			1.0058			0.115268
514.732			1			1.09462			0.198668
641560			1			1.32361			0.378678
1207.04			1			1.4809			0.483635
8.19073e+06			1			1.49177			0.494371
5.60456			1			1.49609			0.497172
68.3154			1			1.47692			0.484551
169249			1			1.49722			0.498127
2012.95			1			1.47708			0.483559
13077.1			1			1.23517			0.314329
30860.5			1			1.49977			0.499829
405.132			1			1.27435			0.326193
108.569			1			1.02505			0.16358
96.4093			1			1.19281			0.284882
204874			1			1.49778			0.498643
9575.94			1			1.49453			0.496484
9359.53			1			1.49945			0.499598
22923.2			1			1.38786			0.421762
526.758			1			1.4995			0.499577
2060.85			1			1.44078			0.465327
1910.05			1			1.49995			0.499964
65724.1			1			1.49241			0.495643
9521.57			1			1.5			0.499998
5649.1			1			1.49806			0.498699
6455.12			1			1.44836			0.463089
2061.75			1			1.47767			0.482615
