5.0688e+63
8.55167e+63
4.98537e+63
1.41802e+64
1.41802e+64
2.33511e+64
7.63484e+64
1.0088e+65
1.0088e+65
1.0088e+65
5.67498e+64
1.48478e+65
4.98528e+64
1.50971e+64
1.56347e+64
1.85681e+64
3.67383e+64
3.67383e+64
3.67383e+64
9.55374e+64
3.39977e+65
3.39977e+65
3.39977e+65
3.04747e+65
3.24866e+65
3.8387e+65
5.50211e+65
1.50677e+66
1.79925e+66
1.79925e+66
2.14956e+66
2.14956e+66
1.65983e+66
1.65983e+66
1.65983e+66
1.65983e+66
1.65983e+66
1.85244e+66
1.39888e+66
2.04129e+66
2.90029e+66
8.4444e+66
3.46094e+66
2.75951e+66
8.64793e+66
4.50335e+66
8.49233e+66
9.33104e+66
9.36772e+66
9.36772e+66
2.49529e+67
4.97112e+67
9.90861e+67
9.90861e+67
1.05903e+68
3.46218e+67
3.46218e+67
6.69784e+67
1.91066e+68
7.08291e+68
1.22717e+69
3.99331e+68
2.47796e+68
2.47796e+68
5.50458e+68
1.19493e+69
1.19493e+69
1.19493e+69
4.43885e+69
1.69084e+70
1.69084e+70
1.69084e+70
6.20923e+69
1.05677e+70
1.60638e+70
1.09503e+70
2.94696e+70
1.07583e+71
2.74955e+71
1.32144e+71
1.32144e+71
1.32144e+71
2.31747e+71
1.32056e+71
1.32056e+71
4.98735e+70
1.96823e+70
2.60122e+70
3.32102e+70
1.02416e+71
3.14594e+71
1.04222e+71
1.04919e+71
1.49093e+71
5.14587e+70
5.98791e+70
4.43368e+70
1.22495e+71
1.38387e+71
4.23387e+71
1.33648e+71
1.33648e+71
4.21629e+71
4.21629e+71
3.85122e+71
3.85122e+71
3.85122e+71
1.29248e+72
5.00173e+72
2.05679e+73
6.3304e+73
6.3304e+73
6.08116e+73
6.08116e+73
6.08116e+73
1.49386e+74
4.3401e+74
4.3401e+74
4.3401e+74
4.3401e+74
4.3401e+74
4.3401e+74
1.36427e+75
7.80103e+74
2.47802e+75
3.93847e+75
3.93847e+75
3.93847e+75
3.93847e+75
4.58441e+75
1.55308e+76
1.55308e+76
3.75932e+76
5.19359e+76
5.19359e+76
3.03828e+76
7.17667e+76
1.68259e+77
1.40041e+77
6.10007e+76
2.04417e+76
1.86834e+76
1.85858e+76
4.18343e+76
4.18343e+76
1.16399e+77
1.2114e+77
7.25514e+76
4.87446e+76
4.87446e+76
4.87446e+76
1.65982e+77
1.65982e+77
4.49641e+76
1.01752e+77
5.83923e+76
1.66811e+76
1.66811e+76
1.66811e+76
1.66811e+76
1.66811e+76
8.18058e+75
1.79463e+76
1.79463e+76
6.03114e+76
6.03114e+76
2.03679e+77
2.03679e+77
2.03679e+77
2.03679e+77
5.82448e+76
5.82448e+76
5.82448e+76
9.20815e+76
2.64947e+76
2.64947e+76
1.20763e+76
7.90768e+75
2.94093e+75
3.27521e+75
3.27521e+75
1.7206e+75
4.55416e+75
3.31034e+75
3.31034e+75
5.43426e+75
2.28326e+75
2.28326e+75
2.18175e+75
6.30988e+75
5.6974e+75
1.02899e+76
2.62387e+76
2.62387e+76
5.87486e+76
2.14812e+77
5.65624e+77
9.54998e+77
1.7924e+78
5.75877e+77
3.87598e+77
3.87598e+77
3.87598e+77
1.68736e+77
6.97483e+76
8.9182e+76
4.08006e+76
1.61735e+77
1.61735e+77
3.95585e+76
1.50918e+76
2.37534e+76
8.28103e+76
8.28103e+76
2.32139e+76
8.47624e+76
3.31419e+77
8.91536e+76
8.91536e+76
8.91536e+76
8.91536e+76
8.91536e+76
2.76718e+76
1.79657e+76
1.23126e+76
2.44899e+76
2.53209e+76
6.09065e+76
1.12534e+77
1.21145e+77
4.71278e+76
7.67973e+76
7.67973e+76
1.44136e+77
1.44136e+77
3.64015e+77
3.36826e+77
3.36826e+77
9.39483e+77
9.39483e+77
8.48288e+77
2.01642e+78
8.0457e+77
1.83156e+78
6.28088e+78
6.28088e+78
6.28088e+78
2.12872e+79
1.36328e+79
1.80555e+79
4.04237e+79
1.17443e+80
3.55867e+80
2.91347e+80
8.72312e+80
6.38135e+80
6.38135e+80
1.80564e+80
6.65311e+80
6.65311e+80
7.96744e+80
3.75281e+80
1.4219e+81
4.73945e+81
1.87466e+81
4.85346e+80
1.83106e+80
5.56201e+80
1.49572e+80
5.55378e+80
2.02063e+81
6.93873e+81
6.93873e+81
8.42776e+81
2.0262e+82
7.37716e+82
2.34624e+83
9.22089e+83
4.1272e+83
6.29551e+83
4.90485e+83
4.94959e+83
1.81439e+84
9.5383e+83
2.50423e+83
8.16615e+83
9.5994e+83
5.18602e+83
1.69559e+83
1.69559e+83
3.45986e+83
1.95311e+83
1.24499e+83
4.07492e+83
4.07492e+83
1.12762e+83
3.9809e+83
3.9809e+83
4.56796e+83
4.56796e+83
1.87821e+83
7.1922e+83
2.6243e+84
2.91174e+84
1.30538e+84
1.5199e+84
1.43336e+84
1.43336e+84
1.43336e+84
1.43336e+84
1.5098e+84
2.27863e+84
2.27863e+84
8.91923e+84
7.47093e+84
3.62274e+84
8.30684e+84
8.30684e+84
8.30684e+84
8.30684e+84
2.28057e+84
2.28057e+84
9.74204e+83
9.74204e+83
3.15742e+83
3.15742e+83
3.15742e+83
7.76921e+82
1.28756e+83
1.28756e+83
3.64361e+83
3.05317e+83
3.05317e+83
5.68312e+83
5.68312e+83
5.68312e+83
3.39736e+83
7.50313e+83
7.50313e+83
2.13022e+83
2.13022e+83
3.84966e+83
6.20103e+83
2.28304e+84
9.39028e+84
3.39071e+85
1.39043e+86
1.39043e+86
3.47587e+86
3.75559e+86
5.75087e+86
5.75087e+86
5.75087e+86
4.47742e+86
4.47742e+86
1.36915e+87
1.28913e+87
4.54124e+86
1.63352e+87
1.63352e+87
1.1306e+87
1.03702e+87
1.03702e+87
1.03702e+87
1.93594e+87
6.76065e+87
1.85974e+87
1.85974e+87
5.50831e+86
5.50831e+86
2.20685e+86
2.20685e+86
1.91511e+86
1.06829e+86
8.01963e+85
2.94819e+86
2.94819e+86
2.94819e+86
9.71145e+86
5.28528e+86
2.76147e+86
6.5447e+86
6.5447e+86
6.5447e+86
6.5447e+86
2.47228e+87
3.57748e+87
2.26184e+87
6.81048e+87
2.56339e+87
9.18751e+87
9.18751e+87
2.71639e+88
2.71639e+88
2.71639e+88
2.71639e+88
2.71639e+88
1.10144e+89
1.10144e+89
1.10144e+89
3.50108e+89
3.50108e+89
3.50108e+89
4.86302e+89
4.26789e+89
4.26789e+89
1.03495e+90
3.27891e+90
3.27891e+90
3.27891e+90
3.42641e+90
5.44357e+90
2.19572e+91
2.19572e+91
2.19572e+91
6.18175e+90
2.67384e+90
9.74357e+90
3.098e+91
1.25305e+92
3.47804e+92
1.16555e+93
1.8738e+93
3.15649e+93
4.32517e+93
4.32517e+93
1.774e+94
1.774e+94
4.85411e+93
7.79611e+93
9.26892e+93
9.26892e+93
9.26892e+93
5.02259e+93
5.02259e+93
5.02259e+93
5.02259e+93
7.05258e+93
2.74433e+93
2.78149e+93
7.38452e+92
2.59489e+93
2.59489e+93
2.59489e+93
2.59489e+93
2.59489e+93
6.30143e+92
1.65201e+92
5.81151e+92
5.81151e+92
5.81151e+92
1.44094e+92
1.44094e+92
6.88112e+91
9.27694e+91
4.39779e+91
1.61327e+91
1.61327e+91
1.61327e+91
1.61327e+91
4.95972e+91
2.61528e+91
6.33687e+90
6.33687e+90
6.33687e+90
2.56867e+90
1.79411e+90
1.79411e+90
1.79411e+90
1.79411e+90
1.79411e+90
7.1939e+90
7.1939e+90
5.38955e+90
3.48923e+90
3.48923e+90
3.48923e+90
3.48923e+90
1.69321e+90
1.69321e+90
4.36511e+90
1.59059e+91
5.9217e+91
1.10463e+92
2.74585e+91
2.74585e+91
1.72616e+91
1.72616e+91
1.87127e+91
1.6373e+91
7.76132e+90
2.54718e+90
8.40435e+90
8.40435e+90
2.05632e+90
8.51337e+90
8.51337e+90
2.30859e+90
7.73548e+89
2.50855e+90
7.49649e+89
7.49649e+89
3.0374e+90
4.54688e+90
3.22821e+90
5.84903e+90
4.96295e+90
4.96295e+90
1.18208e+90
1.18208e+90
4.14918e+89
6.34027e+89
6.34027e+89
2.15049e+90
6.16355e+90
6.16355e+90
3.55908e+90
3.55908e+90
3.55908e+90
3.55908e+90
3.55908e+90
3.55908e+90
8.56522e+90
1.51691e+91
1.76844e+91
7.30858e+91
1.76721e+91
1.76721e+91
1.73521e+91
1.41911e+91
1.41911e+91
1.41911e+91
1.41911e+91
8.00249e+90
8.00249e+90
3.26517e+91
5.12525e+91
1.9092e+92
2.65907e+92
1.69335e+92
1.40484e+92
5.08719e+92
5.08719e+92
5.08719e+92
5.08719e+92
5.08719e+92
5.08719e+92
5.08719e+92
2.18486e+92
2.18486e+92
1.21811e+92
1.21811e+92
1.21811e+92
2.89899e+92
5.39994e+92
5.39994e+92
1.07659e+93
2.85654e+92
2.85654e+92
2.85654e+92
2.46047e+92
2.46047e+92
6.08914e+91
6.08914e+91
2.19615e+92
2.19615e+92
1.6382e+92
1.6382e+92
4.26215e+91
4.26215e+91
1.47703e+91
1.47703e+91
1.47703e+91
4.31435e+91
1.02486e+92
1.02486e+92
1.02486e+92
1.02486e+92
1.39928e+92
1.59713e+92
1.59713e+92
1.59713e+92
1.59713e+92
2.85111e+92
2.85111e+92
7.10426e+91
3.86789e+91
3.86789e+91
3.1925e+91
4.94138e+91
9.15925e+91
9.15925e+91
9.15925e+91
2.41257e+91
8.96038e+91
8.96038e+91
3.60558e+92
3.60558e+92
9.24202e+92
4.73381e+92
5.69747e+92
1.44947e+92
3.76302e+91
1.45803e+92
1.45803e+92
5.15892e+92
1.71119e+93
1.71119e+93
1.71119e+93
1.71119e+93
3.07374e+93
9.89059e+93
2.62632e+93
2.62632e+93
1.03024e+94
1.03024e+94
1.4651e+94
1.4651e+94
5.02054e+93
1.41415e+93
1.03109e+93
2.88433e+92
9.21095e+92
9.21095e+92
3.33176e+93
3.33176e+93
3.33176e+93
3.33176e+93
9.04263e+93
2.38337e+94
2.38337e+94
7.00741e+93
7.00741e+93
2.26997e+94
2.26997e+94
2.26997e+94
4.00886e+94
1.09616e+94
1.25934e+94
1.5548e+94
7.08894e+93
2.39164e+93
8.48008e+93
2.10865e+93
2.10865e+93
2.10865e+93
5.11299e+92
1.9285e+93
1.9285e+93
1.68184e+93
2.39837e+93
2.39837e+93
2.39837e+93
6.4262e+92
6.4262e+92
6.4262e+92
6.4262e+92
6.4262e+92
6.4262e+92
6.4262e+92
2.10387e+93
2.10387e+93
7.2517e+92
7.2517e+92
2.98366e+93
1.59903e+93
4.98608e+93
4.98608e+93
3.35966e+93
3.35966e+93
4.53798e+93
1.43133e+93
4.83121e+93
4.83121e+93
4.83121e+93
1.13881e+93
4.36175e+93
1.71915e+94
1.71915e+94
6.87454e+93
4.45012e+93
8.91118e+93
2.19432e+93
2.19432e+93
2.19432e+93
2.19432e+93
1.30457e+93
7.26563e+92
7.26563e+92
6.3846e+92
9.85463e+92
9.85463e+92
4.04882e+93
4.04882e+93
4.04882e+93
4.04882e+93
4.04882e+93
4.04882e+93
1.75572e+93
9.38564e+92
9.75558e+92
2.66396e+92
2.66396e+92
1.15215e+92
2.85074e+92
2.85074e+92
1.05055e+92
5.28843e+91
5.28843e+91
2.22153e+92
2.22153e+92
8.20255e+91
6.54801e+91
6.54801e+91
1.63955e+91
2.61671e+91
1.06639e+92
4.29082e+92
6.72208e+92
6.72208e+92
6.72208e+92
6.72208e+92
6.72208e+92
2.52357e+93
2.52357e+93
2.52357e+93
2.52357e+93
7.25547e+92
1.9185e+93
5.77708e+93
1.09713e+94
4.03372e+93
4.03372e+93
1.37305e+93
5.13531e+92
1.35667e+92
2.22252e+92
3.61255e+92
1.74659e+92
4.92303e+92
2.68517e+92
2.68517e+92
2.68517e+92
6.97832e+91
6.97832e+91
1.76883e+91
1.76883e+91
1.76883e+91
4.33277e+91
9.58536e+91
2.81614e+92
1.09915e+92
3.29726e+91
2.42314e+91
2.42314e+91
8.77157e+91
1.56237e+92
4.27137e+92
4.27137e+92
4.27137e+92
2.73289e+92
3.75088e+92
5.72097e+92
5.72097e+92
5.72097e+92
3.54243e+92
3.54243e+92
3.54243e+92
2.44749e+92
7.01636e+91
5.50204e+91
1.68692e+91
6.34303e+91
6.34303e+91
2.61574e+92
2.61574e+92
2.61574e+92
8.6587e+91
8.6587e+91
2.97037e+91
7.37667e+91
2.51529e+92
7.28857e+91
1.48457e+92
5.16531e+92
5.16531e+92
2.65111e+92
3.1102e+92
4.38956e+92
1.52509e+93
1.8017e+93
6.57798e+93
6.57798e+93
2.21122e+93
2.21122e+93
8.68213e+93
2.35239e+93
6.19849e+92
6.19849e+92
2.38407e+93
7.49138e+92
7.49138e+92
2.34203e+92
3.12369e+92
1.11029e+93
2.86213e+92
2.86213e+92
1.07345e+92
1.07345e+92
1.07345e+92
2.32216e+92
7.77997e+92
2.12476e+93
2.12476e+93
2.12476e+93
3.63253e+93
1.46285e+94
1.46285e+94
2.0539e+94
7.1938e+93
8.94685e+93
8.94685e+93
8.94685e+93
8.94685e+93
2.16674e+93
2.16674e+93
6.21036e+92
1.53622e+93
5.09402e+93
5.09402e+93
2.01224e+94
2.01224e+94
5.67579e+93
5.67579e+93
1.55522e+93
4.63954e+92
5.95653e+92
8.00346e+92
4.73154e+92
4.73154e+92
1.32843e+93
1.32843e+93
1.32843e+93
8.32142e+92
8.32142e+92
8.32142e+92
3.32532e+92
3.32532e+92
3.32532e+92
3.32532e+92
3.32532e+92
3.32532e+92
3.32532e+92
3.32532e+92
3.32532e+92
3.32532e+92
9.15504e+92
2.78761e+93
2.78761e+93
2.78761e+93
1.04243e+93
4.96376e+92
1.828e+93
1.828e+93
1.828e+93
1.10691e+93
1.10691e+93
2.72352e+92
2.48987e+92
2.48987e+92
6.30507e+92
6.30507e+92
6.30507e+92
2.57836e+93
2.57836e+93
2.57836e+93
2.57836e+93
7.59475e+92
2.65303e+93
8.03043e+93
1.99959e+93
5.85235e+92
5.85235e+92
5.85235e+92
5.85235e+92
5.85235e+92
3.35339e+92
4.9489e+92
1.0613e+93
1.0613e+93
4.04798e+93
4.04798e+93
1.12125e+93
1.58621e+93
1.58621e+93
1.58621e+93
1.3955e+93
5.21632e+92
2.42583e+92
2.42583e+92
2.42583e+92
2.42583e+92
9.03879e+91
2.57086e+92
1.00631e+93
1.00631e+93
4.00143e+93
4.00143e+93
4.00143e+93
4.00143e+93
6.82436e+93
2.16786e+94
8.75594e+94
8.75594e+94
8.75594e+94
1.43024e+95
3.48293e+94
3.48293e+94
3.40922e+94
3.40922e+94
1.45288e+94
1.45288e+94
3.5785e+93
3.5785e+93
9.84226e+92
2.38813e+92
2.38813e+92
2.38813e+92
2.38813e+92
8.05878e+91
8.05878e+91
8.05878e+91
8.05878e+91
2.97429e+92
2.97429e+92
1.11848e+92
2.38142e+92
2.38142e+92
1.07987e+92
3.54618e+91
3.54618e+91
9.7092e+90
3.87999e+90
9.16312e+90
9.16312e+90
2.28555e+90
3.48952e+90
5.37232e+90
4.02547e+90
4.02547e+90
4.02547e+90
1.24987e+91
1.24987e+91
1.24987e+91
1.24987e+91
5.01562e+91
5.01562e+91
5.01562e+91
1.25336e+91
1.25336e+91
4.75607e+91
1.25597e+91
1.25597e+91
1.25597e+91
1.25597e+91
3.90096e+91
3.90096e+91
1.18566e+91
2.35412e+91
2.35412e+91
2.52335e+91
2.52335e+91
2.52335e+91
1.03828e+92
3.79618e+92
1.06621e+92
2.95146e+91
2.95146e+91
2.95146e+91
2.95146e+91
2.95146e+91
9.07174e+90
3.08239e+90
1.02525e+90
3.25952e+90
2.88386e+90
2.88386e+90
2.88386e+90
3.77934e+90
9.80924e+90
9.80924e+90
3.30353e+91
1.29953e+91
3.75627e+91
1.57139e+92
1.57139e+92
1.57139e+92
3.51294e+92
5.90774e+92
5.90774e+92
1.52105e+93
1.52105e+93
1.06107e+93
3.73371e+92
1.45209e+93
1.45209e+93
3.6094e+92
3.6094e+92
1.42921e+93
1.42921e+93
3.80238e+92
3.80238e+92
1.57243e+93
1.57243e+93
1.57243e+93
5.1291e+92
5.1291e+92
5.1291e+92
1.81579e+93
1.81579e+93
4.40606e+93
1.35404e+93
1.35404e+93
1.35404e+93
1.35404e+93
1.35404e+93
4.82959e+93
4.82959e+93
4.82959e+93
1.4132e+94
4.03303e+93
2.46738e+93
1.92753e+93
5.90533e+93
5.90533e+93
1.17847e+94
1.17847e+94
1.17847e+94
1.09417e+94
1.09417e+94
3.00268e+93
3.00268e+93
1.23883e+93
4.20434e+93
4.20434e+93
4.20434e+93
3.31096e+93
3.31096e+93
1.03343e+94
1.03343e+94
3.49262e+94
1.39662e+94
2.58679e+94
1.39718e+94
3.7216e+93
3.7216e+93
3.7216e+93
1.41693e+94
1.41693e+94
3.41695e+93
3.41695e+93
1.1256e+93
1.1256e+93
1.1256e+93
2.87447e+92
2.07159e+92
2.07159e+92
2.07159e+92
2.07159e+92
2.07159e+92
2.07159e+92
1.21916e+92
1.21916e+92
1.21916e+92
1.21916e+92
1.21916e+92
1.21916e+92
1.21916e+92
1.21916e+92
1.21916e+92
1.21916e+92
1.69752e+92
2.8289e+92
2.8289e+92
2.8289e+92
2.8289e+92
7.43361e+92
7.43361e+92
8.78041e+92
8.78041e+92
8.78041e+92
3.30949e+92
2.44618e+92
6.84734e+91
6.84734e+91
2.12291e+91
3.70296e+91
9.62747e+90
3.72287e+90
1.18941e+91
3.44632e+90
7.26882e+90
6.33107e+90
1.25376e+91
3.98244e+90
3.98244e+90
1.05224e+90
3.214e+89
3.214e+89
3.214e+89
3.214e+89
3.214e+89
3.214e+89
3.214e+89
3.214e+89
5.65159e+89
5.65159e+89
5.65159e+89
5.65159e+89
1.97893e+90
1.73798e+90
1.79811e+90
1.79811e+90
1.79811e+90
1.79811e+90
7.7408e+89
7.7408e+89
2.40381e+89
6.45125e+88
2.63475e+88
2.63475e+88
1.96144e+88
4.55374e+88
4.55374e+88
1.49412e+88
3.50552e+88
2.57673e+88
2.95547e+88
2.10943e+88
8.30163e+88
2.36579e+89
6.89968e+89
7.45143e+89
3.04894e+89
7.25737e+88
7.25737e+88
7.25737e+88
7.25737e+88
4.55127e+88
1.44063e+89
5.21474e+89
5.21474e+89
4.35181e+89
2.90131e+89
2.90131e+89
7.57411e+88
7.57411e+88
3.54977e+88
3.54977e+88
3.54977e+88
1.14946e+88
7.99338e+87
1.94523e+87
5.16608e+86
5.16608e+86
5.16608e+86
5.16608e+86
5.16608e+86
5.16608e+86
5.16608e+86
6.97368e+86
2.00118e+87
2.00118e+87
2.00118e+87
2.00118e+87
4.69247e+87
4.69247e+87
2.85217e+87
2.85217e+87
7.5299e+87
2.68941e+88
3.83034e+88
1.45769e+88
4.61738e+87
3.04336e+87
7.38485e+87
1.18929e+88
3.1898e+88
6.21101e+88
1.51446e+88
6.1975e+88
1.73142e+88
3.74918e+88
1.02411e+89
1.02411e+89
4.87185e+88
1.05949e+89
1.05949e+89
1.99028e+89
1.99028e+89
5.3993e+88
1.77924e+89
4.18613e+89
8.72683e+89
8.72683e+89
2.73759e+89
6.0931e+89
1.77808e+90
4.47165e+89
4.47165e+89
3.61736e+89
4.1042e+89
4.1042e+89
1.24575e+89
3.90335e+89
2.56849e+89
7.49777e+88
7.49777e+88
7.49777e+88
7.49777e+88
2.08883e+89
2.08883e+89
2.08883e+89
5.02421e+88
5.02421e+88
2.00668e+88
7.58878e+87
1.02456e+88
1.02456e+88
3.88207e+87
3.88207e+87
3.90847e+87
7.36305e+87
1.58297e+88
4.14721e+88
4.14721e+88
1.32038e+89
5.131e+89
2.69653e+89
8.71519e+88
8.71519e+88
3.08627e+88
8.71505e+88
2.48484e+88
2.48484e+88
6.60226e+88
2.46838e+89
2.46838e+89
1.25916e+89
1.25916e+89
1.25916e+89
5.00937e+89
1.82518e+89
5.74151e+89
5.74151e+89
5.74151e+89
5.74151e+89
5.74151e+89
5.74151e+89
5.74151e+89
1.02204e+90
6.36244e+89
6.36244e+89
6.36244e+89
6.36244e+89
8.46682e+89
8.46682e+89
8.46682e+89
3.42011e+90
1.22169e+91
1.22169e+91
4.63833e+91
4.63833e+91
4.63833e+91
4.63833e+91
3.57465e+91
3.57465e+91
1.03824e+92
1.03824e+92
2.85277e+92
2.85277e+92
3.58418e+92
3.58418e+92
3.58418e+92
1.40538e+92
4.55523e+92
1.30458e+92
5.21347e+91
8.59576e+91
3.35733e+91
8.54478e+90
5.65564e+90
1.91299e+91
1.91299e+91
4.92265e+90
1.59134e+90
5.00266e+89
1.67045e+90
2.08205e+90
2.08205e+90
7.96471e+90
7.96471e+90
5.24792e+90
1.81561e+90
1.81561e+90
6.95041e+90
6.95041e+90
2.69133e+91
7.12424e+90
1.7758e+90
1.24888e+90
2.38217e+90
2.38217e+90
2.38217e+90
2.38217e+90
6.63392e+90
6.63392e+90
1.96658e+90
1.96658e+90
7.15137e+90
2.69547e+91
2.69547e+91
6.68592e+90
6.68592e+90
2.41588e+91
4.09793e+91
1.50508e+92
4.78879e+91
4.78879e+91
4.78879e+91
4.78879e+91
1.24353e+92
1.24353e+92
4.11714e+91
1.0495e+92
3.21421e+91
7.29621e+91
2.66936e+92
2.66936e+92
1.91289e+92
1.91289e+92
2.75477e+92
1.09226e+93
3.90673e+92
3.90673e+92
3.90673e+92
3.90673e+92
3.90673e+92
1.07618e+93
1.07618e+93
1.07618e+93
1.07618e+93
1.56551e+93
1.56551e+93
1.56551e+93
4.02643e+92
4.02643e+92
4.02643e+92
4.02643e+92
4.02643e+92
5.34477e+92
5.34477e+92
5.34477e+92
1.37425e+92
3.6879e+91
3.6879e+91
3.6879e+91
1.15312e+92
4.7409e+92
4.7409e+92
1.93737e+93
1.93737e+93
1.93737e+93
1.93737e+93
1.93737e+93
6.19285e+93
6.19285e+93
1.96273e+94
4.98072e+93
1.89096e+93
7.38624e+93
3.52495e+93
9.08663e+93
9.08663e+93
3.41427e+93
1.14196e+94
1.14196e+94
1.14196e+94
8.13281e+93
1.76155e+94
5.09095e+93
1.5126e+94
3.9227e+93
3.9227e+93
3.9227e+93
2.75601e+93
2.75601e+93
1.04855e+94
1.04855e+94
1.04855e+94
1.04855e+94
1.04855e+94
1.04855e+94
1.04855e+94
1.04855e+94
1.04855e+94
1.04855e+94
1.04855e+94
1.04855e+94
1.04855e+94
6.18985e+93
1.80876e+94
1.80876e+94
1.80876e+94
5.23514e+93
1.70106e+94
6.85137e+94
1.86713e+94
1.86713e+94
4.42661e+93
4.42661e+93
1.2816e+93
4.64449e+93
1.12109e+93
4.69423e+93
4.69423e+93
4.69423e+93
1.48579e+93
6.1961e+92
1.3671e+93
1.3671e+93
3.54754e+93
1.41711e+94
1.41711e+94
7.5673e+93
7.5673e+93
7.5673e+93
2.09283e+93
2.27367e+93
1.72932e+93
1.72932e+93
1.72932e+93
1.72932e+93
1.278e+93
1.278e+93
1.67853e+93
5.9548e+93
1.5201e+93
1.5201e+93
1.5201e+93
3.941e+92
3.941e+92
1.1345e+93
5.80845e+92
5.80845e+92
1.83404e+92
5.73032e+91
5.73032e+91
2.1773e+92
2.1773e+92
3.48847e+92
1.18096e+92
1.18096e+92
1.18096e+92
1.18096e+92
4.78345e+92
1.16541e+92
4.30471e+92
4.30471e+92
1.05701e+92
1.05701e+92
3.70531e+91
3.70531e+91
3.70531e+91
3.70531e+91
1.40899e+91
4.72221e+91
2.60596e+91
1.34335e+91
5.81636e+90
5.81636e+90
5.81636e+90
1.42703e+90
5.28619e+90
6.34933e+90
6.34933e+90
6.34933e+90
6.34933e+90
1.9638e+91
1.95787e+91
1.95787e+91
6.59092e+91
1.95081e+91
3.31568e+91
3.31568e+91
2.19618e+91
8.20187e+91
2.27058e+91
8.53188e+91
8.53188e+91
8.53188e+91
2.41586e+91
1.06523e+91
1.27331e+91
1.27331e+91
9.0277e+90
2.40984e+91
6.62656e+90
1.92665e+90
5.98268e+89
4.87788e+89
1.02097e+90
1.02097e+90
1.02097e+90
1.02097e+90
1.02097e+90
1.02097e+90
2.7187e+89
2.7187e+89
2.7187e+89
2.7187e+89
7.68147e+89
7.68147e+89
7.68147e+89
2.32621e+89
5.69323e+89
5.69323e+89
7.24975e+89
7.72517e+89
7.72517e+89
3.0382e+90
3.0382e+90
8.61105e+89
8.61105e+89
2.25788e+90
5.6631e+89
1.60066e+89
1.60066e+89
1.60066e+89
3.25432e+89
1.1904e+90
4.62958e+90
4.62958e+90
1.48748e+91
1.48748e+91
2.42938e+91
2.42938e+91
2.42938e+91
9.95766e+91
9.95766e+91
3.35607e+91
1.23844e+92
1.057e+92
1.63251e+92
5.73238e+92
7.78163e+92
3.45374e+92
2.57606e+92
1.32071e+92
4.68714e+92
6.5106e+92
6.5106e+92
6.5106e+92
6.5106e+92
2.47424e+93
2.47424e+93
6.98055e+92
6.98055e+92
6.98055e+92
6.98055e+92
2.09419e+92
6.82686e+92
6.82686e+92
1.7684e+92
1.7684e+92
6.52367e+92
1.63921e+92
4.26076e+92
8.89989e+92
8.79232e+92
8.79232e+92
3.22849e+92
1.87315e+92
1.87315e+92
6.92333e+92
6.92333e+92
2.52337e+92
2.52337e+92
9.71361e+92
3.45405e+93
3.45405e+93
8.93057e+92
2.72594e+92
2.72594e+92
2.72594e+92
1.76107e+92
4.88283e+91
1.66029e+92
1.66029e+92
1.66029e+92
4.8975e+92
4.8975e+92
7.10109e+92
2.45088e+93
9.99334e+93
2.87403e+94
4.9213e+94
8.4908e+94
6.94361e+94
6.94361e+94
1.8591e+95
6.94528e+95
6.94528e+95
6.94528e+95
6.94528e+95
6.94528e+95
6.94528e+95
6.94528e+95
6.94528e+95
2.09951e+95
7.1227e+95
7.1227e+95
7.1227e+95
7.1227e+95
7.1227e+95
7.1227e+95
7.1227e+95
2.76416e+95
2.28085e+95
3.47668e+95
3.47668e+95
7.76435e+95
7.76435e+95
2.59149e+95
2.59149e+95
2.59149e+95
7.66523e+95
7.66523e+95
7.66523e+95
3.12303e+96
3.12303e+96
1.12827e+97
3.88466e+96
1.70976e+96
5.36455e+96
8.35212e+96
2.55281e+96
2.55281e+96
6.45937e+95
6.45937e+95
2.21666e+95
5.85125e+94
5.85125e+94
1.54771e+94
1.54771e+94
1.54771e+94
1.54771e+94
4.50405e+94
6.80269e+94
1.86632e+94
1.86632e+94
1.86632e+94
6.64315e+94
2.4969e+95
2.4969e+95
2.4969e+95
2.4969e+95
2.4969e+95
2.4969e+95
2.4969e+95
2.4969e+95
2.4969e+95
6.27774e+94
6.27774e+94
6.27774e+94
2.50108e+95
7.44748e+94
1.19897e+95
1.19897e+95
1.19897e+95
2.99238e+94
2.99238e+94
8.66305e+94
2.41023e+95
2.41023e+95
2.41023e+95
2.41023e+95
6.55759e+94
6.55759e+94
6.55759e+94
1.72799e+94
1.72799e+94
1.26232e+94
2.6842e+94
2.6842e+94
2.6842e+94
1.27372e+94
1.27372e+94
4.96754e+94
4.96754e+94
1.47667e+95
1.47667e+95
1.01703e+95
4.81434e+94
4.81434e+94
4.81434e+94
4.81434e+94
4.81434e+94
3.84314e+94
1.86361e+94
1.86361e+94
7.47271e+94
7.47271e+94
3.03276e+95
3.03276e+95
1.17279e+96
4.16148e+96
1.4728e+96
1.4728e+96
1.4728e+96
1.4728e+96
1.4728e+96
1.4728e+96
5.53066e+96
5.53066e+96
5.53066e+96
2.04724e+97
1.09592e+97
1.09592e+97
3.45729e+97
9.32821e+96
3.60128e+97
3.60128e+97
3.60128e+97
1.44413e+98
3.85453e+97
3.85453e+97
1.69736e+97
5.5418e+97
1.42913e+97
1.42913e+97
1.42913e+97
1.70922e+97
8.05764e+96
3.16815e+96
7.68209e+96
7.8084e+96
7.8084e+96
7.8084e+96
7.8084e+96
7.8084e+96
7.8084e+96
8.90191e+96
8.90191e+96
8.90191e+96
3.08882e+97
8.17558e+96
2.3852e+96
2.70662e+96
2.20417e+96
8.33936e+96
2.04972e+96
2.04972e+96
2.04972e+96
2.04972e+96
2.04972e+96
2.04972e+96
2.04972e+96
2.04972e+96
2.04972e+96
2.04972e+96
5.40348e+95
1.69882e+95
5.16759e+94
1.26189e+94
1.26189e+94
1.26189e+94
1.82953e+94
1.82953e+94
6.36033e+93
6.36033e+93
6.36033e+93
6.36033e+93
2.24172e+93
5.6555e+92
5.6555e+92
1.76084e+93
5.34477e+93
5.34477e+93
1.82562e+93
5.27554e+93
1.3206e+93
3.45733e+93
5.92661e+93
2.09739e+94
2.09739e+94
2.47588e+94
6.84555e+93
6.84555e+93
1.63026e+93
1.63026e+93
4.76185e+92
1.23086e+93
3.9292e+93
3.9292e+93
1.57043e+94
5.7151e+93
3.23439e+93
3.26908e+93
3.30254e+93
3.30254e+93
3.30254e+93
3.30254e+93
3.30254e+93
3.30254e+93
3.30254e+93
8.77564e+92
2.4834e+93
6.1329e+92
1.97863e+92
1.97863e+92
1.97863e+92
6.24145e+92
2.30554e+92
2.30554e+92
5.77225e+91
5.77225e+91
3.48305e+91
3.25154e+91
3.98262e+91
3.98262e+91
3.98262e+91
3.98262e+91
1.15446e+92
4.56818e+92
1.77033e+93
1.77033e+93
1.77033e+93
4.71999e+92
1.77642e+92
1.77642e+92
1.77642e+92
5.95257e+92
2.41005e+92
7.85805e+91
2.0068e+92
1.36415e+92
6.08411e+91
1.48832e+91
1.48832e+91
1.48832e+91
1.48832e+91
1.48832e+91
1.48832e+91
1.48832e+91
1.48832e+91
1.48832e+91
1.48832e+91
1.55581e+91
1.00261e+91
3.82738e+91
3.82738e+91
3.82738e+91
1.36424e+92
5.55397e+92
5.55397e+92
5.55397e+92
2.14311e+92
2.14311e+92
2.14311e+92
2.14311e+92
7.20499e+91
7.20499e+91
7.20499e+91
7.20499e+91
7.20499e+91
7.20499e+91
1.95498e+92
1.95498e+92
1.44854e+92
1.44854e+92
5.73217e+92
2.17137e+92
2.17137e+92
5.41552e+91
5.41552e+91
1.4219e+91
1.4219e+91
5.24338e+91
4.28491e+91
1.27718e+92
1.27718e+92
1.27718e+92
3.12593e+92
3.12593e+92
3.12593e+92
4.67389e+92
4.99642e+92
4.99642e+92
4.99642e+92
4.99642e+92
4.99642e+92
4.99642e+92
1.60648e+92
1.60648e+92
6.59767e+92
4.55429e+92
3.79045e+92
9.06173e+92
1.28786e+93
3.4259e+92
1.07914e+92
1.07914e+92
1.07914e+92
4.55987e+92
4.55987e+92
4.55987e+92
1.1977e+93
1.1977e+93
3.53164e+93
1.12102e+93
2.7546e+93
8.56778e+92
2.2684e+93
2.2684e+93
2.2684e+93
2.2684e+93
7.24809e+92
3.81842e+92
4.35498e+92
4.35498e+92
4.35498e+92
4.00311e+92
4.00311e+92
1.17317e+92
1.17317e+92
4.44336e+91
1.47433e+92
1.47433e+92
2.34383e+92
6.1489e+91
6.1489e+91
2.29571e+92
2.29571e+92
2.29571e+92
7.72345e+92
2.21622e+93
2.09349e+93
2.09349e+93
2.09349e+93
7.46153e+93
7.46153e+93
3.72926e+93
8.81824e+93
8.81824e+93
8.81824e+93
1.00339e+94
1.54404e+94
5.64184e+94
1.48733e+95
7.16502e+94
1.59891e+95
1.59891e+95
1.59891e+95
1.59891e+95
1.59891e+95
5.87086e+95
5.87086e+95
5.87086e+95
2.20505e+96
7.22126e+95
2.19518e+96
2.19518e+96
7.39408e+95
7.39408e+95
2.94672e+96
2.94672e+96
1.84467e+96
1.81648e+96
1.95807e+96
1.95807e+96
1.95807e+96
2.02982e+96
2.02982e+96
2.02982e+96
2.02982e+96
1.34233e+96
1.34233e+96
1.34233e+96
1.34233e+96
1.34233e+96
3.61252e+95
3.61252e+95
3.61252e+95
3.61252e+95
1.0615e+95
3.05786e+95
7.41128e+95
7.41128e+95
1.86291e+95
6.11697e+94
2.31962e+95
5.77304e+95
5.77304e+95
5.77304e+95
5.77304e+95
6.56714e+95
6.56714e+95
1.80572e+95
1.80572e+95
5.87203e+95
1.63899e+95
1.63899e+95
1.63899e+95
1.63899e+95
3.95562e+94
3.95562e+94
1.50595e+95
1.50595e+95
1.50595e+95
1.50595e+95
4.21986e+94
4.21986e+94
2.61561e+94
1.06635e+95
1.06635e+95
1.06635e+95
1.62125e+95
4.42908e+95
3.47074e+95
3.47074e+95
3.47074e+95
8.01233e+95
2.62156e+95
9.90711e+94
3.00329e+95
5.11511e+95
5.11511e+95
5.11511e+95
2.92247e+95
2.92247e+95
1.16506e+95
4.8108e+95
4.8108e+95
4.8108e+95
4.8108e+95
1.79157e+96
1.79157e+96
5.74221e+95
5.74221e+95
1.82513e+96
1.82513e+96
6.61584e+96
2.07032e+96
2.07032e+96
2.07032e+96
2.19618e+96
2.2111e+96
2.2111e+96
7.63366e+96
7.63366e+96
7.63366e+96
7.63366e+96
7.63366e+96
7.63366e+96
2.14844e+96
7.53534e+96
1.95797e+96
5.17332e+95
5.17332e+95
1.86032e+96
6.04211e+95
6.04211e+95
9.9186e+95
9.9186e+95
9.9186e+95
3.68649e+96
1.12208e+97
3.93107e+97
5.62367e+97
5.62367e+97
2.14754e+98
7.885e+98
7.885e+98
7.885e+98
7.885e+98
2.52334e+99
2.52334e+99
7.11229e+98
9.60204e+98
9.60204e+98
2.39891e+99
2.39891e+99
7.86247e+98
7.86247e+98
3.18989e+99
3.18989e+99
3.18989e+99
2.01652e+99
2.01652e+99
2.01652e+99
5.69671e+98
5.69671e+98
3.46141e+98
3.46141e+98
3.46141e+98
3.46141e+98
2.73109e+98
2.73109e+98
1.09898e+99
1.09898e+99
1.09898e+99
1.09898e+99
1.09898e+99
1.09898e+99
1.09898e+99
2.8117e+98
2.8117e+98
8.14718e+97
3.35775e+98
9.09478e+97
5.72013e+97
5.72013e+97
3.38562e+97
3.38562e+97
3.38562e+97
3.38562e+97
1.06981e+97
1.06981e+97
6.35468e+96
6.35468e+96
6.35468e+96
6.35468e+96
1.80576e+97
1.80576e+97
1.80576e+97
1.80576e+97
1.80576e+97
6.28324e+96
1.49094e+97
1.49094e+97
5.63523e+96
1.36463e+96
4.06405e+96
4.06405e+96
4.06405e+96
4.06405e+96
1.42803e+96
2.76825e+96
2.76825e+96
1.12111e+97
3.86596e+97
1.81313e+97
2.06804e+97
5.14932e+96
1.29197e+96
1.29197e+96
2.36593e+96
2.36593e+96
2.36593e+96
2.36593e+96
2.36593e+96
2.36593e+96
2.36593e+96
2.36593e+96
2.36593e+96
2.36593e+96
9.44981e+95
5.59441e+95
1.40234e+95
5.60987e+94
8.58704e+94
2.85712e+95
4.21081e+95
1.07561e+95
1.07561e+95
4.21045e+95
2.42513e+95
9.8326e+94
1.25179e+95
4.73436e+95
4.73436e+95
1.26466e+95
1.26466e+95
9.0968e+94
9.0968e+94
3.17274e+94
1.07089e+95
1.07089e+95
4.01085e+95
1.53145e+96
1.22976e+96
1.22976e+96
1.22976e+96
1.22976e+96
1.22976e+96
1.22976e+96
1.2796e+96
1.2796e+96
1.2796e+96
3.13407e+95
3.13407e+95
9.29243e+95
2.81509e+96
2.81509e+96
8.55556e+95
5.88464e+95
1.95154e+96
7.48193e+96
7.48193e+96
7.48193e+96
2.32073e+96
2.32073e+96
2.32073e+96
2.32073e+96
2.32073e+96
6.32376e+95
1.42346e+96
1.01224e+96
1.01224e+96
6.74768e+95
1.82512e+96
1.82512e+96
5.20207e+96
1.51621e+96
1.51621e+96
4.26325e+95
5.17981e+95
3.09202e+95
9.02516e+95
3.8075e+96
3.8075e+96
3.8075e+96
3.8075e+96
6.67777e+96
2.70667e+97
1.56517e+97
5.89147e+97
5.89147e+97
5.89147e+97
5.89147e+97
1.1857e+98
1.1857e+98
3.92475e+98
1.56675e+99
1.56675e+99
1.56675e+99
3.83273e+99
1.18248e+99
3.36643e+98
3.36643e+98
9.81031e+97
9.81031e+97
3.04261e+97
3.04261e+97
3.04261e+97
3.32843e+97
3.32843e+97
3.32843e+97
3.32843e+97
1.02488e+97
2.85606e+97
2.85606e+97
2.85606e+97
2.85606e+97
2.85606e+97
2.85606e+97
1.35377e+97
2.56781e+97
2.56781e+97
3.94021e+97
3.94021e+97
1.54031e+98
6.25156e+97
1.82696e+98
1.82696e+98
1.82696e+98
3.88573e+98
4.53496e+98
4.53496e+98
1.07799e+98
1.07799e+98
1.07799e+98
4.23841e+98
2.25066e+98
2.25066e+98
3.09024e+98
3.09024e+98
3.09024e+98
8.15986e+97
8.15986e+97
4.36984e+97
4.36984e+97
4.36984e+97
1.18414e+97
1.18414e+97
4.9114e+97
2.2527e+97
1.54127e+97
5.56835e+97
5.56835e+97
1.91501e+98
5.24318e+97
3.11674e+97
3.11674e+97
8.92816e+96
2.26905e+97
7.46435e+96
2.68089e+97
1.09872e+98
3.72861e+97
1.67652e+97
1.67652e+97
1.67652e+97
4.02826e+96
4.02826e+96
1.44869e+97
1.90148e+97
1.90148e+97
7.38754e+97
1.63623e+98
5.90192e+98
5.90192e+98
3.97474e+98
3.97474e+98
1.63074e+99
1.63074e+99
1.04149e+99
1.04149e+99
3.65542e+98
3.65542e+98
3.65542e+98
3.65542e+98
3.65542e+98
6.90739e+98
6.90739e+98
1.99533e+99
5.39017e+98
1.89855e+99
1.89855e+99
7.28666e+98
9.34663e+98
2.38555e+98
8.53011e+98
3.36237e+99
3.36237e+99
3.36237e+99
5.00849e+99
5.44308e+99
1.64566e+99
1.64566e+99
1.64566e+99
1.64566e+99
2.21879e+99
2.21879e+99
2.21879e+99
2.21879e+99
7.675e+99
7.675e+99
1.94086e+99
2.07427e+99
3.26067e+99
3.26067e+99
8.02334e+98
8.02334e+98
2.0907e+98
2.0907e+98
3.16326e+98
4.11009e+98
4.11009e+98
1.47294e+99
4.06321e+98
4.06321e+98
6.23069e+98
6.23069e+98
6.23069e+98
1.66136e+98
2.77409e+98
4.64293e+98
9.20994e+98
9.20994e+98
2.5397e+98
8.33648e+98
8.33648e+98
4.34925e+98
4.34925e+98
1.56317e+98
1.56317e+98
1.56317e+98
5.4856e+97
5.4856e+97
1.38315e+98
3.86449e+97
3.86449e+97
3.86449e+97
3.86449e+97
9.56682e+96
2.36681e+97
2.15825e+97
2.15825e+97
2.15825e+97
2.15825e+97
1.1049e+97
1.1049e+97
1.1049e+97
1.1049e+97
3.56191e+97
3.56191e+97
3.56191e+97
3.56191e+97
2.45168e+97
3.21191e+97
3.21191e+97
8.27998e+96
8.27998e+96
2.93701e+96
2.93701e+96
2.93701e+96
5.7851e+96
5.7851e+96
5.7851e+96
2.00924e+97
8.42515e+97
2.60598e+98
2.60598e+98
2.60598e+98
2.60598e+98
2.60598e+98
1.42786e+98
6.72597e+97
6.72597e+97
6.72597e+97
2.72456e+98
2.72456e+98
3.74635e+98
3.74635e+98
3.04438e+98
3.04438e+98
3.04438e+98
8.63805e+98
3.17313e+99
1.17014e+100
1.17014e+100
1.17014e+100
1.17014e+100
1.17014e+100
1.17014e+100
1.17014e+100
2.49633e+100
9.37555e+99
9.37555e+99
9.37555e+99
2.17421e+100
5.00898e+100
5.00898e+100
1.83185e+100
5.72584e+99
5.72584e+99
5.72584e+99
5.72584e+99
1.70891e+100
8.21214e+99
2.24923e+99
2.24923e+99
2.24923e+99
1.6876e+99
1.6876e+99
1.14669e+99
3.97562e+99
3.97562e+99
3.97562e+99
1.57277e+100
1.57277e+100
1.57277e+100
1.57277e+100
1.57277e+100
1.57277e+100
1.57277e+100
1.23259e+100
3.00887e+100
3.00887e+100
3.00887e+100
3.00887e+100
3.00887e+100
2.15725e+100
2.15725e+100
4.49164e+100
4.49164e+100
1.32033e+100
4.51835e+100
1.10977e+100
1.10977e+100
1.10977e+100
1.10977e+100
2.93708e+99
1.12347e+100
1.12347e+100
1.12347e+100
3.33986e+100
9.25869e+100
3.6951e+101
3.6951e+101
3.6951e+101
1.26778e+102
3.37018e+101
2.19118e+101
7.46343e+101
7.46343e+101
3.08451e+102
3.08451e+102
3.08451e+102
6.76107e+102
6.76107e+102
6.76107e+102
6.76107e+102
9.0117e+102
2.97684e+102
4.91593e+102
2.01672e+103
2.01672e+103
8.12041e+103
8.12041e+103
8.12041e+103
2.66838e+103
2.66838e+103
2.66838e+103
2.66838e+103
2.66838e+103
5.93045e+103
5.93045e+103
5.93045e+103
1.44242e+103
3.79332e+102
1.56283e+103
2.18976e+103
2.18976e+103
1.04128e+103
1.04128e+103
3.72734e+102
1.33342e+102
1.33342e+102
1.33342e+102
4.4769e+101
4.4769e+101
4.4769e+101
4.4769e+101
4.4769e+101
4.4769e+101
1.3932e+101
1.3932e+101
1.3932e+101
1.3932e+101
5.51396e+100
1.61551e+100
1.61551e+100
2.94549e+100
2.94549e+100
1.20782e+101
1.20782e+101
1.20782e+101
1.20782e+101
1.20782e+101
1.20782e+101
3.14243e+100
3.14243e+100
8.41802e+100
3.40284e+100
2.83591e+100
2.83591e+100
2.83591e+100
1.1952e+101
1.1952e+101
2.83916e+100
8.59382e+100
8.59382e+100
2.08916e+100
2.08916e+100
2.08916e+100
6.58533e+100
2.51668e+101
2.51668e+101
2.51668e+101
2.51668e+101
2.51668e+101
2.51668e+101
2.51668e+101
3.03335e+101
1.02368e+101
2.08854e+101
2.08854e+101
2.08854e+101
8.14907e+101
8.14907e+101
3.30264e+102
3.30264e+102
3.30264e+102
3.30264e+102
3.30264e+102
2.26999e+102
2.26999e+102
2.26999e+102
8.96073e+102
7.1963e+102
3.1676e+102
9.80556e+101
2.71964e+102
2.71964e+102
2.71964e+102
2.71964e+102
2.71964e+102
2.71964e+102
1.13357e+102
3.03827e+101
3.03827e+101
3.03827e+101
3.03827e+101
5.54838e+101
9.42587e+101
9.42587e+101
9.42587e+101
9.42587e+101
9.42587e+101
9.42587e+101
9.42587e+101
2.75816e+101
2.75816e+101
8.92341e+100
2.76331e+101
1.13466e+102
1.13466e+102
2.798e+101
2.798e+101
7.66836e+100
7.66836e+100
5.63432e+100
1.42588e+100
3.94277e+100
3.94277e+100
1.43047e+101
1.43047e+101
1.43047e+101
1.43047e+101
4.42676e+101
4.42676e+101
4.42676e+101
4.42676e+101
4.42676e+101
7.90663e+101
1.24277e+102
4.26462e+101
1.24589e+101
1.24589e+101
2.08763e+101
3.69845e+101
1.33915e+102
1.33915e+102
3.64432e+101
3.64432e+101
3.64432e+101
3.64432e+101
3.64432e+101
3.85652e+101
3.85652e+101
3.85652e+101
3.85652e+101
3.85652e+101
3.85652e+101
2.2101e+101
6.25621e+100
2.45372e+101
2.45372e+101
2.45372e+101
2.45372e+101
2.45372e+101
8.12685e+101
8.12685e+101
3.37034e+101
1.08248e+102
2.6293e+101
2.6293e+101
2.6293e+101
2.6293e+101
9.80562e+101
9.80562e+101
1.29064e+102
1.29064e+102
1.29064e+102
1.29064e+102
3.3605e+101
3.3605e+101
3.3605e+101
8.37196e+100
2.97347e+100
7.27684e+99
7.27684e+99
7.27684e+99
7.27684e+99
2.51568e+100
7.3651e+100
5.70795e+100
1.52444e+101
1.52444e+101
1.05127e+101
3.6591e+101
9.86856e+100
9.86856e+100
3.55816e+101
8.799e+100
8.799e+100
2.30062e+100
1.62209e+100
1.62209e+100
1.62209e+100
1.62209e+100
4.3684e+99
1.5103e+99
4.68074e+99
8.79942e+99
8.79942e+99
8.79942e+99
8.79942e+99
8.79942e+99
8.79942e+99
8.79942e+99
3.43076e+100
3.43076e+100
1.03413e+101
1.03413e+101
1.03413e+101
2.86211e+100
2.86211e+100
2.86211e+100
2.86211e+100
2.86211e+100
8.02771e+100
8.02771e+100
3.17276e+100
3.17276e+100
3.17276e+100
3.17276e+100
9.11662e+99
9.11662e+99
6.2691e+99
1.6841e+99
1.6841e+99
4.13718e+98
4.13718e+98
1.73688e+99
1.73688e+99
3.15986e+99
3.15986e+99
1.24803e+100
2.4393e+100
2.4393e+100
9.87988e+99
3.19715e+100
8.43726e+99
8.43726e+99
8.43726e+99
5.07223e+99
4.39063e+99
1.16158e+100
1.16158e+100
1.16158e+100
1.16158e+100
7.14631e+99
7.14631e+99
3.56193e+99
3.56193e+99
3.56193e+99
8.46818e+98
8.46818e+98
8.46818e+98
3.16592e+99
3.16592e+99
3.16592e+99
3.16592e+99
8.23464e+98
2.41585e+98
1.44604e+98
4.90057e+98
4.90057e+98
1.26144e+98
1.26144e+98
4.53639e+97
4.53639e+97
4.53639e+97
4.53639e+97
4.53639e+97
1.69834e+98
7.96068e+97
2.204e+98
3.55908e+98
1.15356e+98
3.87013e+98
3.87013e+98
3.87013e+98
9.32401e+97
9.32401e+97
9.32401e+97
9.32401e+97
2.25919e+97
2.25919e+97
2.25919e+97
2.25919e+97
2.25919e+97
8.09026e+96
3.25606e+97
7.96451e+96
6.93974e+96
7.48725e+96
2.94392e+96
8.39142e+95
3.87041e+95
1.24044e+96
2.05684e+96
2.05684e+96
2.58368e+96
2.58368e+96
6.12935e+95
6.12935e+95
6.12935e+95
6.12935e+95
2.53292e+96
2.53292e+96
2.53292e+96
2.53292e+96
9.46466e+96
8.16324e+96
9.65713e+96
2.42146e+96
6.72107e+95
2.76707e+95
2.76707e+95
7.70674e+95
7.70674e+95
6.98244e+95
2.79841e+96
2.79841e+96
2.79841e+96
7.55216e+96
7.55216e+96
4.79348e+96
1.90113e+96
1.90113e+96
4.78717e+95
4.78717e+95
4.78717e+95
1.68228e+96
5.55568e+96
5.55568e+96
5.55568e+96
1.77164e+97
5.24287e+96
3.56017e+96
1.1943e+97
8.1971e+96
8.1971e+96
8.1971e+96
1.72825e+97
6.02678e+97
5.59083e+97
5.59083e+97
1.39892e+98
1.39892e+98
8.37612e+97
8.37612e+97
6.64179e+97
1.74252e+97
1.74252e+97
4.65041e+96
1.77045e+97
1.77045e+97
1.77045e+97
1.77045e+97
4.65958e+96
1.67837e+97
1.67837e+97
4.16042e+97
4.16042e+97
4.16042e+97
1.34217e+98
8.46394e+97
8.46394e+97
2.97988e+97
2.97988e+97
3.08808e+97
7.87158e+96
7.87158e+96
3.08267e+97
1.05964e+97
1.05964e+97
1.72559e+97
1.36528e+97
3.95532e+96
1.37452e+96
5.02112e+96
5.02112e+96
5.02112e+96
5.02112e+96
5.02112e+96
5.02112e+96
5.02112e+96
5.02112e+96
8.39228e+96
3.22216e+97
5.50039e+97
5.50039e+97
5.50039e+97
1.81799e+97
1.81799e+97
1.96799e+97
9.46095e+96
2.90208e+97
7.23858e+96
1.14382e+97
1.14382e+97
2.27875e+97
2.27875e+97
2.27875e+97
6.06572e+96
6.06572e+96
6.06572e+96
6.06572e+96
6.06572e+96
6.06572e+96
1.58246e+96
1.58246e+96
5.96385e+95
1.90751e+96
5.0629e+95
5.0629e+95
7.49613e+95
7.49613e+95
5.75953e+95
5.75953e+95
1.41227e+96
4.39903e+95
2.01233e+95
2.01233e+95
1.41248e+95
4.04199e+94
2.82702e+94
3.50729e+94
3.50729e+94
1.35433e+94
1.35433e+94
1.35433e+94
1.35433e+94
5.25949e+94
5.25949e+94
5.25949e+94
1.90517e+95
7.5381e+94
1.90171e+95
1.90171e+95
1.17593e+95
1.17593e+95
1.17593e+95
1.17593e+95
1.17593e+95
9.41963e+94
2.74984e+95
7.62281e+94
7.62281e+94
2.23124e+95
2.23124e+95
2.23124e+95
2.23124e+95
2.23124e+95
2.23124e+95
2.23124e+95
2.23124e+95
5.53195e+94
1.6053e+94
1.6053e+94
5.19722e+93
5.19722e+93
2.90972e+93
8.96063e+92
3.56217e+92
3.56217e+92
1.03398e+93
1.03398e+93
1.3633e+93
1.3633e+93
4.86058e+93
3.96273e+93
5.62792e+93
5.62792e+93
8.45868e+93
8.45868e+93
1.32759e+94
2.45639e+94
8.31927e+94
8.31927e+94
8.31927e+94
2.06826e+94
2.06826e+94
2.06826e+94
2.06826e+94
2.06826e+94
7.85964e+94
7.85964e+94
7.85964e+94
1.90954e+94
3.00191e+94
7.99313e+93
7.99313e+93
4.66008e+93
4.66008e+93
4.83494e+93
1.89095e+93
1.89095e+93
1.89095e+93
1.89095e+93
6.99976e+93
3.71942e+93
3.71942e+93
9.38857e+92
9.38857e+92
9.38857e+92
9.38857e+92
3.49025e+93
3.49025e+93
1.08956e+93
8.05606e+92
8.05606e+92
1.07743e+93
1.07743e+93
1.07743e+93
3.96605e+93
1.44019e+93
4.23942e+92
2.9816e+92
2.9816e+92
8.61941e+91
9.54641e+91
2.30597e+92
8.82625e+92
8.82625e+92
8.82625e+92
8.82625e+92
2.66241e+93
6.72928e+92
6.72928e+92
1.61686e+92
1.61686e+92
6.04989e+92
6.04989e+92
6.04989e+92
6.04989e+92
6.04989e+92
1.549e+93
5.72246e+93
1.47658e+93
4.13446e+93
1.21902e+93
1.21902e+93
1.78526e+93
4.8957e+92
1.29462e+93
1.19862e+93
3.65032e+93
3.65032e+93
1.33708e+93
4.71239e+93
8.85429e+93
8.85429e+93
8.85429e+93
2.97242e+93
2.97242e+93
1.27916e+94
1.27916e+94
1.27916e+94
3.52645e+94
4.85414e+94
4.85414e+94
1.27254e+95
1.27254e+95
7.88086e+94
7.88086e+94
2.03626e+95
2.03626e+95
3.70111e+95
1.00828e+95
3.98521e+94
6.64498e+94
1.87715e+94
1.87715e+94
1.05747e+94
1.05747e+94
2.83797e+94
1.0737e+95
1.0737e+95
1.0737e+95
1.0737e+95
1.0737e+95
4.30413e+95
4.30413e+95
4.30413e+95
4.30413e+95
4.30413e+95
1.61745e+96
1.61745e+96
1.61745e+96
5.48205e+96
1.92579e+96
6.33282e+95
1.62731e+96
6.52229e+95
2.16548e+95
3.40539e+95
3.40539e+95
9.91733e+94
6.64107e+94
1.80155e+94
1.08673e+94
1.08673e+94
1.08673e+94
1.08673e+94
1.08673e+94
1.08673e+94
1.08673e+94
4.40394e+94
4.40394e+94
3.55302e+94
1.01979e+94
3.36066e+94
3.36066e+94
5.57651e+94
5.57651e+94
5.57651e+94
1.5203e+94
1.09686e+94
3.28244e+94
4.41005e+94
1.8827e+94
8.67953e+93
8.67953e+93
1.27519e+94
1.27519e+94
4.78968e+94
2.00557e+95
2.00557e+95
2.00557e+95
2.00557e+95
2.00557e+95
5.51312e+94
1.71157e+95
7.09001e+95
7.09001e+95
2.93176e+96
8.15466e+95
3.01352e+96
3.01352e+96
3.01352e+96
3.01352e+96
3.01352e+96
1.10148e+97
9.67766e+96
6.08618e+96
6.08618e+96
6.08618e+96
6.08618e+96
1.08372e+97
1.08372e+97
1.76459e+97
7.00993e+97
7.00993e+97
4.69435e+97
4.69435e+97
4.69435e+97
4.69435e+97
4.69435e+97
1.38813e+97
2.58849e+97
7.56224e+96
2.86887e+96
2.86887e+96
1.7011e+96
1.7011e+96
5.99771e+96
2.55302e+96
3.22879e+96
3.22879e+96
7.75371e+96
6.54942e+96
1.31642e+97
1.31642e+97
3.96754e+97
1.5295e+98
1.5295e+98
3.65791e+97
3.65791e+97
3.65791e+97
9.17852e+96
2.43818e+96
8.00615e+95
2.92175e+96
2.92175e+96
2.92175e+96
2.92175e+96
2.92175e+96
2.92175e+96
7.86532e+95
2.85039e+96
9.05745e+96
9.05745e+96
9.05745e+96
1.41343e+97
2.92651e+97
1.32738e+97
1.32738e+97
5.10842e+97
5.10842e+97
5.10842e+97
2.81593e+97
2.81593e+97
8.25494e+96
1.30823e+97
1.30823e+97
1.30823e+97
1.30823e+97
1.30823e+97
4.07558e+96
4.07558e+96
2.79017e+96
5.01563e+96
1.70997e+97
2.53075e+97
2.53075e+97
1.00441e+98
1.00441e+98
2.98937e+98
2.98937e+98
1.52362e+98
2.61394e+98
2.61394e+98
2.61394e+98
2.61394e+98
6.73035e+97
6.73035e+97
6.73035e+97
6.73035e+97
2.14518e+98
2.14518e+98
8.99063e+97
4.88642e+97
4.88642e+97
4.88642e+97
4.88642e+97
4.88642e+97
4.88642e+97
1.36797e+97
5.04518e+96
5.04518e+96
5.04518e+96
1.36962e+96
1.36962e+96
1.36962e+96
4.32899e+96
4.67514e+96
4.67514e+96
1.25288e+96
8.26854e+95
2.77031e+95
4.26579e+95
4.26579e+95
4.26579e+95
2.68173e+95
2.68173e+95
2.68173e+95
2.68173e+95
2.68173e+95
2.68173e+95
2.68173e+95
7.45964e+95
7.45964e+95
2.9872e+96
8.67414e+96
8.67414e+96
2.10909e+96
7.2379e+95
2.73737e+95
2.73737e+95
4.39136e+95
1.14703e+96
1.14703e+96
2.82724e+95
2.82724e+95
9.07151e+94
9.07151e+94
9.07151e+94
9.07151e+94
9.07151e+94
9.07151e+94
2.00766e+95
8.62202e+94
2.35916e+94
2.35916e+94
9.97434e+94
2.45445e+94
1.07205e+94
3.12134e+94
2.40173e+94
6.20332e+93
6.20332e+93
2.26763e+94
2.26763e+94
7.86883e+93
7.86883e+93
7.86883e+93
2.90528e+94
2.90528e+94
4.92492e+94
4.92492e+94
1.52636e+95
1.52636e+95
5.00875e+95
8.53341e+95
2.10921e+95
2.10921e+95
5.09457e+94
1.40391e+94
7.93328e+93
4.8391e+93
4.8391e+93
1.37285e+93
1.37285e+93
5.23429e+92
1.93081e+93
1.93081e+93
1.3171e+93
2.9941e+93
2.9941e+93
2.12208e+93
8.27277e+93
8.27277e+93
8.27277e+93
2.95065e+94
1.40159e+94
5.5174e+94
1.34773e+94
1.34773e+94
4.38392e+94
4.38392e+94
1.74507e+94
1.48685e+94
1.48685e+94
1.48685e+94
1.48685e+94
1.48685e+94
4.32411e+94
1.24328e+94
1.99308e+94
6.0187e+93
2.11692e+93
2.11692e+93
7.334e+93
7.334e+93
2.92822e+93
8.16759e+93
8.16759e+93
8.16759e+93
4.38632e+93
4.38632e+93
4.38632e+93
1.8121e+94
4.78228e+93
3.10273e+93
3.10273e+93
7.26362e+92
7.26362e+92
2.8448e+92
3.61134e+92
4.62111e+92
2.00391e+92
6.09993e+92
6.09993e+92
1.78592e+93
1.78592e+93
1.78592e+93
1.9532e+93
1.9532e+93
1.9532e+93
2.54806e+93
2.54806e+93
2.54806e+93
2.54806e+93
2.54806e+93
2.81429e+93
1.17951e+94
1.17951e+94
4.09959e+94
1.60526e+95
4.3995e+94
2.85217e+94
4.23108e+94
1.16122e+94
1.16122e+94
1.16122e+94
1.16122e+94
1.16122e+94
3.92133e+93
9.03744e+93
4.3154e+93
4.10934e+93
1.17999e+93
1.17999e+93
1.17999e+93
2.65249e+93
2.65249e+93
2.65249e+93
8.3577e+93
1.16216e+94
1.16216e+94
1.16216e+94
1.16216e+94
1.16216e+94
1.91776e+94
4.73769e+93
4.73769e+93
4.73769e+93
2.40437e+93
2.48239e+93
1.48461e+93
1.48461e+93
1.48461e+93
1.48461e+93
4.94363e+92
4.94363e+92
4.94363e+92
1.17452e+93
1.17452e+93
3.41687e+92
8.39058e+92
8.39058e+92
3.24162e+93
3.24162e+93
3.24162e+93
3.4224e+93
8.75953e+92
8.75953e+92
8.75953e+92
3.5331e+93
3.5331e+93
4.45082e+93
1.01418e+94
1.01418e+94
1.01418e+94
1.01418e+94
1.01418e+94
3.7644e+94
3.7644e+94
1.25212e+95
2.34114e+95
3.22126e+95
3.22126e+95
1.23669e+96
7.57719e+95
7.57719e+95
2.78563e+96
1.15839e+97
1.15839e+97
3.28408e+97
3.28408e+97
3.28408e+97
8.22834e+96
8.22834e+96
5.01361e+96
5.01361e+96
5.01361e+96
1.49292e+97
3.58699e+97
5.81468e+97
7.0837e+97
7.0837e+97
7.0837e+97
2.92163e+98
1.90904e+98
1.90904e+98
5.30176e+97
1.94005e+98
7.15028e+98
2.25472e+98
7.23633e+98
7.23633e+98
7.23633e+98
1.98562e+98
4.93118e+98
4.93118e+98
1.75579e+98
1.75579e+98
4.49839e+97
4.49839e+97
4.49839e+97
4.44146e+97
6.91094e+97
6.91094e+97
1.64388e+97
1.64388e+97
1.64388e+97
4.24288e+96
4.24288e+96
1.11428e+96
7.49391e+95
4.60088e+95
4.60088e+95
4.60088e+95
8.56833e+95
2.03723e+96
2.03723e+96
2.03723e+96
2.03723e+96
7.76347e+96
2.42422e+96
7.8974e+96
7.8974e+96
2.70691e+97
4.43655e+97
4.43655e+97
1.0818e+97
2.66799e+96
1.22658e+96
1.22658e+96
3.20216e+96
3.20216e+96
8.37431e+95
8.37431e+95
1.29653e+96
1.29653e+96
4.68162e+96
1.36316e+96
3.93534e+95
3.93534e+95
3.93534e+95
1.00423e+95
2.80331e+94
2.80331e+94
1.02443e+95
1.02443e+95
7.0352e+94
7.0352e+94
2.75123e+95
2.75123e+95
8.95269e+95
1.03399e+96
3.30927e+96
8.78339e+95
8.78339e+95
8.78339e+95
2.1974e+95
7.85764e+94
7.85764e+94
3.00598e+94
3.23469e+94
4.23417e+94
1.48872e+94
1.48872e+94
1.48872e+94
5.29674e+94
5.29674e+94
5.29674e+94
5.29674e+94
5.29674e+94
5.29674e+94
1.6694e+94
4.74612e+93
4.74612e+93
4.74612e+93
4.74612e+93
1.35981e+93
1.35981e+93
7.85396e+92
1.91084e+93
6.86309e+93
3.78766e+93
2.12604e+93
2.12604e+93
1.34064e+93
1.34064e+93
3.53686e+92
1.21779e+93
5.91664e+92
1.60322e+93
1.60322e+93
6.36637e+93
2.25753e+94
2.25753e+94
2.25753e+94
2.25753e+94
2.99034e+94
2.99034e+94
7.45358e+93
7.45358e+93
7.45358e+93
2.02639e+94
8.17379e+94
8.17379e+94
8.17379e+94
8.17379e+94
8.17379e+94
4.80413e+94
4.80413e+94
1.11713e+95
1.21344e+95
2.67509e+95
8.3691e+95
8.3691e+95
5.18271e+95
5.18271e+95
2.13541e+96
5.49073e+95
2.05374e+96
2.05374e+96
6.12428e+96
2.05995e+97
2.05995e+97
5.99309e+96
1.65324e+97
4.95331e+96
4.95331e+96
4.95331e+96
5.89594e+96
2.0338e+97
2.0338e+97
2.47799e+97
2.27113e+97
5.61244e+96
9.33175e+96
9.33175e+96
3.47899e+96
3.47899e+96
9.70034e+96
9.70034e+96
9.70034e+96
9.70034e+96
3.97969e+97
1.03034e+97
1.03034e+97
9.95433e+96
8.71794e+96
2.61334e+96
7.2712e+95
7.2712e+95
7.2712e+95
2.77447e+96
2.77447e+96
2.77447e+96
2.77447e+96
2.77447e+96
2.77447e+96
5.2521e+96
5.2521e+96
1.82433e+97
3.03332e+97
3.03332e+97
9.32967e+96
9.32967e+96
1.5577e+97
3.78334e+96
1.62561e+97
1.62561e+97
1.62561e+97
1.62561e+97
1.62561e+97
4.57126e+96
4.57126e+96
4.57126e+96
4.57126e+96
2.39273e+96
2.39273e+96
6.91274e+95
1.81982e+96
1.81982e+96
1.81982e+96
3.44499e+96
5.20266e+96
5.20266e+96
5.20266e+96
1.30641e+96
1.00536e+96
1.00536e+96
3.37022e+95
3.37022e+95
3.37022e+95
8.20684e+94
8.20684e+94
2.6537e+94
2.6537e+94
5.48545e+94
5.48545e+94
1.67806e+95
1.67806e+95
4.51464e+94
1.71056e+95
1.71056e+95
1.71056e+95
5.53108e+94
5.53108e+94
5.53108e+94
5.53108e+94
2.77775e+94
2.77775e+94
2.77775e+94
8.1791e+94
2.85467e+94
1.87468e+94
1.87468e+94
1.87468e+94
1.87468e+94
4.38147e+93
4.38147e+93
4.38147e+93
4.38147e+93
4.38147e+93
1.56981e+94
1.56981e+94
5.80757e+94
2.46848e+94
2.40242e+94
2.40242e+94
2.40242e+94
7.77523e+94
2.29315e+94
6.92453e+93
2.24123e+94
1.3006e+94
4.0654e+93
2.35953e+93
2.35953e+93
4.27717e+93
1.695e+94
1.08785e+94
1.08785e+94
4.3754e+94
1.18572e+94
1.18572e+94
1.18572e+94
1.18572e+94
3.92436e+93
2.64065e+93
8.75731e+92
8.75731e+92
8.75731e+92
2.22146e+92
2.22146e+92
2.22146e+92
2.22146e+92
2.22146e+92
2.22146e+92
2.22146e+92
2.99337e+92
1.00681e+93
2.63686e+92
1.00449e+93
9.4719e+92
1.15292e+93
1.15292e+93
1.15292e+93
1.15292e+93
2.83908e+92
7.35833e+91
2.43637e+92
9.82706e+92
4.05555e+93
4.05555e+93
1.0463e+93
1.0463e+93
2.59929e+93
6.23802e+93
2.00109e+93
2.00109e+93
6.73372e+93
2.46291e+94
2.46291e+94
2.46291e+94
3.59706e+94
1.32635e+94
1.77528e+94
1.77528e+94
1.77528e+94
1.77528e+94
2.84761e+94
7.73976e+93
7.73976e+93
7.73976e+93
7.73976e+93
2.48244e+94
2.48244e+94
1.97556e+94
3.34053e+94
1.968e+94
1.968e+94
1.968e+94
1.968e+94
7.86102e+94
7.86102e+94
2.41829e+95
5.87703e+94
1.51244e+94
5.31768e+94
5.31768e+94
5.31768e+94
5.31768e+94
5.31768e+94
8.81553e+94
8.09407e+94
8.09407e+94
2.45116e+95
2.45116e+95
2.45116e+95
6.56334e+94
6.56334e+94
2.76812e+95
6.65901e+94
6.65901e+94
6.65901e+94
2.04733e+94
2.04733e+94
1.18645e+94
1.14198e+94
4.31609e+94
4.31609e+94
4.31609e+94
1.48665e+95
1.48665e+95
1.48665e+95
1.48665e+95
1.48665e+95
1.48665e+95
4.55298e+95
4.55298e+95
2.78592e+95
1.21762e+95
4.26671e+95
4.26671e+95
4.26671e+95
4.26671e+95
1.03003e+95
2.28859e+95
6.03237e+95
1.19044e+96
1.19044e+96
3.00143e+95
3.00143e+95
3.00143e+95
3.00143e+95
3.00143e+95
8.24386e+94
2.09414e+94
2.09414e+94
5.62411e+94
2.14941e+95
2.14941e+95
2.14941e+95
2.14941e+95
4.67754e+95
4.67754e+95
4.67754e+95
1.8833e+96
1.8833e+96
1.8833e+96
1.8833e+96
1.8833e+96
4.94293e+95
4.94293e+95
4.94293e+95
1.47689e+96
4.59561e+96
4.90167e+96
6.93697e+96
6.93697e+96
6.93697e+96
2.85897e+97
1.08782e+98
4.41762e+98
1.23182e+99
4.38874e+98
1.21671e+99
1.21671e+99
4.51195e+99
1.31976e+99
1.86403e+99
1.60567e+99
1.60567e+99
5.67416e+98
5.67416e+98
1.78524e+98
1.78524e+98
6.39491e+98
2.58981e+99
1.10506e+99
1.10506e+99
3.39944e+98
1.18274e+99
1.18274e+99
2.84151e+98
1.04671e+99
3.60181e+98
3.60181e+98
3.60181e+98
1.36041e+99
5.64047e+99
5.64047e+99
1.53176e+99
1.53176e+99
8.37417e+98
8.37417e+98
8.37417e+98
2.18131e+98
2.18131e+98
2.18131e+98
2.18131e+98
2.18131e+98
2.18131e+98
2.18131e+98
2.18131e+98
6.28722e+97
2.2897e+98
2.2897e+98
1.65224e+98
1.65224e+98
1.65224e+98
1.65224e+98
1.65224e+98
4.02445e+97
1.46046e+98
7.2447e+97
7.2447e+97
7.2447e+97
2.82268e+98
2.82268e+98
8.17493e+98
9.62049e+98
9.62049e+98
7.12338e+98
1.93007e+98
1.27744e+98
1.27744e+98
3.32892e+97
3.32892e+97
2.61895e+97
2.61895e+97
2.61895e+97
6.73006e+96
6.73006e+96
6.73006e+96
6.73006e+96
4.64758e+96
4.64758e+96
1.14699e+96
4.82048e+96
1.18711e+96
1.18711e+96
4.26764e+96
4.94905e+96
4.0624e+96
4.0624e+96
1.44233e+97
1.44233e+97
1.44233e+97
1.44233e+97
3.49314e+96
3.49314e+96
1.19402e+96
1.19402e+96
4.44492e+96
4.44492e+96
1.24653e+96
2.35076e+96
3.83978e+96
1.03992e+96
4.3649e+96
4.3649e+96
4.3649e+96
4.3649e+96
1.75582e+97
2.07157e+97
8.67325e+96
8.67325e+96
8.67325e+96
2.85877e+96
8.81557e+96
2.40207e+97
2.40207e+97
4.33392e+97
4.33392e+97
7.20737e+97
7.20737e+97
7.20737e+97
1.82645e+97
2.32727e+97
7.73742e+97
7.73742e+97
2.36067e+97
8.53974e+97
8.53974e+97
3.10472e+97
3.77124e+97
3.77124e+97
3.77124e+97
3.77124e+97
1.19486e+97
3.45751e+97
3.45751e+97
3.62197e+97
8.8581e+97
8.8581e+97
3.55759e+98
3.55759e+98
3.55759e+98
1.2617e+98
1.2617e+98
1.2617e+98
3.66951e+98
1.08779e+98
1.08779e+98
3.5492e+97
3.5492e+97
9.91097e+97
7.06159e+97
2.19072e+98
2.19072e+98
2.19072e+98
5.43136e+97
5.43136e+97
5.43136e+97
1.48829e+98
3.44236e+98
3.44236e+98
1.2283e+99
4.56928e+99
1.40806e+99
4.74056e+98
4.74056e+98
4.74056e+98
1.81002e+99
9.41224e+98
9.41224e+98
3.48236e+98
3.48236e+98
8.96386e+98
8.96386e+98
8.96386e+98
8.96386e+98
8.96386e+98
8.96386e+98
3.17979e+99
1.97033e+99
6.51632e+98
2.45554e+99
2.45554e+99
2.45554e+99
9.72712e+99
2.88518e+99
6.64977e+99
6.64977e+99
1.57559e+99
6.6203e+99
6.6203e+99
1.92163e+99
1.33404e+99
3.9093e+98
3.9093e+98
1.53583e+98
4.192e+98
1.60884e+99
9.06278e+98
9.06278e+98
3.46871e+99
5.70727e+99
5.70727e+99
5.70727e+99
1.38812e+99
4.26768e+98
1.48251e+99
3.6351e+98
1.33823e+99
5.63732e+98
1.38678e+98
3.69477e+97
1.09591e+97
6.99282e+96
6.99282e+96
1.93739e+96
5.46427e+96
1.45906e+96
2.10161e+96
2.10161e+96
2.10161e+96
2.10161e+96
6.54043e+96
2.50832e+97
2.50832e+97
2.50832e+97
2.50832e+97
2.50832e+97
2.50832e+97
3.33721e+97
1.40681e+97
3.82168e+96
3.82168e+96
3.82168e+96
9.49668e+95
9.49668e+95
2.98825e+96
1.1303e+97
1.1303e+97
1.1303e+97
1.1303e+97
4.76747e+96
8.10022e+96
8.10022e+96
8.10022e+96
5.10651e+96
5.10651e+96
5.10651e+96
9.46181e+96
9.46181e+96
9.46181e+96
5.46639e+96
1.83386e+96
4.50289e+95
4.50289e+95
1.59591e+95
4.88104e+94
4.88104e+94
4.88104e+94
1.16804e+95
1.16804e+95
1.16804e+95
5.7274e+94
7.79787e+94
7.79787e+94
7.79787e+94
2.9253e+95
1.15665e+95
7.39006e+94
7.39006e+94
1.92431e+95
5.82888e+94
5.82888e+94
2.32947e+95
2.32947e+95
7.34365e+94
7.34365e+94
7.34365e+94
2.03194e+94
4.65169e+94
3.15943e+94
3.15943e+94
1.32573e+95
1.32573e+95
3.82384e+94
3.82384e+94
1.54583e+95
1.54583e+95
3.79312e+94
3.79312e+94
1.49969e+95
1.87534e+95
1.87534e+95
1.87534e+95
5.05146e+94
7.4607e+94
2.84138e+95
2.84138e+95
2.84138e+95
7.68429e+94
7.68429e+94
9.35031e+94
3.24628e+95
3.24628e+95
3.24628e+95
2.3956e+95
2.3956e+95
9.61966e+95
3.89294e+96
1.45249e+97
5.81048e+97
5.81048e+97
3.14984e+97
2.00751e+97
1.11426e+97
2.96501e+96
2.96501e+96
1.42625e+96
2.07415e+96
5.14609e+95
1.65943e+96
6.13383e+96
2.50226e+97
2.50226e+97
9.27422e+97
5.07591e+97
5.07591e+97
1.23909e+97
4.50256e+97
1.32903e+98
1.74745e+98
1.74745e+98
1.74745e+98
4.86741e+97
4.86741e+97
4.86741e+97
1.21582e+97
1.21582e+97
3.43475e+96
3.43475e+96
3.43475e+96
2.97138e+96
1.94568e+96
1.94568e+96
6.04615e+95
1.47551e+96
3.73681e+95
1.08672e+95
6.88502e+94
2.33099e+95
2.33099e+95
7.06921e+95
7.06921e+95
7.06921e+95
2.79452e+96
4.55423e+96
4.55423e+96
4.55423e+96
4.55423e+96
4.55423e+96
4.55423e+96
4.55423e+96
5.46037e+96
6.14571e+96
7.70119e+96
7.70119e+96
7.70119e+96
3.98923e+96
3.98923e+96
3.98923e+96
3.98923e+96
1.04637e+96
1.04637e+96
1.04637e+96
1.04637e+96
1.94377e+96
1.94377e+96
1.94377e+96
1.94377e+96
7.28432e+96
1.91208e+97
5.70997e+96
1.38667e+96
5.61886e+95
1.6003e+96
4.39556e+95
4.39556e+95
1.66465e+96
6.48555e+95
1.57276e+95
1.57276e+95
4.40747e+95
5.33665e+95
1.47621e+95
1.47621e+95
5.44389e+95
2.09389e+95
5.46707e+95
7.3125e+95
7.3125e+95
7.3125e+95
7.3125e+95
7.3125e+95
7.3125e+95
7.3125e+95
7.3125e+95
7.3125e+95
7.3125e+95
7.3125e+95
7.3125e+95
7.3125e+95
7.3125e+95
1.75805e+96
2.48652e+96
1.43245e+96
4.82428e+95
1.6074e+96
1.73948e+96
1.12098e+96
3.86995e+95
1.03086e+95
1.03086e+95
1.03086e+95
1.03086e+95
1.03086e+95
5.52927e+94
5.52927e+94
5.52927e+94
5.52927e+94
5.52927e+94
5.52927e+94
5.52927e+94
5.52927e+94
3.43493e+94
3.43493e+94
3.43493e+94
3.43493e+94
1.04697e+94
1.04697e+94
1.04697e+94
1.04697e+94
3.92124e+93
1.08126e+94
3.49565e+93
1.12832e+93
1.12832e+93
4.38912e+92
4.38912e+92
3.44594e+92
3.44594e+92
1.41701e+93
1.41701e+93
1.41701e+93
1.41701e+93
1.41701e+93
7.47252e+92
2.13539e+92
5.12376e+91
2.16633e+92
5.63289e+91
5.63289e+91
5.63289e+91
1.60901e+92
1.01575e+92
1.5728e+92
1.5728e+92
6.38229e+92
1.58912e+93
3.01458e+93
8.11135e+93
8.11135e+93
8.11135e+93
3.33305e+94
9.24445e+93
3.11441e+94
4.27215e+94
4.27215e+94
4.27215e+94
4.27215e+94
4.27215e+94
2.10749e+94
2.10749e+94
2.10749e+94
3.26062e+94
3.26062e+94
1.35485e+94
4.50009e+93
3.00892e+93
3.00892e+93
3.00892e+93
9.76902e+92
7.27299e+92
7.27299e+92
4.0791e+92
4.0791e+92
4.0791e+92
2.80297e+92
2.80297e+92
3.51432e+92
1.01285e+92
1.01285e+92
3.90072e+92
3.90072e+92
3.90072e+92
3.90072e+92
5.38896e+92
5.38896e+92
5.38896e+92
5.38896e+92
1.956e+92
1.956e+92
1.956e+92
1.956e+92
3.00773e+92
9.54606e+92
9.54606e+92
2.28885e+92
8.63295e+92
5.15851e+92
1.60302e+92
6.03474e+91
2.49379e+91
2.49379e+91
7.17014e+90
2.5418e+91
7.35107e+91
7.35107e+91
2.99048e+92
7.92564e+91
7.92564e+91
1.54658e+92
5.83297e+91
5.83297e+91
1.7586e+92
4.99786e+91
1.14516e+92
1.14516e+92
1.91192e+92
1.91192e+92
6.02681e+91
1.75724e+92
3.26195e+92
1.24601e+92
1.75741e+92
8.17315e+91
2.58307e+92
3.8542e+92
3.8542e+92
3.00227e+92
3.00227e+92
7.51379e+91
2.0574e+91
7.29211e+90
7.29211e+90
2.04041e+90
5.13644e+90
1.75632e+91
1.75632e+91
1.75632e+91
1.41005e+91
3.4764e+90
3.4764e+90
1.18126e+91
3.63457e+91
3.63457e+91
3.63457e+91
9.25982e+90
9.25982e+90
1.46118e+91
1.46118e+91
3.23341e+91
2.229e+91
5.55732e+90
5.55732e+90
5.55732e+90
5.55732e+90
1.36831e+90
1.36831e+90
1.36831e+90
1.36831e+90
4.69528e+90
1.24403e+91
1.24403e+91
4.46496e+90
2.04561e+90
2.04561e+90
7.60387e+90
7.60387e+90
7.60387e+90
7.60387e+90
2.16842e+90
5.25304e+90
4.89705e+90
3.33562e+90
1.94223e+90
1.94223e+90
5.43252e+90
5.43252e+90
7.1419e+90
2.38501e+91
6.21333e+90
6.21333e+90
1.76808e+91
1.76808e+91
1.76808e+91
6.50149e+91
6.50149e+91
6.50149e+91
6.50149e+91
8.32315e+91
8.32315e+91
2.12518e+91
2.12518e+91
7.94223e+91
7.94223e+91
2.59155e+91
2.59155e+91
9.47007e+91
9.47007e+91
9.47007e+91
5.45414e+91
6.39155e+91
6.39155e+91
6.39155e+91
1.56322e+91
1.56322e+91
4.22089e+90
1.19177e+90
4.52103e+90
1.91177e+91
7.6716e+91
2.84463e+91
2.84463e+91
2.29054e+91
1.80848e+91
1.80848e+91
1.80848e+91
6.45767e+90
5.45187e+90
5.45187e+90
5.45187e+90
1.7292e+91
2.56698e+91
2.81727e+91
4.35504e+91
1.65762e+92
6.21673e+91
1.70272e+91
1.70272e+91
1.70272e+91
1.70272e+91
5.91993e+91
5.91993e+91
5.91993e+91
5.91993e+91
1.60365e+91
4.52626e+90
1.23441e+90
1.23441e+90
9.3484e+89
3.27286e+89
1.76742e+89
7.38894e+89
7.38894e+89
2.64856e+90
2.64856e+90
2.64856e+90
1.10257e+91
3.37562e+91
1.09133e+91
2.8627e+91
2.8627e+91
2.8627e+91
2.8627e+91
2.8627e+91
1.00923e+92
3.2858e+91
3.2858e+91
8.8178e+90
2.07239e+90
5.20676e+89
4.27652e+89
4.27652e+89
5.77151e+89
1.17692e+90
4.62716e+90
1.21403e+90
4.79327e+89
5.68217e+89
5.68217e+89
5.68217e+89
1.62944e+89
3.97356e+89
4.19697e+89
8.11837e+89
8.11837e+89
2.0526e+90
2.0526e+90
1.70169e+90
1.70169e+90
1.70169e+90
6.79761e+90
6.79761e+90
6.79761e+90
2.66572e+91
2.66572e+91
1.21089e+91
4.54738e+91
4.54738e+91
6.6508e+91
1.14654e+92
3.66919e+92
3.66919e+92
3.66919e+92
3.66919e+92
1.16897e+93
1.16897e+93
1.16897e+93
4.42503e+93
2.89461e+93
9.57901e+92
6.59277e+92
6.59277e+92
6.59277e+92
6.59277e+92
2.55964e+93
2.55964e+93
8.09466e+92
8.09466e+92
8.09466e+92
8.09466e+92
9.96691e+92
9.96691e+92
2.98765e+93
1.3251e+93
1.3251e+93
4.78457e+92
4.67723e+92
3.87196e+92
3.87196e+92
3.87196e+92
1.32121e+92
5.23124e+91
5.88025e+91
2.09463e+92
2.09463e+92
7.64733e+92
7.64733e+92
8.88713e+92
2.5832e+92
7.75342e+91
7.75342e+91
3.22077e+92
1.35753e+93
1.35753e+93
1.35753e+93
2.96905e+93
2.96905e+93
7.99466e+92
5.43426e+92
1.58651e+92
1.58651e+92
1.58651e+92
6.24258e+92
6.24258e+92
6.24258e+92
6.24258e+92
1.4996e+92
1.4996e+92
2.46352e+92
1.58963e+92
1.97732e+92
5.04803e+91
5.04803e+91
5.04803e+91
5.04803e+91
5.04803e+91
5.04803e+91
1.87714e+92
1.87714e+92
5.76854e+91
4.12345e+91
4.12345e+91
1.50921e+92
1.71033e+92
1.71033e+92
1.71033e+92
1.55861e+92
1.75778e+92
1.75778e+92
1.75778e+92
1.51651e+92
2.06081e+92
5.86306e+92
5.86306e+92
1.52798e+92
5.76162e+92
1.71282e+92
4.88008e+92
1.56753e+93
1.56753e+93
1.56753e+93
1.56753e+93
1.56753e+93
1.56753e+93
6.75112e+92
6.75112e+92
6.75112e+92
2.25627e+92
3.15647e+92
3.15647e+92
8.46143e+91
2.03093e+91
6.40938e+90
1.84363e+91
6.9623e+91
6.9623e+91
6.9623e+91
2.19402e+91
2.19402e+91
2.56007e+91
2.56007e+91
2.56007e+91
2.56007e+91
2.56007e+91
2.56007e+91
9.67357e+90
3.03292e+91
3.03292e+91
3.03292e+91
1.3455e+91
2.04349e+91
2.04349e+91
2.04349e+91
1.53822e+91
1.53822e+91
4.09535e+91
7.29912e+91
1.90541e+92
5.44635e+91
1.84949e+91
1.48496e+91
1.97793e+91
6.99027e+91
6.99027e+91
6.99027e+91
6.99027e+91
2.23631e+92
2.23631e+92
6.46763e+91
6.46763e+91
6.46763e+91
6.46763e+91
6.46763e+91
6.46763e+91
1.45013e+92
5.4401e+91
1.5513e+91
1.5513e+91
4.56362e+91
4.56362e+91
4.56362e+91
4.56362e+91
4.56362e+91
1.78511e+92
1.78511e+92
1.78511e+92
1.78511e+92
1.02295e+92
3.14177e+92
8.18531e+92
2.02751e+93
2.02751e+93
2.02751e+93
4.91843e+92
1.97272e+93
1.06891e+93
3.35664e+92
3.35664e+92
8.29137e+91
6.15113e+91
5.4224e+91
2.0725e+92
2.0725e+92
3.05391e+92
1.11156e+93
1.11156e+93
3.57545e+93
1.36951e+94
4.37127e+94
4.37127e+94
1.35411e+95
7.27959e+94
7.27959e+94
2.98497e+95
7.27669e+94
7.27669e+94
7.27669e+94
3.24064e+94
3.24064e+94
1.09707e+94
1.09707e+94
1.09707e+94
1.09707e+94
1.09707e+94
3.93639e+94
3.25322e+94
1.40622e+94
4.14086e+93
1.44821e+94
4.32108e+93
4.32108e+93
4.32108e+93
1.72782e+94
1.72782e+94
6.99575e+94
6.99575e+94
6.99575e+94
1.09441e+95
1.09441e+95
1.09441e+95
4.40692e+94
4.40692e+94
4.40692e+94
4.40692e+94
1.15557e+94
1.40574e+94
1.40574e+94
1.40574e+94
1.40574e+94
3.1903e+94
3.21667e+94
3.21667e+94
3.21667e+94
9.65276e+94
2.76928e+94
1.34971e+94
1.34971e+94
1.34971e+94
4.13454e+93
4.13454e+93
4.13454e+93
5.23112e+93
5.23112e+93
5.23112e+93
5.23112e+93
5.23112e+93
5.23112e+93
1.13165e+94
4.89443e+93
4.08013e+93
4.08013e+93
1.00399e+93
1.00399e+93
1.00399e+93
1.00399e+93
1.41817e+93
2.82752e+93
2.82752e+93
2.82752e+93
1.40655e+93
5.53506e+92
5.53506e+92
1.35956e+92
1.35956e+92
1.35956e+92
3.84989e+91
3.84989e+91
1.29269e+92
4.19995e+92
1.46585e+93
1.39286e+93
1.39286e+93
5.33303e+93
5.33303e+93
5.33303e+93
1.35375e+94
1.35375e+94
1.35375e+94
1.35375e+94
8.37801e+93
2.41621e+94
2.41621e+94
6.8388e+93
2.17504e+94
6.37274e+94
1.66441e+95
1.66441e+95
1.66441e+95
9.70023e+94
2.67441e+95
2.67441e+95
7.10629e+95
7.10629e+95
2.95987e+96
7.64861e+95
7.64861e+95
7.64861e+95
7.64861e+95
1.56304e+96
2.45657e+96
7.20797e+95
3.44681e+95
3.44681e+95
3.44681e+95
1.04039e+95
7.70863e+94
7.70863e+94
7.70863e+94
7.70863e+94
1.06364e+95
1.0952e+95
1.0952e+95
2.91256e+94
8.08853e+93
8.08853e+93
2.75672e+94
2.75672e+94
2.75672e+94
2.75672e+94
2.75672e+94
3.01883e+94
3.01883e+94
1.2211e+95
1.2211e+95
1.2211e+95
4.47634e+95
4.47634e+95
1.7377e+96
5.88013e+95
6.58869e+95
2.36921e+95
6.83859e+94
6.83859e+94
1.88067e+94
1.88067e+94
1.88067e+94
6.86886e+94
6.86886e+94
1.5633e+95
1.5633e+95
5.55272e+94
5.55272e+94
5.55272e+94
5.55272e+94
1.85512e+94
1.85512e+94
1.85512e+94
6.12496e+94
6.12496e+94
4.65382e+94
1.0064e+95
3.35761e+95
8.65316e+94
3.24655e+95
1.39554e+95
2.10021e+95
2.10021e+95
7.45194e+94
7.45194e+94
7.45194e+94
1.7037e+95
1.7037e+95
5.93754e+94
5.93754e+94
1.78332e+94
6.1729e+94
6.1729e+94
6.1729e+94
2.38468e+95
9.30571e+95
2.4804e+96
9.79754e+96
9.79754e+96
9.79754e+96
9.79754e+96
2.6519e+96
1.02331e+96
2.63196e+95
1.23427e+95
2.45599e+95
6.48429e+95
6.48429e+95
2.20544e+96
2.20544e+96
2.20544e+96
7.11498e+95
2.87842e+96
2.87842e+96
1.15697e+96
4.17083e+96
2.91607e+96
2.91607e+96
1.08817e+97
1.08817e+97
6.96368e+96
6.96368e+96
1.95217e+96
1.95217e+96
1.95217e+96
3.78253e+96
3.78253e+96
3.78253e+96
3.78253e+96
9.80023e+95
7.70352e+95
1.89268e+96
7.80436e+95
7.80436e+95
3.04378e+96
9.59476e+96
4.11382e+96
4.11382e+96
2.20192e+96
2.20192e+96
8.57589e+96
8.57589e+96
8.57589e+96
8.57589e+96
3.61107e+97
3.61107e+97
3.61107e+97
9.21905e+96
9.21905e+96
3.81422e+97
3.81422e+97
3.81422e+97
9.74145e+97
3.36302e+97
