1.268493555999999911e-01
1.007618631000000015e-01
9.988015123000000550e-02
9.422865564000000582e-02
9.587225235000000623e-02
9.643376976999999683e-02
9.735786158999999718e-02
9.529661767000000006e-02
9.881552109999999778e-02
9.272123641000000471e-02
9.097755887000000263e-02
9.819111040000000346e-02
1.008149876999999972e-01
9.595625676999999798e-02
9.443044292999999700e-02
9.424403565000000205e-02
9.605131813999999435e-02
9.932877612000000356e-02
9.252407755000000011e-02
9.908069247999999607e-02
9.511129412999999588e-02
9.433500233000000068e-02
9.562663886000000169e-02
9.708484393999999851e-02
9.786426451999999387e-02
9.218844367999999567e-02
9.617315503999999959e-02
9.159508941999999765e-02
9.425926906999999855e-02
9.895250193000000583e-02
9.881327917000000405e-02
9.638623847999999716e-02
9.592916246999999563e-02
1.008207978000000005e-01
9.777170854000000189e-02
9.286779193999999960e-02
9.192372500999999863e-02
9.937884817000000592e-02
9.758438278000000632e-02
9.255202953999999704e-02
9.787181663999999781e-02
9.432881540000000176e-02
9.438398263000000177e-02
9.313653018999999700e-02
9.708004057999999881e-02
9.726402531000000184e-02
9.490067833000000175e-02
9.337774037000000360e-02
9.311629255999999411e-02
9.451339492999999425e-02
9.799185417000000342e-02
9.720129094000000414e-02
9.762542198000000171e-02
9.768565253000000004e-02
9.783397854000000504e-02
9.599881113000000021e-02
9.522831300999999582e-02
9.815372278999999478e-02
9.612232662000000372e-02
9.306100287000000637e-02
9.807603036999999746e-02
9.761368600000000506e-02
9.645226201999999860e-02
9.385748497000000190e-02
9.602572671999999587e-02
9.687755685000000450e-02
9.794131973000000380e-02
9.764686772000000237e-02
9.773535163999999553e-02
1.006631899999999996e-01
9.865388552999999894e-02
9.572576035999999511e-02
9.610875040999999896e-02
9.545492025000000547e-02
9.817554233000000408e-02
9.335593303000000454e-02
8.937762047000000210e-02
9.719555224999999743e-02
9.618142282000000098e-02
9.180369618000000509e-02
9.301364692999999906e-02
9.333481812999999683e-02
9.083321407000000125e-02
9.335657937999999878e-02
9.692299752999999907e-02
9.145897592000000464e-02
9.378577896999999719e-02
9.813502728999999591e-02
9.556752624000000584e-02
9.108724510000000552e-02
9.623554360000000085e-02
9.637298770999999653e-02
9.527684586000000067e-02
9.665777219000000475e-02
9.611635051000000374e-02
9.952735450999999900e-02
9.992327717000000498e-02
9.674975607999999894e-02
1.001773537999999936e-01
9.468188272999999988e-02
1.018483426999999969e-01
9.719368807000000610e-02
9.338412701999999899e-02
9.351281159999999537e-02
9.691102024999999343e-02
9.229417435999999475e-02
9.684170118000000327e-02
9.863864498999999619e-02
9.016739555000000128e-02
9.556508724999999982e-02
9.432819070999999556e-02
1.004584523000000007e-01
1.024416152000000024e-01
9.770161272999999813e-02
9.682465643000000288e-02
1.020082472999999934e-01
1.007892043000000043e-01
9.791733902999999462e-02
9.982904610999999984e-02
9.667160293000000293e-02
9.528369327999999805e-02
9.816097114999999818e-02
9.637393075000000309e-02
9.673360010999999814e-02
9.697860466999999596e-02
9.634446348000000326e-02
9.903840944000000257e-02
9.269053170999999591e-02
9.609829917999999915e-02
9.561340994000000482e-02
9.751704640000000146e-02
1.009080175000000024e-01
9.923669983999999777e-02
9.603854088999999594e-02
9.370883204999999605e-02
9.612417267999999460e-02
1.002246370000000053e-01
9.738620415000000252e-02
9.708234710999999462e-02
9.618883100000000241e-02
9.642021436999999306e-02
9.637650790000000522e-02
9.118707558999999963e-02
9.537053015999999439e-02
9.620253368999999444e-02
9.504775218000000025e-02
9.366914811000000285e-02
9.275783170000000133e-02
9.866312801000000354e-02
1.022771439000000060e-01
9.528332913999999765e-02
9.543351224000000410e-02
9.642810131000000007e-02
9.278043376000000286e-02
9.428493038000000659e-02
9.946863860000000612e-02
9.640701467999999996e-02
9.686766452999999444e-02
1.003411076000000068e-01
1.008656034999999979e-01
9.685951445000000326e-02
1.008642706000000000e-01
1.004689314999999972e-01
1.002162293000000010e-01
9.796882460000000403e-02
9.526088972000000543e-02
9.950593107999999853e-02
1.003405057999999933e-01
9.749446039999999647e-02
9.124934155000000158e-02
9.513783231000000340e-02
9.775399005000000308e-02
1.004858755000000020e-01
1.002433241000000030e-01
9.877460006999999598e-02
1.012727744999999957e-01
9.645354525999999540e-02
9.901570724000000046e-02
9.937589592999999943e-02
9.847776497999999323e-02
9.364429900000000029e-02
9.834314270999999774e-02
9.724742395999999567e-02
9.652963176999999895e-02
9.691631491999999626e-02
9.495384393000000367e-02
9.276680437999999806e-02
9.406847111999999678e-02
9.643776438999999978e-02
9.877790050000000155e-02
9.439805098999999589e-02
9.413520619000000089e-02
9.398947267000000438e-02
9.103950718999999359e-02
9.516803167000000008e-02
1.033790021000000059e-01
9.698129777000000229e-02
9.635733019000000676e-02
9.120506742999999472e-02
8.980545991999999700e-02
9.164420869000000636e-02
9.625586678000000451e-02
9.183413744000000489e-02
9.664157068999999767e-02
9.930753116000000380e-02
9.650574265000000374e-02
9.751823682999999354e-02
9.907026126000000044e-02
9.921437405999999903e-02
9.726647559999999915e-02
9.220377954000000265e-02
9.630913372999999611e-02
9.562827151000000137e-02
9.541159328999999911e-02
9.699813708000000478e-02
9.653830620999999390e-02
9.800539869999999598e-02
9.302115414999999332e-02
9.191885113000000662e-02
9.957176658999999930e-02
9.731505557000000306e-02
9.269968823999999441e-02
9.864301428999999732e-02
1.017103721999999960e-01
9.684081818999999702e-02
9.619199316000000277e-02
9.630589897999999871e-02
9.760339906999999926e-02
9.621303364000000080e-02
9.451361013999999561e-02
9.757828008999999692e-02
9.674778807999999397e-02
9.647501813000000648e-02
9.714104440000000118e-02
9.557025695000000154e-02
9.792731919000000063e-02
9.834931671999999625e-02
9.650463512000000132e-02
9.351738347999999368e-02
9.667945421000000150e-02
9.642626970999999825e-02
9.269196049000000270e-02
9.517839228999999679e-02
9.460520117000000007e-02
9.534998982999999539e-02
9.335641262999999634e-02
9.861323547000000467e-02
1.000041829999999965e-01
9.714782127000000378e-02
9.649420218000000216e-02
9.676019763000000273e-02
9.914542852999999600e-02
9.748814087000000350e-02
9.621773592000000541e-02
9.721463063999999377e-02
1.004898364999999988e-01
9.799920445000000202e-02
9.717718696999999572e-02
9.474709819000000366e-02
9.537345749999999456e-02
9.171734634000000552e-02
9.828642281999999675e-02
9.906405482999999790e-02
9.871878092999999965e-02
9.919475963000000396e-02
1.009527317000000063e-01
9.578096702999999712e-02
9.714651820000000382e-02
9.665536772999999693e-02
8.823317281999999706e-02
9.485102776999999874e-02
9.662921817000000302e-02
9.863559694000000044e-02
9.774803928000000419e-02
9.630560520000000513e-02
9.988167670000000498e-02
9.537681980999999920e-02
9.658624261999999849e-02
9.525535127999999740e-02
9.370212785999999794e-02
9.705221308000000491e-02
1.000479452999999963e-01
9.807102501000000694e-02
9.871798133999999669e-02
9.763440728000000179e-02
9.739878249000000210e-02
9.462539573000000592e-02
9.679401040000000511e-02
9.450705503999999590e-02
9.818238936999999777e-02
9.741154918000000107e-02
9.474251142999999542e-02
9.806624307000000318e-02
9.893282261999999938e-02
9.792388974000000579e-02
9.645306262000000186e-02
1.009731844999999933e-01
9.694858824999999514e-02
9.505148659999999861e-02
9.583942552999999420e-02
9.183174804999999497e-02
9.180921340000000597e-02
9.136015682999999721e-02
9.644479825000000506e-02
1.004968507999999955e-01
9.692757254000000655e-02
9.821270535999999940e-02
1.013424304999999970e-01
1.038176945000000018e-01
9.884532162999999649e-02
9.853873217000000406e-02
9.729190203000000203e-02
9.592352475000000267e-02
9.718092668000000156e-02
9.772695692999999739e-02
9.347041036000000580e-02
9.682727876999999705e-02
9.580015939000000036e-02
9.626462405999999805e-02
9.500273717000000395e-02
9.524414808999999427e-02
9.432813466999999397e-02
9.602099070000000292e-02
9.380288013000000202e-02
9.311083090999999756e-02
9.509717094000000315e-02
9.653714479000000126e-02
9.856464764000000267e-02
9.692799806000000629e-02
9.196603678999999698e-02
9.050764186000000155e-02
9.517967501000000607e-02
9.353214497999999544e-02
9.594644234999999410e-02
9.174280605000000033e-02
9.839620278999999803e-02
9.318628468999999581e-02
9.366266350999999379e-02
9.104487344999999399e-02
9.640292803000000132e-02
9.656421426000000308e-02
1.001276125999999989e-01
9.482609894000000594e-02
9.659429938999999909e-02
9.626341692999999811e-02
9.651268353000000411e-02
9.836774010000000346e-02
9.845964942000000331e-02
9.396602912000000252e-02
9.540677181999999978e-02
9.269338767000000201e-02
9.488907397000000132e-02
9.072742045999999949e-02
9.014272573999999871e-02
9.773247038000000553e-02
9.289563215000000429e-02
9.453516201000000674e-02
9.292550971999999354e-02
9.484583562999999995e-02
9.910087830000000042e-02
9.931924876999999319e-02
9.835989330000000086e-02
9.759098571999999527e-02
9.537687468000000113e-02
9.207009432000000382e-02
9.328133644000000113e-02
9.375559468999999924e-02
9.120814766000000240e-02
9.653868422000000393e-02
9.941119349999999466e-02
1.023182334999999943e-01
1.000341760999999968e-01
9.387370106999999575e-02
9.274450649000000324e-02
9.467580573000000665e-02
9.961228340000000125e-02
9.336046208999999874e-02
9.446411790000000530e-02
9.655472759000000016e-02
9.794493539000000137e-02
9.704096536999999578e-02
9.639246197999999655e-02
9.688665424999999554e-02
9.885290318999999382e-02
9.562599146000000383e-02
9.832485968000000132e-02
9.547530372000000154e-02
9.545435453999999431e-02
9.420320676000000504e-02
9.519353805999999918e-02
9.894857256000000323e-02
9.832676363999999503e-02
9.970529848999999667e-02
9.432810180999999516e-02
9.038897443000000476e-02
9.657787850000000562e-02
9.750997111999999689e-02
9.693836499999999856e-02
9.598612349000000543e-02
9.894563237999999539e-02
9.801410900000000204e-02
9.678661188999999887e-02
9.605345508000000254e-02
9.696962389999999599e-02
9.663393367000000511e-02
9.678850988999999905e-02
9.531952272999999476e-02
9.880374086000000278e-02
9.740234136000000542e-02
9.728266725999999698e-02
9.659076367999999690e-02
9.225988538000000350e-02
9.605946434999999839e-02
9.707859194000000025e-02
9.674231944000000194e-02
1.003030008999999945e-01
9.861365103999999993e-02
9.958133948000000291e-02
9.410749926000000487e-02
9.736780676999999551e-02
9.199008986999999971e-02
9.136017608999999484e-02
9.482125688999999691e-02
9.768951426999999965e-02
9.848551592000000243e-02
9.653335279999999963e-02
9.281386500999999623e-02
9.715809959000000495e-02
9.575343527000000632e-02
9.806901328000000584e-02
9.653938360000000052e-02
9.479647023999999977e-02
9.606636709999999413e-02
9.775706012000000278e-02
9.528150589000000670e-02
9.264416382000000005e-02
9.742197359000000223e-02
9.849318014999999815e-02
9.313786743999999396e-02
9.393166065999999925e-02
9.835796571999999571e-02
1.033200251000000042e-01
1.013731744999999962e-01
1.026013803000000030e-01
9.897134032000000359e-02
9.629896943000000598e-02
9.868512791000000339e-02
1.004496975000000042e-01
9.473603264999999607e-02
9.966362084999999538e-02
1.000117890999999981e-01
9.165100267999999606e-02
9.487424966000000681e-02
9.608889830000000298e-02
9.529044348000000053e-02
1.000097206999999988e-01
9.829363237999999559e-02
9.951216240000000657e-02
9.630135196000000342e-02
9.316518454000000116e-02
9.712251037999999892e-02
9.392645646000000181e-02
9.997569003999999537e-02
9.581147221999999908e-02
9.056983432000000056e-02
9.597094921000000334e-02
9.502751572999999785e-02
9.523990376999999508e-02
9.117481033999999540e-02
9.453605136999999881e-02
9.535077797999999549e-02
9.377098137000000611e-02
9.889609399000000300e-02
1.006941476000000057e-01
1.003002890999999952e-01
9.353273738999999531e-02
9.289229620000000187e-02
9.702932798999999719e-02
9.723481751000000173e-02
9.932923959000000691e-02
9.335184166000000394e-02
9.475126847999999768e-02
9.762868236999999727e-02
9.662852503999999620e-02
9.271683695000000613e-02
9.809191931999999836e-02
9.777658069000000340e-02
9.493595958999999362e-02
1.000182188000000028e-01
9.689779518999999675e-02
9.181229589000000635e-02
9.457547683000000482e-02
9.388041173000000184e-02
9.886796608999999514e-02
9.618319159999999535e-02
9.866824949999999927e-02
9.966018932999999580e-02
9.767727176000000344e-02
9.732566007000000019e-02
9.220497374000000135e-02
9.925305493000000090e-02
9.833938635000000206e-02
9.558701196999999650e-02
9.526874140999999629e-02
9.669707952999999356e-02
9.848872955000000096e-02
9.906040463000000129e-02
9.888167847999999871e-02
9.635155631000000276e-02
9.931772916000000673e-02
9.945899360000000355e-02
1.003811737000000065e-01
1.005823579999999967e-01
9.546195864999999781e-02
9.785597166999999985e-02
1.007086892000000067e-01
9.740235997000000479e-02
9.420931205999999447e-02
9.761179824000000560e-02
1.005644539999999976e-01
9.714033514000000591e-02
9.440604190000000118e-02
1.012614384000000006e-01
9.816115616999999960e-02
9.636735057999999687e-02
9.592115331000000689e-02
1.038375371999999963e-01
9.310580240000000674e-02
9.584054738000000184e-02
9.655550635000000048e-02
9.875268188999999919e-02
9.652883133999999588e-02
9.573165778999999376e-02
9.830150867999999653e-02
1.002723075999999991e-01
9.298135916999999973e-02
9.606575858999999440e-02
9.576232890999999969e-02
9.577897955000000407e-02
9.415932777999999614e-02
9.529962694000000678e-02
9.560596983999999909e-02
9.768062475000000022e-02
9.998820559000000385e-02
9.251490562000000417e-02
9.403684407000000023e-02
9.294831225999999891e-02
9.390326603000000161e-02
9.612441341999999889e-02
1.012815348999999976e-01
9.318642282000000332e-02
9.732339653999999562e-02
9.444940752000000050e-02
9.359705096999999807e-02
9.396769848000000036e-02
9.467636314999999803e-02
9.805082935999999416e-02
9.661640397000000047e-02
9.922029503000000250e-02
9.648834007999999851e-02
9.533823770999999558e-02
9.485017162999999363e-02
9.972204085999999967e-02
9.711956187999999657e-02
9.673816786000000167e-02
1.001069178999999948e-01
9.630430378000000291e-02
9.810373803999999920e-02
1.004972442999999965e-01
1.026964387000000034e-01
9.475368687000000623e-02
9.808537761999999716e-02
9.910887438000000327e-02
9.314477020000000440e-02
9.587650200000000233e-02
9.904791336000000335e-02
9.674152397999999375e-02
9.795104148000000066e-02
9.804803875999999752e-02
9.521921256000000222e-02
9.861418470999999686e-02
9.861400235999999431e-02
9.845207325999999481e-02
9.537129162999999354e-02
9.705167363000000158e-02
9.407837971999999382e-02
9.826646108000000601e-02
1.016108631000000040e-01
1.002475666000000043e-01
9.650128717000000522e-02
9.487134022000000277e-02
9.479007709999999476e-02
9.735246794999999342e-02
9.684724587000000107e-02
9.676077381000000588e-02
9.650242314000000154e-02
9.471276788999999363e-02
9.222375448000000309e-02
9.522980291999999514e-02
9.552291507000000570e-02
9.399279748000000101e-02
9.745895076999999684e-02
8.973946027000000158e-02
9.109748397000000386e-02
9.649368994000000199e-02
9.754121513999999826e-02
9.073191089000000320e-02
9.806502448999999955e-02
9.682850173000000227e-02
9.811891218000000359e-02
9.814913252000000143e-02
9.370429430000000448e-02
9.417555780000000376e-02
9.319742545999999683e-02
9.087283490000000463e-02
9.450343381999999626e-02
9.084926263999999752e-02
9.222149474000000680e-02
9.480183996999999585e-02
9.308363745000000633e-02
8.895037861000000545e-02
9.316812161000000148e-02
9.555045047000000624e-02
9.503251784999999785e-02
9.362466994000000209e-02
8.919667971000000417e-02
9.269484726000000452e-02
9.542907676999999589e-02
1.007711044000000056e-01
9.747920844999999335e-02
9.428753944999999914e-02
9.316005619000000681e-02
9.671494240000000353e-02
9.469481169000000531e-02
9.437902457999999828e-02
1.013163675000000041e-01
9.727332148999999484e-02
9.990548135000000551e-02
9.760586054000000567e-02
9.815193399999999624e-02
9.802604036999999770e-02
9.627849261000000214e-02
9.786782111000000284e-02
9.194011468000000409e-02
9.301822479000000643e-02
9.794725212999999542e-02
1.014118380000000041e-01
9.925392260000000244e-02
9.377419792999999726e-02
9.486395241999999450e-02
9.310649434999999918e-02
9.565169914000000440e-02
9.478826707000000129e-02
9.395360875000000056e-02
9.337983633999999422e-02
9.185985362000000098e-02
9.409728197000000183e-02
9.548376270000000221e-02
9.378731126000000584e-02
9.550361988000000135e-02
9.770413055000000402e-02
9.566523298000000064e-02
9.484449015000000205e-02
9.356833235000000526e-02
9.727671889000000238e-02
9.988721638000000458e-02
9.830598364999999783e-02
1.003669838000000036e-01
9.858787076000000149e-02
9.759305902999999838e-02
9.783681579000000350e-02
1.008101255999999946e-01
9.990133206000000043e-02
9.976250247000000015e-02
9.798154622999999397e-02
1.002788946999999958e-01
9.936393724000000538e-02
9.944635383000000051e-02
1.039589149999999990e-01
1.014004559999999999e-01
9.654027759000000097e-02
9.066921723000000155e-02
9.334349387000000220e-02
9.738306031000000529e-02
9.809360397999999925e-02
9.385136585999999392e-02
9.673367606999999646e-02
9.714151686999999979e-02
9.642185390000000689e-02
9.753198513999999930e-02
9.658057116000000331e-02
9.668213693999999636e-02
9.293083879999999852e-02
9.084059050999999940e-02
9.294825537999999721e-02
9.447398345999999392e-02
9.182415464000000249e-02
9.212068835999999428e-02
9.713101015000000227e-02
9.391322303000000649e-02
9.420463047999999562e-02
9.494326647999999647e-02
9.280281843000000308e-02
9.739008771000000342e-02
9.605146005999999625e-02
9.518589218999999602e-02
9.664854034000000538e-02
9.608293748000000523e-02
9.507508346000000110e-02
9.297348145999999314e-02
9.634994872999999571e-02
9.533269738999999854e-02
9.457265827999999930e-02
9.183599622999999434e-02
9.902971570999999362e-02
9.689696456000000679e-02
1.013250889999999932e-01
9.341347011999999450e-02
9.532196517999999563e-02
1.014901826000000062e-01
9.606752473000000625e-02
9.494254288999999514e-02
9.854458486000000628e-02
9.442058008999999752e-02
9.658725555000000074e-02
9.443202109999999927e-02
9.382187258999999391e-02
9.601682297999999949e-02
9.510865287000000445e-02
9.239117714000000259e-02
9.346147184000000441e-02
9.613848916000000688e-02
9.715392697999999938e-02
9.419233757999999346e-02
9.204963366000000480e-02
9.039006284999999419e-02
9.792976625999999518e-02
9.645215883999999629e-02
9.252842227999999447e-02
9.896326090000000242e-02
9.598528523999999562e-02
9.297271666999999684e-02
9.516638307999999991e-02
9.999283177999999939e-02
9.553411443999999808e-02
9.510652556000000202e-02
9.898772120000000341e-02
9.792572030000000483e-02
9.780173089999999458e-02
9.420890195999999384e-02
9.411624791000000601e-02
9.606781404000000468e-02
9.409659995999999915e-02
9.745354237999999392e-02
1.035160460000000004e-01
1.020715881999999936e-01
1.033100539999999984e-01
1.007102103999999998e-01
1.005487038999999944e-01
9.719963155999999938e-02
9.426142221000000099e-02
9.778184823999999664e-02
9.586123087999999515e-02
9.800683953000000059e-02
9.484886865000000111e-02
8.997660191999999613e-02
9.664817309999999828e-02
9.462163534999999681e-02
9.543881093000000648e-02
9.719338960999999999e-02
9.569641267999999534e-02
9.783516084000000446e-02
1.000850568999999968e-01
9.878738842999999770e-02
9.698810600000000448e-02
9.451921464000000161e-02
9.463234105999999979e-02
9.488693982000000193e-02
9.709893604000000011e-02
9.774380528999999929e-02
9.617494302000000050e-02
9.412990093999999697e-02
9.689411905000000491e-02
9.834284321000000273e-02
9.885307041999999433e-02
9.540529469000000318e-02
9.529862108999999359e-02
9.448148496000000063e-02
9.603427271999999404e-02
1.000882596000000069e-01
9.863158230999999332e-02
9.869144375999999719e-02
9.913711025999999427e-02
1.025654228000000001e-01
9.558810417999999420e-02
9.976180286999999924e-02
9.905296970999999395e-02
9.639275686999999870e-02
9.825226925999999694e-02
9.577540010000000492e-02
9.762102968999999963e-02
9.867838983000000452e-02
9.333667985999999361e-02
9.532070554999999557e-02
9.356975743999999817e-02
9.659657452000000588e-02
9.713955804000000416e-02
9.671994382000000112e-02
9.721737209000000379e-02
9.838959097999999681e-02
1.029457735999999984e-01
9.856650990000000168e-02
9.287458506000000058e-02
9.386693622000000237e-02
9.559720217999999325e-02
9.551708435000000330e-02
9.247317274999999892e-02
9.119258119999999745e-02
9.472689837000000668e-02
9.356650973999999787e-02
9.432613754999999434e-02
9.126810572000000621e-02
9.554315713000000043e-02
9.517027856000000174e-02
9.500848015000000479e-02
9.769543740000000143e-02
9.669874986000000228e-02
9.715849928000000468e-02
9.495428989000000153e-02
9.648179410000000400e-02
9.673194864999999643e-02
9.756224569999999430e-02
9.856972284999999945e-02
9.493113522000000415e-02
9.258906048999999971e-02
9.735290365000000279e-02
9.974867110000000536e-02
9.440873521999999796e-02
9.274007317999999334e-02
1.004004507000000046e-01
9.903576075999999395e-02
9.824175899999999795e-02
9.816788231999999670e-02
9.929902810000000579e-02
9.243623511000000070e-02
9.336221785999999911e-02
9.732970555000000634e-02
9.925207764000000543e-02
9.784052143999999451e-02
9.827841176000000345e-02
9.356729703999999703e-02
9.480060341000000335e-02
1.008069486000000015e-01
9.553710770999999935e-02
9.912813496000000280e-02
9.245677683000000369e-02
9.637843745000000684e-02
1.009851689999999996e-01
9.890240370000000225e-02
9.586318511999999958e-02
9.727816965999999677e-02
9.437068570999999906e-02
9.575912675999999346e-02
9.834264704999999551e-02
9.728060929000000023e-02
9.598413025999999459e-02
9.543076027999999877e-02
9.342303812999999679e-02
9.191182962999999706e-02
9.753618702999999890e-02
9.782324694999999792e-02
9.537841429000000482e-02
9.361504281999999399e-02
9.483349406999999620e-02
9.600403732999999995e-02
9.640499438999999837e-02
9.551535931000000590e-02
9.333429792000000336e-02
9.440051212000000191e-02
9.116986254999999428e-02
9.269010390000000099e-02
9.647877084000000547e-02
9.273870484000000525e-02
9.470114149000000148e-02
9.689144460000000125e-02
9.764917429000000149e-02
9.175062447000000010e-02
9.371840098000000507e-02
9.847521870000000566e-02
9.801519403000000241e-02
1.021867892000000028e-01
9.685133882999999444e-02
9.641480963000000071e-02
9.744787231000000272e-02
1.006035237999999971e-01
9.761521640999999694e-02
8.858641027999999973e-02
9.556082498000000036e-02
9.281364002000000446e-02
9.419838620999999856e-02
9.995379901999999761e-02
9.847279532000000057e-02
9.763503094000000604e-02
1.006940550000000045e-01
9.349361317000000338e-02
9.607864160000000042e-02
9.592448264000000280e-02
9.197449151000000600e-02
9.523899583000000613e-02
9.924477187999999894e-02
1.003764998999999991e-01
9.835749175999999872e-02
9.516350731999999313e-02
9.758509794000000404e-02
9.726904685999999967e-02
9.691577043999999308e-02
9.384392377000000396e-02
9.587528881000000058e-02
9.760433058999999634e-02
1.022081779999999968e-01
9.883912126999999659e-02
9.943723258000000675e-02
9.676139806000000343e-02
9.459797425999999509e-02
9.572636962000000138e-02
9.810089747000000360e-02
9.631917484999999446e-02
9.752907884000000527e-02
1.048196522999999963e-01
1.016794072999999965e-01
9.640689301999999516e-02
9.537135621999999480e-02
9.994279632999999996e-02
9.643648098000000279e-02
9.861608067999999561e-02
1.043463438999999993e-01
9.737676637000000635e-02
9.797159229000000635e-02
9.603727290999999888e-02
9.580186795999999505e-02
9.400238827000000075e-02
9.661671216999999368e-02
9.770758358999999393e-02
9.953022659999999355e-02
1.028638864000000069e-01
9.786713347000000618e-02
9.927748078999999726e-02
9.548759760000000152e-02
9.587598673000000127e-02
9.513369519000000607e-02
9.994704071000000412e-02
9.537767288000000010e-02
9.490149624999999478e-02
9.722748410999999813e-02
9.561654986999999772e-02
9.520620155999999501e-02
9.415670185999999720e-02
1.016132807000000027e-01
9.926725493000000677e-02
9.934719712999999508e-02
9.566474850999999446e-02
9.672907512999999458e-02
9.482633973000000049e-02
9.554514460999999348e-02
9.859369192000000393e-02
9.517522718000000215e-02
9.740171603000000178e-02
9.373543204999999767e-02
9.559306021999999792e-02
9.233536691999999491e-02
8.945853955999999441e-02
9.842164053000000690e-02
9.674947876999999419e-02
9.618158217000000176e-02
9.456937176999999362e-02
9.591482038000000154e-02
9.512155640000000134e-02
9.647893667000000117e-02
9.126497020000000349e-02
9.397965787999999765e-02
9.522240928000000326e-02
9.849164465000000146e-02
9.494639013000000238e-02
9.453754330999999955e-02
1.017949338000000009e-01
9.530607449000000342e-02
9.673480869999999399e-02
9.385893597000000144e-02
1.005444308000000009e-01
1.042679950999999966e-01
9.744086331000000045e-02
9.749078773000000031e-02
9.719445089000000593e-02
1.023915653000000009e-01
9.707302905999999620e-02
9.619387268000000046e-02
9.847331632000000390e-02
9.981303581000000591e-02
9.868682345000000244e-02
9.498990894000000629e-02
