6.243149999999999977e+00
1.174920000000000009e+01
1.884159999999999968e+01
2.251190000000000069e+01
2.756030000000000157e+01
3.281569999999999965e+01
3.728229999999999933e+01
5.050450000000000017e+01
5.419369999999999976e+01
6.138660000000000139e+01
6.684260000000000446e+01
8.047079999999999700e+01
8.698690000000000566e+01
9.661050000000000182e+01
9.962239999999999895e+01
1.010040000000000049e+02
1.068769999999999953e+02
1.054360000000000070e+02
1.187099999999999937e+02
1.254120000000000061e+02
1.353720000000000141e+02
1.424550000000000125e+02
1.518720000000000141e+02
1.581800000000000068e+02
1.598410000000000082e+02
1.635869999999999891e+02
1.755749999999999886e+02
1.850060000000000002e+02
1.953650000000000091e+02
2.086359999999999957e+02
2.142570000000000050e+02
2.213050000000000068e+02
2.331469999999999914e+02
2.358830000000000098e+02
2.438199999999999932e+02
2.533100000000000023e+02
2.529310000000000116e+02
2.649110000000000014e+02
2.739580000000000268e+02
2.811349999999999909e+02
2.871519999999999868e+02
2.881259999999999764e+02
3.021000000000000227e+02
3.042250000000000227e+02
3.057019999999999982e+02
3.124320000000000164e+02
3.141510000000000105e+02
3.188149999999999977e+02
3.262649999999999864e+02
3.413539999999999850e+02
3.509440000000000168e+02
3.606309999999999718e+02
3.735640000000000214e+02
3.821589999999999918e+02
3.955609999999999786e+02
4.046879999999999882e+02
3.999719999999999800e+02
4.078720000000000141e+02
4.185149999999999864e+02
4.234089999999999918e+02
4.296560000000000059e+02
4.347420000000000186e+02
4.321440000000000055e+02
4.301739999999999782e+02
4.342740000000000009e+02
4.365009999999999764e+02
4.392620000000000005e+02
4.445310000000000059e+02
4.598910000000000196e+02
4.645489999999999782e+02
4.773559999999999945e+02
4.855389999999999873e+02
4.992259999999999991e+02
5.074110000000000014e+02
5.121019999999999754e+02
5.150529999999999973e+02
5.223609999999999900e+02
5.154829999999999472e+02
5.164189999999999827e+02
5.260710000000000264e+02
5.408550000000000182e+02
5.446449999999999818e+02
5.444660000000000082e+02
5.528339999999999463e+02
5.557110000000000127e+02
5.597340000000000373e+02
5.658930000000000291e+02
5.711589999999999918e+02
5.697450000000000045e+02
5.747229999999999563e+02
5.864049999999999727e+02
5.886200000000000045e+02
5.920919999999999845e+02
5.998940000000000055e+02
6.040320000000000391e+02
6.102469999999999573e+02
6.173279999999999745e+02
6.192400000000000091e+02
6.228700000000000045e+02
6.351509999999999536e+02
6.394450000000000500e+02
6.405599999999999454e+02
6.460420000000000300e+02
6.550009999999999764e+02
6.678970000000000482e+02
6.778819999999999482e+02
6.761200000000000045e+02
6.833179999999999836e+02
6.906900000000000546e+02
6.930439999999999827e+02
7.041420000000000528e+02
7.035489999999999782e+02
7.065489999999999782e+02
7.166639999999999873e+02
7.239460000000000264e+02
7.393529999999999518e+02
7.482290000000000418e+02
7.580069999999999482e+02
7.627839999999999918e+02
7.638680000000000518e+02
7.648440000000000509e+02
7.710430000000000064e+02
7.757419999999999618e+02
7.788940000000000055e+02
7.859769999999999754e+02
7.942820000000000391e+02
7.887500000000000000e+02
7.890449999999999591e+02
7.870499999999999545e+02
7.989550000000000409e+02
7.904729999999999563e+02
7.877799999999999727e+02
7.921109999999999900e+02
7.912259999999999991e+02
7.915660000000000309e+02
7.916190000000000282e+02
7.990149999999999864e+02
7.994600000000000364e+02
8.007440000000000282e+02
7.990760000000000218e+02
8.031670000000000300e+02
8.070460000000000491e+02
7.983849999999999909e+02
8.029329999999999927e+02
8.088630000000000564e+02
8.077980000000000018e+02
8.086169999999999618e+02
8.051599999999999682e+02
8.027859999999999445e+02
8.120259999999999536e+02
8.049579999999999700e+02
8.082250000000000227e+02
8.128920000000000528e+02
8.123490000000000464e+02
8.186409999999999627e+02
8.161699999999999591e+02
8.207419999999999618e+02
8.192899999999999636e+02
8.208250000000000455e+02
8.258410000000000082e+02
8.241059999999999945e+02
8.370359999999999445e+02
8.387659999999999627e+02
8.381509999999999536e+02
8.440960000000000036e+02
8.462519999999999527e+02
8.563400000000000318e+02
8.622559999999999718e+02
8.561100000000000136e+02
8.587880000000000109e+02
8.471119999999999663e+02
8.519310000000000400e+02
8.484389999999999645e+02
8.450289999999999964e+02
8.442720000000000482e+02
8.424900000000000091e+02
8.439800000000000182e+02
8.562549999999999955e+02
8.613630000000000564e+02
8.660990000000000464e+02
8.690040000000000191e+02
8.628029999999999973e+02
8.648239999999999554e+02
8.662930000000000064e+02
8.676069999999999709e+02
8.692179999999999609e+02
8.754959999999999809e+02
8.778029999999999973e+02
8.790589999999999691e+02
8.824529999999999745e+02
8.836499999999999773e+02
8.804650000000000318e+02
8.816920000000000073e+02
8.863830000000000382e+02
8.873540000000000418e+02
8.922259999999999991e+02
8.963479999999999563e+02
9.023300000000000409e+02
9.114400000000000546e+02
9.177960000000000491e+02
9.199020000000000437e+02
9.239740000000000464e+02
9.303160000000000309e+02
9.263619999999999663e+02
9.354470000000000027e+02
9.381889999999999645e+02
9.445220000000000482e+02
9.510779999999999745e+02
9.523909999999999627e+02
9.509189999999999827e+02
9.467709999999999582e+02
9.519389999999999645e+02
9.531119999999999663e+02
9.614220000000000255e+02
9.591509999999999536e+02
9.569569999999999936e+02
9.624700000000000273e+02
9.805979999999999563e+02
9.774289999999999736e+02
9.752680000000000291e+02
9.732809999999999491e+02
9.755910000000000082e+02
9.720309999999999491e+02
9.760470000000000255e+02
9.813319999999999936e+02
9.851290000000000191e+02
9.844349999999999454e+02
9.877870000000000346e+02
9.847609999999999673e+02
9.918799999999999955e+02
9.993379999999999654e+02
9.976810000000000400e+02
9.901200000000000045e+02
9.872880000000000109e+02
9.843559999999999945e+02
9.825109999999999673e+02
9.850130000000000337e+02
9.835480000000000018e+02
9.871340000000000146e+02
9.848400000000000318e+02
9.803590000000000373e+02
9.843239999999999554e+02
9.831589999999999918e+02
9.802970000000000255e+02
9.833709999999999809e+02
9.796240000000000236e+02
9.895460000000000491e+02
9.860869999999999891e+02
9.887870000000000346e+02
9.835850000000000364e+02
9.898329999999999700e+02
9.899900000000000091e+02
9.911820000000000164e+02
9.945019999999999527e+02
9.952219999999999800e+02
1.000100000000000023e+03
9.887300000000000182e+02
9.951539999999999964e+02
9.918949999999999818e+02
9.935660000000000309e+02
9.909389999999999645e+02
9.845900000000000318e+02
9.927580000000000382e+02
9.896710000000000491e+02
9.865760000000000218e+02
9.846140000000000327e+02
9.879400000000000546e+02
9.822029999999999745e+02
9.786040000000000418e+02
9.702140000000000555e+02
9.690249999999999773e+02
9.734260000000000446e+02
9.714460000000000264e+02
9.766330000000000382e+02
9.814080000000000155e+02
9.726250000000000000e+02
9.703429999999999609e+02
9.776739999999999782e+02
9.788859999999999673e+02
9.759900000000000091e+02
9.766680000000000064e+02
9.735339999999999918e+02
9.829120000000000346e+02
9.791839999999999691e+02
9.785549999999999500e+02
9.718859999999999673e+02
9.685069999999999482e+02
9.560700000000000500e+02
9.571839999999999691e+02
9.507889999999999873e+02
9.484400000000000546e+02
9.520510000000000446e+02
9.504049999999999727e+02
9.490080000000000382e+02
9.514089999999999918e+02
9.507569999999999482e+02
9.352359999999999900e+02
9.306599999999999682e+02
9.301789999999999736e+02
9.323899999999999864e+02
9.246649999999999636e+02
9.288509999999999991e+02
9.274809999999999945e+02
9.353469999999999800e+02
9.395579999999999927e+02
9.381639999999999873e+02
9.275560000000000400e+02
9.303329999999999700e+02
9.313070000000000164e+02
9.269660000000000082e+02
9.266269999999999527e+02
9.271420000000000528e+02
9.245689999999999600e+02
9.193759999999999764e+02
9.134180000000000064e+02
9.122939999999999827e+02
9.089370000000000118e+02
9.124220000000000255e+02
9.059180000000000064e+02
8.985860000000000127e+02
8.864320000000000164e+02
8.826760000000000446e+02
8.754589999999999463e+02
8.850140000000000100e+02
8.803700000000000045e+02
8.841680000000000064e+02
8.898999999999999773e+02
8.865750000000000455e+02
8.856449999999999818e+02
8.895990000000000464e+02
8.957809999999999491e+02
8.951630000000000109e+02
8.925689999999999600e+02
8.972960000000000491e+02
8.934210000000000491e+02
9.019030000000000200e+02
8.994210000000000491e+02
8.967569999999999482e+02
8.929160000000000537e+02
9.042219999999999800e+02
9.109049999999999727e+02
9.170299999999999727e+02
9.224329999999999927e+02
9.231079999999999472e+02
9.243099999999999454e+02
9.115389999999999873e+02
9.087530000000000427e+02
9.029030000000000200e+02
9.086449999999999818e+02
9.030489999999999782e+02
9.043479999999999563e+02
9.044349999999999454e+02
9.085280000000000200e+02
9.190539999999999736e+02
9.162089999999999463e+02
9.224279999999999973e+02
9.233769999999999527e+02
9.298999999999999773e+02
9.294339999999999691e+02
9.241620000000000346e+02
9.258360000000000127e+02
9.249669999999999845e+02
9.226359999999999673e+02
9.197799999999999727e+02
9.152440000000000282e+02
9.165180000000000291e+02
9.142859999999999445e+02
9.287799999999999727e+02
9.166520000000000437e+02
9.159719999999999800e+02
9.195789999999999509e+02
9.221839999999999691e+02
9.187380000000000564e+02
9.149529999999999745e+02
9.180410000000000537e+02
9.129349999999999454e+02
9.226490000000000009e+02
9.237509999999999764e+02
9.234819999999999709e+02
9.246739999999999782e+02
9.239030000000000200e+02
9.275779999999999745e+02
9.213790000000000191e+02
9.240180000000000291e+02
9.286290000000000191e+02
9.372980000000000018e+02
9.289719999999999800e+02
9.331589999999999918e+02
9.311190000000000282e+02
9.367549999999999955e+02
9.392150000000000318e+02
9.457359999999999900e+02
9.483160000000000309e+02
9.386839999999999691e+02
9.404779999999999518e+02
9.410389999999999873e+02
9.268369999999999891e+02
9.251710000000000491e+02
9.224690000000000509e+02
9.277580000000000382e+02
9.219740000000000464e+02
9.185979999999999563e+02
9.233780000000000427e+02
9.299389999999999645e+02
9.368319999999999936e+02
9.415030000000000427e+02
9.324329999999999927e+02
9.373880000000000337e+02
9.409930000000000518e+02
9.569840000000000373e+02
9.581140000000000327e+02
9.589640000000000555e+02
9.618070000000000164e+02
9.600199999999999818e+02
9.583250000000000455e+02
9.684260000000000446e+02
9.671960000000000264e+02
9.727930000000000064e+02
9.742279999999999518e+02
9.747920000000000300e+02
9.846430000000000291e+02
9.889420000000000073e+02
9.823799999999999955e+02
9.852290000000000418e+02
9.924969999999999573e+02
9.951870000000000118e+02
1.000750000000000000e+03
9.960779999999999745e+02
9.919420000000000073e+02
9.826380000000000337e+02
9.733229999999999791e+02
9.743669999999999618e+02
9.836309999999999718e+02
9.717740000000000009e+02
9.717450000000000045e+02
9.709160000000000537e+02
9.789589999999999463e+02
9.798390000000000555e+02
9.833049999999999500e+02
9.842619999999999436e+02
9.980700000000000500e+02
1.009779999999999973e+03
1.002870000000000005e+03
1.005529999999999973e+03
1.013820000000000050e+03
1.016220000000000027e+03
1.018009999999999991e+03
1.018799999999999955e+03
1.026069999999999936e+03
1.022480000000000018e+03
1.028140000000000100e+03
1.025690000000000055e+03
1.033329999999999927e+03
1.033690000000000055e+03
1.034359999999999900e+03
1.031799999999999955e+03
1.025269999999999982e+03
1.015529999999999973e+03
1.023370000000000005e+03
1.016159999999999968e+03
1.016950000000000045e+03
1.022690000000000055e+03
1.026029999999999973e+03
1.025279999999999973e+03
1.030519999999999982e+03
1.038950000000000045e+03
1.040700000000000045e+03
1.033380000000000109e+03
1.035710000000000036e+03
1.040269999999999982e+03
1.047559999999999945e+03
1.053329999999999927e+03
1.050960000000000036e+03
1.043390000000000100e+03
1.039119999999999891e+03
1.033450000000000045e+03
1.035490000000000009e+03
1.034059999999999945e+03
1.030799999999999955e+03
1.035119999999999891e+03
1.034289999999999964e+03
1.027890000000000100e+03
1.020210000000000036e+03
1.020080000000000041e+03
1.027829999999999927e+03
1.027529999999999973e+03
1.035630000000000109e+03
1.027500000000000000e+03
1.039769999999999982e+03
1.043849999999999909e+03
1.031339999999999918e+03
1.020389999999999986e+03
1.022700000000000045e+03
1.030500000000000000e+03
1.020470000000000027e+03
1.027970000000000027e+03
1.015769999999999982e+03
1.012179999999999950e+03
1.002769999999999982e+03
1.001789999999999964e+03
9.991430000000000291e+02
9.894759999999999991e+02
9.934809999999999945e+02
9.951440000000000055e+02
9.972469999999999573e+02
9.954660000000000082e+02
9.919099999999999682e+02
9.968079999999999927e+02
9.993880000000000337e+02
9.896989999999999554e+02
9.941490000000000009e+02
9.917530000000000427e+02
9.937259999999999991e+02
9.960439999999999827e+02
9.964539999999999509e+02
9.982069999999999936e+02
1.009120000000000005e+03
1.017860000000000014e+03
1.014100000000000023e+03
1.010669999999999959e+03
1.012909999999999968e+03
1.013460000000000036e+03
1.009019999999999982e+03
1.005480000000000018e+03
1.009419999999999959e+03
1.002659999999999968e+03
1.012049999999999955e+03
1.010889999999999986e+03
1.004779999999999973e+03
9.880489999999999782e+02
9.855929999999999609e+02
9.836119999999999663e+02
9.871939999999999600e+02
9.932010000000000218e+02
9.830650000000000546e+02
9.743899999999999864e+02
9.740140000000000100e+02
9.672970000000000255e+02
9.618609999999999900e+02
9.590240000000000009e+02
9.557100000000000364e+02
9.558759999999999764e+02
9.594930000000000518e+02
9.535289999999999964e+02
9.534859999999999900e+02
9.499869999999999663e+02
9.548550000000000182e+02
9.567670000000000528e+02
9.576660000000000537e+02
9.637849999999999682e+02
9.722290000000000418e+02
9.766019999999999754e+02
9.690180000000000291e+02
9.704460000000000264e+02
9.759890000000000327e+02
9.731860000000000355e+02
9.625879999999999654e+02
9.596180000000000518e+02
9.586459999999999582e+02
9.657140000000000555e+02
9.562749999999999773e+02
9.538220000000000027e+02
9.528319999999999936e+02
9.523750000000000000e+02
9.480720000000000027e+02
9.391250000000000000e+02
9.383500000000000227e+02
9.403300000000000409e+02
9.423559999999999945e+02
9.357210000000000036e+02
9.191630000000000109e+02
9.150389999999999873e+02
9.130610000000000355e+02
9.074560000000000173e+02
9.040000000000000000e+02
9.052259999999999991e+02
9.089389999999999645e+02
9.238179999999999836e+02
9.217640000000000100e+02
9.235180000000000291e+02
9.138819999999999482e+02
9.093920000000000528e+02
9.099009999999999536e+02
9.115190000000000055e+02
9.065289999999999964e+02
9.077849999999999682e+02
9.100309999999999491e+02
9.131710000000000491e+02
9.138550000000000182e+02
9.057749999999999773e+02
8.965700000000000500e+02
8.984170000000000300e+02
9.005510000000000446e+02
9.126580000000000155e+02
9.198089999999999691e+02
9.297110000000000127e+02
9.253469999999999800e+02
9.269329999999999927e+02
9.314500000000000455e+02
9.287259999999999991e+02
9.365529999999999973e+02
9.433060000000000400e+02
9.417010000000000218e+02
9.431100000000000136e+02
9.430879999999999654e+02
9.423020000000000209e+02
9.393110000000000355e+02
9.436730000000000018e+02
9.396970000000000027e+02
9.328920000000000528e+02
9.420430000000000064e+02
9.453690000000000282e+02
9.428010000000000446e+02
9.406190000000000282e+02
9.468099999999999454e+02
9.424189999999999827e+02
9.534619999999999891e+02
9.515670000000000073e+02
9.552709999999999582e+02
9.546369999999999436e+02
9.568999999999999773e+02
9.595900000000000318e+02
9.476609999999999445e+02
9.407050000000000409e+02
9.416130000000000564e+02
9.356929999999999836e+02
9.380289999999999964e+02
9.412759999999999536e+02
9.368970000000000482e+02
9.403289999999999509e+02
9.426140000000000327e+02
9.426710000000000491e+02
9.412640000000000100e+02
9.426109999999999900e+02
9.300560000000000400e+02
9.335710000000000264e+02
9.362300000000000182e+02
9.384779999999999518e+02
9.434869999999999663e+02
9.351900000000000546e+02
9.372949999999999591e+02
9.396539999999999964e+02
9.328269999999999982e+02
9.406580000000000155e+02
9.373450000000000273e+02
9.398319999999999936e+02
9.343659999999999854e+02
9.268659999999999854e+02
9.305199999999999818e+02
9.389800000000000182e+02
9.353429999999999609e+02
9.402839999999999918e+02
9.418680000000000518e+02
9.386330000000000382e+02
9.544669999999999845e+02
9.566939999999999600e+02
9.560439999999999827e+02
9.738150000000000546e+02
9.750130000000000337e+02
9.747469999999999573e+02
9.655689999999999600e+02
9.667949999999999591e+02
9.685990000000000464e+02
9.680819999999999936e+02
9.614900000000000091e+02
9.586549999999999727e+02
9.635109999999999673e+02
9.561090000000000373e+02
9.599809999999999945e+02
9.552880000000000109e+02
9.477690000000000055e+02
9.477290000000000418e+02
9.473039999999999736e+02
9.433070000000000164e+02
9.403849999999999909e+02
9.443300000000000409e+02
9.418479999999999563e+02
9.493300000000000409e+02
9.486340000000000146e+02
9.468079999999999927e+02
9.422599999999999909e+02
9.331720000000000255e+02
9.251349999999999909e+02
9.237069999999999936e+02
9.242789999999999964e+02
9.276680000000000064e+02
9.219149999999999636e+02
9.244840000000000373e+02
9.224600000000000364e+02
9.263279999999999745e+02
9.278170000000000073e+02
9.282880000000000109e+02
9.326989999999999554e+02
9.345750000000000455e+02
9.334930000000000518e+02
9.317240000000000464e+02
9.330610000000000355e+02
9.333999999999999773e+02
9.261879999999999882e+02
9.306760000000000446e+02
9.322980000000000018e+02
9.362519999999999527e+02
9.343750000000000000e+02
9.315919999999999845e+02
9.302939999999999827e+02
9.291760000000000446e+02
9.245009999999999764e+02
9.224020000000000437e+02
9.229679999999999609e+02
9.244210000000000491e+02
9.289400000000000546e+02
9.304560000000000173e+02
9.282480000000000473e+02
9.201330000000000382e+02
9.104470000000000027e+02
9.086200000000000045e+02
9.146539999999999964e+02
9.161090000000000373e+02
9.187849999999999682e+02
9.184710000000000036e+02
9.129199999999999591e+02
9.065900000000000318e+02
9.045069999999999482e+02
8.992949999999999591e+02
9.056490000000000009e+02
9.011280000000000427e+02
8.986050000000000182e+02
8.935769999999999982e+02
9.000529999999999973e+02
9.009160000000000537e+02
9.004529999999999745e+02
8.989750000000000227e+02
9.036069999999999709e+02
9.065869999999999891e+02
9.146190000000000282e+02
9.121319999999999482e+02
9.101009999999999991e+02
9.170399999999999636e+02
9.225919999999999845e+02
9.251269999999999527e+02
9.207110000000000127e+02
9.202259999999999991e+02
9.278680000000000518e+02
9.282240000000000464e+02
9.318469999999999800e+02
9.351130000000000564e+02
9.393319999999999936e+02
9.333790000000000191e+02
9.419790000000000418e+02
9.446219999999999573e+02
9.512920000000000300e+02
9.391180000000000518e+02
9.376680000000000064e+02
9.382640000000000100e+02
9.400119999999999436e+02
9.360399999999999636e+02
9.273669999999999618e+02
9.258669999999999618e+02
9.250149999999999864e+02
9.247549999999999955e+02
9.209210000000000491e+02
9.248020000000000209e+02
9.213999999999999773e+02
9.191420000000000528e+02
9.234410000000000309e+02
9.225629999999999882e+02
9.218060000000000400e+02
9.247619999999999436e+02
9.228509999999999991e+02
9.230900000000000318e+02
9.198790000000000191e+02
9.241000000000000227e+02
9.165000000000000000e+02
9.106219999999999573e+02
9.084299999999999500e+02
9.176779999999999973e+02
9.167430000000000518e+02
9.173769999999999527e+02
9.081200000000000045e+02
9.168959999999999582e+02
9.121609999999999445e+02
9.223129999999999882e+02
9.158849999999999909e+02
9.195309999999999491e+02
9.166119999999999663e+02
9.202259999999999991e+02
9.171699999999999591e+02
9.284909999999999854e+02
9.270750000000000455e+02
9.308740000000000236e+02
9.344510000000000218e+02
9.361409999999999627e+02
9.333630000000000564e+02
9.340270000000000437e+02
9.328809999999999718e+02
9.209710000000000036e+02
9.254619999999999891e+02
9.281620000000000346e+02
9.336420000000000528e+02
9.319370000000000118e+02
9.325720000000000027e+02
9.503160000000000309e+02
9.581910000000000309e+02
9.539809999999999945e+02
9.622240000000000464e+02
9.618630000000000564e+02
9.593609999999999900e+02
9.602930000000000064e+02
9.581000000000000227e+02
9.617100000000000364e+02
9.601660000000000537e+02
9.582659999999999627e+02
9.560850000000000364e+02
9.529710000000000036e+02
9.564850000000000136e+02
9.476269999999999527e+02
9.432329999999999472e+02
9.396299999999999955e+02
9.400700000000000500e+02
9.423600000000000136e+02
9.383609999999999900e+02
9.490209999999999582e+02
9.492910000000000537e+02
9.591380000000000337e+02
9.671939999999999600e+02
9.689210000000000491e+02
9.714349999999999454e+02
9.726520000000000437e+02
9.767910000000000537e+02
9.748179999999999836e+02
9.691989999999999554e+02
9.640059999999999718e+02
9.530589999999999691e+02
9.537910000000000537e+02
9.573780000000000427e+02
9.541119999999999663e+02
9.501100000000000136e+02
9.602759999999999536e+02
9.556649999999999636e+02
9.566340000000000146e+02
9.606090000000000373e+02
9.742419999999999618e+02
9.778070000000000164e+02
9.779819999999999709e+02
9.844479999999999791e+02
9.863609999999999900e+02
9.949850000000000136e+02
1.003389999999999986e+03
1.007039999999999964e+03
1.011379999999999995e+03
1.008330000000000041e+03
1.006429999999999950e+03
1.005409999999999968e+03
9.963300000000000409e+02
1.002080000000000041e+03
9.938700000000000045e+02
9.897820000000000391e+02
9.859009999999999536e+02
9.916250000000000000e+02
9.943849999999999909e+02
9.991749999999999545e+02
1.007159999999999968e+03
1.004740000000000009e+03
9.927319999999999709e+02
9.910439999999999827e+02
9.836720000000000255e+02
9.799519999999999982e+02
9.832770000000000437e+02
9.784379999999999882e+02
9.775760000000000218e+02
9.709930000000000518e+02
9.661330000000000382e+02
9.677630000000000337e+02
9.687380000000000564e+02
9.695259999999999536e+02
9.812939999999999827e+02
9.852400000000000091e+02
9.795249999999999773e+02
9.706760000000000446e+02
9.741119999999999663e+02
9.709030000000000200e+02
9.689149999999999636e+02
9.692980000000000018e+02
9.730069999999999482e+02
9.763339999999999463e+02
9.813609999999999900e+02
9.721630000000000109e+02
9.747680000000000291e+02
9.720249999999999773e+02
9.751779999999999973e+02
9.713329999999999700e+02
9.651789999999999736e+02
9.688559999999999945e+02
9.733300000000000409e+02
9.598200000000000500e+02
9.582889999999999873e+02
9.553949999999999818e+02
9.608229999999999791e+02
9.557540000000000191e+02
9.526499999999999773e+02
9.619729999999999563e+02
9.573519999999999754e+02
9.530810000000000173e+02
9.570389999999999873e+02
9.646979999999999791e+02
9.578890000000000100e+02
9.622179999999999609e+02
9.560639999999999645e+02
9.571920000000000073e+02
9.620929999999999609e+02
9.579759999999999991e+02
9.643809999999999718e+02
9.688970000000000482e+02
9.657730000000000246e+02
9.602680000000000291e+02
9.730589999999999691e+02
9.580249999999999773e+02
9.644410000000000309e+02
9.718569999999999709e+02
9.737809999999999491e+02
9.696939999999999600e+02
9.717329999999999472e+02
9.708590000000000373e+02
9.748350000000000364e+02
9.733940000000000055e+02
9.764199999999999591e+02
9.719339999999999691e+02
9.721470000000000482e+02
9.801520000000000437e+02
9.651849999999999454e+02
9.664690000000000509e+02
9.723680000000000518e+02
9.753189999999999600e+02
9.712889999999999873e+02
9.736820000000000164e+02
9.803369999999999891e+02
9.813450000000000273e+02
9.821889999999999645e+02
9.845499999999999545e+02
9.829410000000000309e+02
9.799400000000000546e+02
9.696340000000000146e+02
9.686449999999999818e+02
9.617029999999999745e+02
9.677029999999999745e+02
9.685529999999999973e+02
9.655289999999999964e+02
9.705660000000000309e+02
9.716720000000000255e+02
9.758269999999999982e+02
9.819900000000000091e+02
9.874279999999999973e+02
9.920769999999999982e+02
9.843869999999999436e+02
9.884769999999999754e+02
9.902899999999999636e+02
9.992830000000000155e+02
9.947910000000000537e+02
9.939640000000000555e+02
9.906570000000000391e+02
9.796079999999999472e+02
9.726799999999999500e+02
9.732799999999999727e+02
9.783509999999999991e+02
9.718120000000000118e+02
9.721040000000000418e+02
9.660180000000000291e+02
9.605710000000000264e+02
9.562039999999999509e+02
9.465380000000000109e+02
9.407580000000000382e+02
9.423640000000000327e+02
9.456979999999999791e+02
9.485549999999999500e+02
9.424550000000000409e+02
9.443429999999999609e+02
9.555750000000000455e+02
9.484479999999999791e+02
9.416079999999999472e+02
9.348039999999999736e+02
9.317759999999999536e+02
9.339589999999999463e+02
9.377789999999999964e+02
9.465259999999999536e+02
9.535589999999999691e+02
9.549020000000000437e+02
9.474410000000000309e+02
9.404130000000000109e+02
9.397129999999999654e+02
9.395800000000000409e+02
9.310499999999999545e+02
9.279439999999999600e+02
9.398010000000000446e+02
9.452509999999999764e+02
9.455679999999999836e+02
9.417469999999999573e+02
9.414479999999999791e+02
9.453959999999999582e+02
9.531069999999999709e+02
9.503690000000000282e+02
9.529089999999999918e+02
9.602749999999999773e+02
9.543750000000000000e+02
9.453479999999999563e+02
9.452549999999999955e+02
9.495879999999999654e+02
9.456649999999999636e+02
9.468229999999999791e+02
9.477920000000000300e+02
9.556989999999999554e+02
9.517240000000000464e+02
9.510190000000000055e+02
9.490270000000000437e+02
9.570499999999999545e+02
9.633460000000000036e+02
9.735760000000000218e+02
9.750209999999999582e+02
9.698229999999999791e+02
9.757580000000000382e+02
9.791789999999999736e+02
9.724429999999999836e+02
9.857100000000000364e+02
9.882939999999999827e+02
9.855629999999999882e+02
9.798799999999999955e+02
9.832150000000000318e+02
9.826670000000000300e+02
9.685299999999999727e+02
9.639890000000000327e+02
9.536200000000000045e+02
9.623060000000000400e+02
9.568509999999999991e+02
9.618379999999999654e+02
9.596470000000000482e+02
9.659009999999999536e+02
9.680380000000000109e+02
9.724980000000000473e+02
9.655529999999999973e+02
9.560249999999999773e+02
9.500929999999999609e+02
9.490140000000000100e+02
9.424610000000000127e+02
9.387720000000000482e+02
9.371019999999999754e+02
9.350439999999999827e+02
9.374370000000000118e+02
9.446920000000000073e+02
9.457659999999999627e+02
9.445919999999999845e+02
9.486549999999999727e+02
9.439539999999999509e+02
9.381710000000000491e+02
9.296169999999999618e+02
9.332619999999999436e+02
9.365170000000000528e+02
9.423990000000000009e+02
9.493039999999999736e+02
9.484349999999999454e+02
9.528709999999999809e+02
9.459869999999999663e+02
9.507200000000000273e+02
9.600380000000000109e+02
9.643849999999999909e+02
9.598519999999999754e+02
9.574539999999999509e+02
9.495280000000000200e+02
9.513809999999999718e+02
9.579829999999999472e+02
9.567509999999999764e+02
9.581399999999999864e+02
9.586639999999999873e+02
9.548419999999999845e+02
9.494120000000000346e+02
9.509489999999999554e+02
9.449800000000000182e+02
9.456480000000000246e+02
9.356330000000000382e+02
9.434819999999999709e+02
9.474600000000000364e+02
9.479400000000000546e+02
9.611040000000000418e+02
9.633790000000000191e+02
9.650349999999999682e+02
9.572010000000000218e+02
9.665019999999999527e+02
9.633039999999999736e+02
9.611050000000000182e+02
9.602699999999999818e+02
9.722019999999999982e+02
9.773750000000000000e+02
9.824750000000000227e+02
9.873640000000000327e+02
9.849070000000000391e+02
9.880789999999999509e+02
9.982609999999999673e+02
1.009710000000000036e+03
9.998490000000000464e+02
1.004320000000000050e+03
1.008809999999999945e+03
1.012620000000000005e+03
1.003610000000000014e+03
1.004710000000000036e+03
9.999279999999999973e+02
1.005720000000000027e+03
1.011230000000000018e+03
1.012909999999999968e+03
1.009190000000000055e+03
1.013850000000000023e+03
1.016120000000000005e+03
1.013710000000000036e+03
1.019610000000000014e+03
1.022860000000000014e+03
1.010139999999999986e+03
1.014500000000000000e+03
1.009350000000000023e+03
1.006159999999999968e+03
1.010750000000000000e+03
1.015169999999999959e+03
1.012690000000000055e+03
1.006259999999999991e+03
1.005679999999999950e+03
1.003519999999999982e+03
9.996209999999999809e+02
1.003230000000000018e+03
1.007159999999999968e+03
1.005799999999999955e+03
1.019700000000000045e+03
1.010409999999999968e+03
1.014340000000000032e+03
1.012649999999999977e+03
1.007279999999999973e+03
1.014299999999999955e+03
1.001750000000000000e+03
9.984109999999999445e+02
9.934400000000000546e+02
9.883279999999999745e+02
9.948250000000000455e+02
1.003120000000000005e+03
1.008730000000000018e+03
1.008070000000000050e+03
1.006049999999999955e+03
9.994210000000000491e+02
9.925760000000000218e+02
9.949930000000000518e+02
9.963899999999999864e+02
9.903640000000000327e+02
9.895789999999999509e+02
1.000080000000000041e+03
1.002070000000000050e+03
1.006299999999999955e+03
9.965470000000000255e+02
9.982939999999999827e+02
1.004149999999999977e+03
1.010279999999999973e+03
1.019899999999999977e+03
1.014029999999999973e+03
1.019399999999999977e+03
1.022389999999999986e+03
1.013840000000000032e+03
1.021669999999999959e+03
1.026640000000000100e+03
1.025009999999999991e+03
1.028180000000000064e+03
1.031309999999999945e+03
1.031269999999999982e+03
1.031549999999999955e+03
1.030119999999999891e+03
1.024789999999999964e+03
1.024250000000000000e+03
1.024059999999999945e+03
1.022000000000000000e+03
1.033130000000000109e+03
1.034849999999999909e+03
1.030049999999999955e+03
1.027440000000000055e+03
1.031019999999999982e+03
1.029470000000000027e+03
1.028920000000000073e+03
1.014929999999999950e+03
1.024500000000000000e+03
1.018440000000000055e+03
1.014529999999999973e+03
1.013919999999999959e+03
1.026210000000000036e+03
1.032210000000000036e+03
1.034130000000000109e+03
1.043869999999999891e+03
1.044019999999999982e+03
1.040029999999999973e+03
1.039990000000000009e+03
1.040859999999999900e+03
1.041589999999999918e+03
1.045789999999999964e+03
1.037259999999999991e+03
1.032210000000000036e+03
1.034109999999999900e+03
1.036509999999999991e+03
1.032880000000000109e+03
1.033000000000000000e+03
1.033339999999999918e+03
