     0.0000000        2.00000000        0.00000000
     0.1000000        1.41710781        0.00182391
     0.2000000        1.01128361        0.00339228
     0.3000000        0.72569736        0.00271822
     0.4000000        0.51712920        0.00361431
     0.5000000        0.38134134        0.00540218
     0.6000000        0.27762217        0.00365978
     0.7000000        0.20168563        0.00272807
     0.8000000        0.14771255        0.00525215
     0.9000000        0.10836665        0.00304414
     1.0000000        0.08162277        0.00373359
     1.1000000        0.06810018        0.00219743
     1.2000000        0.05126848        0.00148139
     1.3000000        0.03996039        0.00220619
     1.4000000        0.02725762        0.00250929
     1.5000000        0.01980575        0.00314603
     1.6000000        0.01756226        0.00326018
     1.7000000        0.01478614        0.00253855
     1.8000000        0.00852054        0.00134509
     1.9000000        0.00878010        0.00320474
     2.0000000        0.00325183        0.00304281
     2.1000000        0.00437291        0.00233738
     2.2000000        0.00043654        0.00264318
     2.3000000       -0.00174646        0.00251871
     2.4000000        0.00210976        0.00206722
     2.5000000        0.00433211        0.00385617
     2.6000000        0.00384854        0.00188327
     2.7000000       -0.00070747        0.00334922
     2.8000000        0.00626296        0.00319210
     2.9000000       -0.00090985        0.00216373
     3.0000000       -0.00039397        0.00431914
     3.1000000       -0.00473486        0.00690454
     3.2000000       -0.00991998        0.01592072
     3.3000000       -0.00088952        0.00571837
     3.4000000        0.00132069        0.00204531
     3.5000000        0.00075103        0.00514167
     3.6000000        0.00067955        0.00282364
     3.7000000        0.00352782        0.00163916
     3.8000000        0.00835765        0.00302493
     3.9000000        0.01220291        0.01135603
     4.0000000        0.00498745        0.00442382
     4.1000000        0.00832685        0.00679225
     4.2000000        0.00703570        0.00737565
     4.3000000        0.00522983        0.00420018
     4.4000000        0.00207801        0.00421311
     4.5000000        0.00199405        0.00181326
     4.6000000        0.00379365        0.00121337
     4.7000000        0.00280031        0.00057889
     4.8000000        0.00033062        0.00287249
     4.9000000        0.00368365        0.00346399
     5.0000000        0.00150166        0.00236234
     5.1000000        0.00057165        0.00351690
     5.2000000       -0.00356075        0.00371836
     5.3000000        0.00010918        0.00405273
     5.4000000        0.00246655        0.00399535
     5.5000000        0.00270108        0.00522112
     5.6000000        0.00282922        0.00149339
     5.7000000        0.00310281        0.00259366
     5.8000000        0.00025973        0.00473721
     5.9000000       -0.00233628        0.00307116
     6.0000000       -0.00179897        0.00265226
     6.1000000       -0.00064458        0.00271694
     6.2000000       -0.00483567        0.00362513
     6.3000000       -0.00426633        0.00485475
     6.4000000       -0.00079882        0.00416434
     6.5000000        0.00133740        0.00474337
     6.6000000        0.00031083        0.00496412
     6.7000000        0.00180078        0.00441721
     6.8000000        0.00255231        0.00263153
     6.9000000        0.00193589        0.00202460
     7.0000000        0.00275623        0.00250580
     7.1000000        0.00337000        0.00317812
     7.2000000        0.00463889        0.00368904
     7.3000000        0.00381505        0.00217213
     7.4000000        0.00410682        0.00403063
     7.5000000        0.00552968        0.00322693
     7.6000000        0.00638235        0.00400171
     7.7000000        0.00416212        0.00394194
     7.8000000        0.00769157        0.00440931
     7.9000000        0.00914878        0.00306103
     8.0000000        0.00988908        0.00367962
     8.1000000        0.01286350        0.00400651
     8.2000000        0.01340398        0.00522008
     8.3000000        0.01588604        0.00349088
     8.4000000        0.01762899        0.00160425
     8.5000000        0.02270066        0.00218750
     8.6000000        0.02696535        0.00263421
     8.7000000        0.03927719        0.00234986
     8.8000000        0.05269208        0.00215324
     8.9000000        0.06757060        0.00378101
     9.0000000        0.09038528        0.00278897
     9.1000000        0.11587869        0.00257608
     9.2000000        0.15247614        0.00325624
     9.3000000        0.20184245        0.00219605
     9.4000000        0.27899127        0.00222629
     9.5000000        0.38058511        0.00413580
     9.6000000        0.52634598        0.00416521
     9.7000000        0.72579313        0.00418257
     9.8000000        1.00447652        0.00340577
     9.9000000        1.41145929        0.00325608
    10.0000000        2.00000000        0.00000000
