2.080830000000000179e+00
3.813389999999999702e+01
3.127819999999999823e+02
3.557489999999999952e+01
4.281179999999999808e+01
3.701940000000000055e+03
6.938650000000000000e+05
1.688330000000000000e+08
5.186110000000000000e+08
1.020080000000000000e+08
4.669840000000000000e+09
1.657080000000000000e+10
2.101880000000000000e+10
1.447780000000000000e+11
1.307640000000000000e+11
5.056320000000000000e+10
1.190390000000000000e+12
1.502350000000000000e+12
8.461550000000000000e+10
4.934640000000000000e+10
1.264150000000000000e+12
8.368940000000000000e+12
1.535450000000000000e+12
3.121170000000000000e+12
2.067270000000000000e+11
3.784470000000000000e+11
3.324800000000000000e+12
3.927980000000000000e+12
5.116670000000000000e+15
7.316820000000000000e+14
5.224040000000000000e+15
3.207590000000000000e+15
5.447790000000000000e+15
4.277420000000000000e+15
1.842000000000000000e+15
1.003660000000000000e+16
3.063830000000000000e+15
2.038260000000000000e+16
1.717790000000000000e+16
6.366860000000000000e+17
9.066130000000000000e+18
1.118350000000000000e+18
1.683110000000000000e+20
2.950659999999999869e+21
4.387449999999999934e+21
7.940029999999999594e+23
2.638969999999999851e+25
2.613869999999999970e+25
2.579599999999999937e+26
1.786149999999999976e+27
2.433040000000000164e+25
2.482379999999999960e+26
4.922349999999999795e+26
1.426509999999999878e+27
8.949070000000000103e+27
4.393669999999999878e+27
2.860399999999999899e+29
5.196190000000000021e+29
1.201590000000000025e+30
3.315070000000000249e+29
1.463020000000000037e+30
8.756390000000000469e+30
2.123910000000000155e+32
8.956620000000000385e+31
3.641699999999999772e+33
6.315489999999999633e+34
1.667619999999999904e+36
5.703119999999999956e+34
4.316900000000000285e+35
8.195010000000000284e+34
2.698260000000000005e+35
4.465129999999999914e+36
1.352059999999999957e+38
1.388939999999999989e+39
9.665340000000000596e+39
2.161969999999999949e+40
8.060410000000000241e+39
3.614029999999999870e+39
4.533600000000000282e+39
2.028200000000000181e+41
2.747860000000000152e+42
7.049830000000000555e+42
8.514570000000000520e+41
1.687659999999999925e+42
7.601050000000000116e+42
2.085130000000000116e+44
6.093499999999999645e+43
1.037170000000000077e+45
2.882859999999999983e+47
7.321600000000000768e+47
1.330139999999999956e+48
9.606359999999999281e+47
1.852709999999999942e+48
7.566459999999999562e+47
7.866169999999999714e+48
1.090350000000000097e+50
1.397450000000000030e+50
4.887120000000000373e+50
3.434269999999999754e+51
1.348409999999999971e+51
3.084889999999999911e+51
2.650490000000000023e+51
2.165689999999999992e+50
8.620150000000000447e+49
1.481939999999999894e+52
7.396259999999999827e+53
9.993239999999999646e+53
1.314209999999999944e+55
1.900690000000000045e+57
1.681460000000000015e+57
1.103960000000000066e+57
2.030590000000000123e+58
1.834409999999999869e+58
6.587679999999999732e+57
3.099959999999999954e+57
2.560420000000000223e+58
6.089609999999999619e+59
2.233370000000000070e+62
6.979529999999999935e+61
5.158519999999999774e+62
4.192849999999999994e+63
2.946879999999999907e+63
6.146259999999999776e+63
2.112689999999999942e+63
2.174290000000000105e+63
1.324559999999999929e+61
1.354900000000000072e+60
7.349199999999999559e+59
1.067499999999999975e+59
3.657949999999999836e+59
2.242860000000000114e+58
2.075179999999999901e+59
2.876109999999999910e+60
1.062380000000000029e+61
4.024680000000000022e+61
6.748199999999999602e+60
2.105260000000000009e+61
1.363329999999999955e+64
1.708899999999999848e+63
2.516919999999999984e+63
2.044620000000000006e+63
7.454359999999999939e+63
8.339039999999999511e+64
5.257819999999999771e+65
3.548890000000000102e+68
9.156069999999999929e+67
4.293639999999999927e+68
4.966789999999999845e+67
2.126640000000000094e+68
8.264379999999999636e+68
4.234790000000000030e+68
3.954439999999999854e+68
9.141659999999999736e+69
6.859460000000000146e+69
2.951189999999999755e+70
5.010979999999999780e+69
1.837979999999999907e+69
3.142610000000000090e+68
3.903090000000000215e+68
8.675950000000000174e+69
8.718770000000000048e+70
1.158900000000000074e+72
2.866029999999999992e+71
7.549420000000000455e+70
2.184150000000000100e+70
4.970409999999999802e+69
5.375730000000000268e+69
7.728890000000000578e+70
2.827519999999999989e+70
1.606179999999999981e+69
4.133840000000000026e+71
3.212869999999999955e+72
1.869050000000000045e+74
1.345719999999999951e+74
4.434050000000000239e+74
1.828099999999999895e+75
1.921289999999999852e+73
1.981959999999999928e+73
6.807389999999999651e+72
2.417469999999999980e+72
9.559460000000000161e+72
1.015160000000000037e+71
5.678660000000000415e+70
6.209730000000000351e+70
5.947570000000000074e+69
9.965730000000000256e+68
6.477609999999999623e+69
5.479990000000000242e+70
5.868470000000000179e+71
5.827050000000000131e+71
3.753549999999999847e+73
2.183530000000000144e+72
3.933149999999999886e+70
1.046939999999999990e+71
1.121989999999999918e+71
3.540980000000000242e+72
3.532110000000000243e+74
3.530780000000000094e+74
3.553120000000000029e+75
2.720249999999999883e+75
6.247730000000000462e+74
4.039210000000000275e+73
2.132209999999999956e+74
4.137180000000000056e+73
8.437409999999999895e+73
2.470169999999999934e+76
1.495570000000000022e+78
3.630839999999999911e+77
2.794380000000000134e+76
6.939219999999999718e+75
2.144190000000000090e+76
6.996780000000000149e+77
7.652799999999999963e+79
5.377590000000000348e+77
7.298390000000000189e+77
2.615640000000000017e+77
8.643700000000000229e+76
3.395820000000000284e+76
6.173680000000000428e+76
2.308099999999999940e+77
2.498009999999999969e+77
1.026280000000000098e+78
5.500140000000000054e+79
1.406749999999999999e+79
5.947529999999999747e+78
7.646459999999999740e+76
3.694089999999999844e+76
4.469749999999999784e+77
2.055559999999999928e+76
9.443549999999999877e+76
9.020780000000000082e+77
1.873220000000000021e+77
3.119079999999999956e+78
1.211850000000000041e+79
6.999149999999999990e+78
5.562139999999999920e+79
1.387830000000000040e+79
5.231319999999999795e+78
1.988999999999999850e+78
3.638769999999999827e+79
2.821790000000000049e+78
3.486179999999999848e+79
5.430919999999999839e+78
1.478680000000000042e+78
1.853269999999999947e+78
5.685489999999999665e+78
4.008489999999999961e+78
2.473249999999999960e+78
2.440470000000000202e+78
3.381300000000000197e+78
9.593470000000000633e+79
3.739330000000000184e+80
5.536630000000000378e+78
1.546239999999999963e+78
1.102620000000000066e+78
7.642110000000000249e+77
6.054950000000000003e+76
1.818350000000000157e+76
2.818170000000000044e+76
3.592700000000000191e+75
5.271310000000000017e+75
1.632750000000000141e+76
6.244709999999999642e+76
2.521359999999999959e+77
4.529990000000000270e+75
1.030290000000000050e+76
7.282440000000000512e+76
2.604219999999999991e+77
7.894079999999999755e+76
1.213839999999999960e+76
3.328419999999999871e+78
8.779709999999999284e+75
9.020730000000000509e+75
2.577389999999999996e+76
6.601509999999999905e+75
3.029220000000000051e+77
5.179850000000000310e+77
9.369169999999999420e+78
1.817990000000000094e+78
1.817990000000000094e+78
2.098810000000000189e+78
1.488909999999999920e+77
8.662540000000000244e+76
2.081870000000000147e+76
1.546650000000000029e+75
5.360360000000000070e+73
3.079599999999999980e+73
6.563709999999999790e+73
3.521780000000000138e+73
6.628869999999999770e+75
8.058849999999999703e+75
5.658369999999999935e+76
1.072130000000000023e+76
1.629199999999999989e+76
3.969019999999999914e+74
6.108790000000000536e+73
7.028979999999999745e+74
1.397849999999999990e+74
2.186629999999999873e+75
7.854220000000000575e+75
1.673200000000000031e+75
8.212019999999999530e+75
7.452519999999999904e+77
1.901529999999999873e+77
3.193370000000000024e+79
1.080090000000000023e+80
1.483850000000000066e+81
1.542429999999999960e+81
1.642850000000000066e+81
1.210389999999999968e+80
2.190369999999999974e+77
1.464440000000000083e+78
6.025980000000000573e+79
1.410400000000000099e+78
8.119799999999999609e+77
1.363060000000000030e+77
6.343569999999999566e+77
3.670009999999999891e+76
1.233369999999999984e+75
3.894120000000000137e+75
2.844129999999999845e+76
1.019010000000000063e+77
5.201349999999999721e+78
2.279680000000000127e+78
1.036040000000000056e+77
1.544860000000000100e+76
9.540729999999999917e+75
3.942709999999999675e+75
1.916170000000000176e+75
5.085929999999999929e+76
6.721959999999999982e+75
8.288719999999999600e+74
1.784340000000000065e+73
1.236569999999999930e+74
4.284960000000000057e+74
5.801959999999999490e+73
1.863230000000000090e+74
2.228669999999999990e+74
1.065989999999999967e+73
1.609709999999999958e+72
7.583879999999999665e+70
1.488150000000000081e+71
1.387080000000000031e+71
3.239079999999999874e+70
2.294650000000000106e+69
1.373210000000000082e+71
5.354739999999999927e+68
2.412639999999999967e+69
2.046769999999999993e+69
3.333959999999999777e+67
2.144360000000000054e+67
2.007840000000000110e+67
1.446119999999999862e+67
1.808740000000000048e+68
9.231179999999999624e+67
1.587719999999999973e+67
2.136119999999999939e+67
8.759300000000000253e+65
1.017670000000000021e+67
5.751069999999999845e+67
3.198070000000000251e+67
1.270759999999999948e+67
5.706269999999999720e+65
4.840759999999999627e+66
4.307319999999999944e+66
5.504960000000000245e+66
2.130669999999999964e+67
1.780249999999999963e+67
4.691450000000000275e+67
1.784360000000000066e+67
5.349639999999999620e+65
2.050009999999999955e+65
2.267449999999999799e+68
5.192139999999999924e+65
1.307989999999999931e+67
3.325120000000000155e+66
5.212079999999999595e+65
2.490319999999999846e+65
9.941990000000000443e+64
3.769229999999999871e+64
2.069720000000000134e+64
1.082700000000000032e+63
1.900170000000000110e+63
8.524479999999999554e+62
2.635059999999999984e+63
4.596140000000000162e+63
3.320919999999999781e+62
3.842490000000000038e+61
2.279200000000000094e+61
1.955559999999999949e+61
4.409829999999999954e+61
7.330820000000000371e+61
2.342820000000000050e+61
1.997130000000000059e+61
2.433210000000000011e+62
1.595739999999999948e+62
4.620969999999999757e+61
1.185909999999999955e+60
5.111590000000000220e+60
6.792669999999999876e+59
3.375190000000000032e+59
1.593540000000000003e+60
3.919830000000000215e+60
1.454969999999999978e+59
6.845490000000000126e+58
4.035549999999999621e+59
1.053970000000000037e+59
5.898880000000000021e+57
3.022770000000000145e+59
3.626370000000000023e+57
2.394380000000000118e+57
4.313940000000000357e+56
4.796690000000000168e+56
2.844850000000000150e+57
2.409660000000000187e+56
1.871160000000000137e+57
2.497570000000000106e+56
1.044310000000000064e+57
4.089449999999999890e+55
1.053899999999999996e+55
2.693350000000000113e+56
3.704400000000000130e+57
2.443709999999999961e+55
2.885930000000000249e+55
1.861439999999999950e+54
3.269759999999999743e+52
1.258439999999999901e+52
4.304040000000000228e+51
1.055150000000000047e+52
3.130120000000000149e+52
2.843520000000000022e+53
9.770759999999999282e+50
5.361270000000000103e+51
2.334600000000000071e+52
5.854910000000000151e+51
1.064330000000000042e+52
1.939510000000000132e+52
5.905609999999999507e+52
2.456310000000000082e+52
3.687140000000000181e+52
3.274919999999999846e+52
2.708560000000000155e+51
7.709519999999999505e+50
8.736670000000000073e+51
2.866510000000000222e+52
3.369780000000000108e+52
1.385179999999999917e+50
3.285520000000000114e+51
9.160739999999999705e+50
1.409979999999999996e+50
3.020489999999999989e+49
1.494070000000000067e+50
2.822579999999999993e+51
1.350739999999999944e+52
4.191829999999999941e+52
3.789900000000000063e+52
3.119270000000000102e+52
2.592120000000000063e+51
5.319420000000000300e+51
1.895260000000000109e+52
1.996390000000000004e+52
6.617249999999999990e+53
7.213860000000000032e+53
1.164359999999999930e+54
1.537110000000000041e+55
1.572070000000000044e+58
4.279920000000000150e+56
1.271929999999999872e+55
6.992590000000000370e+55
2.445309999999999896e+56
1.066479999999999920e+56
9.397790000000000239e+54
7.613250000000000366e+54
3.932260000000000418e+56
6.141299999999999961e+57
2.906090000000000122e+58
2.674980000000000036e+58
1.024199999999999897e+59
1.824869999999999845e+57
1.328019999999999992e+57
4.803510000000000385e+56
2.248279999999999988e+56
1.787320000000000084e+56
6.421659999999999961e+56
5.429959999999999574e+56
1.864110000000000029e+56
1.728459999999999896e+56
4.176460000000000268e+56
5.886329999999999665e+58
3.233510000000000091e+59
3.460099999999999766e+58
2.061539999999999815e+59
3.598319999999999735e+57
1.751370000000000090e+59
4.534640000000000135e+56
2.307390000000000130e+58
1.534919999999999878e+58
1.170789999999999972e+57
3.315050000000000232e+58
1.083939999999999980e+57
1.707430000000000105e+57
1.514690000000000013e+59
1.121519999999999935e+59
4.664320000000000349e+59
1.836419999999999861e+57
1.566579999999999963e+58
2.179660000000000129e+57
8.742600000000000542e+57
2.378749999999999923e+60
2.500579999999999949e+60
3.078439999999999812e+61
5.360589999999999899e+60
8.317210000000000150e+60
4.554729999999999781e+59
1.264530000000000005e+59
3.242830000000000238e+58
5.106820000000000272e+57
2.569730000000000234e+58
1.701659999999999845e+60
1.349769999999999937e+60
4.404870000000000021e+60
8.919370000000000258e+60
5.670369999999999661e+59
7.158170000000000134e+61
8.168099999999999488e+61
2.246350000000000123e+60
1.770139999999999936e+61
4.827780000000000172e+61
9.191659999999999944e+60
6.175709999999999976e+60
3.740019999999999756e+60
6.539829999999999697e+60
6.056990000000000178e+60
1.171129999999999903e+62
1.160879999999999971e+62
3.082370000000000004e+61
7.384820000000000284e+60
1.792879999999999979e+61
2.365360000000000138e+60
7.872210000000000397e+59
5.962970000000000393e+59
1.339270000000000038e+59
1.805959999999999947e+59
7.432629999999999924e+59
3.626999999999999774e+61
4.925240000000000264e+61
4.848990000000000194e+60
4.210250000000000126e+59
3.232369999999999853e+59
5.389449999999999741e+59
1.141039999999999991e+58
4.241589999999999958e+58
1.342010000000000039e+59
3.835730000000000297e+60
1.087469999999999986e+61
2.076840000000000082e+61
1.014170000000000051e+61
1.292970000000000051e+61
7.977220000000000261e+61
4.561989999999999836e+60
4.575870000000000399e+59
1.349789999999999940e+60
2.473650000000000002e+59
1.791460000000000061e+59
1.078409999999999971e+59
4.644150000000000292e+57
1.400839999999999869e+58
3.447849999999999839e+58
3.879899999999999763e+57
1.611000000000000120e+58
5.565960000000000393e+58
1.128510000000000044e+59
7.512939999999999615e+58
2.991710000000000193e+59
1.425139999999999919e+59
8.327219999999999940e+58
8.650869999999999595e+58
1.810550000000000077e+58
7.648789999999999954e+59
5.107830000000000015e+61
9.148810000000000238e+60
5.982400000000000432e+59
2.038670000000000130e+59
4.890979999999999827e+57
4.251139999999999923e+57
1.060349999999999987e+56
4.465409999999999826e+56
2.985719999999999780e+55
9.106569999999999701e+54
6.574440000000000099e+54
2.426069999999999954e+53
8.161960000000000554e+54
6.698429999999999735e+53
2.746719999999999843e+51
2.513600000000000062e+51
5.496329999999999981e+50
1.809240000000000148e+51
6.251739999999999859e+50
3.046450000000000188e+53
5.471279999999999663e+54
4.716049999999999998e+53
2.761310000000000069e+54
4.483419999999999916e+55
3.798009999999999985e+56
1.525750000000000098e+56
5.996650000000000013e+56
1.934990000000000060e+56
9.835810000000000669e+55
1.017480000000000022e+56
1.077439999999999968e+57
3.694770000000000123e+56
2.420059999999999875e+55
4.078090000000000218e+56
1.538509999999999968e+57
6.005649999999999899e+58
1.524050000000000066e+57
5.659999999999999601e+58
2.973889999999999829e+60
7.850860000000000286e+59
1.083100000000000022e+61
8.531849999999999624e+60
2.962750000000000159e+61
5.027439999999999761e+60
8.602159999999999247e+62
3.142700000000000184e+64
1.530669999999999994e+64
4.573329999999999817e+64
3.688980000000000115e+63
4.990989999999999748e+62
4.734659999999999891e+62
5.058330000000000275e+62
6.794560000000000658e+60
9.575750000000000666e+60
1.796809999999999885e+61
2.076010000000000080e+61
1.296939999999999934e+62
2.366409999999999911e+62
2.964650000000000022e+62
2.005309999999999914e+61
1.420780000000000001e+61
1.055209999999999899e+62
8.766740000000000279e+61
1.366140000000000005e+61
6.198390000000000083e+60
2.819830000000000028e+62
3.233329999999999900e+62
1.294949999999999924e+62
1.454169999999999971e+62
7.067990000000000433e+63
2.434020000000000076e+64
9.320170000000000338e+65
3.540200000000000084e+65
1.779259999999999991e+66
3.866620000000000153e+64
1.001640000000000010e+64
3.359569999999999915e+64
3.532220000000000260e+66
9.282500000000000716e+66
2.004710000000000025e+67
3.859529999999999752e+67
2.390080000000000086e+67
2.153099999999999899e+69
2.113390000000000115e+69
2.665340000000000021e+68
3.007429999999999719e+67
1.744540000000000003e+66
1.403710000000000019e+66
1.949210000000000047e+67
1.760619999999999813e+66
2.219209999999999813e+66
7.565579999999999425e+67
2.039410000000000029e+67
5.637680000000000168e+65
7.710980000000000455e+65
2.461310000000000148e+63
3.061020000000000138e+63
1.529230000000000085e+63
5.944589999999999778e+61
6.245370000000000150e+60
7.370129999999999972e+60
1.693259999999999948e+62
3.910550000000000145e+61
4.251000000000000165e+61
3.778249999999999930e+61
1.673089999999999862e+61
4.896329999999999737e+61
5.004740000000000009e+60
9.531489999999999527e+60
5.562850000000000112e+61
6.511250000000000433e+62
1.136800000000000072e+64
1.536440000000000017e+64
9.781700000000000703e+63
5.067449999999999981e+62
3.629280000000000180e+63
2.079039999999999884e+64
1.979030000000000019e+66
1.243000000000000070e+65
4.629259999999999576e+62
2.276440000000000173e+63
3.194100000000000262e+64
3.497429999999999881e+65
5.797049999999999712e+66
1.805160000000000040e+66
2.664160000000000018e+66
5.325619999999999634e+66
6.498549999999999807e+65
7.299449999999999435e+66
3.754299999999999808e+67
3.072010000000000026e+69
2.986939999999999870e+70
2.755599999999999788e+71
5.857080000000000301e+70
8.769560000000000498e+70
3.249329999999999862e+71
9.804050000000000002e+71
8.913339999999999417e+71
4.122769999999999828e+72
1.050180000000000011e+72
1.286470000000000036e+72
3.933839999999999959e+73
6.798699999999999893e+71
1.713550000000000095e+72
1.083320000000000031e+73
8.138920000000000362e+71
1.974589999999999978e+71
1.292559999999999990e+71
1.818200000000000108e+70
4.310309999999999770e+68
3.096049999999999906e+68
3.017449999999999949e+69
5.329300000000000129e+71
1.326600000000000086e+71
1.387770000000000089e+72
5.349859999999999874e+71
8.881599999999999596e+72
8.906660000000000064e+72
1.873329999999999885e+71
2.093439999999999831e+72
8.249210000000000535e+72
2.344810000000000126e+72
2.074010000000000096e+72
3.231380000000000070e+72
1.824580000000000141e+72
1.229339999999999917e+71
2.950600000000000235e+70
2.452180000000000096e+69
3.989929999999999852e+70
2.792640000000000071e+70
2.627859999999999837e+71
3.400330000000000168e+70
1.460030000000000097e+71
6.451889999999999937e+70
2.362860000000000052e+70
5.703469999999999895e+70
1.809390000000000188e+72
1.615560000000000054e+72
8.525930000000000334e+71
5.717719999999999979e+72
2.796970000000000070e+71
4.346169999999999641e+69
9.496430000000000571e+70
1.770199999999999982e+70
5.168250000000000094e+68
7.067670000000000149e+67
2.817390000000000041e+67
9.064469999999999750e+66
3.368599999999999755e+67
2.971960000000000085e+66
1.021790000000000037e+65
2.754479999999999968e+63
1.028499999999999964e+65
5.438769999999999658e+65
5.856859999999999629e+66
8.764100000000000052e+66
5.394220000000000150e+66
2.858580000000000045e+65
4.474059999999999681e+66
3.781760000000000072e+66
4.249449999999999705e+67
1.681430000000000103e+67
6.934149999999999648e+65
7.053269999999999706e+65
3.441520000000000314e+66
8.315019999999999760e+66
6.529339999999999731e+67
3.971589999999999996e+69
1.385470000000000034e+70
1.053420000000000045e+70
1.885980000000000081e+68
2.150270000000000175e+66
1.321280000000000089e+66
1.192040000000000038e+66
6.093259999999999984e+66
1.482840000000000108e+68
1.326840000000000033e+68
3.409219999999999985e+67
2.139510000000000035e+67
1.383509999999999898e+70
1.349659999999999906e+71
7.490860000000000393e+69
2.805849999999999993e+70
1.836880000000000041e+69
4.246260000000000133e+68
1.352930000000000033e+70
9.788810000000000479e+69
1.709759999999999924e+71
1.985049999999999891e+71
3.537699999999999967e+69
3.380450000000000040e+69
1.066059999999999991e+70
8.504859999999999800e+69
4.584920000000000019e+71
1.240640000000000020e+71
2.075199999999999908e+69
4.977149999999999865e+67
1.042390000000000008e+68
9.658089999999999608e+67
1.037220000000000012e+67
6.877219999999999348e+66
3.380239999999999921e+67
1.385620000000000011e+68
2.121670000000000024e+68
3.389459999999999875e+68
1.236210000000000038e+69
8.359570000000000662e+69
2.221690000000000083e+69
6.951819999999999575e+68
1.879170000000000025e+69
1.263899999999999881e+68
5.093190000000000171e+68
1.543450000000000116e+68
1.371329999999999940e+69
1.428859999999999923e+69
5.860680000000000157e+67
4.890090000000000222e+67
1.254259999999999958e+67
4.389730000000000002e+66
3.506549999999999759e+66
1.079870000000000078e+68
1.222100000000000008e+68
4.631940000000000276e+68
1.200940000000000060e+68
1.044590000000000056e+67
3.621889999999999967e+67
4.106720000000000260e+67
8.832579999999999469e+66
3.299880000000000236e+67
7.650429999999999694e+68
2.416330000000000035e+68
4.982259999999999895e+67
5.082950000000000202e+67
6.044059999999999994e+66
9.331080000000000019e+65
1.556390000000000044e+65
1.306309999999999965e+66
3.116679999999999878e+67
2.212019999999999920e+67
1.847109999999999888e+67
7.376279999999999962e+67
1.240249999999999944e+66
1.528150000000000084e+66
1.125839999999999983e+66
2.458850000000000018e+64
1.784919999999999905e+67
1.317259999999999949e+66
1.200900000000000003e+68
9.114269999999999996e+66
2.025259999999999942e+67
2.298240000000000104e+66
1.616240000000000041e+67
2.431680000000000034e+67
3.088639999999999955e+68
5.213210000000000275e+67
8.571360000000000721e+66
1.456169999999999987e+66
2.174850000000000112e+67
1.959190000000000005e+67
9.561799999999999577e+67
3.880510000000000090e+69
1.823630000000000110e+69
3.804639999999999984e+67
9.731230000000000869e+68
3.725279999999999926e+67
6.518119999999999444e+67
3.826240000000000199e+67
8.644050000000000084e+66
3.635810000000000055e+66
6.030980000000000113e+67
6.875959999999999710e+67
2.451279999999999797e+68
2.277119999999999974e+68
9.199440000000000541e+68
6.822899999999999972e+67
3.509090000000000202e+68
1.075729999999999956e+69
7.297290000000000012e+67
1.055480000000000022e+68
1.331059999999999934e+68
5.292460000000000236e+67
5.478859999999999642e+68
8.403239999999999809e+69
1.065519999999999946e+69
1.765750000000000096e+68
9.191679999999999672e+66
2.454849999999999969e+67
2.524020000000000129e+67
6.795649999999999797e+67
6.574529999999999700e+68
8.311270000000000409e+66
4.955349999999999964e+67
2.814340000000000189e+67
2.260739999999999856e+66
4.085150000000000358e+66
2.227079999999999970e+66
1.021630000000000061e+66
2.179649999999999910e+66
7.832660000000000131e+65
7.320959999999999761e+65
1.171610000000000059e+65
1.438010000000000089e+66
3.488410000000000013e+65
9.824220000000000632e+66
3.371009999999999821e+69
2.999950000000000206e+68
9.532229999999999931e+68
3.651800000000000097e+68
1.549230000000000082e+68
3.632510000000000237e+68
1.063489999999999990e+68
6.729039999999999629e+67
4.265620000000000153e+67
3.740280000000000086e+68
2.751859999999999734e+67
1.421470000000000095e+67
2.789489999999999838e+68
5.840120000000000106e+68
1.675830000000000022e+69
1.725190000000000072e+68
4.221030000000000079e+68
2.838509999999999812e+68
1.355869999999999931e+70
3.014249999999999915e+70
8.907350000000000392e+69
1.826880000000000079e+69
8.775179999999999624e+69
3.284479999999999718e+70
9.106139999999999367e+69
1.121750000000000017e+69
1.378889999999999926e+69
3.475090000000000177e+68
1.052859999999999957e+69
2.422730000000000046e+68
2.881420000000000128e+68
1.065320000000000020e+68
1.733880000000000122e+69
3.869940000000000305e+70
6.779400000000000335e+72
2.039399999999999920e+71
3.630889999999999829e+71
3.995820000000000203e+71
3.584300000000000083e+70
6.076929999999999747e+70
1.397580000000000014e+70
2.390489999999999863e+70
2.986919999999999865e+70
9.613559999999999349e+71
1.548049999999999845e+73
4.291800000000000042e+72
1.811909999999999997e+74
9.605189999999999663e+71
1.016050000000000024e+70
1.596389999999999913e+70
6.541819999999999675e+71
6.737089999999999742e+72
6.737089999999999742e+72
4.557610000000000465e+71
7.279050000000000473e+72
5.592339999999999778e+71
1.947880000000000068e+72
2.104749999999999918e+74
8.435779999999999517e+72
3.198810000000000208e+71
9.086199999999999762e+71
2.690659999999999816e+71
5.079499999999999550e+71
1.292640000000000009e+72
2.348780000000000151e+73
1.734190000000000054e+73
1.660149999999999986e+72
1.365909999999999952e+72
1.155390000000000016e+72
3.817319999999999858e+72
3.304160000000000304e+73
2.374169999999999860e+73
2.617400000000000132e+74
2.716609999999999887e+73
3.843179999999999723e+72
2.545879999999999935e+71
7.237379999999999779e+70
6.692270000000000347e+70
2.422960000000000192e+72
1.408400000000000094e+72
2.429510000000000153e+72
2.785669999999999967e+71
6.965310000000000050e+72
5.421689999999999883e+73
1.671420000000000085e+75
1.725620000000000064e+75
2.283939999999999841e+75
2.509799999999999846e+75
1.634880000000000013e+74
3.456560000000000224e+74
4.634280000000000039e+73
3.029090000000000083e+72
1.283709999999999961e+73
4.035370000000000034e+73
6.996170000000000065e+72
6.441889999999999687e+72
2.270509999999999862e+73
3.662889999999999610e+72
5.164629999999999919e+71
2.221399999999999929e+72
3.469870000000000199e+71
1.390250000000000061e+72
5.161470000000000186e+72
1.447000000000000035e+73
4.680090000000000265e+73
3.239160000000000177e+74
4.183399999999999965e+74
2.474559999999999808e+74
7.175099999999999540e+74
1.243599999999999968e+74
7.959470000000000047e+73
7.394319999999999673e+73
4.657679999999999798e+74
5.281990000000000249e+73
4.339680000000000190e+74
2.193550000000000017e+75
1.131539999999999954e+76
1.106709999999999978e+76
2.577870000000000181e+75
1.389149999999999949e+74
2.408860000000000005e+73
8.947609999999999565e+71
3.130169999999999890e+71
2.565649999999999931e+70
2.164239999999999889e+70
1.521300000000000098e+70
7.194659999999999315e+69
1.329659999999999905e+69
5.518920000000000271e+68
1.491620000000000130e+70
4.290689999999999816e+70
3.959889999999999803e+70
7.290609999999999556e+70
1.761470000000000092e+71
1.999650000000000066e+70
5.265380000000000142e+70
2.064279999999999907e+71
4.410820000000000007e+70
2.549850000000000097e+71
6.488579999999999652e+70
3.139349999999999808e+72
2.881750000000000016e+72
7.493580000000000481e+72
2.197390000000000041e+72
7.182399999999999853e+71
1.228519999999999977e+71
1.577619999999999960e+71
1.749540000000000092e+71
6.822760000000000429e+70
5.566339999999999538e+70
6.974030000000000061e+71
3.595250000000000107e+71
3.268399999999999760e+70
9.101809999999999920e+69
5.549110000000000201e+68
2.346059999999999931e+70
2.935759999999999868e+69
1.397139999999999886e+68
4.453319999999999733e+67
4.794999999999999984e+68
6.464249999999999667e+69
2.254770000000000131e+70
9.476529999999999549e+67
2.429040000000000033e+66
1.140679999999999961e+65
8.663439999999999458e+65
4.397229999999999711e+64
5.501250000000000450e+65
1.713859999999999989e+67
1.508390000000000078e+67
2.398359999999999857e+64
2.214329999999999992e+64
2.462480000000000054e+63
1.144980000000000050e+62
1.113970000000000051e+63
3.956090000000000184e+63
1.411999999999999971e+63
1.139610000000000013e+61
3.153469999999999937e+61
4.575930000000000306e+63
1.524750000000000094e+62
4.137119999999999657e+62
5.315619999999999573e+62
4.367530000000000013e+62
1.457060000000000028e+60
7.918740000000000048e+60
1.094039999999999951e+61
1.790310000000000178e+60
7.313389999999999880e+59
9.460160000000000741e+59
3.635499999999999671e+60
1.632399999999999903e+59
1.771010000000000067e+59
2.114330000000000105e+59
2.773100000000000129e+61
1.415890000000000027e+63
1.193369999999999952e+62
8.420360000000000092e+61
4.190580000000000399e+62
6.798250000000000180e+63
4.126499999999999992e+63
1.586199999999999959e+65
1.720530000000000094e+65
4.322909999999999867e+64
1.404780000000000091e+64
3.522030000000000157e+65
9.775119999999999390e+63
2.500810000000000101e+63
1.748889999999999984e+65
1.473889999999999886e+64
2.431290000000000125e+63
1.094229999999999949e+63
5.736830000000000071e+63
3.797530000000000106e+63
3.966589999999999896e+62
4.180679999999999720e+62
3.973209999999999975e+62
3.016180000000000091e+63
2.873779999999999999e+62
9.640789999999999737e+61
2.302820000000000067e+64
1.934129999999999970e+62
2.750420000000000223e+62
3.523160000000000149e+62
4.784520000000000220e+62
2.493859999999999859e+64
1.169379999999999990e+64
4.186810000000000223e+64
3.033919999999999943e+64
1.777139999999999985e+64
3.688979999999999852e+65
2.470099999999999826e+66
1.051319999999999968e+68
1.178559999999999962e+67
2.776879999999999908e+66
6.976970000000000652e+66
1.431440000000000099e+67
2.503880000000000137e+67
9.675930000000000517e+66
1.064359999999999971e+68
8.018680000000000231e+66
7.524140000000000543e+67
1.397460000000000102e+67
5.500340000000000524e+67
2.031049999999999863e+67
6.623950000000000243e+66
1.310190000000000070e+67
8.273369999999999561e+68
8.878190000000000695e+68
3.534849999999999993e+68
2.194319999999999948e+70
2.637039999999999951e+71
5.308049999999999983e+70
2.659460000000000117e+71
3.750720000000000197e+71
7.773299999999999586e+70
2.325679999999999920e+70
3.028810000000000142e+70
3.992349999999999997e+68
1.952220000000000021e+68
1.244629999999999930e+68
1.296620000000000030e+67
2.748100000000000054e+66
1.214170000000000005e+67
1.335399999999999975e+67
8.161520000000000333e+65
1.547129999999999944e+66
8.779400000000000578e+66
3.543670000000000095e+67
1.099879999999999945e+67
2.267819999999999951e+66
3.607300000000000092e+67
4.555609999999999683e+68
1.891949999999999850e+69
1.195049999999999926e+69
2.540570000000000040e+67
1.866630000000000015e+68
