4.098060000000000344e+87
6.582880000000000407e+87
4.078620000000000265e+87
1.143260000000000002e+88
1.143260000000000002e+88
1.851139999999999963e+88
5.971350000000000254e+88
7.523709999999999723e+88
7.523709999999999723e+88
7.523709999999999723e+88
4.359610000000000143e+88
1.102939999999999994e+89
3.911299999999999814e+88
1.192279999999999931e+88
1.248740000000000000e+88
1.494879999999999936e+88
2.747920000000000149e+88
2.747920000000000149e+88
2.747920000000000149e+88
6.648349999999999429e+88
2.238700000000000104e+89
2.238700000000000104e+89
2.238700000000000104e+89
1.993020000000000119e+89
2.173839999999999866e+89
2.567629999999999952e+89
3.505350000000000120e+89
9.244640000000000461e+89
1.107049999999999973e+90
1.107049999999999973e+90
1.289040000000000053e+90
1.289040000000000053e+90
9.773210000000000338e+89
9.773210000000000338e+89
9.773210000000000338e+89
9.773210000000000338e+89
9.773210000000000338e+89
1.041930000000000000e+90
8.131910000000000140e+89
1.199400000000000053e+90
1.646540000000000021e+90
4.547260000000000157e+90
1.961170000000000035e+90
1.512380000000000019e+90
4.582470000000000111e+90
2.529179999999999788e+90
4.545619999999999638e+90
5.098359999999999977e+90
4.973550000000000173e+90
4.973550000000000173e+90
1.263209999999999969e+91
2.464700000000000053e+91
4.454830000000000318e+91
4.454830000000000318e+91
4.593839999999999884e+91
1.575770000000000050e+91
1.575770000000000050e+91
2.916159999999999998e+91
7.756859999999999278e+91
2.806589999999999729e+92
4.481090000000000015e+92
1.525979999999999929e+92
1.010140000000000024e+92
1.010140000000000024e+92
2.147849999999999955e+92
4.458169999999999977e+92
4.458169999999999977e+92
4.458169999999999977e+92
1.635859999999999979e+93
5.967540000000000222e+93
5.967540000000000222e+93
2.478260000000000193e+93
8.810059999999999674e+92
1.439259999999999957e+93
2.177100000000000070e+93
1.552100000000000058e+93
4.017760000000000019e+93
1.432569999999999938e+94
3.397689999999999773e+94
1.698349999999999950e+94
1.698349999999999950e+94
1.698349999999999950e+94
2.753360000000000179e+94
1.707450000000000014e+94
1.707450000000000014e+94
6.974100000000000201e+93
2.821090000000000140e+93
3.730989999999999774e+93
4.668070000000000449e+93
1.394470000000000024e+94
3.954390000000000268e+94
1.389210000000000021e+94
1.429080000000000078e+94
1.972529999999999993e+94
7.029549999999999859e+93
8.291659999999999685e+93
6.107380000000000322e+93
1.634910000000000085e+94
1.887710000000000039e+94
5.503510000000000030e+94
1.862650000000000176e+94
1.862650000000000176e+94
5.546930000000000124e+94
5.546930000000000124e+94
5.271739999999999964e+94
5.271739999999999964e+94
5.271739999999999964e+94
1.697649999999999917e+95
6.338600000000000521e+95
2.564349999999999788e+96
7.325299999999999832e+96
7.325299999999999832e+96
7.398489999999999642e+96
7.398489999999999642e+96
7.398489999999999642e+96
1.801190000000000178e+97
4.890690000000000035e+97
4.890690000000000035e+97
4.890690000000000035e+97
4.890690000000000035e+97
4.890690000000000035e+97
4.890690000000000035e+97
1.503329999999999993e+98
9.076539999999999500e+97
2.861160000000000244e+98
4.256270000000000011e+98
4.256270000000000011e+98
4.256270000000000011e+98
4.256270000000000011e+98
4.676560000000000181e+98
1.521679999999999953e+99
1.521679999999999953e+99
3.582809999999999769e+99
4.901119999999999827e+99
4.901119999999999827e+99
2.970879999999999951e+99
6.894050000000000046e+99
1.555179999999999959e+100
1.326480000000000000e+100
5.952519999999999709e+99
2.096489999999999913e+99
1.922929999999999884e+99
1.895259999999999954e+99
4.182460000000000053e+99
4.182460000000000053e+99
1.107589999999999971e+100
1.182490000000000094e+100
7.012879999999999876e+99
4.765369999999999812e+99
4.765369999999999812e+99
4.765369999999999812e+99
1.563240000000000092e+100
1.563240000000000092e+100
4.340200000000000173e+99
9.300139999999999133e+99
5.727779999999999674e+99
1.681180000000000076e+99
1.681180000000000076e+99
1.681180000000000076e+99
1.681180000000000076e+99
1.681180000000000076e+99
8.792929999999999414e+98
1.860590000000000015e+99
1.860590000000000015e+99
5.921290000000000009e+99
5.921290000000000009e+99
1.956229999999999959e+100
1.956229999999999959e+100
1.956229999999999959e+100
1.956229999999999959e+100
6.393259999999999891e+99
6.393259999999999891e+99
6.393259999999999891e+99
9.455420000000000001e+99
2.752970000000000083e+99
2.752970000000000083e+99
1.324889999999999887e+99
8.515769999999999928e+98
3.302939999999999964e+98
3.779900000000000120e+98
3.779900000000000120e+98
2.140410000000000056e+98
5.592039999999999479e+98
4.200560000000000281e+98
4.200560000000000281e+98
6.322750000000000273e+98
2.820739999999999803e+98
2.820739999999999803e+98
2.654800000000000052e+98
7.537179999999999864e+98
6.877420000000000205e+98
1.205619999999999995e+99
2.876389999999999767e+99
2.876389999999999767e+99
6.077070000000000098e+99
2.144059999999999984e+100
5.334910000000000358e+100
8.852690000000000598e+100
1.520949999999999964e+101
5.078649999999999793e+100
3.652729999999999753e+100
3.652729999999999753e+100
3.652729999999999753e+100
1.718319999999999912e+100
7.231580000000000279e+99
9.102629999999999209e+99
4.382940000000000453e+99
1.721910000000000063e+100
1.721910000000000063e+100
4.290559999999999776e+99
1.698799999999999995e+99
2.612749999999999989e+99
8.760769999999999280e+99
8.760769999999999280e+99
2.574070000000000156e+99
9.265210000000000736e+99
3.599130000000000210e+100
1.010990000000000086e+100
1.010990000000000086e+100
1.010990000000000086e+100
5.860980000000000364e+99
3.554139999999999942e+99
1.077110000000000024e+99
7.365630000000000420e+98
5.006589999999999728e+98
9.663320000000000106e+98
9.805239999999999588e+98
2.337350000000000021e+99
4.258599999999999912e+99
4.376930000000000036e+99
1.725280000000000062e+99
2.629249999999999994e+99
2.629249999999999994e+99
4.440969999999999537e+99
4.440969999999999537e+99
1.059889999999999967e+100
1.000850000000000050e+100
1.000850000000000050e+100
2.569370000000000105e+100
2.569370000000000105e+100
2.421119999999999966e+100
5.574040000000000017e+100
2.394440000000000163e+100
5.453680000000000010e+100
1.791539999999999897e+101
1.791539999999999897e+101
1.791539999999999897e+101
5.843689999999999940e+101
3.989910000000000144e+101
5.063430000000000143e+101
1.084290000000000040e+102
3.138439999999999930e+102
9.370309999999999073e+102
7.802630000000000171e+102
2.266210000000000089e+103
1.660530000000000023e+103
1.660530000000000023e+103
4.752749999999999930e+102
1.732199999999999948e+103
1.732199999999999948e+103
1.950089999999999956e+103
9.860179999999999701e+102
3.698309999999999855e+103
1.152339999999999962e+104
5.033299999999999962e+103
1.317769999999999928e+103
4.956299999999999991e+102
1.451020000000000088e+103
3.943660000000000085e+102
1.440319999999999915e+103
3.261270000000000184e+103
4.207970000000000121e+103
4.207970000000000121e+103
4.927449999999999704e+103
1.135049999999999970e+104
3.978470000000000146e+104
1.212559999999999988e+105
4.689280000000000373e+105
2.191139999999999886e+105
3.381109999999999750e+105
2.737200000000000077e+105
2.756189999999999807e+105
9.998109999999999424e+105
5.848209999999999510e+105
1.535289999999999929e+105
4.838380000000000163e+105
5.691730000000000172e+105
3.117550000000000017e+105
1.085280000000000041e+105
1.085280000000000041e+105
2.092389999999999987e+105
1.197849999999999898e+105
8.054249999999999676e+104
2.617519999999999958e+105
2.617519999999999958e+105
7.654270000000000372e+104
2.559560000000000209e+105
2.559560000000000209e+105
2.868680000000000059e+105
2.868680000000000059e+105
1.226679999999999958e+105
4.689779999999999586e+105
1.686630000000000094e+106
1.859510000000000101e+106
8.486370000000000471e+105
9.971499999999999934e+105
9.122249999999999786e+105
9.122249999999999786e+105
9.122249999999999786e+105
9.122249999999999786e+105
9.791169999999999736e+105
1.391480000000000093e+106
1.391480000000000093e+106
5.351839999999999822e+106
4.525680000000000182e+106
2.218849999999999885e+106
5.078619999999999994e+106
5.078619999999999994e+106
5.078619999999999994e+106
5.078619999999999994e+106
2.554519999999999912e+106
2.554519999999999912e+106
1.169160000000000005e+106
1.169160000000000005e+106
4.041560000000000055e+105
4.041560000000000055e+105
1.138519999999999972e+105
3.113520000000000112e+104
5.047700000000000011e+104
5.047700000000000011e+104
1.373449999999999993e+105
1.169769999999999931e+105
1.169769999999999931e+105
1.956970000000000116e+105
1.956970000000000116e+105
1.956970000000000116e+105
1.205729999999999931e+105
2.635900000000000016e+105
2.635900000000000016e+105
7.703489999999999537e+104
7.703489999999999537e+104
1.374180000000000026e+105
2.068559999999999951e+105
7.524470000000000098e+105
3.057409999999999971e+106
1.031700000000000064e+107
4.125000000000000238e+107
4.125000000000000238e+107
9.655220000000000291e+107
1.061090000000000027e+108
1.504949999999999907e+108
1.504949999999999907e+108
1.504949999999999907e+108
1.174910000000000085e+108
8.087940000000000306e+107
2.132800000000000034e+108
2.062589999999999990e+108
7.460899999999999992e+107
2.681370000000000145e+108
2.681370000000000145e+108
1.976479999999999996e+108
1.772240000000000125e+108
1.772240000000000125e+108
1.772240000000000125e+108
2.976869999999999795e+108
1.016199999999999994e+109
2.815229999999999934e+108
2.815229999999999934e+108
8.687099999999999605e+107
8.687099999999999605e+107
8.419619999999999421e+107
5.584170000000000145e+107
4.263729999999999911e+107
2.548840000000000051e+107
2.011530000000000022e+107
7.194760000000000184e+107
7.194760000000000184e+107
7.194760000000000184e+107
2.252509999999999943e+108
1.283150000000000084e+108
6.660890000000000444e+107
1.504750000000000108e+108
1.504750000000000108e+108
1.504750000000000108e+108
1.504750000000000108e+108
5.593969999999999567e+108
7.968800000000000294e+108
4.994239999999999849e+108
1.413499999999999902e+109
5.708369999999999486e+108
1.982549999999999954e+109
1.982549999999999954e+109
5.369230000000000035e+109
5.369230000000000035e+109
5.369230000000000035e+109
5.369230000000000035e+109
5.369230000000000035e+109
2.148700000000000004e+110
2.148700000000000004e+110
2.148700000000000004e+110
6.370249999999999702e+110
6.370249999999999702e+110
6.370249999999999702e+110
1.030930000000000022e+111
1.848929999999999999e+111
1.848929999999999999e+111
4.299540000000000129e+111
1.288070000000000022e+112
1.288070000000000022e+112
1.288070000000000022e+112
1.369439999999999984e+112
2.057390000000000018e+112
8.154460000000000092e+112
8.154460000000000092e+112
8.154460000000000092e+112
2.348229999999999813e+112
1.030860000000000092e+112
3.718700000000000017e+112
1.142909999999999917e+113
4.551809999999999815e+113
7.451640000000000012e+113
7.507559999999999899e+113
1.140540000000000026e+114
1.808879999999999994e+114
2.463900000000000150e+114
2.463900000000000150e+114
8.846419999999999520e+114
8.846419999999999520e+114
2.507019999999999759e+114
4.015040000000000245e+114
4.758019999999999990e+114
4.758019999999999990e+114
4.758019999999999990e+114
2.872480000000000117e+114
2.872480000000000117e+114
2.872480000000000117e+114
2.872480000000000117e+114
4.034959999999999880e+114
1.652340000000000115e+114
1.687049999999999883e+114
4.576680000000000205e+113
1.544589999999999954e+114
1.544589999999999954e+114
1.544589999999999954e+114
1.544589999999999954e+114
1.544589999999999954e+114
3.848050000000000305e+113
1.019419999999999996e+113
3.503829999999999901e+113
3.503829999999999901e+113
3.503829999999999901e+113
8.804070000000000315e+112
8.804070000000000315e+112
4.343589999999999630e+112
4.343589999999999630e+112
2.428489999999999847e+112
9.272530000000000052e+111
9.272530000000000052e+111
9.272530000000000052e+111
9.272530000000000052e+111
2.645889999999999865e+112
1.543390000000000005e+112
3.758399999999999852e+111
3.758399999999999852e+111
3.758399999999999852e+111
1.597970000000000072e+111
1.127539999999999989e+111
1.127539999999999989e+111
1.127539999999999989e+111
1.127539999999999989e+111
1.127539999999999989e+111
2.366379999999999887e+111
2.366379999999999887e+111
1.828339999999999970e+111
1.220900000000000013e+111
1.220900000000000013e+111
1.220900000000000013e+111
1.220900000000000013e+111
6.156400000000000047e+110
6.156400000000000047e+110
1.513839999999999997e+111
5.396400000000000202e+111
2.015370000000000055e+112
3.374429999999999829e+112
8.459870000000000457e+111
8.459870000000000457e+111
5.480489999999999784e+111
5.480489999999999784e+111
5.730929999999999966e+111
5.277490000000000053e+111
2.626790000000000076e+111
8.793749999999999938e+110
2.816129999999999899e+111
2.816129999999999899e+111
7.000159999999999671e+110
2.833979999999999740e+111
2.833979999999999740e+111
8.038249999999999850e+110
2.730829999999999862e+110
8.406869999999999712e+110
2.701090000000000004e+110
2.701090000000000004e+110
1.090500000000000048e+111
1.308580000000000131e+111
3.279609999999999881e+111
5.895219999999999696e+111
4.956800000000000285e+111
4.956800000000000285e+111
1.187230000000000028e+111
1.187230000000000028e+111
4.400300000000000203e+110
6.538579999999999650e+110
6.538579999999999650e+110
2.235419999999999950e+111
5.889150000000000047e+111
5.889150000000000047e+111
3.607220000000000182e+111
3.607220000000000182e+111
3.607220000000000182e+111
9.782910000000000494e+110
6.558219999999999965e+110
6.558219999999999965e+110
1.485849999999999918e+111
2.452070000000000267e+111
2.900689999999999943e+111
1.174329999999999944e+112
3.119499999999999961e+111
3.119499999999999961e+111
2.955789999999999916e+111
2.472940000000000015e+111
2.472940000000000015e+111
2.472940000000000015e+111
2.472940000000000015e+111
1.549700000000000054e+111
1.549700000000000054e+111
6.284739999999999676e+111
9.123690000000000437e+111
3.349750000000000140e+112
4.443149999999999787e+112
2.908109999999999813e+112
2.377560000000000202e+112
8.422279999999999973e+112
8.422279999999999973e+112
8.422279999999999973e+112
8.422279999999999973e+112
8.422279999999999973e+112
8.422279999999999973e+112
8.422279999999999973e+112
3.787850000000000121e+112
3.787850000000000121e+112
2.317229999999999844e+112
2.317229999999999844e+112
2.317229999999999844e+112
5.184980000000000324e+112
5.184980000000000324e+112
5.184980000000000324e+112
9.289149999999999553e+112
2.520670000000000095e+112
2.520670000000000095e+112
2.520670000000000095e+112
2.131969999999999986e+112
2.131969999999999986e+112
5.332660000000000356e+111
5.332660000000000356e+111
1.862450000000000048e+112
1.862450000000000048e+112
1.510289999999999955e+112
1.510289999999999955e+112
4.167440000000000001e+111
4.167440000000000001e+111
6.178679999999999581e+111
2.182739999999999791e+112
2.182739999999999791e+112
6.073230000000000076e+112
1.307739999999999949e+113
1.307739999999999949e+113
1.307739999999999949e+113
1.307739999999999949e+113
1.753910000000000007e+113
1.931669999999999927e+113
1.931669999999999927e+113
1.931669999999999927e+113
1.931669999999999927e+113
3.100620000000000176e+113
3.100620000000000176e+113
7.889810000000000580e+112
4.651489999999999659e+112
4.651489999999999659e+112
3.910960000000000006e+112
5.954219999999999760e+112
1.042880000000000045e+113
1.042880000000000045e+113
1.042880000000000045e+113
2.759189999999999850e+112
1.009229999999999975e+113
1.009229999999999975e+113
3.961220000000000116e+113
3.961220000000000116e+113
9.676519999999999881e+113
4.938059999999999985e+113
5.624239999999999675e+113
1.454289999999999935e+113
3.800309999999999952e+112
1.387890000000000014e+113
4.204859999999999945e+113
1.409279999999999902e+114
4.364350000000000049e+114
4.364350000000000049e+114
4.364350000000000049e+114
4.364350000000000049e+114
7.158430000000000480e+114
2.163020000000000059e+115
5.982159999999999687e+114
5.982159999999999687e+114
2.328220000000000211e+115
2.328220000000000211e+115
3.331170000000000042e+115
3.331170000000000042e+115
1.270470000000000090e+115
4.023229999999999736e+114
1.112510000000000008e+115
3.671710000000000000e+114
1.066369999999999936e+115
1.066369999999999936e+115
3.619599999999999978e+115
3.619599999999999978e+115
3.619599999999999978e+115
3.619599999999999978e+115
9.390110000000000758e+115
2.262739999999999918e+116
2.262739999999999918e+116
6.764120000000000129e+115
6.764120000000000129e+115
2.017269999999999953e+116
2.017269999999999953e+116
2.017269999999999953e+116
3.282270000000000082e+116
9.125220000000000601e+115
1.077540000000000014e+116
1.245319999999999929e+116
6.127709999999999798e+115
2.102770000000000119e+115
7.373809999999999924e+115
1.859289999999999955e+115
1.859289999999999955e+115
1.859289999999999955e+115
4.615649999999999981e+114
1.684910000000000052e+115
1.684910000000000052e+115
1.513610000000000012e+115
2.076510000000000155e+115
2.076510000000000155e+115
2.076510000000000155e+115
5.748579999999999722e+114
2.232500000000000089e+115
2.232500000000000089e+115
2.232500000000000089e+115
7.485120000000000337e+114
7.485120000000000337e+114
7.485120000000000337e+114
2.286270000000000154e+115
2.286270000000000154e+115
8.696769999999999478e+114
8.696769999999999478e+114
3.574909999999999863e+115
1.951839999999999911e+115
5.974809999999999662e+115
5.974809999999999662e+115
4.319199999999999910e+115
4.319199999999999910e+115
4.319199999999999910e+115
1.978829999999999822e+115
5.932350000000000008e+115
5.932350000000000008e+115
5.932350000000000008e+115
1.427800000000000027e+115
4.917290000000000046e+115
1.922559999999999834e+116
1.922559999999999834e+116
8.303150000000000421e+115
5.509029999999999698e+115
1.118549999999999929e+116
2.759089999999999929e+115
2.759089999999999929e+115
2.759089999999999929e+115
2.759089999999999929e+115
1.774439999999999983e+115
9.964799999999998913e+114
9.964799999999998913e+114
9.123559999999999793e+114
1.381799999999999938e+115
1.381799999999999938e+115
5.650239999999999654e+115
5.650239999999999654e+115
5.650239999999999654e+115
5.650239999999999654e+115
5.650239999999999654e+115
5.650239999999999654e+115
2.637169999999999900e+115
1.472459999999999895e+115
1.468580000000000093e+115
4.153950000000000077e+114
4.153950000000000077e+114
1.750719999999999928e+114
1.750719999999999928e+114
1.750719999999999928e+114
7.443400000000000293e+113
6.778950000000000118e+113
6.778950000000000118e+113
2.830190000000000038e+114
2.830190000000000038e+114
1.097560000000000018e+114
9.284109999999999357e+113
9.284109999999999357e+113
2.329869999999999975e+113
3.486039999999999860e+113
1.409569999999999915e+114
5.656310000000000171e+114
8.201299999999999509e+114
8.201299999999999509e+114
8.201299999999999509e+114
2.177729999999999828e+115
2.177729999999999828e+115
7.833329999999999924e+115
7.833329999999999924e+115
7.833329999999999924e+115
7.833329999999999924e+115
2.284270000000000198e+115
6.009610000000000389e+115
1.729380000000000080e+116
3.021469999999999833e+116
1.119880000000000081e+116
1.119880000000000081e+116
4.115849999999999575e+115
1.560049999999999925e+115
4.173660000000000173e+114
6.538920000000000195e+114
9.795169999999999836e+114
4.951449999999999597e+114
1.339629999999999970e+115
7.602539999999999481e+114
7.602539999999999481e+114
7.602539999999999481e+114
2.057409999999999949e+114
2.057409999999999949e+114
5.430400000000000300e+113
5.430400000000000300e+113
5.430400000000000300e+113
1.262329999999999899e+114
2.708909999999999981e+114
7.414339999999999832e+114
3.188690000000000076e+114
9.548070000000000239e+113
7.740210000000000424e+113
3.254289999999999758e+114
1.192349999999999934e+115
2.023569999999999837e+115
3.063110000000000157e+115
3.063110000000000157e+115
3.063110000000000157e+115
1.993010000000000120e+115
2.752450000000000197e+115
3.978400000000000184e+115
3.978400000000000184e+115
3.978400000000000184e+115
2.626229999999999977e+115
2.626229999999999977e+115
2.626229999999999977e+115
1.989540000000000115e+115
6.181950000000000152e+114
2.145640000000000006e+115
7.969729999999999655e+114
2.977950000000000190e+115
8.087469999999999606e+114
3.266079999999999848e+115
3.266079999999999848e+115
3.266079999999999848e+115
1.198569999999999934e+115
1.198569999999999934e+115
4.415510000000000103e+114
1.072619999999999964e+115
3.571570000000000124e+115
1.037909999999999977e+115
2.017509999999999913e+115
6.738209999999999906e+115
6.738209999999999906e+115
3.633619999999999982e+115
4.308900000000000288e+115
6.068850000000000415e+115
2.068659999999999856e+116
2.316579999999999844e+116
8.295840000000000623e+116
8.295840000000000623e+116
3.079669999999999830e+116
3.079669999999999830e+116
1.161789999999999990e+117
3.352620000000000043e+116
9.141859999999999677e+115
9.141859999999999677e+115
3.441220000000000075e+116
1.144250000000000045e+116
1.144250000000000045e+116
3.584200000000000008e+115
4.659549999999999656e+115
4.659549999999999656e+115
1.194600000000000049e+115
1.194600000000000049e+115
7.766920000000000258e+114
7.766920000000000258e+114
7.766920000000000258e+114
1.612290000000000104e+115
5.267360000000000043e+115
1.299580000000000069e+116
1.299580000000000069e+116
1.299580000000000069e+116
2.065259999999999974e+116
8.169650000000000518e+116
8.169650000000000518e+116
1.052079999999999980e+117
4.651029999999999816e+116
4.651029999999999816e+116
4.651029999999999816e+116
4.651029999999999816e+116
1.855519999999999934e+116
4.574670000000000094e+115
4.574670000000000094e+115
1.580820000000000055e+116
4.371710000000000033e+116
1.451239999999999908e+117
1.451239999999999908e+117
5.641119999999999853e+117
5.641119999999999853e+117
1.631279999999999919e+117
1.631279999999999919e+117
4.673670000000000248e+116
1.438909999999999917e+116
1.797920000000000143e+116
2.236620000000000113e+116
1.395099999999999976e+116
1.395099999999999976e+116
3.549040000000000347e+116
3.549040000000000347e+116
3.549040000000000347e+116
2.413079999999999900e+116
2.413079999999999900e+116
2.413079999999999900e+116
1.059739999999999922e+116
1.059739999999999922e+116
1.059739999999999922e+116
1.059739999999999922e+116
1.059739999999999922e+116
1.059739999999999922e+116
1.059739999999999922e+116
1.059739999999999922e+116
1.059739999999999922e+116
1.059739999999999922e+116
2.979369999999999988e+116
5.064410000000000138e+116
5.064410000000000138e+116
5.064410000000000138e+116
2.026639999999999851e+116
9.576030000000000264e+115
3.381810000000000037e+116
3.381810000000000037e+116
3.381810000000000037e+116
2.236290000000000070e+116
2.236290000000000070e+116
5.504589999999999961e+115
5.145680000000000236e+115
5.145680000000000236e+115
1.823489999999999906e+115
4.586449999999999919e+115
4.586449999999999919e+115
1.167679999999999955e+116
1.167679999999999955e+116
1.167679999999999955e+116
1.167679999999999955e+116
3.413380000000000194e+115
1.193400000000000032e+116
3.261319999999999786e+116
8.308529999999999862e+115
2.485480000000000155e+115
2.485480000000000155e+115
2.485480000000000155e+115
2.485480000000000155e+115
2.485480000000000155e+115
1.489610000000000100e+115
2.185730000000000090e+115
4.350449999999999828e+115
4.350449999999999828e+115
1.589740000000000149e+116
1.589740000000000149e+116
4.406050000000000275e+115
5.765399999999999840e+115
5.765399999999999840e+115
5.765399999999999840e+115
5.059169999999999893e+115
1.978579999999999882e+115
9.556249999999999739e+114
9.556249999999999739e+114
9.556249999999999739e+114
9.556249999999999739e+114
3.709040000000000153e+114
1.003360000000000065e+115
1.003360000000000065e+115
1.003360000000000065e+115
3.957990000000000388e+115
2.215660000000000099e+115
2.215660000000000099e+115
2.215660000000000099e+115
3.667450000000000102e+115
1.128659999999999929e+116
4.465429999999999673e+116
4.465429999999999673e+116
4.465429999999999673e+116
6.676809999999999979e+116
1.647050000000000167e+116
1.647050000000000167e+116
1.608709999999999837e+116
1.262920000000000070e+116
3.359930000000000192e+116
3.359930000000000192e+116
8.360010000000000285e+115
8.360010000000000285e+115
2.624129999999999782e+115
6.429080000000000269e+114
6.429080000000000269e+114
6.429080000000000269e+114
6.429080000000000269e+114
2.393359999999999977e+114
2.393359999999999977e+114
2.393359999999999977e+114
2.393359999999999977e+114
8.632739999999999755e+114
8.632739999999999755e+114
3.447170000000000131e+114
6.906030000000000441e+114
6.906030000000000441e+114
3.434700000000000104e+114
1.166999999999999947e+114
1.166999999999999947e+114
3.278299999999999962e+113
1.294200000000000027e+113
2.809609999999999970e+113
2.809609999999999970e+113
7.076569999999999591e+112
1.083069999999999991e+113
1.652139999999999884e+113
1.322789999999999952e+113
1.322789999999999952e+113
1.322789999999999952e+113
3.949169999999999986e+113
3.949169999999999986e+113
3.949169999999999986e+113
3.949169999999999986e+113
1.613209999999999935e+114
1.613209999999999935e+114
2.011880000000000040e+114
5.587070000000000062e+113
5.587070000000000062e+113
2.064050000000000009e+114
5.673299999999999836e+113
5.673299999999999836e+113
5.673299999999999836e+113
5.673299999999999836e+113
1.605410000000000095e+114
1.605410000000000095e+114
4.911919999999999913e+113
9.920479999999999560e+113
1.615649999999999934e+114
5.706799999999999459e+114
5.706799999999999459e+114
5.706799999999999459e+114
2.078779999999999923e+115
6.642169999999999634e+115
1.949680000000000099e+115
5.025470000000000477e+114
5.025470000000000477e+114
5.025470000000000477e+114
5.025470000000000477e+114
5.025470000000000477e+114
1.663559999999999896e+114
6.030430000000000009e+113
2.034300000000000031e+113
6.292170000000000011e+113
5.574759999999999755e+113
5.574759999999999755e+113
5.574759999999999755e+113
7.495989999999999885e+113
1.872510000000000075e+114
1.872510000000000075e+114
6.165319999999999481e+114
2.453399999999999997e+114
6.907040000000000356e+114
2.855479999999999942e+115
2.855479999999999942e+115
2.855479999999999942e+115
6.474640000000000095e+115
9.891179999999999424e+115
9.891179999999999424e+115
