     0.0000000        2.00000000        0.00000000
     0.1000000        1.76387173        0.00254869
     0.2000000        1.58319811        0.00468795
     0.3000000        1.43854556        0.00768367
     0.4000000        1.31997923        0.00346631
     0.5000000        1.20803453        0.00990127
     0.6000000        1.11362976        0.01471538
     0.7000000        1.02943011        0.01387599
     0.8000000        0.94991484        0.00852504
     0.9000000        0.88342852        0.00930300
     1.0000000        0.81637480        0.00887388
     1.1000000        0.75605196        0.00867592
     1.2000000        0.69692954        0.01154255
     1.3000000        0.64486320        0.01205853
     1.4000000        0.59832503        0.00845336
     1.5000000        0.56576155        0.00968792
     1.6000000        0.52036891        0.00882806
     1.7000000        0.48655379        0.00820654
     1.8000000        0.45208102        0.00576424
     1.9000000        0.42288197        0.00919445
     2.0000000        0.38853222        0.00822760
     2.1000000        0.35511391        0.00494019
     2.2000000        0.33332220        0.00516666
     2.3000000        0.31899086        0.00777596
     2.4000000        0.29696926        0.01028654
     2.5000000        0.27394450        0.00791682
     2.6000000        0.25639287        0.00847238
     2.7000000        0.23782347        0.01087932
     2.8000000        0.22132063        0.01047582
     2.9000000        0.20703442        0.01362850
     3.0000000        0.19674619        0.01273913
     3.1000000        0.18725656        0.01018329
     3.2000000        0.18058956        0.00966832
     3.3000000        0.17011314        0.01165322
     3.4000000        0.16134084        0.00979671
     3.5000000        0.15586555        0.01001128
     3.6000000        0.14742236        0.01111939
     3.7000000        0.14912916        0.01081203
     3.8000000        0.14265752        0.01049282
     3.9000000        0.12996105        0.01088356
     4.0000000        0.12334938        0.00865810
     4.1000000        0.11863711        0.00697628
     4.2000000        0.11722970        0.01031213
     4.3000000        0.11014993        0.01100813
     4.4000000        0.10585327        0.01104700
     4.5000000        0.10750021        0.01267571
     4.6000000        0.09898945        0.01123177
     4.7000000        0.10176166        0.01118476
     4.8000000        0.09886072        0.01019688
     4.9000000        0.10118207        0.00957642
     5.0000000        0.10369976        0.00820667
     5.1000000        0.10311224        0.00608470
     5.2000000        0.09948500        0.01153700
     5.3000000        0.10450542        0.00935128
     5.4000000        0.10015666        0.01103019
     5.5000000        0.09996957        0.01026428
     5.6000000        0.10317055        0.00742332
     5.7000000        0.10631350        0.00867619
     5.8000000        0.11514381        0.00922570
     5.9000000        0.11472798        0.01170591
     6.0000000        0.12116280        0.01238093
     6.1000000        0.12893846        0.01099622
     6.2000000        0.13541383        0.01176967
     6.3000000        0.14413209        0.00981837
     6.4000000        0.14351468        0.00771789
     6.5000000        0.15196063        0.00747573
     6.6000000        0.16080439        0.00327236
     6.7000000        0.17159059        0.00611614
     6.8000000        0.18698200        0.00852302
     6.9000000        0.19283775        0.00912937
     7.0000000        0.20957155        0.00928026
     7.1000000        0.21930422        0.01088241
     7.2000000        0.23270950        0.01087525
     7.3000000        0.24682350        0.01320032
     7.4000000        0.26293461        0.01327472
     7.5000000        0.27567464        0.01256784
     7.6000000        0.29599243        0.01288078
     7.7000000        0.31484569        0.01343712
     7.8000000        0.33339925        0.01069925
     7.9000000        0.35809859        0.00865553
     8.0000000        0.39307966        0.00930625
     8.1000000        0.42388741        0.00838059
     8.2000000        0.44655049        0.00856520
     8.3000000        0.48191100        0.00861364
     8.4000000        0.51232187        0.00771261
     8.5000000        0.55485227        0.01054626
     8.6000000        0.60357125        0.00775798
     8.7000000        0.64254412        0.00771727
     8.8000000        0.69040803        0.00781981
     8.9000000        0.73764293        0.00707972
     9.0000000        0.79439358        0.00957785
     9.1000000        0.86073579        0.01172175
     9.2000000        0.93567318        0.01322402
     9.3000000        1.01259708        0.01134427
     9.4000000        1.10174404        0.01087315
     9.5000000        1.20005014        0.01079019
     9.6000000        1.31136443        0.00766955
     9.7000000        1.43303546        0.00600274
     9.8000000        1.57236247        0.00363564
     9.9000000        1.76053968        0.00554642
    10.0000000        2.00000000        0.00000000
