     0.0000000        0.47400729        0.02361122
     0.1000000        0.28303828        0.02307183
     0.2000000        0.16901220        0.02274569
     0.3000000        0.10130698        0.02178762
     0.4000000        0.06186108        0.02025629
     0.5000000        0.03937703        0.01923098
     0.6000000        0.02496439        0.01847153
     0.7000000        0.01657965        0.01785596
     0.8000000        0.00912540        0.01891595
     0.9000000        0.00389880        0.01919693
     1.0000000       -0.00055196        0.01910383
     1.1000000       -0.00416570        0.01967213
     1.2000000       -0.00403802        0.01859309
     1.3000000       -0.00275236        0.01734248
     1.4000000       -0.00321647        0.01669787
     1.5000000       -0.00361737        0.01580220
     1.6000000       -0.00326718        0.01521199
     1.7000000       -0.00345290        0.01389910
     1.8000000       -0.00215420        0.01257663
     1.9000000       -0.00071107        0.01173052
     2.0000000        0.00091119        0.01096400
     2.1000000        0.00197715        0.01005244
     2.2000000        0.00166065        0.00927085
     2.3000000        0.00166687        0.00850486
     2.4000000        0.00109007        0.00824822
     2.5000000        0.00005125        0.00909404
     2.6000000        0.00003276        0.00950528
     2.7000000        0.00004438        0.00980630
     2.8000000        0.00020631        0.01034706
     2.9000000       -0.00000741        0.01026143
     3.0000000        0.00037272        0.00957910
     3.1000000        0.00204342        0.00873739
     3.2000000        0.00316618        0.00761732
     3.3000000        0.00295931        0.00672760
     3.4000000        0.00338669        0.00596784
     3.5000000        0.00332019        0.00515734
     3.6000000        0.00394675        0.00406936
     3.7000000        0.00379429        0.00457500
     3.8000000        0.00260790        0.00498256
     3.9000000        0.00148602        0.00531063
     4.0000000        0.00144503        0.00537314
     4.1000000        0.00048798        0.00511814
     4.2000000       -0.00014659        0.00534586
     4.3000000       -0.00026260        0.00489376
     4.4000000       -0.00100769        0.00390757
     4.5000000       -0.00116588        0.00340152
     4.6000000       -0.00099645        0.00357710
     4.7000000       -0.00113092        0.00401680
     4.8000000       -0.00082791        0.00498771
     4.9000000       -0.00083797        0.00533369
     5.0000000       -0.00152713        0.00544516
     5.1000000       -0.00078690        0.00558504
     5.2000000        0.00009203        0.00534432
     5.3000000       -0.00024048        0.00594602
     5.4000000       -0.00070778        0.00700181
     5.5000000       -0.00119038        0.00822472
     5.6000000       -0.00070893        0.00878425
     5.7000000       -0.00145917        0.00921212
     5.8000000       -0.00323290        0.00961317
     5.9000000       -0.00449938        0.00844426
     6.0000000       -0.00366581        0.00752547
     6.1000000       -0.00230617        0.00720409
     6.2000000       -0.00131956        0.00815462
     6.3000000       -0.00061285        0.00848964
     6.4000000       -0.00069530        0.00852661
     6.5000000       -0.00101959        0.00911425
     6.6000000       -0.00148703        0.00988584
     6.7000000       -0.00127411        0.00946529
     6.8000000       -0.00003074        0.00862079
     6.9000000        0.00083018        0.00906932
     7.0000000        0.00117646        0.00907298
     7.1000000        0.00134813        0.00835738
     7.2000000        0.00083056        0.00789454
     7.3000000        0.00116242        0.00804774
     7.4000000        0.00110739        0.00804798
     7.5000000       -0.00007828        0.00933568
     7.6000000       -0.00039607        0.01021798
     7.7000000       -0.00138910        0.01099297
     7.8000000       -0.00133821        0.01040127
     7.9000000       -0.00197446        0.00942551
     8.0000000       -0.00307835        0.00993529
     8.1000000       -0.00362985        0.01045540
     8.2000000       -0.00538087        0.01150108
     8.3000000       -0.00592719        0.01206772
     8.4000000       -0.00640346        0.01293554
     8.5000000       -0.00687902        0.01270606
     8.6000000       -0.00571099        0.01159150
     8.7000000       -0.00407249        0.01143956
     8.8000000       -0.00344941        0.01144385
     8.9000000       -0.00257060        0.01115218
     9.0000000       -0.00182422        0.01140209
     9.1000000        0.00014154        0.01250919
     9.2000000        0.00329929        0.01478569
     9.3000000        0.00844320        0.01667498
     9.4000000        0.01680673        0.01879518
     9.5000000        0.03142406        0.02167911
     9.6000000        0.05665914        0.02355121
     9.7000000        0.09917963        0.02443276
     9.8000000        0.16820609        0.02435322
     9.9000000        0.28190426        0.02445054
    10.0000000        0.47400729        0.02361122
