     0.0000000        1.93653053        0.00194390
     0.1000000        1.25389965        0.00319095
     0.2000000        0.81877217        0.00332904
     0.3000000        0.54102945        0.00328901
     0.4000000        0.35757685        0.00302974
     0.5000000        0.23888279        0.00286597
     0.6000000        0.16047921        0.00305538
     0.7000000        0.11070233        0.00338245
     0.8000000        0.07597565        0.00190525
     0.9000000        0.05378295        0.00151563
     1.0000000        0.03523487        0.00168607
     1.1000000        0.02235798        0.00188543
     1.2000000        0.01515247        0.00199921
     1.3000000        0.00921417        0.00169773
     1.4000000        0.00804669        0.00206569
     1.5000000        0.00517476        0.00191203
     1.6000000        0.00384101        0.00148412
     1.7000000        0.00228522        0.00163985
     1.8000000       -0.00069227        0.00196106
     1.9000000       -0.00106893        0.00159100
     2.0000000       -0.00059471        0.00193883
     2.1000000        0.00023520        0.00253987
     2.2000000        0.00158564        0.00202966
     2.3000000       -0.00077814        0.00182790
     2.4000000        0.00081380        0.00139453
     2.5000000        0.00033059        0.00152383
     2.6000000        0.00124606        0.00132803
     2.7000000        0.00125591        0.00147164
     2.8000000       -0.00001141        0.00120136
     2.9000000       -0.00084022        0.00173881
     3.0000000        0.00060933        0.00150663
     3.1000000       -0.00039070        0.00202646
     3.2000000       -0.00256128        0.00214682
     3.3000000       -0.00005952        0.00212283
     3.4000000        0.00020681        0.00160235
     3.5000000       -0.00041176        0.00151489
     3.6000000       -0.00032089        0.00140256
     3.7000000       -0.00160060        0.00165240
     3.8000000       -0.00197540        0.00116257
     3.9000000       -0.00070446        0.00145607
     4.0000000        0.00052762        0.00081344
     4.1000000        0.00000088        0.00061496
     4.2000000        0.00043242        0.00069607
     4.3000000        0.00000632        0.00096263
     4.4000000       -0.00118451        0.00126261
     4.5000000       -0.00098262        0.00108910
     4.6000000       -0.00056259        0.00121945
     4.7000000        0.00085753        0.00137845
     4.8000000        0.00134757        0.00326725
     4.9000000       -0.00076245        0.00234446
     5.0000000       -0.00234688        0.00109983
     5.1000000        0.00239721        0.00273149
     5.2000000        0.00146198        0.00126482
     5.3000000        0.00155939        0.00215283
     5.4000000       -0.00057766        0.00166195
     5.5000000       -0.00029070        0.00228685
     5.6000000       -0.00080124        0.00163558
     5.7000000        0.00134164        0.00257958
     5.8000000        0.00126655        0.00177841
     5.9000000       -0.00024236        0.00145049
     6.0000000       -0.00117455        0.00111806
     6.1000000       -0.00108328        0.00178928
     6.2000000        0.00123481        0.00126310
     6.3000000        0.00084292        0.00079722
     6.4000000        0.00130107        0.00115482
     6.5000000       -0.00054470        0.00086012
     6.6000000       -0.00085540        0.00123798
     6.7000000       -0.00289701        0.00098993
     6.8000000       -0.00103511        0.00148328
     6.9000000       -0.00247779        0.00161096
     7.0000000       -0.00179028        0.00212039
     7.1000000       -0.00369652        0.00240941
     7.2000000       -0.00428025        0.00185594
     7.3000000       -0.00138363        0.00249345
     7.4000000        0.00086414        0.00271386
     7.5000000        0.00070386        0.00244555
     7.6000000        0.00092204        0.00107407
     7.7000000        0.00237097        0.00077002
     7.8000000        0.00187659        0.00150593
     7.9000000        0.00031465        0.00170098
     8.0000000        0.00065693        0.00193968
     8.1000000        0.00025523        0.00309615
     8.2000000        0.00036144        0.00254690
     8.3000000        0.00037210        0.00261496
     8.4000000        0.00106065        0.00149791
     8.5000000       -0.00005324        0.00179956
     8.6000000       -0.00172954        0.00175845
     8.7000000       -0.00196661        0.00207702
     8.8000000       -0.00078919        0.00162444
     8.9000000        0.00014529        0.00189571
     9.0000000       -0.00015232        0.00170771
     9.1000000       -0.00200287        0.00158426
     9.2000000       -0.00154303        0.00219703
     9.3000000        0.00120553        0.00195399
     9.4000000        0.00300201        0.00223480
     9.5000000        0.00439805        0.00237314
     9.6000000        0.00892971        0.00171278
     9.7000000        0.01175101        0.00163201
     9.8000000        0.01917487        0.00224520
     9.9000000        0.03682161        0.00250486
    10.0000000        0.06346947        0.00194390
