     0.0000000        3.88021410        0.16117488
     0.1000000        3.66633511        0.16092127
     0.2000000        3.51183428        0.16230740
     0.3000000        3.39324391        0.16405567
     0.4000000        3.29294715        0.16427331
     0.5000000        3.20899709        0.16199396
     0.6000000        3.14587910        0.16426071
     0.7000000        3.09718769        0.16906989
     0.8000000        3.05203979        0.17434114
     0.9000000        3.01877994        0.17886937
     1.0000000        2.96443969        0.17880677
     1.1000000        2.91397527        0.18534165
     1.2000000        2.86454129        0.18793418
     1.3000000        2.82717960        0.18988769
     1.4000000        2.79610792        0.18765703
     1.5000000        2.76032316        0.18536719
     1.6000000        2.73849242        0.18647076
     1.7000000        2.70967672        0.18883224
     1.8000000        2.66584840        0.18966484
     1.9000000        2.63684102        0.19403018
     2.0000000        2.60973800        0.19612557
     2.1000000        2.58694561        0.19847682
     2.2000000        2.55349485        0.19726669
     2.3000000        2.52664583        0.19347300
     2.4000000        2.49704301        0.18832048
     2.5000000        2.46584144        0.18386453
     2.6000000        2.44650338        0.18157742
     2.7000000        2.43565583        0.18062249
     2.8000000        2.41708309        0.17884083
     2.9000000        2.41041527        0.17922458
     3.0000000        2.40430627        0.18001735
     3.1000000        2.39303651        0.17911103
     3.2000000        2.39085331        0.17672899
     3.3000000        2.38817412        0.16947588
     3.4000000        2.37931350        0.16678889
     3.5000000        2.37029533        0.16767941
     3.6000000        2.36958558        0.16929427
     3.7000000        2.36249746        0.16990337
     3.8000000        2.35942016        0.17022342
     3.9000000        2.36205602        0.17130002
     4.0000000        2.35855721        0.17199245
     4.1000000        2.34618061        0.17399545
     4.2000000        2.32933402        0.17379686
     4.3000000        2.31201395        0.17358225
     4.4000000        2.29184656        0.17477313
     4.5000000        2.27678750        0.17459322
     4.6000000        2.26526517        0.17466982
     4.7000000        2.24077127        0.17706726
     4.8000000        2.21131572        0.17439399
     4.9000000        2.19751861        0.17488722
     5.0000000        2.18950804        0.17460924
     5.1000000        2.19006853        0.17692762
     5.2000000        2.18458904        0.17755524
     5.3000000        2.17441378        0.17904817
     5.4000000        2.17276399        0.17849760
     5.5000000        2.17495904        0.17620596
     5.6000000        2.17653325        0.17246800
     5.7000000        2.19078243        0.17213774
     5.8000000        2.21445263        0.17413067
     5.9000000        2.22086833        0.17491867
     6.0000000        2.22911670        0.17636628
     6.1000000        2.24309419        0.17515814
     6.2000000        2.25568836        0.17192100
     6.3000000        2.26808059        0.17117384
     6.4000000        2.28217306        0.17297889
     6.5000000        2.29845289        0.17869778
     6.6000000        2.32130628        0.18166961
     6.7000000        2.32946032        0.17601243
     6.8000000        2.34280728        0.17247677
     6.9000000        2.37034738        0.17331251
     7.0000000        2.40237198        0.17737639
     7.1000000        2.42877654        0.17913722
     7.2000000        2.45719306        0.17721378
     7.3000000        2.48401846        0.17702674
     7.4000000        2.50339390        0.18153188
     7.5000000        2.51523465        0.18156136
     7.6000000        2.53235685        0.18130902
     7.7000000        2.54353617        0.18015201
     7.8000000        2.56602624        0.17816415
     7.9000000        2.58790614        0.17482267
     8.0000000        2.62235127        0.17265765
     8.1000000        2.65648681        0.17411779
     8.2000000        2.67691736        0.17455746
     8.3000000        2.69233708        0.17296997
     8.4000000        2.71768730        0.16862966
     8.5000000        2.75122926        0.16299678
     8.6000000        2.79680862        0.16253564
     8.7000000        2.82720930        0.15913016
     8.8000000        2.86438611        0.16167510
     8.9000000        2.90614137        0.16204345
     9.0000000        2.93465187        0.16027020
     9.1000000        2.98050095        0.16182687
     9.2000000        3.02776112        0.16278747
     9.3000000        3.08536493        0.16177268
     9.4000000        3.15124929        0.16237012
     9.5000000        3.22676546        0.16126183
     9.6000000        3.30509118        0.16039312
     9.7000000        3.38996132        0.16173617
     9.8000000        3.50527610        0.16208439
     9.9000000        3.65543628        0.15997409
    10.0000000        3.88021410        0.16117488
