     0.0000000        2.00000000        0.00000000
     0.1000000        1.76822725        0.00550862
     0.2000000        1.58046208        0.00919619
     0.3000000        1.42791395        0.00721064
     0.4000000        1.29369613        0.00477784
     0.5000000        1.19656413        0.00796575
     0.6000000        1.09538717        0.00951723
     0.7000000        1.01285581        0.00843898
     0.8000000        0.93056866        0.00920400
     0.9000000        0.86894513        0.00683401
     1.0000000        0.80300833        0.01001618
     1.1000000        0.74945734        0.01308196
     1.2000000        0.69379890        0.01601478
     1.3000000        0.64455236        0.01402373
     1.4000000        0.59761517        0.01275319
     1.5000000        0.55829463        0.01646006
     1.6000000        0.52180941        0.02005006
     1.7000000        0.48024812        0.01484288
     1.8000000        0.45005020        0.01280299
     1.9000000        0.41402797        0.01108632
     2.0000000        0.38176432        0.01150750
     2.1000000        0.35324027        0.01204336
     2.2000000        0.32244238        0.00654377
     2.3000000        0.30765863        0.00849460
     2.4000000        0.28387885        0.00578394
     2.5000000        0.26793071        0.00751347
     2.6000000        0.25618486        0.01179558
     2.7000000        0.23122304        0.01315805
     2.8000000        0.21827954        0.00811202
     2.9000000        0.20447412        0.00850859
     3.0000000        0.19354446        0.00969865
     3.1000000        0.17680114        0.00887922
     3.2000000        0.16230102        0.01008184
     3.3000000        0.16035170        0.00620885
     3.4000000        0.15755920        0.00702974
     3.5000000        0.15003120        0.00446118
     3.6000000        0.15209574        0.00996813
     3.7000000        0.13972363        0.00734983
     3.8000000        0.13366198        0.00568548
     3.9000000        0.12486627        0.00516484
     4.0000000        0.12309844        0.00278283
     4.1000000        0.10817096        0.00584215
     4.2000000        0.10743857        0.00558150
     4.3000000        0.10490015        0.00410674
     4.4000000        0.10560478        0.00369457
     4.5000000        0.10050220        0.00790037
     4.6000000        0.10080773        0.00393959
     4.7000000        0.09757999        0.00548019
     4.8000000        0.09993116        0.00734545
     4.9000000        0.09992508        0.00629992
     5.0000000        0.09723461        0.00780118
     5.1000000        0.09437136        0.00983621
     5.2000000        0.10082490        0.00936239
     5.3000000        0.10142085        0.00956922
     5.4000000        0.10409983        0.01228621
     5.5000000        0.11193929        0.01215696
     5.6000000        0.11018964        0.01090925
     5.7000000        0.11473970        0.00922373
     5.8000000        0.11964056        0.01125729
     5.9000000        0.11983626        0.01084351
     6.0000000        0.12447796        0.01481621
     6.1000000        0.12823098        0.01164153
     6.2000000        0.13297815        0.00841832
     6.3000000        0.14405688        0.00679617
     6.4000000        0.15140603        0.00642711
     6.5000000        0.15436243        0.00601910
     6.6000000        0.16487126        0.00222833
     6.7000000        0.17299785        0.00340757
     6.8000000        0.18540713        0.00357666
     6.9000000        0.18909876        0.00309062
     7.0000000        0.19783332        0.00428874
     7.1000000        0.21202711        0.00600407
     7.2000000        0.22978468        0.00627384
     7.3000000        0.24508780        0.00564047
     7.4000000        0.26234224        0.00813084
     7.5000000        0.27696506        0.00562089
     7.6000000        0.30424086        0.00866432
     7.7000000        0.32893411        0.00528419
     7.8000000        0.34838135        0.00660451
     7.9000000        0.37344598        0.00912729
     8.0000000        0.39629332        0.01506562
     8.1000000        0.42112929        0.01618002
     8.2000000        0.45431140        0.01401126
     8.3000000        0.48915716        0.01584438
     8.4000000        0.52341735        0.01124435
     8.5000000        0.56277391        0.01172866
     8.6000000        0.61237668        0.01018738
     8.7000000        0.65822699        0.00951669
     8.8000000        0.70834317        0.00511878
     8.9000000        0.76449520        0.00838827
     9.0000000        0.81791224        0.00397489
     9.1000000        0.88224091        0.00556537
     9.2000000        0.95581667        0.01271084
     9.3000000        1.02578592        0.00859678
     9.4000000        1.11175655        0.00401962
     9.5000000        1.21344584        0.01007604
     9.6000000        1.31210531        0.01238324
     9.7000000        1.42978382        0.00918879
     9.8000000        1.57952797        0.00496042
     9.9000000        1.76057349        0.00347884
    10.0000000        2.00000000        0.00000000
