     0.0000000        3.54290658        0.06296748
     0.1000000        3.32322202        0.06234309
     0.2000000        3.17030133        0.06236907
     0.3000000        3.04807916        0.05989438
     0.4000000        2.95560023        0.05981845
     0.5000000        2.88283829        0.06052713
     0.6000000        2.81734545        0.05928012
     0.7000000        2.76034712        0.05807265
     0.8000000        2.70903437        0.05673857
     0.9000000        2.66221876        0.05700985
     1.0000000        2.62297062        0.05777366
     1.1000000        2.58384758        0.05881289
     1.2000000        2.54566939        0.05900173
     1.3000000        2.51460158        0.05922300
     1.4000000        2.48290400        0.05863046
     1.5000000        2.45449553        0.05803114
     1.6000000        2.42598332        0.05762789
     1.7000000        2.40003188        0.05765364
     1.8000000        2.37440058        0.05845877
     1.9000000        2.34645751        0.05780294
     2.0000000        2.30855164        0.05486643
     2.1000000        2.28050687        0.05332530
     2.2000000        2.25575576        0.05187954
     2.3000000        2.23240917        0.05050399
     2.4000000        2.21740225        0.05043342
     2.5000000        2.20408378        0.05064076
     2.6000000        2.18899541        0.05010850
     2.7000000        2.17434954        0.04873720
     2.8000000        2.16098024        0.04823371
     2.9000000        2.15016222        0.04908508
     3.0000000        2.14256377        0.05011392
     3.1000000        2.12903903        0.04846948
     3.2000000        2.11432808        0.04677832
     3.3000000        2.10149445        0.04629515
     3.4000000        2.08350595        0.04464504
     3.5000000        2.06689797        0.04395751
     3.6000000        2.05763283        0.04521462
     3.7000000        2.04113150        0.04417469
     3.8000000        2.03004264        0.04390521
     3.9000000        2.02068984        0.04399936
     4.0000000        2.01600279        0.04336536
     4.1000000        2.00473141        0.04160818
     4.2000000        1.99333467        0.04011323
     4.3000000        1.98489580        0.03932700
     4.4000000        1.98013314        0.03886745
     4.5000000        1.97692955        0.03834081
     4.6000000        1.97718826        0.03827044
     4.7000000        1.97328740        0.03784628
     4.8000000        1.97448302        0.03832553
     4.9000000        1.97735306        0.03806723
     5.0000000        1.97822523        0.03764250
     5.1000000        1.98267235        0.03840089
     5.2000000        1.98484557        0.03806987
     5.3000000        1.98731631        0.03882625
     5.4000000        1.99053269        0.03969982
     5.5000000        1.99539284        0.04145085
     5.6000000        2.00204177        0.04375636
     5.7000000        2.00565512        0.04264168
     5.8000000        2.00900065        0.04231569
     5.9000000        2.01620239        0.04241759
     6.0000000        2.02255122        0.04225263
     6.1000000        2.03058355        0.04218317
     6.2000000        2.04396097        0.04291774
     6.3000000        2.05704451        0.04373278
     6.4000000        2.07025998        0.04454805
     6.5000000        2.08070832        0.04474634
     6.6000000        2.09312982        0.04552080
     6.7000000        2.10365044        0.04571672
     6.8000000        2.11691644        0.04603413
     6.9000000        2.12940761        0.04619122
     7.0000000        2.14240610        0.04746521
     7.1000000        2.15943664        0.04908551
     7.2000000        2.17437621        0.05080784
     7.3000000        2.19340953        0.05334205
     7.4000000        2.21979280        0.05873943
     7.5000000        2.24019063        0.05925113
     7.6000000        2.26098178        0.06260013
     7.7000000        2.28061933        0.06232526
     7.8000000        2.30277985        0.06344359
     7.9000000        2.32491525        0.06286949
     8.0000000        2.34141761        0.06003484
     8.1000000        2.36046993        0.05867334
     8.2000000        2.38149982        0.05770486
     8.3000000        2.40402136        0.05778446
     8.4000000        2.42984796        0.05715727
     8.5000000        2.45893507        0.05725608
     8.6000000        2.48644749        0.05572589
     8.7000000        2.51417401        0.05400687
     8.8000000        2.54353504        0.05263170
     8.9000000        2.58117715        0.05217527
     9.0000000        2.62727150        0.05366148
     9.1000000        2.67238466        0.05584510
     9.2000000        2.72092786        0.05825356
     9.3000000        2.76936620        0.05809457
     9.4000000        2.82268381        0.05802600
     9.5000000        2.88497347        0.05829869
     9.6000000        2.96170022        0.06063997
     9.7000000        3.05314217        0.06385570
     9.8000000        3.16702937        0.06513437
     9.9000000        3.31777483        0.06325192
    10.0000000        3.54290658        0.06296748
