     0.0000000        1.00555287        0.01301252
     0.1000000        0.86562412        0.01240719
     0.2000000        0.76243091        0.01335365
     0.3000000        0.67591400        0.01215139
     0.4000000        0.60717925        0.01051972
     0.5000000        0.54821716        0.01029010
     0.6000000        0.49203516        0.00938694
     0.7000000        0.44891322        0.01068065
     0.8000000        0.40532089        0.01156778
     0.9000000        0.36988050        0.01251449
     1.0000000        0.33843310        0.00852638
     1.1000000        0.31220828        0.00678447
     1.2000000        0.28308978        0.00776541
     1.3000000        0.26287561        0.00856399
     1.4000000        0.24161311        0.00850366
     1.5000000        0.21773969        0.00721168
     1.6000000        0.19666355        0.00777232
     1.7000000        0.17842095        0.01244638
     1.8000000        0.16292510        0.01066518
     1.9000000        0.15202137        0.00667165
     2.0000000        0.14122312        0.00631211
     2.1000000        0.13066620        0.00643245
     2.2000000        0.11882649        0.00677993
     2.3000000        0.10859955        0.00694435
     2.4000000        0.09908037        0.00701986
     2.5000000        0.08848390        0.00647548
     2.6000000        0.08380224        0.00486026
     2.7000000        0.08118475        0.00510116
     2.8000000        0.07479453        0.00439080
     2.9000000        0.06755531        0.00417243
     3.0000000        0.06729410        0.00552745
     3.1000000        0.06071597        0.00650516
     3.2000000        0.04846971        0.00487657
     3.3000000        0.04584408        0.00624174
     3.4000000        0.04128290        0.00752071
     3.5000000        0.04033315        0.00561990
     3.6000000        0.03757449        0.00593747
     3.7000000        0.03474865        0.00761840
     3.8000000        0.03129697        0.00707831
     3.9000000        0.03130384        0.00541897
     4.0000000        0.02634888        0.00424703
     4.1000000        0.02157156        0.00332277
     4.2000000        0.02018270        0.00346216
     4.3000000        0.02032807        0.00379888
     4.4000000        0.01906719        0.00334913
     4.5000000        0.02115300        0.00273960
     4.6000000        0.01928315        0.00371795
     4.7000000        0.01618193        0.00482134
     4.8000000        0.01482755        0.00471642
     4.9000000        0.01225840        0.00611255
     5.0000000        0.01410218        0.00590596
     5.1000000        0.01319491        0.00573348
     5.2000000        0.01514682        0.00495027
     5.3000000        0.01373803        0.00511449
     5.4000000        0.01588162        0.00467696
     5.5000000        0.01519669        0.00426227
     5.6000000        0.01623253        0.00357021
     5.7000000        0.01670723        0.00354356
     5.8000000        0.01807872        0.00391654
     5.9000000        0.02550579        0.00301725
     6.0000000        0.02510133        0.00284402
     6.1000000        0.03053485        0.00442030
     6.2000000        0.03149369        0.00470415
     6.3000000        0.03486409        0.00422886
     6.4000000        0.03471400        0.00407604
     6.5000000        0.03449608        0.00353392
     6.6000000        0.03858482        0.00297152
     6.7000000        0.04044354        0.00461494
     6.8000000        0.04629339        0.00491454
     6.9000000        0.04610670        0.00450066
     7.0000000        0.05585245        0.00494970
     7.1000000        0.06586247        0.00527811
     7.2000000        0.07448172        0.00531547
     7.3000000        0.08149131        0.00651947
     7.4000000        0.08328103        0.00573104
     7.5000000        0.09578969        0.00726000
     7.6000000        0.09909571        0.00550717
     7.7000000        0.10641041        0.00650273
     7.8000000        0.11422836        0.00591395
     7.9000000        0.11924640        0.00647618
     8.0000000        0.13086049        0.00568315
     8.1000000        0.14491077        0.00533807
     8.2000000        0.15822000        0.00552507
     8.3000000        0.17806381        0.00643533
     8.4000000        0.19084836        0.00804682
     8.5000000        0.21720977        0.00951824
     8.6000000        0.23834548        0.00799445
     8.7000000        0.25974599        0.00956663
     8.8000000        0.28958871        0.00948234
     8.9000000        0.30973154        0.00842857
     9.0000000        0.33946737        0.00983798
     9.1000000        0.37854121        0.01023383
     9.2000000        0.42289220        0.00927660
     9.3000000        0.46369217        0.00976075
     9.4000000        0.51393625        0.00961135
     9.5000000        0.56383545        0.00894400
     9.6000000        0.62510222        0.00903038
     9.7000000        0.68883497        0.01212193
     9.8000000        0.76922783        0.01191963
     9.9000000        0.86643664        0.01174161
    10.0000000        0.99444713        0.01301252
