     0.0000000        0.15322414        0.00220409
     0.1000000        0.10189079        0.00212425
     0.2000000        0.07655858        0.00274445
     0.3000000        0.05412521        0.00269191
     0.4000000        0.03971762        0.00319372
     0.5000000        0.03052070        0.00336258
     0.6000000        0.02200448        0.00348748
     0.7000000        0.01517170        0.00251209
     0.8000000        0.01146732        0.00236170
     0.9000000        0.00818457        0.00218182
     1.0000000        0.00793270        0.00171641
     1.1000000        0.00400357        0.00159272
     1.2000000        0.00501654        0.00225741
     1.3000000        0.00309578        0.00250034
     1.4000000        0.00294445        0.00205437
     1.5000000        0.00160752        0.00201984
     1.6000000        0.00054520        0.00154671
     1.7000000        0.00395644        0.00183481
     1.8000000        0.00159145        0.00202456
     1.9000000        0.00039791        0.00180108
     2.0000000       -0.00210383        0.00228003
     2.1000000       -0.00129234        0.00253690
     2.2000000       -0.00140008        0.00166210
     2.3000000       -0.00194485        0.00138609
     2.4000000       -0.00162747        0.00189937
     2.5000000        0.00010475        0.00167140
     2.6000000        0.00209124        0.00197104
     2.7000000       -0.00013997        0.00208462
     2.8000000       -0.00250825        0.00262212
     2.9000000       -0.00095232        0.00249785
     3.0000000        0.00197766        0.00192833
     3.1000000        0.00112149        0.00155587
     3.2000000        0.00052107        0.00204801
     3.3000000        0.00089879        0.00127255
     3.4000000        0.00136417        0.00081930
     3.5000000        0.00161435        0.00087122
     3.6000000        0.00205684        0.00166566
     3.7000000        0.00195682        0.00143227
     3.8000000        0.00143639        0.00179786
     3.9000000       -0.00088135        0.00233148
     4.0000000       -0.00114516        0.00199831
     4.1000000       -0.00078879        0.00103877
     4.2000000       -0.00084609        0.00095542
     4.3000000       -0.00061083        0.00083149
     4.4000000       -0.00019984        0.00064320
     4.5000000        0.00040622        0.00108498
     4.6000000        0.00112958        0.00133766
     4.7000000        0.00138948        0.00114274
     4.8000000        0.00071865        0.00144154
     4.9000000        0.00026461        0.00264110
     5.0000000        0.00256321        0.00183528
     5.1000000        0.00161540        0.00137615
     5.2000000        0.00034933        0.00174836
     5.3000000        0.00151186        0.00120172
     5.4000000        0.00219735        0.00111845
     5.5000000        0.00038237        0.00157432
     5.6000000        0.00089367        0.00128943
     5.7000000        0.00130572        0.00191324
     5.8000000        0.00169389        0.00188974
     5.9000000        0.00404399        0.00181790
     6.0000000        0.00273872        0.00137548
     6.1000000        0.00275735        0.00173853
     6.2000000        0.00379956        0.00176517
     6.3000000        0.00472703        0.00213315
     6.4000000        0.00606510        0.00262015
     6.5000000        0.00518212        0.00303760
     6.6000000        0.00348317        0.00227774
     6.7000000        0.00561810        0.00283313
     6.8000000        0.00537473        0.00352345
     6.9000000        0.00254831        0.00298817
     7.0000000        0.00503666        0.00346972
     7.1000000        0.00709053        0.00327828
     7.2000000        0.00688666        0.00248101
     7.3000000        0.00762710        0.00213490
     7.4000000        0.01029791        0.00253183
     7.5000000        0.01338702        0.00219707
     7.6000000        0.01545626        0.00196397
     7.7000000        0.01737724        0.00237908
     7.8000000        0.02069175        0.00213056
     7.9000000        0.02432459        0.00204628
     8.0000000        0.02857582        0.00243023
     8.1000000        0.03253578        0.00275109
     8.2000000        0.04006326        0.00249733
     8.3000000        0.04863744        0.00210065
     8.4000000        0.05990214        0.00210741
     8.5000000        0.07118746        0.00216181
     8.6000000        0.08579857        0.00338792
     8.7000000        0.10570331        0.00269731
     8.8000000        0.13318660        0.00289803
     8.9000000        0.16243198        0.00243941
     9.0000000        0.19951251        0.00240183
     9.1000000        0.24500571        0.00275590
     9.2000000        0.30314292        0.00367817
     9.3000000        0.37456615        0.00349951
     9.4000000        0.46381903        0.00357220
     9.5000000        0.57494866        0.00395136
     9.6000000        0.71739457        0.00373189
     9.7000000        0.90266286        0.00303198
     9.8000000        1.13805559        0.00284787
     9.9000000        1.44377412        0.00209977
    10.0000000        1.84677586        0.00220409
