5.068800000000000365e+63
8.551669999999999349e+63
4.985370000000000251e+63
1.418019999999999957e+64
1.418019999999999957e+64
2.335109999999999904e+64
7.634840000000000372e+64
1.008799999999999965e+65
1.008799999999999965e+65
1.008799999999999965e+65
5.674980000000000347e+64
1.484779999999999906e+65
4.985280000000000286e+64
1.509710000000000140e+64
1.563470000000000069e+64
1.856810000000000017e+64
3.673829999999999928e+64
3.673829999999999928e+64
3.673829999999999928e+64
9.553739999999999726e+64
3.399769999999999910e+65
3.399769999999999910e+65
3.399769999999999910e+65
3.047470000000000106e+65
3.248660000000000072e+65
3.838699999999999934e+65
5.502109999999999781e+65
1.506769999999999950e+66
1.799249999999999994e+66
1.799249999999999994e+66
2.149559999999999973e+66
2.149559999999999973e+66
1.659829999999999963e+66
1.659829999999999963e+66
1.659829999999999963e+66
1.659829999999999963e+66
1.659829999999999963e+66
1.852440000000000036e+66
1.398879999999999946e+66
2.041289999999999981e+66
2.900289999999999959e+66
8.444399999999999658e+66
3.460940000000000150e+66
2.759510000000000072e+66
8.647929999999999441e+66
4.503350000000000276e+66
8.492330000000000056e+66
9.331039999999999528e+66
9.367720000000000375e+66
9.367720000000000375e+66
2.495290000000000122e+67
4.971119999999999843e+67
9.908609999999999887e+67
9.908609999999999887e+67
1.059029999999999987e+68
3.462180000000000179e+67
3.462180000000000179e+67
6.697839999999999519e+67
1.910660000000000010e+68
7.082910000000000290e+68
1.227169999999999909e+69
3.993309999999999927e+68
2.477960000000000178e+68
2.477960000000000178e+68
5.504580000000000094e+68
1.194930000000000090e+69
1.194930000000000090e+69
1.194930000000000090e+69
4.438849999999999909e+69
1.690840000000000121e+70
1.690840000000000121e+70
1.690840000000000121e+70
6.209230000000000238e+69
1.056770000000000036e+70
1.606380000000000026e+70
1.095029999999999952e+70
2.946960000000000025e+70
1.075830000000000024e+71
2.749550000000000136e+71
1.321439999999999900e+71
1.321439999999999900e+71
1.321439999999999900e+71
2.317470000000000025e+71
1.320559999999999947e+71
1.320559999999999947e+71
4.987349999999999801e+70
1.968230000000000011e+70
2.601220000000000005e+70
3.321020000000000012e+70
1.024159999999999988e+71
3.145939999999999778e+71
1.042220000000000026e+71
1.049190000000000008e+71
1.490929999999999974e+71
5.145870000000000091e+70
5.987910000000000460e+70
4.433680000000000272e+70
1.224949999999999905e+71
1.383870000000000040e+71
4.233869999999999841e+71
1.336480000000000113e+71
1.336480000000000113e+71
4.216289999999999789e+71
4.216289999999999789e+71
3.851219999999999873e+71
3.851219999999999873e+71
3.851219999999999873e+71
1.292479999999999972e+72
5.001729999999999669e+72
2.056789999999999988e+73
6.330400000000000066e+73
6.330400000000000066e+73
6.081160000000000321e+73
6.081160000000000321e+73
6.081160000000000321e+73
1.493860000000000026e+74
4.340099999999999920e+74
4.340099999999999920e+74
4.340099999999999920e+74
4.340099999999999920e+74
4.340099999999999920e+74
4.340099999999999920e+74
1.364270000000000033e+75
7.801029999999999632e+74
2.478020000000000181e+75
3.938469999999999875e+75
3.938469999999999875e+75
3.938469999999999875e+75
3.938469999999999875e+75
4.584409999999999734e+75
1.553080000000000006e+76
1.553080000000000006e+76
3.759320000000000122e+76
5.193590000000000167e+76
5.193590000000000167e+76
3.038279999999999739e+76
7.176670000000000023e+76
1.682590000000000125e+77
1.400410000000000023e+77
6.100070000000000210e+76
2.044169999999999993e+76
1.868340000000000081e+76
1.858579999999999879e+76
4.183429999999999992e+76
4.183429999999999992e+76
1.163990000000000010e+77
1.211400000000000022e+77
7.255139999999999414e+76
4.874459999999999871e+76
4.874459999999999871e+76
4.874459999999999871e+76
1.659819999999999963e+77
1.659819999999999963e+77
4.496409999999999971e+76
1.017519999999999982e+77
5.839229999999999600e+76
1.668110000000000146e+76
1.668110000000000146e+76
1.668110000000000146e+76
1.668110000000000146e+76
1.668110000000000146e+76
8.180580000000000221e+75
1.794629999999999881e+76
1.794629999999999881e+76
6.031140000000000290e+76
6.031140000000000290e+76
2.036790000000000061e+77
2.036790000000000061e+77
2.036790000000000061e+77
2.036790000000000061e+77
5.824480000000000217e+76
5.824480000000000217e+76
5.824480000000000217e+76
9.208149999999999998e+76
2.649470000000000142e+76
2.649470000000000142e+76
1.207630000000000071e+76
7.907679999999999509e+75
2.940930000000000003e+75
3.275210000000000011e+75
3.275210000000000011e+75
1.720599999999999932e+75
4.554159999999999660e+75
3.310340000000000106e+75
3.310340000000000106e+75
5.434260000000000332e+75
2.283259999999999933e+75
2.283259999999999933e+75
2.181749999999999852e+75
6.309879999999999866e+75
5.697400000000000199e+75
1.028989999999999967e+76
2.623870000000000017e+76
2.623870000000000017e+76
5.874859999999999523e+76
2.148119999999999916e+77
5.656240000000000230e+77
9.549980000000000951e+77
1.792400000000000001e+78
5.758770000000000413e+77
3.875979999999999866e+77
3.875979999999999866e+77
3.875979999999999866e+77
1.687359999999999989e+77
6.974829999999999516e+76
8.918199999999999683e+76
4.080059999999999705e+76
1.617349999999999881e+77
1.617349999999999881e+77
3.955849999999999771e+76
1.509180000000000025e+76
2.375339999999999945e+76
8.281029999999999629e+76
8.281029999999999629e+76
2.321390000000000041e+76
8.476239999999999392e+76
3.314190000000000059e+77
8.915360000000000590e+76
8.915360000000000590e+76
8.915360000000000590e+76
8.915360000000000590e+76
8.915360000000000590e+76
2.767179999999999982e+76
1.796570000000000103e+76
1.231259999999999946e+76
2.448990000000000092e+76
2.532089999999999951e+76
6.090649999999999560e+76
1.125340000000000063e+77
1.211449999999999981e+77
4.712780000000000094e+76
7.679729999999999710e+76
7.679729999999999710e+76
1.441360000000000127e+77
1.441360000000000127e+77
3.640149999999999777e+77
3.368260000000000070e+77
3.368260000000000070e+77
9.394829999999999302e+77
9.394829999999999302e+77
8.482879999999999716e+77
2.016419999999999923e+78
8.045699999999999641e+77
1.831559999999999938e+78
6.280879999999999993e+78
6.280879999999999993e+78
6.280879999999999993e+78
2.128720000000000127e+79
1.363280000000000033e+79
1.805549999999999842e+79
4.042369999999999983e+79
1.174429999999999953e+80
3.558670000000000210e+80
2.913469999999999910e+80
8.723120000000000458e+80
6.381349999999999817e+80
6.381349999999999817e+80
1.805639999999999946e+80
6.653109999999999511e+80
6.653109999999999511e+80
7.967439999999999902e+80
3.752809999999999964e+80
1.421900000000000017e+81
4.739450000000000192e+81
1.874659999999999966e+81
4.853459999999999702e+80
1.831060000000000043e+80
5.562010000000000186e+80
1.495719999999999875e+80
5.553780000000000517e+80
2.020630000000000196e+81
6.938729999999999962e+81
6.938729999999999962e+81
8.427760000000000685e+81
2.026200000000000145e+82
7.377160000000000661e+82
2.346240000000000121e+83
9.220889999999999735e+83
4.127200000000000123e+83
6.295509999999999944e+83
4.904850000000000328e+83
4.949590000000000535e+83
1.814389999999999976e+84
9.538300000000000161e+83
2.504230000000000200e+83
8.166150000000000499e+83
9.599399999999999771e+83
5.186019999999999716e+83
1.695590000000000047e+83
1.695590000000000047e+83
3.459860000000000066e+83
1.953110000000000113e+83
1.244990000000000067e+83
4.074920000000000228e+83
4.074920000000000228e+83
1.127619999999999972e+83
3.980900000000000055e+83
3.980900000000000055e+83
4.567960000000000164e+83
4.567960000000000164e+83
1.878210000000000075e+83
7.192199999999999976e+83
2.624300000000000015e+84
2.911739999999999907e+84
1.305380000000000073e+84
1.519900000000000064e+84
1.433360000000000022e+84
1.433360000000000022e+84
1.433360000000000022e+84
1.433360000000000022e+84
1.509799999999999998e+84
2.278629999999999840e+84
2.278629999999999840e+84
8.919230000000000041e+84
7.470930000000000147e+84
3.622739999999999959e+84
8.306840000000000360e+84
8.306840000000000360e+84
8.306840000000000360e+84
8.306840000000000360e+84
2.280570000000000057e+84
2.280570000000000057e+84
9.742040000000000368e+83
9.742040000000000368e+83
3.157419999999999991e+83
3.157419999999999991e+83
3.157419999999999991e+83
7.769209999999999702e+82
1.287559999999999925e+83
1.287559999999999925e+83
3.643610000000000152e+83
3.053169999999999905e+83
3.053169999999999905e+83
5.683120000000000478e+83
5.683120000000000478e+83
5.683120000000000478e+83
3.397360000000000022e+83
7.503129999999999994e+83
7.503129999999999994e+83
2.130220000000000058e+83
2.130220000000000058e+83
3.849659999999999835e+83
6.201029999999999829e+83
2.283040000000000183e+84
9.390280000000000623e+84
3.390710000000000343e+85
1.390429999999999925e+86
1.390429999999999925e+86
3.475870000000000031e+86
3.755590000000000254e+86
5.750870000000000513e+86
5.750870000000000513e+86
5.750870000000000513e+86
4.477420000000000167e+86
4.477420000000000167e+86
1.369150000000000084e+87
1.289130000000000032e+87
4.541240000000000080e+86
1.633520000000000090e+87
1.633520000000000090e+87
1.130600000000000110e+87
1.037020000000000082e+87
1.037020000000000082e+87
1.037020000000000082e+87
1.935940000000000051e+87
6.760650000000000335e+87
1.859739999999999994e+87
1.859739999999999994e+87
5.508310000000000221e+86
5.508310000000000221e+86
2.206849999999999979e+86
2.206849999999999979e+86
1.915109999999999987e+86
1.068290000000000022e+86
8.019629999999999470e+85
2.948189999999999985e+86
2.948189999999999985e+86
2.948189999999999985e+86
9.711450000000000461e+86
5.285280000000000404e+86
2.761469999999999845e+86
6.544699999999999511e+86
6.544699999999999511e+86
6.544699999999999511e+86
6.544699999999999511e+86
2.472279999999999950e+87
3.577480000000000115e+87
2.261840000000000099e+87
6.810480000000000437e+87
2.563390000000000197e+87
9.187510000000000868e+87
9.187510000000000868e+87
2.716389999999999955e+88
2.716389999999999955e+88
2.716389999999999955e+88
2.716389999999999955e+88
2.716389999999999955e+88
1.101440000000000001e+89
1.101440000000000001e+89
1.101440000000000001e+89
3.501080000000000047e+89
3.501080000000000047e+89
3.501080000000000047e+89
4.863019999999999958e+89
4.267890000000000229e+89
4.267890000000000229e+89
1.034950000000000073e+90
3.278910000000000132e+90
3.278910000000000132e+90
3.278910000000000132e+90
3.426410000000000028e+90
5.443570000000000327e+90
2.195720000000000121e+91
2.195720000000000121e+91
2.195720000000000121e+91
6.181750000000000333e+90
2.673840000000000075e+90
9.743570000000000035e+90
3.098000000000000136e+91
1.253049999999999990e+92
3.478039999999999747e+92
1.165550000000000008e+93
1.873799999999999961e+93
3.156490000000000056e+93
4.325170000000000109e+93
4.325170000000000109e+93
1.774000000000000097e+94
1.774000000000000097e+94
4.854110000000000162e+93
7.796110000000000152e+93
9.268920000000000037e+93
9.268920000000000037e+93
9.268920000000000037e+93
5.022590000000000159e+93
5.022590000000000159e+93
5.022590000000000159e+93
5.022590000000000159e+93
7.052579999999999736e+93
2.744329999999999859e+93
2.781490000000000141e+93
7.384520000000000206e+92
2.594890000000000068e+93
2.594890000000000068e+93
2.594890000000000068e+93
2.594890000000000068e+93
2.594890000000000068e+93
6.301430000000000441e+92
1.652009999999999888e+92
5.811510000000000476e+92
5.811510000000000476e+92
5.811510000000000476e+92
1.440940000000000111e+92
1.440940000000000111e+92
6.881120000000000313e+91
9.276940000000000623e+91
4.397790000000000275e+91
1.613269999999999928e+91
1.613269999999999928e+91
1.613269999999999928e+91
1.613269999999999928e+91
4.959719999999999983e+91
2.615280000000000100e+91
6.336870000000000304e+90
6.336870000000000304e+90
6.336870000000000304e+90
2.568669999999999796e+90
1.794110000000000011e+90
1.794110000000000011e+90
1.794110000000000011e+90
1.794110000000000011e+90
1.794110000000000011e+90
7.193899999999999616e+90
7.193899999999999616e+90
5.389550000000000185e+90
3.489229999999999824e+90
3.489229999999999824e+90
3.489229999999999824e+90
3.489229999999999824e+90
1.693210000000000030e+90
1.693210000000000030e+90
4.365110000000000153e+90
1.590590000000000088e+91
5.921700000000000262e+91
1.104629999999999987e+92
2.745850000000000055e+91
2.745850000000000055e+91
1.726159999999999822e+91
1.726159999999999822e+91
1.871269999999999983e+91
1.637300000000000022e+91
7.761320000000000258e+90
2.547180000000000149e+90
8.404350000000000499e+90
8.404350000000000499e+90
2.056320000000000026e+90
8.513369999999999836e+90
8.513369999999999836e+90
2.308590000000000053e+90
7.735479999999999785e+89
2.508549999999999873e+90
7.496489999999999766e+89
7.496489999999999766e+89
3.037400000000000125e+90
4.546879999999999971e+90
3.228210000000000048e+90
5.849030000000000353e+90
4.962950000000000302e+90
4.962950000000000302e+90
1.182079999999999990e+90
1.182079999999999990e+90
4.149179999999999980e+89
6.340269999999999759e+89
6.340269999999999759e+89
2.150489999999999833e+90
6.163550000000000349e+90
6.163550000000000349e+90
3.559079999999999905e+90
3.559079999999999905e+90
3.559079999999999905e+90
3.559079999999999905e+90
3.559079999999999905e+90
3.559079999999999905e+90
8.565219999999999103e+90
1.516910000000000008e+91
1.768439999999999895e+91
7.308579999999999294e+91
1.767209999999999958e+91
1.767209999999999958e+91
1.735209999999999999e+91
1.419109999999999913e+91
1.419109999999999913e+91
1.419109999999999913e+91
1.419109999999999913e+91
8.002490000000000002e+90
8.002490000000000002e+90
3.265169999999999681e+91
5.125249999999999732e+91
1.909199999999999864e+92
2.659070000000000015e+92
1.693349999999999965e+92
1.404840000000000048e+92
5.087190000000000260e+92
5.087190000000000260e+92
5.087190000000000260e+92
5.087190000000000260e+92
5.087190000000000260e+92
5.087190000000000260e+92
5.087190000000000260e+92
2.184859999999999909e+92
2.184859999999999909e+92
1.218109999999999978e+92
1.218109999999999978e+92
1.218109999999999978e+92
2.898990000000000113e+92
5.399940000000000543e+92
5.399940000000000543e+92
1.076589999999999984e+93
2.856540000000000017e+92
2.856540000000000017e+92
2.856540000000000017e+92
2.460469999999999923e+92
2.460469999999999923e+92
6.089140000000000110e+91
6.089140000000000110e+91
2.196150000000000050e+92
2.196150000000000050e+92
1.638200000000000094e+92
1.638200000000000094e+92
4.262150000000000039e+91
4.262150000000000039e+91
1.477029999999999922e+91
1.477029999999999922e+91
1.477029999999999922e+91
4.314350000000000183e+91
1.024859999999999998e+92
1.024859999999999998e+92
1.024859999999999998e+92
1.024859999999999998e+92
1.399280000000000061e+92
1.597129999999999960e+92
1.597129999999999960e+92
1.597129999999999960e+92
1.597129999999999960e+92
2.851109999999999767e+92
2.851109999999999767e+92
7.104260000000000385e+91
3.867889999999999835e+91
3.867889999999999835e+91
3.192500000000000134e+91
4.941380000000000083e+91
9.159249999999999486e+91
9.159249999999999486e+91
9.159249999999999486e+91
2.412569999999999867e+91
8.960380000000000320e+91
8.960380000000000320e+91
3.605580000000000272e+92
3.605580000000000272e+92
9.242020000000000102e+92
4.733810000000000242e+92
5.697470000000000530e+92
1.449470000000000040e+92
3.763020000000000346e+91
1.458029999999999931e+92
1.458029999999999931e+92
5.158919999999999738e+92
1.711189999999999919e+93
1.711189999999999919e+93
1.711189999999999919e+93
1.711189999999999919e+93
3.073740000000000206e+93
9.890590000000000571e+93
2.626319999999999791e+93
2.626319999999999791e+93
1.030240000000000020e+94
1.030240000000000020e+94
1.465099999999999951e+94
1.465099999999999951e+94
5.020540000000000114e+93
1.414149999999999900e+93
1.031090000000000011e+93
2.884330000000000062e+92
9.210949999999999453e+92
9.210949999999999453e+92
3.331760000000000136e+93
3.331760000000000136e+93
3.331760000000000136e+93
3.331760000000000136e+93
9.042630000000000254e+93
2.383369999999999990e+94
2.383369999999999990e+94
7.007409999999999744e+93
7.007409999999999744e+93
2.269970000000000131e+94
2.269970000000000131e+94
2.269970000000000131e+94
4.008860000000000176e+94
1.096159999999999998e+94
1.259340000000000059e+94
1.554800000000000081e+94
7.088940000000000430e+93
2.391639999999999821e+93
8.480079999999999771e+93
2.108649999999999924e+93
2.108649999999999924e+93
2.108649999999999924e+93
5.112990000000000067e+92
1.928499999999999947e+93
1.928499999999999947e+93
1.681839999999999913e+93
2.398370000000000098e+93
2.398370000000000098e+93
2.398370000000000098e+93
6.426199999999999994e+92
6.426199999999999994e+92
6.426199999999999994e+92
6.426199999999999994e+92
6.426199999999999994e+92
6.426199999999999994e+92
6.426199999999999994e+92
2.103869999999999859e+93
2.103869999999999859e+93
7.251699999999999526e+92
7.251699999999999526e+92
2.983660000000000156e+93
1.599030000000000024e+93
4.986080000000000410e+93
4.986080000000000410e+93
3.359659999999999788e+93
3.359659999999999788e+93
4.537980000000000021e+93
1.431330000000000067e+93
4.831210000000000021e+93
4.831210000000000021e+93
4.831210000000000021e+93
1.138809999999999944e+93
4.361749999999999786e+93
1.719149999999999991e+94
1.719149999999999991e+94
6.874539999999999612e+93
4.450119999999999778e+93
8.911179999999999878e+93
2.194319999999999800e+93
2.194319999999999800e+93
2.194319999999999800e+93
2.194319999999999800e+93
1.304570000000000043e+93
7.265630000000000034e+92
7.265630000000000034e+92
6.384599999999999866e+92
9.854630000000000366e+92
9.854630000000000366e+92
4.048819999999999851e+93
4.048819999999999851e+93
4.048819999999999851e+93
4.048819999999999851e+93
4.048819999999999851e+93
4.048819999999999851e+93
1.755719999999999963e+93
9.385639999999999623e+92
9.755579999999999757e+92
2.663959999999999803e+92
2.663959999999999803e+92
1.152150000000000072e+92
2.850739999999999760e+92
2.850739999999999760e+92
1.050549999999999994e+92
5.288429999999999851e+91
5.288429999999999851e+91
2.221530000000000108e+92
2.221530000000000108e+92
8.202550000000000085e+91
6.548010000000000075e+91
6.548010000000000075e+91
1.639550000000000022e+91
2.616710000000000021e+91
1.066390000000000023e+92
4.290820000000000013e+92
6.722079999999999499e+92
6.722079999999999499e+92
6.722079999999999499e+92
6.722079999999999499e+92
6.722079999999999499e+92
2.523570000000000044e+93
2.523570000000000044e+93
2.523570000000000044e+93
2.523570000000000044e+93
7.255469999999999983e+92
1.918499999999999998e+93
5.777080000000000213e+93
1.097129999999999996e+94
4.033720000000000096e+93
4.033720000000000096e+93
1.373050000000000093e+93
5.135309999999999719e+92
1.356669999999999978e+92
2.222519999999999992e+92
3.612549999999999892e+92
1.746589999999999880e+92
4.923030000000000148e+92
2.685170000000000015e+92
2.685170000000000015e+92
2.685170000000000015e+92
6.978319999999999732e+91
6.978319999999999732e+91
1.768829999999999973e+91
1.768829999999999973e+91
1.768829999999999973e+91
4.332769999999999932e+91
9.585360000000000204e+91
2.816140000000000083e+92
1.099149999999999993e+92
3.297259999999999741e+91
2.423140000000000067e+91
2.423140000000000067e+91
8.771569999999999694e+91
1.562370000000000006e+92
4.271370000000000239e+92
4.271370000000000239e+92
4.271370000000000239e+92
2.732889999999999795e+92
3.750879999999999947e+92
5.720969999999999436e+92
5.720969999999999436e+92
5.720969999999999436e+92
3.542430000000000177e+92
3.542430000000000177e+92
3.542430000000000177e+92
2.447490000000000026e+92
7.016360000000000580e+91
5.502039999999999930e+91
1.686920000000000156e+91
6.343029999999999700e+91
6.343029999999999700e+91
2.615740000000000280e+92
2.615740000000000280e+92
2.615740000000000280e+92
8.658699999999999400e+91
8.658699999999999400e+91
2.970369999999999872e+91
7.376670000000000077e+91
2.515289999999999928e+92
7.288569999999999564e+91
1.484570000000000040e+92
5.165309999999999911e+92
5.165309999999999911e+92
2.651110000000000221e+92
3.110199999999999806e+92
4.389559999999999959e+92
1.525089999999999936e+93
1.801699999999999898e+93
6.577979999999999669e+93
6.577979999999999669e+93
2.211219999999999786e+93
2.211219999999999786e+93
8.682129999999999709e+93
2.352389999999999931e+93
6.198489999999999529e+92
6.198489999999999529e+92
2.384069999999999931e+93
7.491379999999999933e+92
7.491379999999999933e+92
2.342030000000000041e+92
3.123689999999999915e+92
1.110289999999999893e+93
2.862130000000000255e+92
2.862130000000000255e+92
1.073449999999999961e+92
1.073449999999999961e+92
1.073449999999999961e+92
2.322159999999999938e+92
7.779970000000000422e+92
2.124759999999999981e+93
2.124759999999999981e+93
2.124759999999999981e+93
3.632530000000000123e+93
1.462850000000000056e+94
1.462850000000000056e+94
2.053900000000000021e+94
7.193800000000000029e+93
8.946850000000000475e+93
8.946850000000000475e+93
8.946850000000000475e+93
8.946850000000000475e+93
2.166739999999999890e+93
2.166739999999999890e+93
6.210360000000000565e+92
1.536220000000000032e+93
5.094019999999999675e+93
5.094019999999999675e+93
2.012239999999999948e+94
2.012239999999999948e+94
5.675789999999999785e+93
5.675789999999999785e+93
1.555219999999999980e+93
4.639540000000000044e+92
5.956529999999999740e+92
8.003459999999999562e+92
4.731540000000000171e+92
4.731540000000000171e+92
1.328430000000000107e+93
1.328430000000000107e+93
1.328430000000000107e+93
8.321419999999999607e+92
8.321419999999999607e+92
8.321419999999999607e+92
3.325320000000000162e+92
3.325320000000000162e+92
3.325320000000000162e+92
3.325320000000000162e+92
3.325320000000000162e+92
3.325320000000000162e+92
3.325320000000000162e+92
3.325320000000000162e+92
3.325320000000000162e+92
3.325320000000000162e+92
9.155039999999999499e+92
2.787609999999999909e+93
2.787609999999999909e+93
2.787609999999999909e+93
1.042430000000000010e+93
4.963759999999999947e+92
1.827999999999999910e+93
1.827999999999999910e+93
1.827999999999999910e+93
1.106910000000000035e+93
1.106910000000000035e+93
2.723519999999999789e+92
2.489870000000000019e+92
2.489870000000000019e+92
6.305070000000000003e+92
6.305070000000000003e+92
6.305070000000000003e+92
2.578359999999999972e+93
2.578359999999999972e+93
2.578359999999999972e+93
2.578359999999999972e+93
7.594749999999999616e+92
2.653030000000000182e+93
8.030429999999999890e+93
1.999589999999999939e+93
5.852349999999999652e+92
5.852349999999999652e+92
5.852349999999999652e+92
5.852349999999999652e+92
5.852349999999999652e+92
3.353390000000000039e+92
4.948899999999999768e+92
1.061299999999999991e+93
1.061299999999999991e+93
4.047979999999999774e+93
4.047979999999999774e+93
1.121249999999999996e+93
1.586210000000000115e+93
1.586210000000000115e+93
1.586210000000000115e+93
1.395500000000000061e+93
5.216319999999999608e+92
2.425830000000000104e+92
2.425830000000000104e+92
2.425830000000000104e+92
2.425830000000000104e+92
9.038789999999999695e+91
2.570860000000000126e+92
1.006310000000000050e+93
1.006310000000000050e+93
4.001430000000000051e+93
4.001430000000000051e+93
4.001430000000000051e+93
4.001430000000000051e+93
6.824360000000000449e+93
2.167860000000000055e+94
8.755940000000000709e+94
8.755940000000000709e+94
8.755940000000000709e+94
1.430240000000000139e+95
3.482929999999999674e+94
3.482929999999999674e+94
3.409220000000000266e+94
3.409220000000000266e+94
1.452879999999999918e+94
1.452879999999999918e+94
3.578500000000000221e+93
3.578500000000000221e+93
9.842260000000000167e+92
2.388129999999999879e+92
2.388129999999999879e+92
2.388129999999999879e+92
2.388129999999999879e+92
8.058780000000000468e+91
8.058780000000000468e+91
8.058780000000000468e+91
8.058780000000000468e+91
2.974280000000000028e+92
2.974280000000000028e+92
1.118480000000000067e+92
2.381420000000000021e+92
2.381420000000000021e+92
1.079869999999999952e+92
3.546180000000000128e+91
3.546180000000000128e+91
9.709200000000000303e+90
3.879990000000000038e+90
9.163119999999999139e+90
9.163119999999999139e+90
2.285550000000000169e+90
3.489520000000000181e+90
5.372319999999999725e+90
4.025470000000000133e+90
4.025470000000000133e+90
4.025470000000000133e+90
1.249870000000000028e+91
1.249870000000000028e+91
1.249870000000000028e+91
1.249870000000000028e+91
5.015620000000000191e+91
5.015620000000000191e+91
5.015620000000000191e+91
1.253360000000000037e+91
1.253360000000000037e+91
4.756070000000000261e+91
1.255970000000000081e+91
1.255970000000000081e+91
1.255970000000000081e+91
1.255970000000000081e+91
3.900960000000000034e+91
3.900960000000000034e+91
1.185660000000000055e+91
2.354120000000000046e+91
2.354120000000000046e+91
2.523349999999999859e+91
2.523349999999999859e+91
2.523349999999999859e+91
1.038280000000000004e+92
3.796180000000000139e+92
1.066209999999999965e+92
2.951460000000000054e+91
2.951460000000000054e+91
2.951460000000000054e+91
2.951460000000000054e+91
2.951460000000000054e+91
9.071740000000000844e+90
3.082390000000000143e+90
1.025250000000000084e+90
3.259520000000000135e+90
2.883859999999999882e+90
2.883859999999999882e+90
2.883859999999999882e+90
3.779339999999999811e+90
9.809239999999999421e+90
9.809239999999999421e+90
3.303529999999999924e+91
1.299530000000000087e+91
3.756270000000000346e+91
1.571390000000000076e+92
1.571390000000000076e+92
1.571390000000000076e+92
3.512940000000000197e+92
5.907729999999999612e+92
5.907729999999999612e+92
1.521049999999999885e+93
1.521049999999999885e+93
1.061069999999999958e+93
3.733710000000000134e+92
1.452089999999999989e+93
1.452089999999999989e+93
3.609400000000000182e+92
3.609400000000000182e+92
1.429210000000000092e+93
1.429210000000000092e+93
3.802370000000000184e+92
3.802370000000000184e+92
1.572430000000000051e+93
1.572430000000000051e+93
1.572430000000000051e+93
5.129099999999999893e+92
5.129099999999999893e+92
5.129099999999999893e+92
1.815790000000000046e+93
1.815790000000000046e+93
4.406060000000000384e+93
1.354040000000000023e+93
1.354040000000000023e+93
1.354040000000000023e+93
1.354040000000000023e+93
1.354040000000000023e+93
4.829589999999999674e+93
4.829589999999999674e+93
4.829589999999999674e+93
1.413199999999999960e+94
4.033029999999999999e+93
2.467380000000000141e+93
1.927529999999999902e+93
5.905330000000000384e+93
5.905330000000000384e+93
1.178470000000000028e+94
1.178470000000000028e+94
1.178470000000000028e+94
1.094169999999999945e+94
1.094169999999999945e+94
3.002680000000000117e+93
3.002680000000000117e+93
1.238829999999999903e+93
4.204339999999999848e+93
4.204339999999999848e+93
4.204339999999999848e+93
3.310960000000000188e+93
3.310960000000000188e+93
1.033429999999999918e+94
1.033429999999999918e+94
3.492619999999999909e+94
1.396619999999999994e+94
2.586789999999999999e+94
1.397179999999999984e+94
3.721599999999999871e+93
3.721599999999999871e+93
3.721599999999999871e+93
1.416929999999999974e+94
1.416929999999999974e+94
3.416950000000000166e+93
3.416950000000000166e+93
1.125599999999999899e+93
1.125599999999999899e+93
1.125599999999999899e+93
2.874470000000000204e+92
2.071589999999999937e+92
2.071589999999999937e+92
2.071589999999999937e+92
2.071589999999999937e+92
2.071589999999999937e+92
2.071589999999999937e+92
1.219159999999999929e+92
1.219159999999999929e+92
1.219159999999999929e+92
1.219159999999999929e+92
1.219159999999999929e+92
1.219159999999999929e+92
1.219159999999999929e+92
1.219159999999999929e+92
1.219159999999999929e+92
1.219159999999999929e+92
1.697520000000000100e+92
2.828900000000000069e+92
2.828900000000000069e+92
2.828900000000000069e+92
2.828900000000000069e+92
7.433609999999999478e+92
7.433609999999999478e+92
8.780409999999999707e+92
8.780409999999999707e+92
8.780409999999999707e+92
3.309490000000000169e+92
2.446179999999999878e+92
6.847340000000000641e+91
6.847340000000000641e+91
2.122909999999999935e+91
3.702950000000000148e+91
9.627469999999999604e+90
3.722869999999999776e+90
1.189409999999999934e+91
3.446319999999999946e+90
7.268820000000000067e+90
6.331070000000000409e+90
1.253760000000000005e+91
3.982430000000000049e+90
3.982430000000000049e+90
1.052239999999999967e+90
3.213999999999999988e+89
3.213999999999999988e+89
3.213999999999999988e+89
3.213999999999999988e+89
3.213999999999999988e+89
3.213999999999999988e+89
3.213999999999999988e+89
3.213999999999999988e+89
5.651580000000000313e+89
5.651580000000000313e+89
5.651580000000000313e+89
5.651580000000000313e+89
1.978929999999999945e+90
1.737980000000000011e+90
1.798109999999999915e+90
1.798109999999999915e+90
1.798109999999999915e+90
1.798109999999999915e+90
7.740800000000000135e+89
7.740800000000000135e+89
2.403810000000000025e+89
6.451239999999999482e+88
2.634739999999999896e+88
2.634739999999999896e+88
1.961439999999999878e+88
4.553739999999999870e+88
4.553739999999999870e+88
1.494120000000000057e+88
3.505519999999999742e+88
2.576730000000000071e+88
2.955470000000000044e+88
2.109429999999999838e+88
8.301619999999999567e+88
2.365780000000000028e+89
6.899679999999999480e+89
7.451419999999999900e+89
3.048940000000000256e+89
7.257360000000000125e+88
7.257360000000000125e+88
7.257360000000000125e+88
7.257360000000000125e+88
4.551269999999999647e+88
1.440630000000000080e+89
5.214739999999999879e+89
5.214739999999999879e+89
4.351810000000000182e+89
2.901310000000000153e+89
2.901310000000000153e+89
7.574099999999999940e+88
7.574099999999999940e+88
3.549759999999999990e+88
3.549759999999999990e+88
3.549759999999999990e+88
1.149450000000000030e+88
7.993350000000000298e+87
1.945220000000000063e+87
5.166060000000000476e+86
5.166060000000000476e+86
5.166060000000000476e+86
5.166060000000000476e+86
5.166060000000000476e+86
5.166060000000000476e+86
5.166060000000000476e+86
6.973649999999999702e+86
2.001170000000000001e+87
2.001170000000000001e+87
2.001170000000000001e+87
2.001170000000000001e+87
4.692439999999999759e+87
4.692439999999999759e+87
2.852160000000000006e+87
2.852160000000000006e+87
7.529849999999999987e+87
2.689390000000000091e+88
3.830319999999999987e+88
1.457679999999999947e+88
4.617349999999999961e+87
3.043340000000000131e+87
7.384799999999999835e+87
1.189279999999999947e+88
3.189769999999999922e+88
6.210959999999999752e+88
1.514440000000000013e+88
6.197440000000000056e+88
1.731399999999999979e+88
3.749149999999999926e+88
1.024099999999999967e+89
1.024099999999999967e+89
4.871799999999999678e+88
1.059480000000000024e+89
1.059480000000000024e+89
1.990260000000000133e+89
1.990260000000000133e+89
5.399250000000000315e+88
1.779229999999999973e+89
4.186099999999999982e+89
8.726750000000000531e+89
8.726750000000000531e+89
2.737569999999999848e+89
6.093049999999999687e+89
1.778079999999999998e+90
4.471620000000000049e+89
4.471620000000000049e+89
3.617349999999999931e+89
4.104180000000000207e+89
4.104180000000000207e+89
1.245730000000000027e+89
3.903310000000000184e+89
2.568469999999999948e+89
7.497720000000000326e+88
7.497720000000000326e+88
7.497720000000000326e+88
7.497720000000000326e+88
2.088820000000000012e+89
2.088820000000000012e+89
2.088820000000000012e+89
5.024179999999999852e+88
5.024179999999999852e+88
2.006670000000000121e+88
7.588689999999999572e+87
1.024550000000000071e+88
1.024550000000000071e+88
3.882040000000000168e+87
3.882040000000000168e+87
3.908440000000000035e+87
7.362990000000000122e+87
1.582960000000000021e+88
4.147170000000000273e+88
4.147170000000000273e+88
1.320369999999999933e+89
5.130949999999999454e+89
2.696499999999999773e+89
8.715110000000000307e+88
8.715110000000000307e+88
3.086240000000000091e+88
8.714960000000000308e+88
2.484829999999999946e+88
2.484829999999999946e+88
6.602209999999999662e+88
2.468359999999999887e+89
2.468359999999999887e+89
1.259160000000000006e+89
1.259160000000000006e+89
1.259160000000000006e+89
5.009340000000000162e+89
1.825170000000000118e+89
5.741470000000000519e+89
5.741470000000000519e+89
5.741470000000000519e+89
5.741470000000000519e+89
5.741470000000000519e+89
5.741470000000000519e+89
5.741470000000000519e+89
1.022030000000000063e+90
6.362419999999999741e+89
6.362419999999999741e+89
6.362419999999999741e+89
6.362419999999999741e+89
8.466770000000000147e+89
8.466770000000000147e+89
8.466770000000000147e+89
3.420059999999999815e+90
1.221680000000000016e+91
1.221680000000000016e+91
4.638270000000000327e+91
4.638270000000000327e+91
4.638270000000000327e+91
4.638270000000000327e+91
3.574609999999999687e+91
3.574609999999999687e+91
1.038229999999999972e+92
1.038229999999999972e+92
2.852749999999999779e+92
2.852749999999999779e+92
3.584150000000000150e+92
3.584150000000000150e+92
3.584150000000000150e+92
1.405370000000000041e+92
4.555190000000000207e+92
1.304570000000000043e+92
5.213439999999999984e+91
8.595720000000000630e+91
3.357310000000000158e+91
8.544739999999999810e+90
5.655590000000000425e+90
1.912980000000000138e+91
1.912980000000000138e+91
4.922460000000000375e+90
1.591289999999999941e+90
5.002480000000000008e+89
1.670389999999999957e+90
2.081969999999999953e+90
2.081969999999999953e+90
7.964420000000000025e+90
7.964420000000000025e+90
5.247730000000000410e+90
1.815549999999999978e+90
1.815549999999999978e+90
6.950150000000000224e+90
6.950150000000000224e+90
2.691329999999999953e+91
7.124039999999999554e+90
1.775739999999999896e+90
1.248840000000000030e+90
2.382020000000000154e+90
2.382020000000000154e+90
2.382020000000000154e+90
2.382020000000000154e+90
6.633469999999999787e+90
6.633469999999999787e+90
1.966520000000000102e+90
1.966520000000000102e+90
7.151230000000000190e+90
2.695420000000000095e+91
2.695420000000000095e+91
6.685790000000000428e+90
6.685790000000000428e+90
2.415830000000000039e+91
4.097859999999999757e+91
1.505060000000000020e+92
4.788719999999999987e+91
4.788719999999999987e+91
4.788719999999999987e+91
4.788719999999999987e+91
1.243509999999999961e+92
1.243509999999999961e+92
4.117080000000000165e+91
1.049479999999999972e+92
3.214170000000000164e+91
7.296079999999999937e+91
2.669299999999999880e+92
2.669299999999999880e+92
1.912849999999999896e+92
1.912849999999999896e+92
2.754710000000000283e+92
1.092230000000000086e+93
3.906890000000000028e+92
3.906890000000000028e+92
3.906890000000000028e+92
3.906890000000000028e+92
3.906890000000000028e+92
1.076229999999999984e+93
1.076229999999999984e+93
1.076229999999999984e+93
1.076229999999999984e+93
1.565579999999999929e+93
1.565579999999999929e+93
1.565579999999999929e+93
4.026620000000000276e+92
4.026620000000000276e+92
4.026620000000000276e+92
4.026620000000000276e+92
4.026620000000000276e+92
5.345130000000000139e+92
5.345130000000000139e+92
5.345130000000000139e+92
1.373909999999999894e+92
3.685140000000000241e+91
3.685140000000000241e+91
3.685140000000000241e+91
1.152140000000000037e+92
4.736749999999999933e+92
4.736749999999999933e+92
1.935679999999999934e+93
1.935679999999999934e+93
1.935679999999999934e+93
1.935679999999999934e+93
1.935679999999999934e+93
6.187459999999999960e+93
6.187459999999999960e+93
1.961029999999999868e+94
4.976389999999999619e+93
1.889310000000000096e+93
7.379790000000000058e+93
3.521870000000000036e+93
9.078690000000000061e+93
9.078690000000000061e+93
3.411330000000000025e+93
1.140959999999999914e+94
1.140959999999999914e+94
1.140959999999999914e+94
8.125769999999999849e+93
1.760030000000000165e+94
5.086560000000000202e+93
1.511299999999999935e+94
3.919280000000000124e+93
3.919280000000000124e+93
3.919280000000000124e+93
2.753649999999999833e+93
2.753649999999999833e+93
1.047649999999999941e+94
1.047649999999999941e+94
1.047649999999999941e+94
1.047649999999999941e+94
1.047649999999999941e+94
1.047649999999999941e+94
1.047649999999999941e+94
1.047649999999999941e+94
1.047649999999999941e+94
1.047649999999999941e+94
1.047649999999999941e+94
1.047649999999999941e+94
1.047649999999999941e+94
6.184010000000000404e+93
1.807220000000000021e+94
1.807220000000000021e+94
1.807220000000000021e+94
5.217740000000000058e+93
1.695039999999999882e+94
6.827979999999999304e+94
1.861130000000000124e+94
1.861130000000000124e+94
4.411810000000000261e+93
4.411810000000000261e+93
1.277299999999999986e+93
4.628969999999999614e+93
1.117339999999999912e+93
4.678539999999999658e+93
4.678539999999999658e+93
4.678539999999999658e+93
1.480789999999999924e+93
6.175040000000000076e+92
1.362470000000000004e+93
1.362470000000000004e+93
3.535520000000000132e+93
1.412310000000000013e+94
1.412310000000000013e+94
7.541760000000000151e+93
7.541760000000000151e+93
7.541760000000000151e+93
2.085779999999999918e+93
2.266000000000000055e+93
1.723469999999999945e+93
1.723469999999999945e+93
1.723469999999999945e+93
1.723469999999999945e+93
1.273979999999999935e+93
1.273979999999999935e+93
1.673230000000000049e+93
5.935979999999999837e+93
1.515300000000000007e+93
1.515300000000000007e+93
1.515300000000000007e+93
3.928540000000000059e+92
3.928540000000000059e+92
1.130909999999999957e+93
5.790099999999999557e+92
5.790099999999999557e+92
1.826970000000000000e+92
5.686799999999999977e+91
5.686799999999999977e+91
2.162389999999999871e+92
2.162389999999999871e+92
3.464230000000000243e+92
1.172720000000000046e+92
1.172720000000000046e+92
1.172720000000000046e+92
1.172720000000000046e+92
4.749359999999999823e+92
1.156829999999999985e+92
4.271929999999999904e+92
4.271929999999999904e+92
1.049090000000000039e+92
1.049090000000000039e+92
3.677379999999999707e+91
3.677379999999999707e+91
3.677379999999999707e+91
3.677379999999999707e+91
1.398350000000000063e+91
4.686720000000000230e+91
2.586130000000000092e+91
1.332800000000000089e+91
5.770499999999999939e+90
5.770499999999999939e+90
5.770499999999999939e+90
1.415780000000000054e+90
5.244470000000000238e+90
6.299300000000000286e+90
6.299300000000000286e+90
6.299300000000000286e+90
6.299300000000000286e+90
1.948320000000000118e+91
1.942470000000000046e+91
1.942470000000000046e+91
6.539410000000000043e+91
1.935280000000000154e+91
3.290540000000000137e+91
3.290540000000000137e+91
2.179570000000000154e+91
8.139820000000000029e+91
2.253400000000000041e+91
8.467330000000000717e+91
8.467330000000000717e+91
8.467330000000000717e+91
2.397520000000000173e+91
1.057169999999999968e+91
1.263650000000000042e+91
1.263650000000000042e+91
8.880810000000000243e+90
2.396259999999999840e+91
6.548809999999999649e+90
1.855659999999999945e+90
5.776390000000000343e+89
4.671499999999999794e+89
9.848239999999999677e+89
9.848239999999999677e+89
9.848239999999999677e+89
9.848239999999999677e+89
9.848239999999999677e+89
9.848239999999999677e+89
2.623269999999999860e+89
2.623269999999999860e+89
2.623269999999999860e+89
2.623269999999999860e+89
7.411940000000000099e+89
7.411940000000000099e+89
7.411940000000000099e+89
2.244409999999999887e+89
5.493510000000000263e+89
5.493510000000000263e+89
6.993160000000000139e+89
7.446239999999999737e+89
7.446239999999999737e+89
2.928329999999999978e+90
2.928329999999999978e+90
8.299589999999999671e+89
8.299589999999999671e+89
2.176259999999999986e+90
5.459589999999999680e+89
1.543970000000000029e+89
1.543970000000000029e+89
1.543970000000000029e+89
3.139110000000000272e+89
1.148200000000000010e+90
4.466179999999999586e+90
4.466179999999999586e+90
1.435499999999999970e+91
1.435499999999999970e+91
2.344550000000000128e+91
2.344550000000000128e+91
2.344550000000000128e+91
9.609960000000000397e+91
9.609960000000000397e+91
3.238849999999999844e+91
1.195210000000000010e+92
1.020139999999999943e+92
1.575609999999999954e+92
5.540329999999999492e+92
7.523369999999999784e+92
3.400550000000000154e+92
2.582579999999999907e+92
1.480330000000000091e+92
5.230210000000000553e+92
7.281900000000000426e+92
7.281900000000000426e+92
7.281900000000000426e+92
7.281900000000000426e+92
2.810210000000000089e+93
2.810210000000000089e+93
7.973660000000000077e+92
7.973660000000000077e+92
7.973660000000000077e+92
7.973660000000000077e+92
2.390870000000000021e+92
7.795020000000000261e+92
7.795020000000000261e+92
2.019309999999999945e+92
2.019309999999999945e+92
7.449540000000000114e+92
1.871419999999999935e+92
4.861680000000000053e+92
1.014730000000000024e+93
1.002249999999999985e+93
1.002249999999999985e+93
3.680190000000000097e+92
2.135149999999999891e+92
2.135149999999999891e+92
7.892049999999999802e+92
7.892049999999999802e+92
2.884939999999999759e+92
2.884939999999999759e+92
1.110550000000000060e+93
3.948859999999999930e+93
3.948859999999999930e+93
1.020259999999999991e+93
3.105360000000000051e+92
3.105360000000000051e+92
3.105360000000000051e+92
2.006030000000000145e+92
5.562059999999999951e+91
1.891249999999999896e+92
1.891249999999999896e+92
1.891249999999999896e+92
5.578869999999999504e+92
5.578869999999999504e+92
8.087619999999999740e+92
2.798840000000000070e+93
1.157409999999999959e+94
3.829410000000000047e+94
3.356790000000000096e+94
1.031520000000000065e+95
9.658970000000000115e+94
9.658970000000000115e+94
2.588039999999999862e+95
9.693460000000000223e+95
9.693460000000000223e+95
9.693460000000000223e+95
9.693460000000000223e+95
9.693460000000000223e+95
9.693460000000000223e+95
9.693460000000000223e+95
9.693460000000000223e+95
2.933650000000000051e+95
9.980770000000000305e+95
9.980770000000000305e+95
9.980770000000000305e+95
9.980770000000000305e+95
9.980770000000000305e+95
9.980770000000000305e+95
9.980770000000000305e+95
3.877069999999999793e+95
3.205190000000000286e+95
4.886969999999999874e+95
4.886969999999999874e+95
1.091399999999999948e+96
1.091399999999999948e+96
3.643010000000000269e+95
3.643010000000000269e+95
3.643010000000000269e+95
1.072480000000000090e+96
1.072480000000000090e+96
1.072480000000000090e+96
4.369960000000000259e+96
4.369960000000000259e+96
1.585800000000000026e+97
5.455180000000000409e+96
2.382510000000000106e+96
7.496469999999999959e+96
1.167360000000000039e+97
3.568319999999999940e+96
3.568319999999999940e+96
9.028990000000000058e+95
9.028990000000000058e+95
3.098389999999999801e+95
8.178449999999999925e+94
8.178449999999999925e+94
2.155839999999999872e+94
2.155839999999999872e+94
2.155839999999999872e+94
2.155839999999999872e+94
1.091069999999999961e+95
2.465890000000000067e+95
6.988479999999999401e+94
6.988479999999999401e+94
6.988479999999999401e+94
3.558790000000000238e+95
1.555769999999999894e+96
1.555769999999999894e+96
1.555769999999999894e+96
1.555769999999999894e+96
1.555769999999999894e+96
1.555769999999999894e+96
1.555769999999999894e+96
1.555769999999999894e+96
1.555769999999999894e+96
3.905779999999999953e+95
3.905779999999999953e+95
3.905779999999999953e+95
1.556510000000000076e+96
4.624210000000000090e+95
7.472009999999999826e+95
7.472009999999999826e+95
7.472009999999999826e+95
1.863189999999999958e+95
1.863189999999999958e+95
5.394359999999999501e+95
1.500640000000000012e+96
1.500640000000000012e+96
1.500640000000000012e+96
1.500640000000000012e+96
4.127199999999999720e+95
4.127199999999999720e+95
4.127199999999999720e+95
1.126410000000000008e+95
1.126410000000000008e+95
8.549740000000000070e+94
1.882319999999999967e+95
1.882319999999999967e+95
1.882319999999999967e+95
8.934450000000000465e+94
8.934450000000000465e+94
3.484389999999999733e+95
3.484389999999999733e+95
1.035940000000000049e+96
1.035940000000000049e+96
7.143839999999999665e+95
3.329100000000000250e+95
3.329100000000000250e+95
3.329100000000000250e+95
3.329100000000000250e+95
3.329100000000000250e+95
1.261880000000000016e+95
1.261880000000000016e+95
1.261880000000000016e+95
5.012069999999999783e+95
5.012069999999999783e+95
2.238259999999999913e+96
2.238259999999999913e+96
7.247609999999999770e+96
2.433540000000000049e+97
2.433540000000000049e+97
2.433540000000000049e+97
2.433540000000000049e+97
2.433540000000000049e+97
2.433540000000000049e+97
2.433540000000000049e+97
9.148710000000000747e+97
9.148710000000000747e+97
9.148710000000000747e+97
3.392990000000000133e+98
1.812020000000000010e+98
1.812020000000000010e+98
5.723899999999999859e+98
1.550309999999999956e+98
5.985659999999999616e+98
5.985659999999999616e+98
5.985659999999999616e+98
2.400809999999999804e+99
6.469459999999999395e+98
6.469459999999999395e+98
2.997250000000000063e+98
9.823699999999999867e+98
2.513600000000000002e+98
2.513600000000000002e+98
2.513600000000000002e+98
3.218450000000000088e+98
1.424899999999999873e+98
5.485890000000000090e+97
1.329199999999999974e+98
1.353180000000000055e+98
1.353180000000000055e+98
1.353180000000000055e+98
1.353180000000000055e+98
1.353180000000000055e+98
1.353180000000000055e+98
1.536569999999999974e+98
1.536569999999999974e+98
1.536569999999999974e+98
5.606479999999999559e+98
5.606479999999999559e+98
5.606479999999999559e+98
1.895579999999999999e+99
1.895579999999999999e+99
7.380039999999999585e+99
1.793839999999999952e+99
1.793839999999999952e+99
1.793839999999999952e+99
1.793839999999999952e+99
1.793839999999999952e+99
1.793839999999999952e+99
1.793839999999999952e+99
1.793839999999999952e+99
1.793839999999999952e+99
1.793839999999999952e+99
4.680020000000000180e+98
1.409109999999999907e+98
3.896389999999999774e+97
9.669280000000000607e+96
9.669280000000000607e+96
9.669280000000000607e+96
1.407050000000000028e+97
1.407050000000000028e+97
4.849560000000000360e+96
4.849560000000000360e+96
4.849560000000000360e+96
4.849560000000000360e+96
1.709699999999999947e+96
4.306750000000000034e+95
4.306750000000000034e+95
1.211630000000000109e+96
3.562049999999999976e+96
3.562049999999999976e+96
1.180329999999999907e+96
2.808890000000000059e+96
3.404109999999999985e+95
5.363899999999999666e+95
6.079019999999999735e+95
2.011640000000000025e+96
2.011640000000000025e+96
2.364339999999999973e+96
6.539590000000000249e+95
6.539590000000000249e+95
1.536429999999999912e+95
1.536429999999999912e+95
4.650419999999999632e+94
1.192989999999999938e+95
3.927250000000000253e+95
3.927250000000000253e+95
1.687339999999999900e+96
1.687339999999999900e+96
1.687339999999999900e+96
1.687339999999999900e+96
4.865559999999999566e+96
4.865559999999999566e+96
4.865559999999999566e+96
4.865559999999999566e+96
4.865559999999999566e+96
4.865559999999999566e+96
5.426730000000000256e+96
5.426730000000000256e+96
5.426730000000000256e+96
5.426730000000000256e+96
5.426730000000000256e+96
5.426730000000000256e+96
5.426730000000000256e+96
1.899760000000000114e+97
6.627059999999999882e+96
6.627059999999999882e+96
1.580939999999999916e+96
1.580939999999999916e+96
9.503929999999999612e+95
8.640099999999999411e+95
9.911980000000000561e+95
9.911980000000000561e+95
9.911980000000000561e+95
9.911980000000000561e+95
2.871629999999999772e+96
1.138639999999999909e+97
4.334230000000000126e+97
4.334230000000000126e+97
4.334230000000000126e+97
1.179509999999999957e+97
4.393350000000000075e+96
6.017619999999999889e+96
5.285790000000000251e+96
3.073950000000000108e+97
7.618570000000000254e+96
7.618570000000000254e+96
2.070410000000000039e+97
1.400209999999999912e+97
6.230120000000000251e+96
1.526110000000000114e+96
1.526110000000000114e+96
1.526110000000000114e+96
1.526110000000000114e+96
1.526110000000000114e+96
1.526110000000000114e+96
1.526110000000000114e+96
1.526110000000000114e+96
1.526110000000000114e+96
1.526110000000000114e+96
3.819099999999999882e+96
6.674510000000000278e+95
6.674510000000000278e+95
6.674510000000000278e+95
6.674510000000000278e+95
2.151860000000000123e+96
2.495110000000000114e+97
2.495110000000000114e+97
2.495110000000000114e+97
2.495110000000000114e+97
2.495110000000000114e+97
2.495110000000000114e+97
2.495110000000000114e+97
1.177770000000000063e+97
1.177770000000000063e+97
1.177770000000000063e+97
1.177770000000000063e+97
1.177770000000000063e+97
1.177770000000000063e+97
3.352349999999999950e+97
3.352349999999999950e+97
2.692429999999999844e+97
2.692429999999999844e+97
1.069710000000000019e+98
4.049939999999999884e+97
4.049939999999999884e+97
1.005980000000000023e+97
1.005980000000000023e+97
3.344899999999999798e+96
2.461200000000000118e+96
7.714400000000000155e+96
9.311589999999999265e+96
2.936110000000000043e+97
2.982609999999999955e+98
2.982609999999999955e+98
1.052440000000000028e+99
1.052440000000000028e+99
1.052440000000000028e+99
1.571270000000000039e+99
1.677350000000000086e+99
1.677350000000000086e+99
1.677350000000000086e+99
1.677350000000000086e+99
1.677350000000000086e+99
1.677350000000000086e+99
6.482219999999999786e+97
6.482219999999999786e+97
4.303530000000000075e+98
4.303530000000000075e+98
4.303530000000000075e+98
4.303530000000000075e+98
4.303530000000000075e+98
4.303530000000000075e+98
4.303530000000000075e+98
4.303530000000000075e+98
4.303530000000000075e+98
7.975050000000000190e+99
7.975050000000000190e+99
7.975050000000000190e+99
7.975050000000000190e+99
7.975050000000000190e+99
7.975050000000000190e+99
7.975050000000000190e+99
7.975050000000000190e+99
7.975050000000000190e+99
2.042319999999999841e+100
2.042319999999999841e+100
2.042319999999999841e+100
2.042319999999999841e+100
7.255210000000000372e+99
6.581849999999999780e+99
4.433260000000000217e+99
4.433260000000000217e+99
4.433260000000000217e+99
4.074539999999999991e+99
4.074539999999999991e+99
1.144139999999999882e+99
1.144139999999999882e+99
2.019330000000000032e+99
1.313199999999999888e+99
1.313199999999999888e+99
2.108200000000000036e+99
2.108200000000000036e+99
1.195199999999999968e+100
5.665950000000000301e+100
5.665950000000000301e+100
5.665950000000000301e+100
1.905409999999999965e+101
5.465870000000000151e+101
5.169370000000000185e+101
5.169370000000000185e+101
5.169370000000000185e+101
1.615689999999999945e+102
1.615689999999999945e+102
7.296319999999999542e+101
8.324130000000000024e+102
8.324130000000000024e+102
8.324130000000000024e+102
1.256799999999999953e+105
1.256799999999999953e+105
1.010709999999999958e+105
1.010709999999999958e+105
1.010709999999999958e+105
1.010709999999999958e+105
1.010709999999999958e+105
1.010709999999999958e+105
1.010709999999999958e+105
4.614699999999999771e+107
4.614699999999999771e+107
4.614699999999999771e+107
4.614699999999999771e+107
4.614699999999999771e+107
4.614699999999999771e+107
1.090690000000000046e+108
1.090690000000000046e+108
1.090690000000000046e+108
1.090690000000000046e+108
2.233379999999999794e+109
2.233379999999999794e+109
2.374730000000000202e+109
6.422420000000000246e+109
6.893569999999999674e+109
6.893569999999999674e+109
6.893569999999999674e+109
7.074509999999999983e+109
7.074509999999999983e+109
7.074509999999999983e+109
7.921620000000000083e+109
2.808549999999999963e+110
2.824539999999999936e+110
2.824539999999999936e+110
2.824539999999999936e+110
2.824539999999999936e+110
1.415569999999999960e+111
1.415569999999999960e+111
1.415569999999999960e+111
1.415569999999999960e+111
4.192030000000000288e+110
1.207690000000000054e+111
2.930129999999999768e+111
2.930129999999999768e+111
6.844880000000000644e+110
6.844880000000000644e+110
6.844880000000000644e+110
1.446420000000000106e+111
1.446420000000000106e+111
1.446420000000000106e+111
1.446420000000000106e+111
4.730469999999999803e+111
2.423470000000000026e+112
8.328560000000000150e+112
8.328560000000000150e+112
1.058250000000000000e+114
6.505829999999999521e+113
6.505829999999999521e+113
6.505829999999999521e+113
6.505829999999999521e+113
4.953640000000000094e+114
4.953640000000000094e+114
4.953640000000000094e+114
4.953640000000000094e+114
4.953640000000000094e+114
4.953640000000000094e+114
4.953640000000000094e+114
4.953640000000000094e+114
4.953640000000000094e+114
9.224790000000000058e+114
9.224790000000000058e+114
9.224790000000000058e+114
2.443549999999999971e+115
7.772520000000000048e+115
7.772520000000000048e+115
7.772520000000000048e+115
7.772520000000000048e+115
1.777770000000000004e+116
5.886929999999999947e+115
1.742519999999999954e+115
1.761640000000000088e+115
1.761640000000000088e+115
1.091369999999999959e+116
1.091369999999999959e+116
5.936679999999999789e+115
5.936679999999999789e+115
2.994770000000000133e+116
1.462849999999999897e+117
1.462849999999999897e+117
1.462849999999999897e+117
1.462849999999999897e+117
5.446449999999999985e+117
5.446449999999999985e+117
2.584110000000000066e+117
2.584110000000000066e+117
2.584110000000000066e+117
2.584110000000000066e+117
8.507630000000000011e+117
3.137800000000000106e+117
3.137800000000000106e+117
3.137800000000000106e+117
1.607329999999999966e+118
9.669910000000000174e+118
3.063630000000000083e+119
1.533159999999999858e+120
1.533159999999999858e+120
6.287530000000000540e+120
4.282149999999999939e+121
4.118020000000000096e+121
4.118020000000000096e+121
9.902240000000000497e+121
1.185160000000000022e+123
8.485110000000000058e+124
3.456999999999999756e+125
3.456999999999999756e+125
1.993529999999999910e+126
1.993529999999999910e+126
1.993529999999999910e+126
1.312430000000000088e+128
1.312430000000000088e+128
1.312430000000000088e+128
9.984390000000000451e+128
4.168990000000000116e+129
1.436640000000000030e+130
4.467619999999999692e+130
4.467619999999999692e+130
1.631000000000000046e+131
5.966400000000000187e+131
4.848769999999999809e+131
4.848769999999999809e+131
4.848769999999999809e+131
4.848769999999999809e+131
2.359929999999999972e+132
7.754529999999999460e+131
9.806480000000000081e+131
9.806480000000000081e+131
9.806480000000000081e+131
9.806480000000000081e+131
3.281220000000000180e+131
3.281220000000000180e+131
1.278710000000000072e+132
1.278710000000000072e+132
1.278710000000000072e+132
1.278710000000000072e+132
1.278710000000000072e+132
1.278710000000000072e+132
1.278710000000000072e+132
1.278710000000000072e+132
2.523040000000000151e+132
5.416050000000000167e+132
5.416050000000000167e+132
5.416050000000000167e+132
9.850370000000000142e+131
2.597019999999999943e+132
6.095879999999999453e+132
6.095879999999999453e+132
7.311740000000000531e+132
4.459550000000000010e+133
4.536409999999999948e+133
4.536409999999999948e+133
4.536409999999999948e+133
4.536409999999999948e+133
1.337149999999999922e+134
2.004530000000000189e+134
2.004530000000000189e+134
2.004530000000000189e+134
2.004530000000000189e+134
1.295469999999999936e+134
2.660969999999999885e+135
2.660969999999999885e+135
2.660969999999999885e+135
2.660969999999999885e+135
2.660969999999999885e+135
2.660969999999999885e+135
7.692710000000000214e+134
7.692710000000000214e+134
7.692710000000000214e+134
7.692710000000000214e+134
8.959950000000000191e+134
8.959950000000000191e+134
8.959950000000000191e+134
3.992849999999999880e+135
1.803710000000000036e+136
7.957829999999999889e+135
1.787040000000000071e+136
1.787040000000000071e+136
9.968009999999999732e+136
9.968009999999999732e+136
3.002500000000000074e+137
3.002500000000000074e+137
3.002500000000000074e+137
3.002500000000000074e+137
9.406460000000000423e+136
9.406460000000000423e+136
1.318650000000000057e+138
1.318650000000000057e+138
1.318650000000000057e+138
1.318650000000000057e+138
1.318650000000000057e+138
1.424439999999999937e+140
1.424439999999999937e+140
1.424439999999999937e+140
1.424439999999999937e+140
4.990259999999999943e+140
4.990259999999999943e+140
4.990259999999999943e+140
1.011740000000000033e+141
5.054770000000000281e+141
4.668310000000000330e+141
4.668310000000000330e+141
4.668310000000000330e+141
4.668310000000000330e+141
4.668310000000000330e+141
4.760389999999999864e+141
3.335339999999999894e+142
1.669730000000000097e+142
8.725310000000000459e+141
8.725310000000000459e+141
5.897889999999999653e+142
5.897889999999999653e+142
5.897889999999999653e+142
7.978339999999999219e+143
7.978339999999999219e+143
7.978339999999999219e+143
7.978339999999999219e+143
3.055710000000000056e+144
3.055710000000000056e+144
8.688860000000000845e+143
8.688860000000000845e+143
8.688860000000000845e+143
8.688860000000000845e+143
3.675279999999999935e+144
6.920079999999999733e+143
6.600619999999999642e+143
2.074259999999999967e+144
2.049719999999999885e+145
1.286360000000000075e+146
1.651410000000000051e+146
1.651410000000000051e+146
8.426410000000000816e+146
8.426410000000000816e+146
8.426410000000000816e+146
7.299430000000000324e+146
7.299430000000000324e+146
9.009910000000000223e+147
5.512039999999999710e+148
5.512039999999999710e+148
2.775029999999999803e+149
2.775029999999999803e+149
5.937260000000000157e+150
1.158249999999999930e+150
1.158249999999999930e+150
1.158249999999999930e+150
1.158249999999999930e+150
5.544990000000000173e+150
5.544990000000000173e+150
1.786410000000000121e+151
8.135759999999999649e+151
2.958850000000000104e+152
2.958850000000000104e+152
2.958850000000000104e+152
2.958850000000000104e+152
1.671720000000000021e+153
1.671720000000000021e+153
1.671720000000000021e+153
1.671720000000000021e+153
1.671720000000000021e+153
9.314660000000000162e+153
5.655379999999999645e+154
5.655379999999999645e+154
5.655379999999999645e+154
5.655379999999999645e+154
5.655379999999999645e+154
5.655379999999999645e+154
5.655379999999999645e+154
1.982919999999999936e+155
1.982919999999999936e+155
1.982919999999999936e+155
1.741699999999999988e+155
1.741699999999999988e+155
5.649600000000000385e+155
2.849120000000000062e+156
2.849120000000000062e+156
5.777230000000000144e+156
5.777230000000000144e+156
5.777230000000000144e+156
2.529850000000000011e+157
3.060879999999999924e+158
2.134329999999999930e+159
1.096690000000000063e+159
1.096690000000000063e+159
1.096690000000000063e+159
2.346100000000000179e+159
5.404559999999999683e+158
4.081970000000000010e+159
2.724060000000000110e+160
2.724060000000000110e+160
2.724060000000000110e+160
1.578539999999999933e+161
9.707770000000000169e+161
9.707770000000000169e+161
9.707770000000000169e+161
9.707770000000000169e+161
5.843319999999999753e+162
3.675929999999999910e+163
5.100869999999999994e+162
5.100869999999999994e+162
2.325189999999999901e+163
2.423169999999999947e+163
2.423169999999999947e+163
2.423169999999999947e+163
2.423169999999999947e+163
2.423169999999999947e+163
2.423169999999999947e+163
2.423169999999999947e+163
2.423169999999999947e+163
3.660090000000000213e+164
3.660090000000000213e+164
3.660090000000000213e+164
6.234469999999999868e+165
6.234469999999999868e+165
6.234469999999999868e+165
6.234469999999999868e+165
6.234469999999999868e+165
6.234469999999999868e+165
6.234469999999999868e+165
6.234469999999999868e+165
6.234469999999999868e+165
1.494539999999999941e+166
3.782179999999999726e+166
1.465689999999999972e+166
8.122319999999999640e+166
2.758700000000000184e+167
8.814930000000000295e+167
2.704730000000000206e+167
2.704730000000000206e+167
8.290150000000000080e+166
4.094140000000000159e+167
4.094140000000000159e+167
6.231900000000000256e+167
6.231900000000000256e+167
2.595250000000000127e+168
1.345170000000000095e+168
9.266389999999999663e+167
9.266389999999999663e+167
5.576440000000000048e+168
2.751600000000000151e+169
6.791909999999999674e+168
3.190120000000000196e+169
1.689260000000000101e+170
3.620920000000000322e+169
3.620920000000000322e+169
3.620920000000000322e+169
2.449530000000000211e+170
2.112719999999999787e+171
1.758030000000000072e+170
6.795840000000000403e+170
2.917840000000000209e+171
2.917840000000000209e+171
2.917840000000000209e+171
2.917840000000000209e+171
2.917840000000000209e+171
2.917840000000000209e+171
2.917840000000000209e+171
2.917840000000000209e+171
2.917840000000000209e+171
2.917840000000000209e+171
1.614050000000000138e+172
1.614050000000000138e+172
1.822049999999999864e+172
4.793719999999999953e+172
4.793719999999999953e+172
4.793719999999999953e+172
4.793719999999999953e+172
4.793719999999999953e+172
4.793719999999999953e+172
8.598069999999999999e+174
5.554410000000000068e+175
4.199959999999999678e+175
4.199959999999999678e+175
4.199959999999999678e+175
2.021910000000000050e+176
8.554809999999999682e+176
8.554809999999999682e+176
8.554809999999999682e+176
3.708189999999999787e+177
3.708189999999999787e+177
2.064780000000000051e+178
1.299650000000000004e+179
3.729320000000000198e+179
3.729320000000000198e+179
3.729320000000000198e+179
6.429969999999999502e+179
9.847160000000000400e+179
5.341199999999999605e+180
2.399090000000000003e+181
2.399090000000000003e+181
2.399090000000000003e+181
1.086789999999999954e+182
6.664249999999999431e+182
6.664249999999999431e+182
6.664249999999999431e+182
6.664249999999999431e+182
5.321859999999999722e+183
4.652539999999999756e+183
6.953009999999999994e+183
2.544659999999999831e+184
9.165020000000000268e+184
9.165020000000000268e+184
9.165020000000000268e+184
9.165020000000000268e+184
9.165020000000000268e+184
9.165020000000000268e+184
9.165020000000000268e+184
9.165020000000000268e+184
9.165020000000000268e+184
8.161290000000000565e+185
6.347080000000000449e+186
3.326710000000000292e+188
3.326710000000000292e+188
1.180670000000000010e+189
8.934500000000000645e+189
2.503810000000000116e+190
7.352780000000000676e+190
5.569850000000000000e+190
5.569850000000000000e+190
3.726809999999999886e+191
3.726809999999999886e+191
6.493900000000000291e+191
2.518900000000000093e+192
2.518900000000000093e+192
2.518900000000000093e+192
2.518900000000000093e+192
1.074339999999999917e+193
6.778899999999999500e+192
6.778899999999999500e+192
1.781530000000000079e+192
8.574199999999999968e+192
8.574199999999999968e+192
2.974640000000000142e+193
2.974640000000000142e+193
7.208300000000000423e+192
1.880760000000000024e+193
1.423349999999999930e+193
8.223450000000000042e+193
3.875859999999999845e+194
3.875859999999999845e+194
3.875859999999999845e+194
3.875859999999999845e+194
2.153279999999999922e+195
8.939739999999999580e+194
1.282219999999999970e+195
1.517610000000000014e+196
7.626649999999999520e+195
1.711430000000000014e+196
1.711430000000000014e+196
7.831619999999999455e+196
4.486119999999999959e+197
4.486119999999999959e+197
4.486119999999999959e+197
4.486119999999999959e+197
4.486119999999999959e+197
4.486119999999999959e+197
4.639230000000000014e+198
4.639230000000000014e+198
4.639230000000000014e+198
4.340320000000000115e+199
4.340320000000000115e+199
4.522619999999999784e+200
4.522619999999999784e+200
2.942370000000000133e+201
1.825169999999999966e+202
1.825169999999999966e+202
7.067129999999999783e+201
8.137419999999999572e+201
8.137419999999999572e+201
4.829010000000000103e+202
4.829010000000000103e+202
1.407539999999999951e+203
6.048450000000000056e+203
6.048450000000000056e+203
6.048450000000000056e+203
3.168490000000000028e+204
1.091710000000000084e+205
4.102590000000000246e+205
4.102590000000000246e+205
3.177129999999999924e+205
1.577829999999999976e+206
1.577829999999999976e+206
6.950999999999999930e+206
6.950999999999999930e+206
6.950999999999999930e+206
6.950999999999999930e+206
1.380779999999999886e+207
7.239900000000000152e+207
3.517219999999999845e+208
3.517219999999999845e+208
1.439080000000000070e+209
6.995559999999999284e+209
4.492529999999999878e+210
4.492529999999999878e+210
4.077890000000000204e+210
3.794540000000000143e+211
3.794540000000000143e+211
3.794540000000000143e+211
3.794540000000000143e+211
3.794540000000000143e+211
2.093379999999999877e+213
2.093379999999999877e+213
2.093379999999999877e+213
2.093379999999999877e+213
2.093379999999999877e+213
2.093379999999999877e+213
2.093379999999999877e+213
2.093379999999999877e+213
2.093379999999999877e+213
2.093379999999999877e+213
9.409760000000000411e+213
7.286730000000000260e+214
7.286730000000000260e+214
3.519929999999999701e+215
1.564189999999999869e+216
1.564189999999999869e+216
1.564189999999999869e+216
5.870770000000000242e+215
5.870770000000000242e+215
3.228839999999999771e+216
1.972160000000000080e+217
7.305289999999999577e+217
7.305289999999999577e+217
2.728199999999999906e+218
2.728199999999999906e+218
2.728199999999999906e+218
1.214879999999999965e+219
3.857999999999999694e+219
4.951610000000000018e+218
3.185189999999999980e+218
1.512959999999999922e+219
1.512959999999999922e+219
7.342319999999999542e+219
7.342319999999999542e+219
3.627960000000000013e+219
3.627960000000000013e+219
1.214269999999999917e+220
1.214269999999999917e+220
6.224229999999999721e+220
3.037920000000000164e+221
3.037920000000000164e+221
1.380600000000000066e+222
6.999720000000000017e+222
6.999720000000000017e+222
5.106200000000000065e+221
5.261869999999999911e+222
6.124170000000000344e+222
6.124170000000000344e+222
6.124170000000000344e+222
6.124170000000000344e+222
6.124170000000000344e+222
1.137539999999999944e+227
1.137539999999999944e+227
1.137539999999999944e+227
1.137539999999999944e+227
1.110050000000000058e+229
7.011850000000000004e+229
5.511889999999999744e+230
5.676090000000000125e+231
5.676090000000000125e+231
2.583270000000000010e+232
1.754849999999999962e+233
1.754849999999999962e+233
8.008220000000000629e+233
3.511969999999999866e+234
3.556799999999999675e+234
1.006579999999999930e+235
3.758740000000000021e+235
3.758740000000000021e+235
1.875620000000000055e+236
9.049729999999999934e+236
9.049729999999999934e+236
4.172729999999999684e+237
4.675460000000000048e+237
7.909390000000000263e+238
5.839069999999999926e+239
2.477789999999999824e+240
2.477789999999999824e+240
2.477789999999999824e+240
2.005689999999999882e+240
1.024459999999999994e+241
1.024459999999999994e+241
3.774650000000000204e+241
3.774650000000000204e+241
3.774650000000000204e+241
3.774650000000000204e+241
1.392609999999999972e+241
6.726730000000000015e+241
6.726730000000000015e+241
6.726730000000000015e+241
1.723169999999999988e+241
3.424229999999999981e+240
2.075599999999999995e+241
2.075599999999999995e+241
4.945750000000000223e+241
2.316520000000000226e+242
2.316520000000000226e+242
2.316520000000000226e+242
2.316520000000000226e+242
2.316520000000000226e+242
2.316520000000000226e+242
1.462100000000000116e+242
3.411910000000000178e+244
3.395930000000000130e+245
7.309869999999999518e+245
3.171549999999999900e+245
1.124709999999999914e+246
9.133909999999999706e+246
3.336650000000000178e+247
3.336650000000000178e+247
1.507600000000000035e+248
9.672629999999999076e+248
9.672629999999999076e+248
4.339389999999999803e+249
1.916639999999999943e+250
1.916639999999999943e+250
5.187189999999999791e+250
3.126870000000000129e+251
3.126870000000000129e+251
1.512480000000000031e+252
6.843359999999999595e+252
6.843359999999999595e+252
6.843359999999999595e+252
6.843359999999999595e+252
5.306209999999999876e+253
2.494979999999999849e+254
2.494979999999999849e+254
2.494979999999999849e+254
2.494979999999999849e+254
4.319280000000000149e+254
2.204919999999999847e+255
1.368999999999999982e+256
5.134009999999999814e+256
5.134009999999999814e+256
5.134009999999999814e+256
4.056629999999999733e+256
4.561200000000000059e+256
2.712820000000000022e+257
1.343020000000000077e+258
1.343020000000000077e+258
4.305059999999999868e+257
5.911690000000000294e+256
5.911690000000000294e+256
5.911690000000000294e+256
2.676580000000000066e+257
2.676580000000000066e+257
2.676580000000000066e+257
2.676580000000000066e+257
2.676580000000000066e+257
1.603419999999999930e+258
2.721180000000000159e+259
7.945490000000000515e+259
5.804399999999999731e+260
5.804399999999999731e+260
2.301539999999999941e+261
5.050479999999999765e+261
1.699199999999999984e+262
1.699199999999999984e+262
7.062540000000000443e+262
7.062540000000000443e+262
7.062540000000000443e+262
7.062540000000000443e+262
7.062540000000000443e+262
3.163330000000000204e+263
1.401689999999999908e+264
8.527169999999999773e+263
3.404039999999999880e+264
3.404039999999999880e+264
3.404039999999999880e+264
1.694109999999999855e+265
7.552020000000000607e+265
3.034629999999999910e+266
3.034629999999999910e+266
3.044860000000000003e+265
3.881510000000000005e+266
1.734420000000000028e+267
4.103599999999999988e+266
4.103599999999999988e+266
4.103599999999999988e+266
1.089590000000000101e+267
5.023750000000000295e+267
5.023750000000000295e+267
1.871779999999999936e+268
1.871779999999999936e+268
1.871779999999999936e+268
1.871779999999999936e+268
1.675760000000000165e+268
2.597830000000000139e+267
2.597830000000000139e+267
2.874649999999999941e+268
2.474210000000000083e+268
2.474210000000000083e+268
2.474210000000000083e+268
2.474210000000000083e+268
1.608710000000000067e+269
7.376789999999999880e+269
7.376789999999999880e+269
7.376789999999999880e+269
7.376789999999999880e+269
1.028120000000000055e+270
4.869010000000000248e+270
4.869010000000000248e+270
2.733819999999999935e+271
2.733819999999999935e+271
1.069939999999999995e+272
1.069939999999999995e+272
6.557350000000000011e+272
6.557350000000000011e+272
6.557350000000000011e+272
2.471140000000000206e+273
2.471140000000000206e+273
5.600030000000000416e+273
5.057710000000000195e+274
2.269470000000000072e+275
1.014159999999999997e+276
1.838740000000000081e+276
8.349920000000000114e+276
7.451490000000000735e+277
7.451490000000000735e+277
3.663330000000000134e+278
3.663330000000000134e+278
1.579449999999999918e+279
1.579449999999999918e+279
1.579449999999999918e+279
9.390649999999999915e+279
9.390649999999999915e+279
9.390649999999999915e+279
9.390649999999999915e+279
9.390649999999999915e+279
9.390649999999999915e+279
9.390649999999999915e+279
9.390649999999999915e+279
3.742009999999999700e+280
3.742009999999999700e+280
3.742009999999999700e+280
3.742009999999999700e+280
3.742009999999999700e+280
3.742009999999999700e+280
3.742009999999999700e+280
3.742009999999999700e+280
1.220919999999999967e+281
9.585159999999999555e+280
2.100859999999999899e+282
6.996520000000000328e+282
3.374759999999999955e+283
1.467999999999999932e+284
1.467999999999999932e+284
6.520819999999999687e+285
3.766239999999999926e+286
1.566069999999999939e+287
7.383129999999999855e+287
2.383760000000000131e+288
1.203629999999999968e+289
1.203629999999999968e+289
5.298939999999999808e+289
2.080810000000000122e+290
2.080810000000000122e+290
1.826729999999999927e+291
8.037150000000000539e+291
8.037150000000000539e+291
8.037150000000000539e+291
5.702330000000000423e+292
2.641319999999999925e+293
1.187000000000000034e+294
5.319400000000000506e+294
5.319400000000000506e+294
2.460410000000000011e+295
1.846159999999999824e+296
1.846159999999999824e+296
9.197810000000000583e+296
4.168490000000000094e+297
4.168490000000000094e+297
4.168490000000000094e+297
4.168490000000000094e+297
2.348540000000000123e+298
1.039120000000000008e+299
1.039120000000000008e+299
1.039120000000000008e+299
1.039120000000000008e+299
1.394570000000000054e+299
1.394570000000000054e+299
1.394570000000000054e+299
1.394570000000000054e+299
1.394570000000000054e+299
1.394570000000000054e+299
1.394570000000000054e+299
3.268709999999999988e+299
3.268709999999999988e+299
3.268709999999999988e+299
3.268709999999999988e+299
3.268709999999999988e+299
7.301710000000000560e+300
3.549740000000000080e+301
3.549740000000000080e+301
1.751020000000000008e+302
7.731830000000000137e+302
7.731830000000000137e+302
5.348530000000000165e+303
5.348530000000000165e+303
2.355859999999999837e+304
1.070110000000000047e+305
4.321309999999999642e+305
2.108829999999999906e+306
2.108829999999999906e+306
9.205210000000000596e+306
9.205210000000000596e+306
9.205210000000000596e+306
6.499539999999999536e+307
inf
inf
inf
inf
inf
inf
inf
inf
inf
inf
inf
inf
inf
inf
inf
inf
inf
inf
inf
inf
inf
inf
inf
inf
inf
inf
inf
inf
inf
inf
inf
inf
inf
inf
inf
inf
inf
inf
inf
inf
inf
inf
inf
inf
inf
inf
inf
inf
inf
inf
inf
inf
inf
inf
inf
inf
inf
inf
inf
inf
inf
inf
inf
inf
inf
inf
inf
inf
inf
inf
inf
inf
inf
inf
inf
inf
inf
inf
inf
inf
inf
inf
inf
inf
inf
inf
inf
inf
inf
inf
inf
inf
inf
inf
inf
inf
inf
inf
inf
inf
inf
inf
inf
inf
inf
inf
inf
inf
inf
inf
inf
inf
inf
inf
inf
inf
inf
inf
inf
inf
inf
inf
inf
inf
inf
inf
inf
inf
inf
inf
inf
inf
inf
inf
inf
inf
inf
inf
inf
inf
inf
inf
inf
inf
inf
inf
inf
inf
inf
inf
inf
inf
inf
inf
inf
inf
inf
inf
inf
inf
inf
inf
inf
inf
inf
inf
inf
inf
inf
inf
inf
inf
inf
inf
inf
inf
inf
inf
inf
inf
inf
inf
inf
inf
inf
inf
inf
inf
inf
inf
inf
inf
inf
inf
inf
inf
inf
inf
inf
inf
inf
inf
inf
inf
inf
inf
inf
inf
inf
inf
inf
inf
inf
inf
inf
inf
inf
inf
inf
inf
inf
inf
inf
inf
inf
inf
inf
inf
inf
inf
inf
inf
inf
inf
inf
inf
inf
inf
inf
inf
inf
inf
inf
inf
inf
inf
inf
inf
inf
inf
inf
inf
inf
inf
inf
inf
inf
inf
inf
inf
inf
inf
inf
inf
inf
inf
inf
inf
inf
inf
inf
inf
inf
inf
inf
inf
inf
inf
inf
inf
inf
inf
inf
inf
inf
inf
inf
inf
inf
inf
inf
inf
inf
inf
inf
inf
inf
inf
inf
inf
inf
inf
inf
inf
inf
inf
inf
inf
inf
inf
inf
inf
inf
inf
inf
inf
inf
inf
inf
inf
inf
inf
inf
inf
inf
inf
inf
inf
inf
inf
inf
inf
inf
inf
inf
inf
inf
inf
inf
inf
inf
inf
inf
inf
inf
inf
inf
inf
inf
inf
inf
inf
inf
inf
inf
inf
inf
inf
inf
inf
inf
inf
inf
inf
inf
inf
inf
inf
inf
inf
inf
inf
inf
inf
inf
inf
inf
inf
inf
inf
inf
inf
inf
inf
inf
inf
inf
inf
inf
inf
inf
inf
inf
inf
inf
inf
inf
inf
inf
inf
inf
inf
inf
inf
inf
inf
inf
inf
inf
inf
inf
inf
inf
inf
inf
inf
inf
inf
inf
inf
inf
inf
inf
inf
inf
inf
inf
inf
inf
inf
inf
inf
inf
inf
inf
inf
inf
inf
inf
inf
inf
inf
inf
inf
inf
inf
inf
inf
inf
inf
inf
inf
inf
inf
inf
inf
inf
inf
inf
inf
inf
inf
inf
inf
inf
inf
inf
inf
inf
inf
inf
inf
inf
inf
inf
inf
inf
inf
inf
inf
inf
inf
inf
inf
inf
inf
inf
inf
inf
inf
inf
inf
inf
inf
inf
inf
inf
inf
inf
inf
inf
inf
inf
inf
inf
inf
inf
inf
inf
inf
inf
inf
inf
inf
inf
inf
inf
inf
inf
inf
inf
inf
inf
inf
inf
inf
inf
inf
inf
inf
inf
inf
inf
inf
inf
inf
inf
inf
inf
inf
inf
inf
inf
inf
inf
inf
inf
inf
inf
inf
inf
inf
inf
inf
inf
inf
inf
inf
inf
inf
inf
inf
inf
inf
inf
inf
inf
inf
inf
inf
inf
inf
inf
inf
inf
inf
inf
inf
inf
inf
inf
inf
inf
inf
inf
inf
inf
inf
inf
inf
inf
inf
inf
inf
inf
inf
inf
inf
inf
inf
inf
inf
inf
inf
inf
inf
inf
inf
inf
inf
inf
inf
inf
inf
inf
inf
inf
inf
inf
inf
inf
inf
inf
inf
inf
inf
inf
inf
inf
inf
inf
inf
inf
inf
inf
inf
inf
inf
inf
inf
inf
inf
inf
inf
inf
inf
inf
inf
inf
inf
inf
inf
inf
inf
inf
inf
inf
inf
inf
inf
inf
inf
inf
inf
inf
inf
inf
inf
inf
inf
inf
inf
inf
inf
inf
inf
inf
inf
inf
inf
inf
inf
inf
inf
inf
inf
inf
inf
inf
inf
inf
inf
inf
inf
inf
inf
inf
inf
inf
inf
inf
inf
inf
inf
inf
inf
inf
inf
inf
inf
inf
inf
inf
inf
inf
inf
inf
inf
inf
inf
inf
inf
inf
inf
inf
inf
inf
inf
inf
inf
inf
inf
inf
inf
inf
inf
inf
inf
inf
inf
inf
inf
inf
inf
inf
inf
inf
inf
inf
inf
inf
inf
inf
inf
inf
inf
inf
inf
inf
inf
inf
inf
inf
inf
inf
inf
inf
inf
inf
inf
inf
inf
inf
inf
inf
inf
inf
inf
inf
inf
inf
inf
inf
inf
inf
inf
inf
inf
inf
inf
inf
inf
inf
inf
inf
inf
inf
inf
inf
inf
inf
inf
inf
inf
inf
inf
inf
inf
inf
inf
inf
inf
inf
inf
inf
inf
inf
inf
inf
inf
inf
inf
inf
inf
inf
inf
inf
inf
inf
inf
inf
inf
inf
inf
inf
inf
inf
inf
inf
inf
inf
inf
inf
inf
inf
inf
inf
inf
inf
inf
inf
inf
inf
inf
inf
inf
inf
inf
inf
inf
inf
inf
inf
inf
inf
inf
inf
inf
inf
inf
inf
inf
inf
inf
inf
inf
inf
inf
inf
inf
inf
inf
inf
inf
inf
inf
inf
inf
inf
inf
inf
inf
inf
inf
inf
inf
inf
inf
inf
inf
inf
inf
inf
inf
inf
inf
inf
inf
inf
inf
inf
inf
inf
inf
inf
inf
inf
inf
inf
inf
inf
inf
inf
inf
inf
inf
inf
inf
inf
inf
inf
inf
inf
inf
inf
inf
inf
inf
inf
inf
inf
inf
inf
inf
inf
inf
inf
inf
inf
inf
inf
inf
inf
inf
inf
inf
inf
inf
inf
inf
inf
inf
inf
inf
inf
inf
inf
inf
inf
inf
inf
inf
inf
inf
inf
inf
inf
inf
inf
inf
inf
inf
inf
inf
inf
inf
inf
inf
inf
inf
inf
inf
inf
inf
inf
inf
inf
inf
inf
inf
inf
inf
inf
inf
inf
inf
inf
inf
inf
inf
inf
inf
inf
inf
inf
inf
inf
inf
inf
inf
inf
inf
inf
inf
inf
inf
inf
inf
inf
inf
inf
inf
inf
inf
inf
inf
inf
inf
inf
inf
inf
inf
inf
inf
inf
inf
inf
inf
inf
inf
inf
inf
inf
inf
inf
inf
inf
inf
inf
inf
inf
inf
inf
inf
inf
inf
inf
inf
inf
inf
inf
inf
inf
inf
inf
inf
inf
inf
inf
inf
inf
inf
inf
inf
inf
inf
inf
inf
inf
inf
inf
inf
inf
inf
inf
inf
inf
inf
inf
inf
inf
inf
inf
inf
inf
inf
inf
inf
inf
inf
inf
inf
inf
inf
inf
inf
inf
inf
inf
inf
inf
inf
inf
inf
inf
inf
inf
inf
inf
inf
inf
inf
inf
inf
inf
inf
inf
inf
inf
inf
inf
inf
inf
inf
inf
inf
inf
inf
inf
inf
inf
inf
inf
inf
inf
inf
inf
inf
inf
inf
inf
inf
inf
inf
inf
inf
inf
inf
inf
inf
inf
inf
inf
inf
inf
inf
inf
inf
inf
inf
inf
inf
inf
inf
inf
inf
inf
inf
inf
inf
inf
inf
inf
inf
inf
inf
inf
inf
inf
inf
inf
inf
inf
inf
inf
inf
inf
inf
inf
inf
inf
inf
inf
inf
inf
inf
inf
inf
inf
inf
inf
inf
inf
inf
inf
inf
inf
inf
inf
inf
inf
inf
inf
inf
inf
inf
inf
inf
inf
inf
inf
inf
inf
inf
inf
inf
inf
inf
inf
inf
inf
inf
inf
inf
inf
inf
inf
inf
inf
inf
inf
inf
inf
inf
inf
inf
inf
inf
inf
inf
inf
inf
inf
inf
inf
inf
inf
inf
inf
inf
inf
inf
inf
inf
inf
inf
inf
inf
inf
inf
inf
inf
inf
inf
inf
inf
inf
inf
inf
inf
inf
inf
inf
inf
inf
inf
inf
inf
inf
inf
inf
inf
inf
inf
inf
inf
inf
inf
inf
inf
inf
inf
inf
inf
inf
inf
inf
inf
inf
inf
inf
inf
inf
inf
inf
inf
inf
inf
inf
inf
inf
inf
inf
inf
inf
inf
inf
inf
inf
inf
inf
inf
inf
inf
inf
inf
inf
inf
inf
inf
inf
inf
inf
inf
inf
inf
inf
inf
inf
inf
inf
inf
inf
inf
inf
inf
inf
inf
inf
inf
inf
inf
inf
inf
inf
inf
inf
inf
inf
inf
inf
inf
inf
inf
inf
inf
inf
inf
inf
inf
inf
inf
inf
inf
inf
inf
inf
inf
inf
inf
inf
inf
inf
inf
inf
inf
inf
inf
inf
inf
inf
inf
inf
inf
inf
inf
inf
inf
inf
inf
inf
inf
inf
inf
inf
inf
inf
inf
inf
inf
inf
inf
inf
inf
inf
inf
inf
inf
inf
inf
inf
inf
inf
inf
inf
inf
inf
inf
inf
inf
inf
inf
inf
inf
inf
inf
inf
inf
inf
inf
inf
inf
inf
inf
inf
inf
inf
inf
inf
inf
inf
inf
inf
inf
inf
inf
inf
inf
inf
inf
inf
inf
inf
inf
inf
inf
inf
inf
inf
inf
inf
inf
inf
inf
inf
inf
inf
inf
inf
inf
inf
inf
inf
inf
inf
inf
inf
inf
inf
inf
inf
inf
inf
inf
inf
inf
inf
inf
inf
inf
inf
inf
inf
inf
inf
inf
inf
inf
inf
inf
inf
inf
inf
inf
inf
inf
inf
inf
inf
inf
inf
inf
inf
inf
inf
inf
inf
inf
inf
inf
inf
inf
inf
inf
inf
inf
inf
inf
inf
inf
inf
inf
inf
inf
inf
inf
inf
inf
inf
inf
inf
inf
inf
inf
inf
inf
inf
inf
inf
inf
inf
inf
inf
inf
inf
inf
inf
inf
inf
inf
inf
inf
inf
inf
inf
inf
inf
inf
inf
inf
inf
inf
inf
inf
inf
inf
inf
inf
inf
inf
inf
inf
inf
inf
inf
inf
inf
inf
inf
inf
inf
inf
inf
inf
inf
inf
inf
inf
inf
inf
inf
inf
inf
inf
inf
inf
inf
inf
inf
inf
inf
inf
inf
inf
inf
inf
inf
inf
inf
inf
inf
inf
inf
inf
inf
inf
inf
inf
inf
inf
inf
inf
inf
inf
inf
inf
inf
inf
inf
inf
inf
inf
inf
inf
inf
inf
inf
inf
inf
inf
inf
inf
inf
inf
inf
inf
inf
inf
inf
inf
inf
inf
inf
inf
inf
inf
inf
inf
inf
inf
inf
inf
inf
inf
inf
inf
inf
inf
inf
inf
inf
inf
inf
inf
inf
inf
inf
inf
inf
inf
inf
inf
inf
inf
inf
inf
inf
inf
inf
inf
inf
inf
inf
inf
inf
inf
inf
inf
inf
inf
inf
inf
inf
inf
inf
inf
inf
inf
inf
inf
inf
inf
inf
inf
inf
inf
inf
inf
inf
inf
inf
inf
inf
inf
inf
inf
inf
inf
inf
inf
inf
inf
inf
inf
inf
inf
inf
inf
inf
inf
inf
inf
inf
inf
inf
inf
inf
inf
inf
inf
inf
inf
inf
inf
inf
inf
inf
inf
inf
inf
inf
inf
inf
inf
inf
inf
inf
inf
inf
inf
inf
inf
inf
inf
inf
inf
inf
inf
inf
inf
inf
inf
inf
inf
inf
inf
inf
inf
inf
inf
inf
inf
inf
inf
inf
inf
inf
inf
inf
inf
inf
inf
inf
inf
inf
inf
inf
inf
inf
inf
inf
inf
inf
inf
inf
inf
inf
inf
inf
inf
inf
inf
inf
inf
inf
inf
inf
inf
inf
inf
inf
inf
inf
inf
inf
inf
inf
inf
inf
inf
inf
inf
inf
inf
inf
inf
inf
inf
inf
inf
inf
inf
inf
inf
inf
inf
inf
inf
inf
inf
inf
inf
inf
inf
inf
inf
inf
inf
inf
inf
inf
inf
inf
inf
inf
inf
inf
inf
inf
inf
inf
inf
inf
inf
inf
inf
inf
inf
inf
inf
inf
inf
inf
inf
inf
inf
inf
inf
inf
inf
inf
inf
inf
inf
inf
inf
inf
inf
inf
inf
inf
inf
inf
inf
inf
inf
inf
inf
inf
inf
inf
inf
inf
inf
inf
inf
inf
inf
inf
inf
inf
inf
inf
inf
inf
inf
inf
inf
inf
inf
inf
inf
inf
inf
inf
inf
inf
inf
inf
inf
inf
inf
inf
inf
inf
inf
inf
inf
inf
inf
inf
inf
inf
inf
inf
inf
inf
inf
inf
inf
inf
inf
inf
inf
inf
inf
inf
inf
inf
inf
inf
inf
inf
inf
inf
inf
inf
inf
inf
inf
inf
inf
inf
inf
inf
inf
inf
inf
inf
inf
inf
inf
inf
inf
inf
inf
inf
inf
inf
inf
inf
inf
inf
inf
inf
inf
inf
inf
inf
inf
inf
inf
inf
inf
inf
inf
inf
inf
inf
inf
inf
inf
inf
inf
inf
inf
inf
inf
inf
inf
inf
inf
inf
inf
inf
inf
inf
inf
inf
inf
inf
inf
inf
inf
inf
inf
inf
inf
inf
inf
inf
inf
inf
inf
inf
inf
inf
inf
inf
inf
inf
inf
inf
inf
inf
inf
inf
inf
inf
inf
inf
inf
inf
inf
inf
inf
inf
inf
inf
inf
inf
inf
inf
inf
inf
inf
inf
inf
inf
inf
inf
inf
inf
inf
inf
inf
inf
inf
inf
inf
inf
inf
inf
inf
inf
inf
inf
inf
inf
inf
inf
inf
inf
inf
inf
inf
inf
inf
inf
inf
inf
inf
inf
inf
inf
inf
inf
inf
inf
inf
inf
inf
inf
inf
inf
inf
inf
inf
inf
inf
inf
inf
inf
inf
inf
inf
inf
inf
inf
inf
inf
inf
inf
inf
inf
inf
inf
inf
inf
inf
inf
inf
inf
inf
inf
inf
inf
inf
inf
inf
inf
inf
inf
inf
inf
inf
inf
inf
inf
inf
inf
inf
inf
inf
inf
inf
inf
inf
inf
inf
inf
inf
inf
inf
inf
inf
inf
inf
inf
inf
inf
inf
inf
inf
inf
inf
inf
inf
inf
inf
inf
inf
inf
inf
inf
inf
inf
inf
inf
inf
inf
inf
inf
inf
inf
inf
inf
inf
inf
inf
inf
inf
inf
inf
inf
inf
inf
inf
inf
inf
inf
inf
inf
inf
inf
inf
inf
inf
inf
inf
inf
inf
inf
inf
inf
inf
inf
inf
inf
inf
inf
inf
inf
inf
inf
inf
inf
inf
inf
inf
inf
inf
inf
inf
inf
inf
inf
inf
inf
inf
inf
inf
inf
inf
inf
inf
inf
inf
inf
inf
inf
inf
inf
inf
inf
inf
inf
inf
inf
inf
inf
inf
inf
inf
inf
inf
inf
inf
inf
inf
inf
inf
inf
inf
inf
inf
inf
inf
inf
inf
inf
inf
inf
inf
inf
inf
inf
inf
inf
inf
inf
inf
inf
inf
inf
inf
inf
inf
inf
inf
inf
inf
inf
inf
inf
inf
inf
inf
inf
inf
inf
inf
inf
inf
inf
inf
inf
inf
inf
inf
inf
inf
inf
inf
inf
inf
inf
inf
inf
inf
inf
inf
inf
inf
inf
inf
inf
inf
inf
inf
inf
inf
inf
inf
inf
inf
inf
inf
inf
inf
inf
inf
inf
inf
inf
inf
inf
inf
inf
inf
inf
inf
inf
inf
inf
inf
inf
inf
inf
inf
inf
inf
inf
inf
inf
inf
inf
inf
inf
inf
inf
inf
inf
inf
inf
inf
inf
inf
inf
inf
inf
inf
inf
inf
inf
inf
inf
inf
inf
inf
inf
inf
inf
inf
inf
inf
inf
inf
inf
inf
inf
inf
inf
inf
inf
inf
inf
inf
inf
inf
inf
inf
inf
inf
inf
inf
inf
inf
inf
inf
inf
inf
inf
inf
inf
inf
inf
inf
inf
inf
inf
inf
inf
inf
inf
inf
inf
inf
inf
inf
inf
inf
inf
inf
inf
inf
inf
inf
inf
inf
inf
inf
inf
inf
inf
inf
inf
inf
inf
inf
inf
inf
inf
inf
inf
inf
inf
inf
inf
inf
inf
inf
inf
inf
inf
inf
inf
inf
inf
inf
inf
inf
inf
inf
inf
inf
inf
inf
inf
inf
inf
inf
inf
inf
inf
inf
inf
inf
inf
inf
inf
inf
inf
inf
inf
inf
inf
inf
inf
inf
inf
inf
inf
inf
inf
inf
inf
inf
inf
inf
inf
inf
inf
inf
inf
inf
inf
inf
inf
inf
inf
inf
inf
inf
inf
inf
inf
inf
inf
inf
inf
inf
inf
inf
inf
inf
inf
inf
inf
inf
inf
inf
inf
inf
inf
inf
inf
inf
inf
inf
inf
inf
inf
inf
inf
inf
inf
inf
inf
inf
inf
inf
inf
inf
inf
inf
inf
inf
inf
inf
inf
inf
inf
inf
inf
inf
inf
inf
inf
inf
inf
inf
inf
inf
inf
inf
inf
inf
inf
inf
inf
inf
inf
inf
inf
inf
inf
inf
inf
inf
inf
inf
inf
inf
inf
inf
inf
inf
inf
inf
inf
inf
inf
inf
inf
inf
inf
inf
inf
inf
inf
inf
inf
inf
inf
inf
inf
inf
inf
inf
inf
inf
inf
inf
inf
inf
inf
inf
inf
inf
inf
inf
inf
inf
inf
inf
inf
inf
inf
inf
inf
inf
inf
inf
inf
inf
inf
inf
inf
inf
inf
inf
inf
inf
inf
inf
inf
inf
inf
inf
inf
inf
inf
inf
inf
inf
inf
inf
inf
inf
inf
inf
inf
inf
inf
inf
inf
inf
inf
inf
inf
inf
inf
inf
inf
inf
inf
inf
inf
inf
inf
inf
inf
inf
inf
inf
inf
inf
inf
inf
inf
inf
inf
inf
inf
inf
inf
inf
inf
inf
inf
inf
inf
inf
inf
inf
inf
inf
inf
inf
inf
inf
inf
inf
inf
inf
inf
inf
inf
inf
inf
inf
inf
inf
inf
inf
inf
inf
inf
inf
inf
inf
inf
inf
inf
inf
inf
inf
inf
inf
inf
inf
inf
inf
inf
inf
inf
inf
inf
inf
inf
inf
inf
inf
inf
inf
inf
inf
inf
inf
inf
inf
inf
inf
inf
inf
inf
inf
inf
inf
inf
inf
inf
inf
inf
inf
inf
inf
inf
inf
inf
inf
inf
inf
inf
inf
inf
inf
inf
inf
inf
inf
inf
inf
inf
inf
inf
inf
inf
inf
inf
inf
inf
inf
inf
inf
inf
inf
inf
inf
inf
inf
inf
inf
inf
inf
inf
inf
inf
inf
inf
inf
inf
inf
inf
inf
inf
inf
inf
inf
inf
inf
inf
inf
inf
inf
inf
inf
inf
inf
inf
inf
inf
inf
inf
inf
inf
inf
inf
inf
inf
inf
inf
inf
inf
inf
inf
inf
inf
inf
inf
inf
inf
inf
inf
inf
inf
inf
inf
inf
inf
inf
inf
inf
inf
inf
inf
inf
inf
inf
inf
inf
inf
inf
inf
inf
inf
inf
inf
inf
inf
inf
inf
inf
inf
inf
inf
inf
inf
inf
inf
inf
inf
inf
inf
inf
inf
inf
inf
inf
inf
inf
inf
inf
inf
inf
inf
inf
inf
inf
inf
inf
inf
inf
inf
inf
inf
inf
inf
inf
inf
inf
inf
inf
inf
inf
inf
inf
inf
inf
inf
inf
inf
inf
inf
inf
inf
inf
inf
inf
inf
inf
inf
inf
inf
inf
inf
inf
inf
inf
inf
inf
inf
inf
inf
inf
inf
inf
inf
inf
inf
inf
inf
inf
inf
inf
inf
inf
inf
inf
inf
inf
inf
inf
inf
inf
inf
inf
inf
inf
inf
inf
inf
inf
inf
inf
inf
inf
inf
inf
inf
inf
inf
inf
inf
inf
inf
inf
inf
inf
inf
inf
inf
inf
inf
inf
inf
inf
inf
inf
inf
inf
inf
inf
inf
inf
inf
inf
inf
inf
inf
inf
inf
inf
inf
inf
inf
inf
inf
inf
inf
inf
inf
inf
inf
inf
inf
inf
inf
inf
inf
inf
inf
inf
inf
inf
inf
inf
inf
inf
inf
inf
inf
inf
inf
inf
inf
inf
inf
inf
inf
inf
inf
inf
inf
inf
inf
inf
inf
inf
inf
inf
inf
inf
inf
inf
inf
inf
inf
inf
