5.068800000000000365e+63
8.551669999999999349e+63
4.985370000000000251e+63
1.418019999999999957e+64
1.418019999999999957e+64
2.335109999999999904e+64
7.634840000000000372e+64
1.008799999999999965e+65
1.008799999999999965e+65
1.008799999999999965e+65
5.674980000000000347e+64
1.484779999999999906e+65
4.985280000000000286e+64
1.509710000000000140e+64
1.563470000000000069e+64
1.856810000000000017e+64
3.673829999999999928e+64
3.673829999999999928e+64
3.673829999999999928e+64
9.553739999999999726e+64
3.399769999999999910e+65
3.399769999999999910e+65
3.399769999999999910e+65
3.047470000000000106e+65
3.248660000000000072e+65
3.838699999999999934e+65
5.502109999999999781e+65
1.506769999999999950e+66
1.799249999999999994e+66
1.799249999999999994e+66
2.149559999999999973e+66
2.149559999999999973e+66
1.659829999999999963e+66
1.659829999999999963e+66
1.659829999999999963e+66
1.659829999999999963e+66
1.659829999999999963e+66
1.852440000000000036e+66
1.398879999999999946e+66
2.041289999999999981e+66
2.900289999999999959e+66
8.444399999999999658e+66
3.460940000000000150e+66
2.759510000000000072e+66
8.647929999999999441e+66
4.503350000000000276e+66
8.492330000000000056e+66
9.331039999999999528e+66
9.367720000000000375e+66
9.367720000000000375e+66
2.495290000000000122e+67
6.121470000000000269e+67
6.146330000000000574e+67
6.146340000000000528e+67
6.146330000000000574e+67
6.131150000000000398e+67
6.146330000000000574e+67
1.512589999999999891e+68
3.720309999999999976e+68
9.117539999999999262e+68
2.237999999999999940e+69
2.234459999999999906e+69
5.498939999999999776e+69
1.354629999999999957e+70
3.331789999999999995e+70
8.178290000000000437e+70
8.145200000000000310e+70
8.165369999999999967e+70
2.009470000000000018e+71
4.942410000000000183e+71
4.962449999999999810e+71
4.962449999999999810e+71
4.950190000000000471e+71
1.214390000000000018e+72
2.976150000000000176e+72
2.980860000000000113e+72
7.324249999999999316e+72
1.801449999999999903e+73
4.414889999999999854e+73
4.432829999999999732e+73
4.421889999999999749e+73
4.421889999999999749e+73
1.086500000000000001e+74
1.082110000000000042e+74
1.082110000000000042e+74
1.084780000000000012e+74
1.082110000000000042e+74
1.084790000000000059e+74
1.084790000000000059e+74
2.665419999999999907e+74
6.542600000000000083e+74
6.532259999999999554e+74
1.605040000000000099e+75
3.939759999999999735e+75
3.933539999999999944e+75
9.665060000000000600e+75
9.704259999999999514e+75
2.388180000000000096e+76
2.378540000000000001e+76
5.844279999999999798e+76
5.844260000000000637e+76
5.844260000000000637e+76
1.455440000000000115e+77
1.405259999999999872e+77
1.435679999999999883e+77
3.513999999999999878e+77
3.687650000000000126e+77
1.367559999999999911e+78
5.073989999999999638e+78
1.872959999999999917e+79
4.482690000000000158e+79
4.482569999999999887e+79
1.645979999999999890e+80
3.925130000000000120e+80
4.051940000000000112e+80
1.508409999999999997e+81
3.786339999999999959e+81
3.683809999999999976e+81
3.683809999999999976e+81
3.683809999999999976e+81
3.683150000000000131e+81
8.926720000000000140e+81
9.045499999999999624e+81
9.245480000000000829e+81
2.270570000000000101e+82
5.577859999999999932e+82
5.577859999999999932e+82
5.577859999999999932e+82
5.577859999999999932e+82
5.577699999999999929e+82
5.546400000000000277e+82
1.357880000000000067e+83
3.108049999999999990e+83
7.504619999999999925e+83
7.921599999999999663e+83
1.979689999999999881e+84
4.886170000000000175e+84
1.163609999999999914e+85
1.205889999999999953e+85
1.290710000000000071e+85
5.370389999999999963e+84
1.319550000000000084e+85
1.338939999999999916e+85
4.984459999999999892e+85
4.845510000000000216e+85
1.148620000000000043e+86
2.784250000000000120e+86
1.190949999999999934e+86
2.885449999999999757e+86
2.887819999999999833e+86
3.049919999999999825e+86
1.252290000000000041e+87
1.252290000000000041e+87
3.091240000000000183e+87
8.244399999999999620e+87
3.076500000000000022e+88
7.890710000000000227e+88
7.890710000000000227e+88
7.890710000000000227e+88
7.890710000000000227e+88
9.377489999999999320e+88
2.454469999999999958e+89
8.292459999999999801e+89
1.731250000000000064e+90
1.702300000000000041e+90
1.702300000000000041e+90
6.140869999999999785e+90
1.415419999999999920e+91
1.415419999999999920e+91
1.415419999999999920e+91
3.371289999999999974e+91
1.212810000000000042e+92
1.131919999999999999e+92
1.251809999999999945e+92
5.195220000000000219e+91
5.195220000000000219e+91
2.492679999999999829e+91
2.492679999999999829e+91
7.023819999999999871e+90
7.431639999999999962e+90
1.862620000000000136e+91
4.521439999999999918e+91
1.619800000000000127e+92
2.008989999999999906e+92
1.850719999999999935e+92
6.867300000000000049e+92
2.807099999999999941e+92
3.180279999999999959e+92
8.303329999999999434e+92
2.064800000000000085e+93
9.606010000000000461e+92
2.281580000000000119e+93
2.310659999999999836e+93
2.310659999999999836e+93
5.621110000000000275e+93
1.889540000000000174e+94
6.773249999999999924e+94
2.373629999999999885e+95
5.817259999999999428e+95
5.573190000000000500e+95
6.203120000000000169e+95
6.203120000000000169e+95
6.203120000000000169e+95
1.496729999999999903e+96
6.174879999999999455e+95
2.076610000000000063e+96
7.811189999999999933e+96
3.155259999999999933e+97
3.155259999999999933e+97
8.024440000000000021e+96
8.909700000000000686e+96
2.282509999999999852e+97
8.643639999999999264e+97
1.931239999999999955e+98
1.782690000000000090e+98
7.098219999999999567e+98
2.919489999999999855e+99
6.484879999999999734e+99
6.484879999999999734e+99
6.484879999999999734e+99
1.535930000000000067e+100
5.174020000000000198e+100
5.386109999999999760e+100
4.627729999999999715e+100
2.353829999999999901e+100
7.343059999999999917e+100
2.572739999999999860e+101
1.104700000000000057e+102
3.319080000000000035e+102
3.135050000000000113e+102
1.130960000000000074e+103
4.717370000000000362e+102
4.717370000000000362e+102
1.331349999999999935e+103
9.961479999999999396e+102
3.124760000000000119e+103
3.726729999999999922e+103
3.726729999999999922e+103
8.788120000000000232e+103
8.788120000000000232e+103
1.498910000000000065e+104
4.922150000000000305e+104
5.071460000000000218e+104
2.141810000000000008e+105
7.786600000000000493e+105
7.786600000000000493e+105
7.786600000000000493e+105
2.660289999999999802e+106
1.120689999999999965e+106
1.357940000000000042e+106
3.705359999999999988e+106
1.412960000000000059e+107
5.496009999999999733e+107
1.997210000000000104e+108
7.272929999999999646e+108
4.723840000000000041e+108
9.972150000000000651e+108
2.576960000000000004e+108
1.046730000000000019e+109
1.046730000000000019e+109
3.008489999999999978e+109
1.088199999999999911e+109
4.347859999999999597e+109
2.008170000000000108e+109
2.610769999999999866e+109
7.929590000000000428e+108
4.129919999999999811e+108
4.291869999999999987e+108
1.596959999999999976e+108
6.302680000000000262e+108
6.316840000000000236e+108
6.316840000000000236e+108
7.416140000000000481e+108
2.046259999999999847e+109
7.657579999999999732e+109
3.133290000000000140e+110
1.278190000000000058e+111
5.537610000000000133e+111
5.020170000000000368e+111
1.591189999999999988e+112
5.648610000000000343e+112
2.053590000000000093e+113
8.570169999999999543e+113
7.766220000000000066e+113
1.224410000000000001e+114
4.729849999999999825e+114
1.132209999999999950e+115
1.863910000000000077e+115
7.113149999999999528e+114
7.113149999999999528e+114
2.266619999999999895e+115
2.057709999999999953e+115
1.653829999999999927e+115
5.981170000000000302e+115
5.981170000000000302e+115
2.189749999999999875e+115
8.763970000000000459e+115
8.763970000000000459e+115
1.713350000000000139e+116
1.713350000000000139e+116
7.091980000000000413e+115
2.846710000000000162e+116
1.202529999999999952e+117
1.202529999999999952e+117
1.202529999999999952e+117
2.550609999999999832e+117
9.312069999999999726e+117
9.312069999999999726e+117
9.312069999999999726e+117
9.312069999999999726e+117
4.249719999999999827e+117
5.148490000000000067e+117
5.148490000000000067e+117
1.001750000000000039e+118
3.265890000000000181e+118
4.231230000000000206e+118
3.453990000000000107e+118
3.453990000000000107e+118
3.506690000000000202e+118
3.506690000000000202e+118
3.307350000000000138e+118
1.237210000000000016e+119
3.355439999999999906e+119
3.355439999999999906e+119
9.514680000000000868e+118
9.514680000000000868e+118
9.514680000000000868e+118
2.289000000000000215e+118
2.149149999999999918e+118
2.149149999999999918e+118
8.853070000000000279e+118
2.466560000000000122e+118
2.466560000000000122e+118
1.856850000000000101e+118
4.593230000000000213e+118
4.593230000000000213e+118
4.593230000000000213e+118
4.593230000000000213e+118
4.593230000000000213e+118
1.352820000000000048e+118
1.352820000000000048e+118
1.799530000000000075e+118
4.385659999999999760e+118
1.766750000000000154e+119
7.302570000000000078e+119
1.781770000000000125e+120
7.505710000000000278e+120
7.505710000000000278e+120
2.483119999999999964e+121
2.483119999999999964e+121
1.917770000000000102e+121
1.917770000000000102e+121
1.917770000000000102e+121
8.055689999999999563e+121
8.055689999999999563e+121
3.190630000000000075e+122
3.190630000000000075e+122
8.393749999999999755e+121
3.455810000000000331e+122
3.455810000000000331e+122
7.528410000000000127e+122
1.642770000000000057e+123
1.642770000000000057e+123
1.642770000000000057e+123
6.451960000000000442e+123
1.939080000000000024e+124
6.769840000000000218e+123
6.690710000000000211e+123
7.210180000000000433e+123
7.210180000000000433e+123
2.581689999999999852e+124
1.096249999999999994e+125
4.453640000000000100e+125
2.828589999999999849e+125
5.500210000000000312e+125
2.272259999999999945e+126
2.272259999999999945e+126
2.272259999999999945e+126
7.957460000000000266e+126
4.546630000000000059e+126
4.546630000000000059e+126
5.117330000000000037e+126
5.117330000000000037e+126
5.117330000000000037e+126
2.004370000000000082e+127
8.494729999999999544e+127
2.825160000000000050e+128
8.731550000000000022e+128
3.264739999999999820e+129
1.073489999999999956e+129
4.491679999999999757e+129
4.491679999999999757e+129
1.854770000000000065e+130
1.854770000000000065e+130
1.854770000000000065e+130
1.854770000000000065e+130
1.854770000000000065e+130
7.845090000000000368e+130
7.845090000000000368e+130
2.938100000000000007e+131
3.312920000000000148e+131
3.312920000000000148e+131
3.312920000000000148e+131
3.312920000000000148e+131
3.312920000000000148e+131
3.312920000000000148e+131
3.312920000000000148e+131
1.371219999999999950e+132
1.371219999999999950e+132
1.371219999999999950e+132
3.962639999999999906e+131
3.962639999999999906e+131
1.701600000000000032e+132
1.701600000000000032e+132
1.701600000000000032e+132
6.263190000000000371e+131
4.927620000000000226e+131
3.932940000000000214e+131
4.702879999999999835e+131
2.029140000000000132e+132
2.029140000000000132e+132
2.029140000000000132e+132
8.692840000000000554e+132
1.768039999999999948e+133
5.349319999999999660e+133
5.349319999999999660e+133
2.237830000000000023e+134
2.237830000000000023e+134
1.297950000000000001e+134
4.069149999999999916e+134
4.069149999999999916e+134
4.367539999999999766e+134
4.367539999999999766e+134
1.393630000000000011e+134
5.959989999999999764e+134
5.959989999999999764e+134
5.959989999999999764e+134
5.959989999999999764e+134
1.643770000000000043e+134
1.643770000000000043e+134
5.708349999999999872e+133
2.365099999999999801e+134
2.365099999999999801e+134
2.365099999999999801e+134
2.365099999999999801e+134
2.365099999999999801e+134
5.464269999999999802e+133
1.312690000000000040e+133
5.319819999999999712e+133
2.241069999999999803e+134
2.595600000000000030e+134
6.293339999999999983e+133
6.293339999999999983e+133
2.726270000000000164e+134
1.177269999999999988e+135
2.791879999999999836e+134
1.179359999999999968e+135
1.179359999999999968e+135
1.179359999999999968e+135
1.179359999999999968e+135
7.648929999999999415e+134
2.558369999999999899e+135
5.987230000000000137e+134
3.982729999999999906e+134
3.447309999999999935e+134
1.734560000000000023e+134
2.167590000000000150e+134
6.999659999999999738e+134
6.999659999999999738e+134
6.999659999999999738e+134
3.026159999999999875e+135
3.026159999999999875e+135
3.026159999999999875e+135
3.026159999999999875e+135
1.336959999999999953e+135
1.336959999999999953e+135
1.336959999999999953e+135
1.336959999999999953e+135
7.485660000000000562e+134
7.485660000000000562e+134
7.485660000000000562e+134
3.591049999999999836e+134
1.500100000000000041e+135
3.541099999999999758e+135
1.518970000000000006e+136
1.518970000000000006e+136
5.632750000000000000e+135
1.368179999999999929e+136
1.368179999999999929e+136
3.498989999999999963e+136
3.619990000000000089e+136
1.020869999999999988e+136
3.556400000000000128e+136
3.556400000000000128e+136
9.256949999999999539e+135
4.019649999999999950e+136
4.019649999999999950e+136
1.181229999999999942e+136
5.679519999999999970e+135
5.679519999999999970e+135
1.780679999999999984e+136
1.780679999999999984e+136
7.690059999999999877e+136
3.270989999999999903e+137
3.270989999999999903e+137
1.349469999999999977e+138
5.839720000000000221e+138
5.839720000000000221e+138
1.380220000000000003e+138
1.380220000000000003e+138
1.203420000000000032e+138
5.045579999999999687e+138
5.045579999999999687e+138
3.311480000000000167e+138
6.774979999999999651e+138
8.986359999999999981e+138
2.812630000000000139e+139
1.178670000000000052e+140
1.178670000000000052e+140
1.178670000000000052e+140
5.111030000000000058e+140
2.228500000000000034e+141
9.294609999999999714e+141
3.478230000000000025e+142
3.721900000000000000e+142
1.600189999999999942e+143
3.800310000000000049e+142
3.800310000000000049e+142
3.445870000000000178e+142
2.689910000000000159e+142
9.052010000000000201e+142
2.421789999999999886e+143
2.421789999999999886e+143
1.254849999999999941e+143
5.435299999999999817e+143
2.290610000000000148e+144
2.800299999999999923e+144
7.234569999999999988e+144
2.714079999999999791e+145
9.075779999999999883e+144
1.168299999999999940e+145
4.891990000000000071e+145
4.891990000000000071e+145
4.891990000000000071e+145
4.891990000000000071e+145
4.891990000000000071e+145
4.891990000000000071e+145
3.302770000000000277e+145
5.770620000000000549e+145
2.435910000000000090e+146
1.023159999999999931e+147
1.020640000000000007e+147
1.023159999999999931e+147
1.020640000000000007e+147
2.507800000000000124e+147
2.497660000000000015e+147
2.497660000000000015e+147
2.503839999999999889e+147
6.161860000000000180e+147
6.136970000000000348e+147
1.507909999999999932e+148
1.501809999999999993e+148
1.505530000000000000e+148
3.705059999999999750e+148
9.112809999999999550e+148
2.236849999999999786e+149
2.227800000000000074e+149
2.227809999999999948e+149
2.227809999999999948e+149
2.227800000000000074e+149
2.233319999999999955e+149
2.233319999999999955e+149
2.227800000000000074e+149
5.465279999999999851e+149
1.339400000000000032e+150
1.341519999999999997e+150
3.291029999999999639e+150
3.296229999999999896e+150
8.086369999999999393e+150
8.119200000000000587e+150
8.099149999999999339e+150
8.119210000000000371e+150
8.119210000000000371e+150
8.099160000000000576e+150
8.099160000000000576e+150
8.119200000000000587e+150
8.099149999999999339e+150
8.119210000000000371e+150
8.119210000000000371e+150
1.994970000000000028e+151
4.896890000000000281e+151
4.877070000000000166e+151
4.889150000000000125e+151
4.877070000000000166e+151
1.196450000000000061e+152
1.201309999999999905e+152
2.956380000000000116e+152
7.282839999999999569e+152
7.253430000000000214e+152
1.782229999999999987e+153
1.779420000000000139e+153
4.279709999999999940e+153
4.492339999999999928e+153
4.398490000000000119e+153
4.398490000000000119e+153
1.062160000000000002e+154
1.085299999999999937e+154
1.091009999999999926e+154
2.643110000000000007e+154
2.644669999999999909e+154
6.269670000000000397e+154
6.309519999999999729e+154
1.556140000000000016e+155
3.715609999999999965e+155
3.836090000000000016e+155
1.428060000000000077e+156
3.584149999999999996e+156
3.397000000000000165e+156
3.397789999999999963e+156
3.396750000000000012e+156
3.489839999999999897e+156
3.490549999999999875e+156
8.692490000000000366e+156
8.692490000000000366e+156
2.042489999999999905e+157
2.086929999999999969e+157
4.841820000000000210e+157
4.842139999999999796e+157
1.781339999999999922e+158
4.456650000000000421e+158
1.100289999999999973e+159
2.657219999999999812e+159
2.564949999999999908e+159
6.193260000000000278e+159
6.325789999999999908e+159
6.498060000000000384e+159
1.590410000000000042e+160
3.839729999999999694e+160
9.648690000000000470e+160
1.053330000000000027e+161
4.382489999999999765e+160
1.073020000000000023e+161
2.555610000000000223e+161
2.648049999999999799e+161
6.144630000000000283e+161
6.276389999999999595e+161
2.584919999999999879e+161
1.096940000000000011e+161
2.694790000000000230e+161
2.694790000000000230e+161
2.768069999999999912e+161
5.665660000000000208e+161
6.166150000000000117e+161
5.830260000000000002e+161
5.830260000000000002e+161
1.275329999999999949e+162
1.261660000000000044e+162
1.278999999999999959e+162
2.972219999999999885e+162
3.000589999999999999e+162
3.479409999999999806e+162
3.781990000000000067e+162
9.069649999999999950e+162
3.303399999999999883e+163
8.207429999999999391e+163
3.376830000000000077e+164
1.226479999999999951e+165
2.731199999999999899e+165
3.019199999999999933e+165
2.987669999999999944e+165
3.280749999999999816e+165
3.321140000000000133e+165
1.361410000000000021e+165
1.361410000000000021e+165
1.361410000000000021e+165
1.463309999999999909e+165
1.964530000000000119e+165
1.587450000000000016e+165
1.587450000000000016e+165
6.426919999999999608e+164
6.426919999999999608e+164
1.476880000000000029e+165
1.443239999999999972e+165
1.775079999999999950e+165
1.472030000000000015e+165
1.558629999999999969e+165
1.724000000000000091e+165
7.193980000000000461e+164
7.626940000000000022e+164
7.848170000000000417e+164
3.533449999999999987e+164
8.092849999999999754e+164
2.893900000000000085e+165
2.988980000000000114e+165
1.501020000000000084e+165
1.378019999999999920e+165
1.488010000000000037e+165
4.704799999999999965e+165
1.179350000000000071e+166
3.316809999999999982e+165
3.546969999999999896e+165
6.010110000000000296e+165
7.010919999999999687e+165
6.356620000000000126e+165
2.660309999999999891e+166
4.662399999999999715e+166
6.020410000000000320e+166
1.484120000000000098e+167
3.716689999999999959e+167
9.401299999999999510e+167
8.406939999999999939e+167
8.317230000000000180e+167
1.864460000000000005e+168
7.689979999999999551e+168
3.092009999999999832e+168
1.230890000000000003e+169
5.077179999999999910e+169
1.116530000000000022e+170
2.824690000000000002e+170
3.119659999999999870e+170
3.804650000000000190e+170
3.875559999999999833e+170
3.875559999999999833e+170
1.528500000000000106e+171
5.303869999999999928e+170
5.621289999999999710e+170
5.621289999999999710e+170
4.577140000000000229e+170
1.548039999999999994e+171
3.829529999999999822e+171
3.829529999999999822e+171
1.772589999999999990e+171
1.796199999999999980e+171
2.235319999999999821e+171
1.676040000000000093e+171
1.862310000000000078e+171
4.801210000000000346e+171
1.779770000000000006e+172
1.803800000000000112e+172
4.884339999999999672e+172
8.399259999999999376e+172
1.531409999999999888e+173
1.531409999999999888e+173
1.529739999999999917e+173
9.563380000000000402e+172
8.887349999999999834e+172
9.508630000000000460e+172
2.452969999999999949e+173
2.510350000000000109e+173
2.510350000000000109e+173
6.317009999999999861e+173
7.878829999999999850e+173
1.032220000000000061e+174
9.003079999999999972e+173
9.003079999999999972e+173
1.935590000000000073e+174
9.355720000000000083e+173
1.648799999999999933e+174
1.580049999999999913e+174
1.580049999999999913e+174
3.858299999999999982e+174
4.061280000000000170e+174
4.762960000000000298e+174
4.762960000000000298e+174
4.762960000000000298e+174
1.494450000000000034e+174
1.494450000000000034e+174
1.494450000000000034e+174
1.494450000000000034e+174
1.263460000000000008e+174
2.410709999999999891e+174
2.988269999999999986e+174
2.988269999999999986e+174
8.022679999999999552e+173
2.978469999999999832e+174
4.086610000000000178e+174
4.086610000000000178e+174
8.322970000000000479e+174
8.322970000000000479e+174
4.309350000000000395e+174
4.309350000000000395e+174
1.502219999999999977e+175
1.106639999999999941e+175
2.253299999999999958e+175
2.253299999999999958e+175
1.484589999999999996e+175
1.484589999999999996e+175
1.484589999999999996e+175
3.439779999999999938e+175
1.158430000000000058e+176
1.727510000000000021e+176
3.015760000000000103e+176
3.015760000000000103e+176
2.645510000000000075e+176
2.367280000000000067e+176
5.960919999999999742e+176
8.142130000000000481e+176
1.513260000000000066e+177
1.657130000000000022e+177
5.111659999999999474e+176
2.253780000000000087e+176
6.865269999999999822e+176
2.420670000000000220e+177
5.204170000000000141e+177
5.204170000000000141e+177
5.387040000000000087e+177
1.246960000000000082e+178
1.725060000000000106e+178
5.524959999999999958e+178
5.524959999999999958e+178
5.524959999999999958e+178
9.106000000000000556e+178
1.543029999999999969e+179
1.543029999999999969e+179
1.543029999999999969e+179
8.807350000000000552e+178
2.808069999999999888e+179
2.808069999999999888e+179
8.245340000000000370e+178
1.369589999999999968e+179
1.800339999999999894e+179
4.696140000000000030e+179
4.696140000000000030e+179
1.945269999999999912e+179
5.231529999999999907e+178
1.408360000000000052e+179
5.113129999999999715e+178
2.708939999999999911e+178
9.494190000000000093e+178
8.537569999999999563e+178
8.537569999999999563e+178
8.537569999999999563e+178
1.374650000000000143e+179
1.490839999999999948e+179
1.378309999999999916e+179
3.465429999999999827e+179
3.465429999999999827e+179
8.771100000000000038e+178
4.704789999999999958e+178
4.704789999999999958e+178
1.585720000000000024e+179
1.585720000000000024e+179
1.585720000000000024e+179
4.849859999999999728e+179
1.696309999999999895e+180
1.696309999999999895e+180
4.593059999999999999e+180
1.529719999999999920e+181
4.284050000000000286e+181
2.297029999999999903e+181
1.868809999999999932e+181
7.760519999999999772e+181
3.275729999999999712e+182
1.331640000000000095e+183
1.331640000000000095e+183
5.030149999999999875e+183
2.112879999999999943e+184
2.112879999999999943e+184
8.893459999999999606e+184
8.893459999999999606e+184
3.440569999999999892e+185
5.702680000000000271e+185
2.377819999999999969e+186
2.377819999999999969e+186
2.377819999999999969e+186
5.711780000000000190e+186
5.711780000000000190e+186
2.399009999999999820e+187
2.399009999999999820e+187
9.680420000000000527e+187
3.307970000000000078e+188
1.353139999999999996e+189
1.353139999999999996e+189
4.244599999999999876e+189
3.211479999999999778e+189
1.030799999999999973e+190
1.030799999999999973e+190
2.024330000000000120e+190
8.139090000000000088e+190
1.178589999999999972e+191
2.847440000000000132e+190
1.148839999999999902e+190
4.692269999999999803e+190
1.440889999999999911e+191
4.990479999999999714e+191
2.115809999999999952e+192
2.115809999999999952e+192
8.727629999999999497e+191
2.650609999999999815e+192
2.650609999999999815e+192
1.092530000000000008e+193
1.092530000000000008e+193
2.845710000000000145e+192
1.177580000000000088e+193
4.862730000000000150e+193
4.862730000000000150e+193
1.969180000000000128e+194
8.188910000000000247e+194
2.671319999999999937e+195
2.375860000000000203e+195
2.603819999999999804e+195
1.115099999999999967e+196
4.840510000000000166e+196
2.099369999999999904e+197
2.099369999999999904e+197
8.998379999999999673e+197
3.885559999999999928e+198
1.660740000000000082e+199
7.052399999999999768e+199
7.052399999999999768e+199
1.723989999999999931e+199
5.730639999999999827e+199
2.478399999999999908e+200
2.478399999999999908e+200
2.478399999999999908e+200
2.478399999999999908e+200
5.966620000000000238e+199
5.966620000000000238e+199
2.528879999999999848e+200
1.091489999999999999e+201
4.596359999999999805e+201
1.942660000000000105e+202
5.511089999999999759e+201
5.511089999999999759e+201
6.405800000000000527e+201
2.613409999999999897e+202
2.613409999999999897e+202
9.882100000000000746e+202
2.719850000000000027e+202
2.884859999999999909e+202
2.884859999999999909e+202
8.550779999999999594e+202
3.636500000000000262e+203
3.636500000000000262e+203
1.511569999999999969e+204
6.556909999999999560e+204
6.556909999999999560e+204
1.126060000000000008e+205
2.947470000000000177e+204
1.242700000000000100e+205
1.242700000000000100e+205
9.811090000000000467e+204
3.983920000000000264e+204
1.671270000000000081e+205
6.954829999999999824e+205
2.424530000000000150e+205
1.014849999999999959e+205
1.014849999999999959e+205
3.984769999999999857e+205
1.092919999999999919e+206
2.888789999999999889e+206
2.888789999999999889e+206
1.252550000000000039e+207
5.461930000000000313e+207
5.461930000000000313e+207
5.461930000000000313e+207
2.354269999999999989e+208
1.018699999999999919e+209
4.252940000000000354e+209
4.252940000000000354e+209
4.252940000000000354e+209
1.705740000000000091e+210
1.705740000000000091e+210
7.188349999999999530e+210
2.991670000000000189e+211
7.781030000000000044e+210
7.781030000000000044e+210
3.370589999999999831e+211
1.458310000000000035e+212
6.314359999999999922e+212
2.742970000000000135e+213
1.175330000000000107e+214
1.175330000000000107e+214
1.175330000000000107e+214
1.231809999999999930e+214
5.211439999999999722e+214
1.704660000000000032e+214
7.310310000000000038e+214
7.310310000000000038e+214
1.203040000000000047e+215
1.203040000000000047e+215
3.247989999999999992e+214
1.375339999999999962e+215
5.630160000000000202e+215
2.420710000000000011e+216
1.053550000000000050e+217
4.354039999999999763e+217
8.932000000000000335e+217
2.583390000000000032e+218
1.068540000000000050e+219
8.724309999999999619e+218
4.339060000000000268e+218
1.299240000000000026e+218
5.277400000000000178e+218
2.871699999999999811e+218
6.641149999999999873e+218
2.396119999999999960e+219
2.396119999999999960e+219
2.396119999999999960e+219
8.640480000000000217e+219
3.183709999999999826e+220
1.372779999999999924e+221
5.981000000000000057e+221
2.609319999999999908e+222
2.609319999999999908e+222
1.131570000000000006e+223
4.901889999999999522e+223
2.123969999999999926e+224
2.123969999999999926e+224
2.123969999999999926e+224
8.057740000000000728e+224
3.440669999999999974e+225
1.490739999999999971e+226
1.490739999999999971e+226
1.490739999999999971e+226
5.062749999999999791e+225
5.062749999999999791e+225
2.193770000000000123e+226
9.501560000000000646e+226
4.115540000000000179e+227
1.792120000000000051e+228
7.563400000000000521e+228
7.563400000000000521e+228
7.563400000000000521e+228
7.563400000000000521e+228
3.103289999999999983e+229
6.971549999999999851e+229
3.000470000000000000e+230
3.000470000000000000e+230
2.523029999999999929e+230
7.352579999999999912e+229
2.946689999999999834e+230
1.221419999999999954e+231
3.176739999999999824e+230
1.376140000000000027e+231
5.985260000000000298e+231
2.588539999999999779e+232
1.802659999999999956e+232
4.029730000000000000e+232
4.029730000000000000e+232
3.549849999999999936e+232
1.197580000000000002e+233
1.085500000000000017e+233
4.023610000000000115e+233
5.862360000000000318e+233
1.892909999999999876e+234
5.515520000000000214e+234
5.515520000000000214e+234
5.515520000000000214e+234
2.151080000000000073e+235
9.068369999999999484e+235
9.045970000000000553e+235
9.068380000000000039e+235
9.068380000000000039e+235
9.068380000000000039e+235
9.045979999999999978e+235
9.045990000000000533e+235
9.045990000000000533e+235
9.045979999999999978e+235
2.219169999999999812e+236
5.447219999999999669e+236
5.425179999999999698e+236
5.425190000000000027e+236
5.425190000000000027e+236
5.425179999999999698e+236
1.330909999999999940e+237
3.261719999999999991e+237
3.266889999999999738e+237
3.266889999999999738e+237
3.266879999999999771e+237
3.274970000000000105e+237
3.266879999999999771e+237
8.027030000000000189e+237
8.014360000000000350e+237
7.994559999999999933e+237
7.994559999999999933e+237
1.961239999999999991e+238
1.969200000000000027e+238
1.964339999999999991e+238
1.969200000000000027e+238
1.964339999999999991e+238
1.969200000000000027e+238
1.969200000000000027e+238
1.964339999999999991e+238
1.964339999999999991e+238
1.969200000000000027e+238
1.964339999999999991e+238
1.969200000000000027e+238
1.964339999999999991e+238
1.964339999999999991e+238
4.826569999999999858e+238
4.807049999999999973e+238
4.818950000000000158e+238
4.807049999999999973e+238
1.179270000000000104e+239
1.184059999999999994e+239
2.909340000000000038e+239
2.913930000000000002e+239
7.148500000000000257e+239
1.754679999999999851e+240
1.751910000000000156e+240
1.694939999999999918e+240
1.741610000000000091e+240
1.741889999999999848e+240
1.741610000000000091e+240
1.695149999999999828e+240
1.695669999999999958e+240
1.695039999999999858e+240
1.705180000000000168e+240
6.255029999999999979e+240
2.308690000000000127e+241
2.230800000000000027e+241
2.231569999999999968e+241
2.230730000000000032e+241
5.460239999999999446e+241
2.026739999999999969e+242
2.026739999999999969e+242
2.014769999999999929e+242
2.015520000000000076e+242
2.014909999999999919e+242
2.070239999999999919e+242
2.026979999999999883e+242
2.026979999999999883e+242
2.027060000000000013e+242
1.972370000000000099e+242
2.027279999999999894e+242
4.705060000000000067e+242
4.806110000000000289e+242
4.835020000000000228e+242
1.192709999999999910e+243
1.201240000000000028e+243
2.940329999999999937e+243
2.839080000000000055e+243
6.855150000000000103e+243
7.001840000000000654e+243
7.192520000000000027e+243
1.760380000000000126e+244
4.250249999999999845e+244
1.071689999999999964e+245
2.713360000000000076e+245
2.713360000000000076e+245
6.551399999999999549e+245
1.559429999999999985e+246
1.615840000000000096e+246
3.749459999999999619e+246
3.829759999999999649e+246
3.829759999999999649e+246
9.410490000000000462e+246
9.410490000000000462e+246
3.477139999999999983e+247
3.472719999999999879e+247
3.472719999999999879e+247
3.336039999999999907e+247
3.341369999999999795e+247
3.332989999999999791e+247
3.035999999999999888e+247
3.062489999999999878e+247
3.032949999999999772e+247
3.162959999999999881e+247
1.300789999999999901e+248
6.063979999999999932e+247
6.432239999999999883e+247
6.366150000000000278e+247
6.442309999999999397e+247
6.442309999999999397e+247
2.323360000000000180e+248
2.323360000000000180e+248
2.145550000000000036e+248
2.165640000000000035e+248
2.147069999999999967e+248
2.358359999999999859e+248
2.330190000000000239e+248
7.842459999999999801e+248
7.422179999999999550e+248
1.705420000000000092e+249
1.981399999999999910e+249
9.897650000000000856e+248
9.106940000000000185e+248
2.281550000000000053e+249
9.483129999999999194e+248
9.434769999999999531e+248
2.158630000000000194e+249
2.003839999999999961e+249
9.417470000000000774e+248
8.595219999999999976e+248
9.560619999999999402e+248
9.560619999999999402e+248
4.327970000000000086e+248
4.592549999999999600e+248
2.275709999999999838e+248
1.193910000000000027e+248
2.819479999999999904e+248
1.008669999999999905e+249
1.041740000000000017e+249
1.041740000000000017e+249
1.071820000000000090e+249
1.071820000000000090e+249
1.071820000000000090e+249
1.071820000000000090e+249
1.071820000000000090e+249
9.738550000000000593e+248
5.144990000000000047e+248
5.580650000000000187e+248
5.628039999999999916e+248
5.549339999999999666e+248
4.492889999999999958e+248
4.849860000000000350e+248
4.471850000000000033e+248
5.143710000000000471e+248
5.143710000000000471e+248
2.451610000000000126e+248
2.462179999999999862e+248
2.377800000000000065e+248
2.569060000000000233e+248
1.005249999999999972e+249
3.610349999999999652e+249
1.240379999999999992e+249
9.872360000000000033e+248
1.051600000000000033e+249
9.812690000000000801e+248
1.211540000000000073e+249
1.117229999999999931e+249
1.117229999999999931e+249
9.975379999999999183e+248
9.975379999999999183e+248
1.149080000000000096e+249
6.976780000000000043e+248
6.395119999999999509e+248
1.300150000000000064e+249
3.137549999999999874e+249
7.645289999999999983e+249
7.645289999999999983e+249
6.669669999999999983e+249
6.669669999999999983e+249
5.689399999999999999e+249
7.335620000000000770e+249
7.335620000000000770e+249
2.583379999999999989e+250
2.242920000000000089e+250
1.529789999999999885e+250
2.443489999999999990e+250
8.513519999999999782e+250
3.375799999999999915e+251
3.522520000000000033e+251
3.522520000000000033e+251
9.569449999999999521e+251
9.569449999999999521e+251
9.569449999999999521e+251
4.105329999999999679e+252
1.731930000000000090e+253
4.206040000000000305e+253
2.899650000000000007e+253
3.693159999999999779e+253
3.810040000000000262e+253
3.650719999999999852e+253
1.092019999999999947e+254
1.092019999999999947e+254
3.357550000000000046e+254
3.357550000000000046e+254
3.357550000000000046e+254
3.357550000000000046e+254
4.457319999999999780e+254
4.457319999999999780e+254
3.223750000000000223e+254
3.223750000000000223e+254
3.223750000000000223e+254
3.223750000000000223e+254
4.609549999999999867e+254
1.298189999999999942e+255
1.122160000000000012e+255
2.128200000000000051e+255
2.190990000000000190e+255
2.190990000000000190e+255
2.636230000000000122e+255
9.936860000000000394e+255
1.527850000000000164e+256
2.827459999999999867e+256
5.943829999999999908e+256
1.093689999999999987e+257
5.391220000000000323e+256
1.087480000000000033e+257
3.419860000000000215e+257
2.593549999999999958e+257
9.600860000000000394e+257
2.809100000000000030e+258
2.809100000000000030e+258
7.207470000000000508e+257
2.933269999999999806e+258
8.407539999999999921e+258
4.486359999999999780e+258
6.308540000000000411e+258
6.308540000000000411e+258
2.123950000000000156e+259
2.198199999999999853e+259
6.219950000000000108e+258
2.652990000000000182e+258
7.740840000000000053e+257
7.740840000000000053e+257
7.740840000000000053e+257
7.740840000000000053e+257
7.740840000000000053e+257
2.332919999999999889e+258
8.302359999999999964e+258
1.813860000000000120e+259
3.903030000000000231e+259
3.903030000000000231e+259
3.903030000000000231e+259
3.903030000000000231e+259
1.275469999999999959e+259
3.272759999999999864e+258
3.272759999999999864e+258
1.079630000000000075e+259
7.062099999999999996e+258
1.749760000000000072e+259
1.749760000000000072e+259
1.749760000000000072e+259
1.749760000000000072e+259
5.899139999999999825e+259
5.899139999999999825e+259
1.006750000000000013e+260
1.417099999999999913e+260
3.144069999999999991e+260
9.366610000000000287e+259
2.525469999999999972e+260
6.616720000000000350e+259
2.076299999999999895e+260
2.076299999999999895e+260
1.176379999999999961e+260
3.494960000000000132e+260
3.329790000000000056e+260
8.961870000000000160e+260
3.244749999999999788e+261
5.733309999999999673e+261
2.764009999999999962e+261
9.551769999999999514e+260
5.228069999999999865e+260
2.114929999999999929e+260
2.114929999999999929e+260
1.400739999999999924e+260
2.783559999999999809e+260
7.656910000000000091e+260
7.656910000000000091e+260
3.070059999999999838e+261
9.079899999999999514e+261
1.289499999999999946e+262
2.972320000000000105e+262
2.508880000000000112e+262
2.508880000000000112e+262
5.940570000000000060e+261
5.940570000000000060e+261
5.940570000000000060e+261
2.502019999999999855e+262
1.057210000000000035e+263
4.229939999999999721e+263
1.675440000000000037e+264
1.012910000000000029e+264
1.633650000000000022e+264
2.333149999999999875e+264
6.875630000000000216e+264
6.875630000000000216e+264
3.598119999999999938e+264
5.580929999999999777e+264
1.952320000000000111e+265
8.236169999999999998e+265
1.988500000000000101e+265
8.396819999999999708e+265
8.396819999999999708e+265
3.480179999999999821e+266
1.495200000000000106e+267
6.109719999999999760e+267
2.127110000000000132e+268
8.430739999999999519e+268
8.430739999999999519e+268
4.167570000000000110e+268
2.070989999999999942e+268
8.219690000000000026e+268
3.243839999999999797e+269
5.217109999999999775e+269
1.976590000000000070e+270
3.505259999999999812e+270
3.505259999999999812e+270
8.857699999999999567e+269
3.454899999999999878e+270
2.154759999999999916e+270
6.330460000000000029e+270
2.164009999999999922e+271
2.164009999999999922e+271
2.164009999999999922e+271
7.530619999999999731e+271
3.086539999999999804e+272
1.290639999999999888e+273
1.290639999999999888e+273
3.082189999999999829e+272
1.232380000000000042e+273
2.310000000000000043e+273
7.243489999999999878e+273
1.087049999999999938e+274
1.087049999999999938e+274
1.087049999999999938e+274
1.087049999999999938e+274
1.087049999999999938e+274
4.470690000000000363e+274
1.931919999999999868e+275
8.360819999999999848e+275
3.549640000000000224e+276
1.065779999999999965e+277
4.138939999999999681e+277
1.514159999999999939e+278
6.371970000000000226e+278
6.371970000000000226e+278
5.495139999999999906e+278
1.559639999999999984e+279
6.593540000000000134e+279
2.858340000000000190e+280
7.125430000000000100e+279
2.968499999999999999e+280
1.276350000000000029e+281
5.518020000000000297e+281
2.388829999999999945e+282
1.031039999999999966e+283
4.346439999999999616e+283
1.867040000000000150e+284
7.510779999999999439e+284
1.459909999999999889e+285
1.333889999999999952e+285
5.583450000000000414e+285
2.366969999999999799e+286
8.963610000000000451e+286
8.963610000000000451e+286
6.794879999999999875e+286
2.661990000000000158e+287
1.101139999999999945e+288
4.690830000000000019e+288
8.776740000000000239e+288
3.330939999999999936e+289
1.396989999999999920e+290
1.396989999999999920e+290
3.989160000000000110e+289
1.040980000000000011e+289
4.335890000000000188e+289
1.835040000000000005e+290
7.976550000000000634e+290
7.976550000000000634e+290
3.347400000000000264e+291
6.100369999999999778e+291
5.770690000000000340e+291
1.406690000000000046e+292
3.611590000000000084e+291
3.611590000000000084e+291
3.611590000000000084e+291
1.562970000000000065e+292
6.675399999999999916e+292
2.904799999999999915e+293
1.266279999999999976e+294
5.496330000000000253e+294
2.287460000000000048e+295
9.757830000000000331e+295
4.147799999999999772e+296
1.799060000000000032e+297
1.799060000000000032e+297
1.401170000000000106e+297
5.783830000000000472e+297
2.489679999999999922e+298
1.082749999999999943e+299
1.082749999999999943e+299
1.082749999999999943e+299
2.560630000000000023e+298
1.078599999999999925e+299
4.672929999999999699e+299
2.023429999999999913e+300
8.789200000000000225e+300
3.826120000000000196e+301
3.826120000000000196e+301
1.364099999999999952e+302
2.769159999999999845e+302
1.173449999999999943e+303
1.173449999999999943e+303
5.047910000000000255e+303
2.163660000000000060e+304
3.399050000000000051e+304
1.446020000000000092e+305
1.446020000000000092e+305
6.143580000000000010e+305
1.477949999999999966e+306
6.210950000000000262e+306
2.675329999999999929e+307
2.675329999999999929e+307
1.085780000000000019e+307
2.921460000000000194e+307
1.204780000000000088e+308
1.204780000000000088e+308
1.204780000000000088e+308
2.861960000000000134e+307
1.184290000000000014e+308
inf
inf
inf
inf
inf
inf
inf
inf
inf
inf
inf
inf
inf
inf
inf
inf
inf
inf
inf
inf
inf
inf
inf
inf
inf
inf
inf
inf
inf
inf
inf
inf
inf
inf
inf
inf
inf
inf
inf
inf
inf
inf
inf
inf
inf
inf
inf
inf
inf
inf
inf
inf
inf
inf
inf
inf
inf
inf
inf
inf
inf
inf
inf
inf
inf
inf
inf
inf
inf
inf
inf
inf
inf
inf
inf
inf
inf
inf
inf
inf
inf
inf
inf
inf
inf
inf
inf
inf
inf
inf
inf
inf
inf
inf
inf
inf
inf
inf
inf
inf
inf
inf
inf
inf
inf
inf
inf
inf
inf
inf
inf
inf
inf
inf
inf
inf
inf
inf
inf
inf
inf
inf
inf
inf
inf
inf
inf
inf
inf
inf
inf
inf
inf
inf
inf
inf
inf
inf
inf
inf
inf
inf
inf
inf
inf
inf
inf
inf
inf
inf
inf
inf
inf
inf
inf
inf
inf
inf
inf
inf
inf
inf
inf
inf
inf
inf
inf
inf
inf
inf
inf
inf
inf
inf
inf
inf
inf
inf
inf
inf
inf
inf
inf
inf
inf
inf
inf
inf
inf
inf
inf
inf
inf
inf
inf
inf
inf
inf
inf
inf
inf
inf
inf
inf
inf
inf
inf
inf
inf
inf
inf
inf
inf
inf
inf
inf
inf
inf
inf
inf
inf
inf
inf
inf
inf
inf
inf
inf
inf
inf
inf
inf
inf
inf
inf
inf
inf
inf
inf
inf
inf
inf
inf
inf
inf
inf
inf
inf
inf
inf
inf
inf
inf
inf
inf
inf
inf
inf
inf
inf
inf
inf
inf
inf
inf
inf
inf
inf
inf
inf
inf
inf
inf
inf
inf
inf
inf
inf
inf
inf
inf
inf
inf
inf
inf
inf
inf
inf
inf
inf
inf
inf
inf
inf
inf
inf
inf
inf
inf
inf
inf
inf
inf
inf
inf
inf
inf
inf
inf
inf
inf
inf
inf
inf
inf
inf
inf
inf
inf
inf
inf
inf
inf
inf
inf
inf
inf
inf
inf
inf
inf
inf
inf
inf
inf
inf
inf
inf
inf
inf
inf
inf
inf
inf
inf
inf
inf
inf
inf
inf
inf
inf
inf
inf
inf
inf
inf
inf
inf
inf
inf
inf
inf
inf
inf
inf
inf
inf
inf
inf
inf
inf
inf
inf
inf
inf
inf
inf
inf
inf
inf
inf
inf
inf
inf
inf
inf
inf
inf
inf
inf
inf
inf
inf
inf
inf
inf
inf
inf
inf
inf
inf
inf
inf
inf
inf
inf
inf
inf
inf
inf
inf
inf
inf
inf
inf
inf
inf
inf
inf
inf
inf
inf
inf
inf
inf
inf
inf
inf
inf
inf
inf
inf
inf
inf
inf
inf
inf
inf
inf
inf
inf
inf
inf
inf
inf
inf
inf
inf
inf
inf
inf
inf
inf
inf
inf
inf
inf
inf
inf
inf
inf
inf
inf
inf
inf
inf
inf
inf
inf
inf
inf
inf
inf
inf
inf
inf
inf
inf
inf
inf
inf
inf
inf
inf
inf
inf
inf
inf
inf
inf
inf
inf
inf
inf
inf
inf
inf
inf
inf
inf
inf
inf
inf
inf
inf
inf
inf
inf
inf
inf
inf
inf
inf
inf
inf
inf
inf
inf
inf
inf
inf
inf
inf
inf
inf
inf
inf
inf
inf
inf
inf
inf
inf
inf
inf
inf
inf
inf
inf
inf
inf
inf
inf
inf
inf
inf
inf
inf
inf
inf
inf
inf
inf
inf
inf
inf
inf
inf
inf
inf
inf
inf
inf
inf
inf
inf
inf
inf
inf
inf
inf
inf
inf
inf
inf
inf
inf
inf
inf
inf
inf
inf
inf
inf
inf
inf
inf
inf
inf
inf
inf
inf
inf
inf
inf
inf
inf
inf
inf
inf
inf
inf
inf
inf
inf
inf
inf
inf
inf
inf
inf
inf
inf
inf
inf
inf
inf
inf
inf
inf
inf
inf
inf
inf
inf
inf
inf
inf
inf
inf
inf
inf
inf
inf
inf
inf
inf
inf
inf
inf
inf
inf
inf
inf
inf
inf
inf
inf
inf
inf
inf
inf
inf
inf
inf
inf
inf
inf
inf
inf
inf
inf
inf
inf
inf
inf
inf
inf
inf
inf
inf
inf
inf
inf
inf
inf
inf
inf
inf
inf
inf
inf
inf
inf
inf
inf
inf
inf
inf
inf
inf
inf
inf
inf
inf
inf
inf
inf
inf
inf
inf
inf
inf
inf
inf
inf
inf
inf
inf
inf
inf
inf
inf
inf
inf
inf
inf
inf
inf
inf
inf
inf
inf
inf
inf
inf
inf
inf
inf
inf
inf
inf
inf
inf
inf
inf
inf
inf
inf
inf
inf
inf
inf
inf
inf
inf
inf
inf
inf
inf
inf
inf
inf
inf
inf
inf
inf
inf
inf
inf
inf
inf
inf
inf
inf
inf
inf
inf
inf
inf
inf
inf
inf
inf
inf
inf
inf
inf
inf
inf
inf
inf
inf
inf
inf
inf
inf
inf
inf
inf
inf
inf
inf
inf
inf
inf
inf
inf
inf
inf
inf
inf
inf
inf
inf
inf
inf
inf
inf
inf
inf
inf
inf
inf
inf
inf
inf
inf
inf
inf
inf
inf
inf
inf
inf
inf
inf
inf
inf
inf
inf
inf
inf
inf
inf
inf
inf
inf
inf
inf
inf
inf
inf
inf
inf
inf
inf
inf
inf
inf
inf
inf
inf
inf
inf
inf
inf
inf
inf
inf
inf
inf
inf
inf
inf
inf
inf
inf
inf
inf
inf
inf
inf
inf
inf
inf
inf
inf
inf
inf
inf
inf
inf
inf
inf
inf
inf
inf
inf
inf
inf
inf
inf
inf
inf
inf
inf
inf
inf
inf
inf
inf
inf
inf
inf
inf
inf
inf
inf
inf
inf
inf
inf
inf
inf
inf
inf
inf
inf
inf
inf
inf
inf
inf
inf
inf
inf
inf
inf
inf
inf
inf
inf
inf
inf
inf
inf
inf
inf
inf
inf
inf
inf
inf
inf
inf
inf
inf
inf
inf
inf
inf
inf
inf
inf
inf
inf
inf
inf
inf
inf
inf
inf
inf
inf
inf
inf
inf
inf
inf
inf
inf
inf
inf
inf
inf
inf
inf
inf
inf
inf
inf
inf
inf
inf
inf
inf
inf
inf
inf
inf
inf
inf
inf
inf
inf
inf
inf
inf
inf
inf
inf
inf
inf
inf
inf
inf
inf
inf
inf
inf
inf
inf
inf
inf
inf
inf
inf
inf
inf
inf
inf
inf
inf
inf
inf
inf
inf
inf
inf
inf
inf
inf
inf
inf
inf
inf
inf
inf
inf
inf
inf
inf
inf
inf
inf
inf
inf
inf
inf
inf
inf
inf
inf
inf
inf
inf
inf
inf
inf
inf
inf
inf
inf
inf
inf
inf
inf
inf
inf
inf
inf
inf
inf
inf
inf
inf
inf
inf
inf
inf
inf
inf
inf
inf
inf
inf
inf
inf
inf
inf
inf
inf
inf
inf
inf
inf
inf
inf
inf
inf
inf
inf
inf
inf
inf
inf
inf
inf
inf
inf
inf
inf
inf
inf
inf
inf
inf
inf
inf
inf
inf
inf
inf
inf
inf
inf
inf
inf
inf
inf
inf
inf
inf
inf
inf
inf
inf
inf
inf
inf
inf
inf
inf
inf
inf
inf
inf
inf
inf
inf
inf
inf
inf
inf
inf
inf
inf
inf
inf
inf
inf
inf
inf
inf
inf
inf
inf
inf
inf
inf
inf
inf
inf
inf
inf
inf
inf
inf
inf
inf
inf
inf
inf
inf
inf
inf
inf
inf
inf
inf
inf
inf
inf
inf
inf
inf
inf
inf
inf
inf
inf
inf
inf
inf
inf
inf
inf
inf
inf
inf
inf
inf
inf
inf
inf
inf
inf
inf
inf
inf
inf
inf
inf
inf
inf
inf
inf
inf
inf
inf
inf
inf
inf
inf
inf
inf
inf
inf
inf
inf
inf
inf
inf
inf
inf
inf
inf
inf
inf
inf
inf
inf
inf
inf
inf
inf
inf
inf
inf
inf
inf
inf
inf
inf
inf
inf
inf
inf
inf
inf
inf
inf
inf
inf
inf
inf
inf
inf
inf
inf
inf
inf
inf
inf
inf
inf
inf
inf
inf
inf
inf
inf
inf
inf
inf
inf
inf
inf
inf
inf
inf
inf
inf
inf
inf
inf
inf
inf
inf
inf
inf
inf
inf
inf
inf
inf
inf
inf
inf
inf
inf
inf
inf
inf
inf
inf
inf
inf
inf
inf
inf
inf
inf
inf
inf
inf
inf
inf
inf
inf
inf
inf
inf
inf
inf
inf
inf
inf
inf
inf
inf
inf
inf
inf
inf
inf
inf
inf
inf
inf
inf
inf
inf
inf
inf
inf
inf
inf
inf
inf
inf
inf
inf
inf
inf
inf
inf
inf
inf
inf
inf
inf
inf
inf
inf
inf
inf
inf
inf
inf
inf
inf
inf
inf
inf
inf
inf
inf
inf
inf
inf
inf
inf
inf
inf
inf
inf
inf
inf
inf
inf
inf
inf
inf
inf
inf
inf
inf
inf
inf
inf
inf
inf
inf
inf
inf
inf
inf
inf
inf
inf
inf
inf
inf
inf
inf
inf
inf
inf
inf
inf
inf
inf
inf
inf
inf
inf
inf
inf
inf
inf
inf
inf
inf
inf
inf
inf
inf
inf
inf
inf
inf
inf
inf
inf
inf
inf
inf
inf
inf
inf
inf
inf
inf
inf
inf
inf
inf
inf
inf
inf
inf
inf
inf
inf
inf
inf
inf
inf
inf
inf
inf
inf
inf
inf
inf
inf
inf
inf
inf
inf
inf
inf
inf
inf
inf
inf
inf
inf
inf
inf
inf
inf
inf
inf
inf
inf
inf
inf
inf
inf
inf
inf
inf
inf
inf
inf
inf
inf
inf
inf
inf
inf
inf
inf
inf
inf
inf
inf
inf
inf
inf
inf
inf
inf
inf
inf
inf
inf
inf
inf
inf
inf
inf
inf
inf
inf
inf
inf
inf
inf
inf
inf
inf
inf
inf
inf
inf
inf
inf
inf
inf
inf
inf
inf
inf
inf
inf
inf
inf
inf
inf
inf
inf
inf
inf
inf
inf
inf
inf
inf
inf
inf
inf
inf
inf
inf
inf
inf
inf
inf
inf
inf
inf
inf
inf
inf
inf
inf
inf
inf
inf
inf
inf
inf
inf
inf
inf
inf
inf
inf
inf
inf
inf
inf
inf
inf
inf
inf
inf
inf
inf
inf
inf
inf
inf
inf
inf
inf
inf
inf
inf
inf
inf
inf
inf
inf
inf
inf
inf
inf
inf
inf
inf
inf
inf
inf
inf
inf
inf
inf
inf
inf
inf
inf
inf
inf
inf
inf
inf
inf
inf
inf
inf
inf
inf
inf
inf
inf
inf
inf
inf
inf
inf
inf
inf
inf
inf
inf
inf
inf
inf
inf
inf
inf
inf
inf
inf
inf
inf
inf
inf
inf
inf
inf
inf
inf
inf
inf
inf
inf
inf
inf
inf
inf
inf
inf
inf
inf
inf
inf
inf
inf
inf
inf
inf
inf
inf
inf
inf
inf
inf
inf
inf
inf
inf
inf
inf
inf
inf
inf
inf
inf
inf
inf
inf
inf
inf
inf
inf
inf
inf
inf
inf
inf
inf
inf
inf
inf
inf
inf
inf
inf
inf
inf
inf
inf
inf
inf
inf
inf
inf
inf
inf
inf
inf
inf
inf
inf
inf
inf
inf
inf
inf
inf
inf
inf
inf
inf
inf
inf
inf
inf
inf
inf
inf
inf
inf
inf
inf
inf
inf
inf
inf
inf
inf
inf
inf
inf
inf
inf
inf
inf
inf
inf
inf
inf
inf
inf
inf
inf
inf
inf
inf
inf
inf
inf
inf
inf
inf
inf
inf
inf
inf
inf
inf
inf
inf
inf
inf
inf
inf
inf
inf
inf
inf
inf
inf
inf
inf
inf
inf
inf
inf
inf
inf
inf
inf
inf
inf
inf
inf
inf
inf
inf
inf
inf
inf
inf
inf
inf
inf
inf
inf
inf
inf
inf
inf
inf
inf
inf
inf
inf
inf
inf
inf
inf
inf
inf
inf
inf
inf
inf
inf
inf
inf
inf
inf
inf
inf
inf
inf
inf
inf
inf
inf
inf
inf
inf
inf
inf
inf
inf
inf
inf
inf
inf
inf
inf
inf
inf
inf
inf
inf
inf
inf
inf
inf
inf
inf
inf
inf
inf
inf
inf
inf
inf
inf
inf
inf
inf
inf
inf
inf
inf
inf
inf
inf
inf
inf
inf
inf
inf
inf
inf
inf
inf
inf
inf
inf
inf
inf
inf
inf
inf
inf
inf
inf
inf
inf
inf
inf
inf
inf
inf
inf
inf
inf
inf
inf
inf
inf
inf
inf
inf
inf
inf
inf
inf
inf
inf
inf
inf
inf
inf
inf
inf
inf
inf
inf
inf
inf
inf
inf
inf
inf
inf
inf
inf
inf
inf
inf
inf
inf
inf
inf
inf
inf
inf
inf
inf
inf
inf
inf
inf
inf
inf
inf
inf
inf
inf
inf
inf
inf
inf
inf
inf
inf
inf
inf
inf
inf
inf
inf
inf
inf
inf
inf
inf
inf
inf
inf
inf
inf
inf
inf
inf
inf
inf
inf
inf
inf
inf
inf
inf
inf
inf
inf
inf
inf
inf
inf
inf
inf
inf
inf
inf
inf
inf
inf
inf
inf
inf
inf
inf
inf
inf
inf
inf
inf
inf
inf
inf
inf
inf
inf
inf
inf
inf
inf
inf
inf
inf
inf
inf
inf
inf
inf
inf
inf
inf
inf
inf
inf
inf
inf
inf
inf
inf
inf
inf
inf
inf
inf
inf
inf
inf
inf
inf
inf
inf
inf
inf
inf
inf
inf
inf
inf
inf
inf
inf
inf
inf
inf
inf
inf
inf
inf
inf
inf
inf
inf
inf
inf
inf
inf
inf
inf
inf
inf
inf
inf
inf
inf
inf
inf
inf
inf
inf
inf
inf
inf
inf
inf
inf
inf
inf
inf
inf
inf
inf
inf
inf
inf
inf
inf
inf
inf
inf
inf
inf
inf
inf
inf
inf
inf
inf
inf
inf
inf
inf
inf
inf
inf
inf
inf
inf
inf
inf
inf
inf
inf
inf
inf
inf
inf
inf
inf
inf
inf
inf
inf
inf
inf
inf
inf
inf
inf
inf
inf
inf
inf
inf
inf
inf
inf
inf
inf
inf
inf
inf
inf
inf
inf
inf
inf
inf
inf
inf
inf
inf
inf
inf
inf
inf
inf
inf
inf
inf
inf
inf
inf
inf
inf
inf
inf
inf
inf
inf
inf
inf
inf
inf
inf
inf
inf
inf
inf
inf
inf
inf
inf
inf
inf
inf
inf
inf
inf
inf
inf
inf
inf
inf
inf
inf
inf
inf
inf
inf
inf
inf
inf
inf
inf
inf
inf
inf
inf
inf
inf
inf
inf
inf
inf
inf
inf
inf
inf
inf
inf
inf
inf
inf
inf
inf
inf
inf
inf
inf
inf
inf
inf
inf
inf
inf
inf
inf
inf
inf
inf
inf
inf
inf
inf
inf
inf
inf
inf
inf
inf
inf
inf
inf
inf
inf
inf
inf
inf
inf
inf
inf
inf
inf
inf
inf
inf
inf
inf
inf
inf
inf
inf
inf
inf
inf
inf
inf
inf
inf
inf
inf
inf
inf
inf
inf
inf
inf
inf
inf
inf
inf
inf
inf
inf
inf
inf
inf
inf
inf
inf
inf
inf
inf
inf
inf
inf
inf
inf
inf
inf
inf
inf
inf
inf
inf
inf
inf
inf
inf
inf
inf
inf
inf
inf
inf
inf
inf
inf
inf
inf
inf
inf
inf
inf
inf
inf
inf
inf
inf
inf
inf
inf
inf
inf
inf
inf
inf
inf
inf
inf
inf
inf
inf
inf
inf
inf
inf
inf
inf
inf
inf
inf
inf
inf
inf
inf
inf
inf
inf
inf
inf
inf
inf
inf
inf
inf
inf
inf
inf
inf
inf
inf
inf
inf
inf
inf
inf
inf
inf
inf
inf
inf
inf
inf
inf
inf
inf
inf
inf
inf
inf
inf
inf
inf
inf
inf
inf
inf
inf
inf
inf
inf
inf
inf
inf
inf
inf
inf
inf
inf
inf
inf
inf
inf
inf
inf
inf
inf
inf
inf
inf
inf
inf
inf
inf
inf
inf
inf
inf
inf
inf
inf
inf
inf
inf
inf
inf
inf
inf
inf
inf
inf
inf
inf
inf
inf
inf
inf
inf
inf
inf
inf
inf
inf
inf
inf
inf
inf
inf
inf
inf
inf
inf
inf
inf
inf
inf
inf
inf
inf
inf
inf
inf
inf
inf
inf
inf
inf
inf
inf
inf
inf
inf
inf
inf
inf
inf
inf
inf
inf
inf
inf
inf
inf
inf
inf
inf
inf
inf
inf
inf
inf
inf
inf
inf
inf
inf
inf
inf
inf
inf
inf
inf
inf
inf
inf
inf
inf
inf
inf
inf
inf
inf
inf
inf
inf
inf
inf
inf
inf
inf
inf
inf
inf
inf
inf
inf
inf
inf
inf
inf
inf
inf
inf
inf
inf
inf
inf
inf
inf
inf
inf
inf
inf
inf
inf
inf
inf
inf
inf
inf
inf
inf
inf
inf
inf
inf
inf
inf
inf
inf
inf
inf
inf
inf
inf
inf
inf
inf
inf
inf
inf
inf
inf
inf
inf
inf
inf
inf
inf
inf
inf
inf
inf
inf
inf
inf
inf
inf
inf
inf
inf
inf
inf
inf
inf
inf
inf
inf
inf
inf
inf
inf
inf
inf
inf
inf
inf
inf
inf
inf
inf
inf
inf
inf
inf
inf
inf
inf
inf
inf
inf
inf
inf
inf
inf
inf
inf
inf
inf
inf
inf
inf
inf
inf
inf
inf
inf
inf
inf
inf
inf
inf
inf
inf
inf
inf
inf
inf
inf
inf
inf
inf
inf
inf
inf
inf
inf
inf
inf
inf
inf
inf
inf
inf
inf
inf
inf
inf
inf
inf
inf
inf
inf
inf
inf
inf
inf
inf
inf
inf
inf
inf
inf
inf
inf
inf
inf
inf
inf
inf
inf
inf
inf
inf
inf
inf
inf
inf
inf
inf
inf
inf
inf
inf
inf
inf
inf
inf
inf
inf
inf
inf
inf
inf
inf
inf
inf
inf
inf
inf
inf
inf
inf
inf
inf
inf
inf
inf
inf
inf
inf
inf
inf
inf
inf
inf
inf
inf
inf
inf
inf
inf
inf
inf
inf
inf
inf
inf
inf
inf
inf
inf
inf
inf
inf
inf
inf
inf
inf
inf
inf
inf
inf
inf
inf
inf
inf
inf
inf
inf
inf
inf
inf
inf
inf
inf
inf
inf
inf
inf
inf
inf
inf
inf
inf
inf
inf
inf
inf
inf
inf
inf
inf
inf
inf
inf
inf
inf
inf
inf
inf
inf
inf
inf
inf
inf
inf
inf
inf
inf
inf
inf
inf
inf
inf
inf
inf
inf
inf
inf
inf
inf
inf
inf
inf
inf
inf
inf
inf
inf
inf
inf
inf
inf
inf
inf
inf
inf
inf
inf
inf
inf
inf
inf
inf
inf
inf
inf
inf
inf
inf
inf
inf
inf
inf
inf
inf
inf
inf
inf
inf
inf
inf
inf
inf
inf
inf
inf
inf
inf
inf
inf
inf
inf
inf
inf
inf
inf
inf
inf
inf
inf
inf
inf
inf
inf
inf
inf
inf
inf
inf
inf
inf
inf
inf
inf
inf
inf
inf
inf
inf
inf
inf
inf
inf
inf
inf
inf
inf
inf
inf
inf
inf
inf
inf
inf
inf
inf
inf
inf
inf
inf
inf
inf
inf
inf
inf
inf
inf
inf
inf
inf
inf
inf
inf
inf
inf
inf
inf
inf
inf
inf
inf
inf
inf
inf
inf
inf
inf
inf
inf
inf
inf
inf
inf
inf
inf
inf
inf
inf
inf
inf
inf
inf
inf
inf
inf
inf
inf
inf
inf
inf
inf
inf
inf
inf
inf
inf
inf
inf
inf
inf
inf
inf
inf
inf
inf
inf
inf
inf
inf
inf
inf
inf
inf
inf
inf
inf
inf
inf
inf
inf
inf
inf
inf
inf
inf
inf
inf
inf
inf
inf
inf
inf
inf
inf
inf
inf
inf
inf
inf
inf
inf
inf
inf
inf
inf
inf
inf
inf
inf
inf
inf
inf
inf
inf
inf
inf
inf
inf
inf
inf
inf
inf
inf
inf
inf
inf
inf
inf
inf
inf
inf
inf
inf
inf
inf
inf
inf
inf
inf
inf
inf
inf
inf
inf
inf
inf
inf
inf
inf
inf
inf
inf
inf
inf
inf
inf
inf
inf
inf
inf
inf
inf
inf
inf
inf
inf
inf
inf
inf
inf
inf
inf
inf
inf
inf
inf
inf
inf
inf
inf
inf
inf
inf
inf
inf
inf
inf
inf
inf
inf
inf
inf
inf
inf
inf
inf
inf
inf
inf
inf
inf
inf
inf
inf
inf
inf
inf
inf
inf
inf
inf
inf
inf
inf
inf
inf
inf
inf
inf
inf
inf
inf
inf
inf
inf
inf
inf
inf
inf
inf
inf
inf
inf
inf
inf
inf
inf
inf
inf
inf
inf
inf
inf
inf
inf
inf
inf
inf
inf
inf
inf
inf
inf
inf
inf
inf
inf
inf
inf
inf
inf
inf
inf
inf
inf
inf
inf
inf
inf
inf
inf
inf
inf
inf
inf
inf
inf
inf
inf
inf
inf
inf
inf
inf
inf
inf
inf
inf
inf
inf
inf
inf
inf
inf
inf
inf
inf
inf
inf
inf
inf
inf
inf
inf
inf
inf
inf
inf
inf
inf
inf
inf
inf
inf
inf
inf
inf
inf
inf
inf
inf
inf
inf
inf
inf
inf
inf
inf
inf
inf
inf
inf
inf
inf
inf
inf
inf
inf
inf
inf
inf
inf
inf
inf
inf
inf
inf
inf
inf
inf
inf
inf
inf
inf
inf
inf
inf
inf
inf
inf
inf
inf
inf
inf
inf
inf
inf
inf
inf
inf
inf
inf
inf
inf
inf
inf
inf
inf
inf
inf
inf
inf
inf
inf
inf
inf
inf
inf
inf
inf
inf
inf
inf
inf
inf
inf
inf
inf
inf
inf
inf
inf
inf
inf
inf
inf
inf
inf
inf
inf
inf
inf
inf
inf
inf
inf
inf
inf
inf
inf
inf
inf
inf
inf
inf
inf
inf
inf
inf
inf
inf
inf
inf
inf
inf
inf
inf
inf
inf
inf
inf
inf
inf
inf
inf
inf
inf
inf
inf
inf
inf
inf
inf
inf
inf
inf
inf
inf
inf
inf
inf
