     0.0000000        0.22524173        0.00131501
     0.1000000        0.12951092        0.00116592
     0.2000000        0.07597279        0.00098955
     0.3000000        0.04561540        0.00079040
     0.4000000        0.02787939        0.00067122
     0.5000000        0.01720851        0.00060097
     0.6000000        0.01082038        0.00050660
     0.7000000        0.00684389        0.00043488
     0.8000000        0.00439088        0.00036050
     0.9000000        0.00287289        0.00028326
     1.0000000        0.00194088        0.00020899
     1.1000000        0.00128863        0.00017024
     1.2000000        0.00083111        0.00014994
     1.3000000        0.00057795        0.00014454
     1.4000000        0.00047618        0.00014898
     1.5000000        0.00042023        0.00011192
     1.6000000        0.00024660        0.00006124
     1.7000000        0.00012100        0.00006537
     1.8000000        0.00006102        0.00007288
     1.9000000        0.00005239        0.00006688
     2.0000000        0.00001615        0.00006296
     2.1000000       -0.00001796        0.00006142
     2.2000000       -0.00006465        0.00005419
     2.3000000       -0.00008496        0.00005309
     2.4000000       -0.00006751        0.00004339
     2.5000000       -0.00004946        0.00003473
     2.6000000       -0.00004207        0.00003126
     2.7000000       -0.00003877        0.00003049
     2.8000000       -0.00003706        0.00003251
     2.9000000       -0.00003389        0.00003135
     3.0000000       -0.00002865        0.00002820
     3.1000000       -0.00002323        0.00002947
     3.2000000       -0.00002194        0.00003663
     3.3000000       -0.00002210        0.00003965
     3.4000000       -0.00002588        0.00004036
     3.5000000       -0.00001707        0.00003554
     3.6000000       -0.00001842        0.00003581
     3.7000000       -0.00001357        0.00003239
     3.8000000       -0.00000775        0.00002517
     3.9000000        0.00001129        0.00001951
     4.0000000        0.00001415        0.00001906
     4.1000000        0.00001801        0.00001659
     4.2000000        0.00001903        0.00001627
     4.3000000        0.00001633        0.00001681
     4.4000000        0.00001431        0.00001426
     4.5000000        0.00001768        0.00001366
     4.6000000        0.00001360        0.00001368
     4.7000000        0.00000445        0.00001499
     4.8000000        0.00000750        0.00001600
     4.9000000        0.00001251        0.00001482
     5.0000000        0.00001996        0.00001257
     5.1000000        0.00002595        0.00001205
     5.2000000        0.00002407        0.00001349
     5.3000000        0.00001980        0.00001326
     5.4000000        0.00001381        0.00001370
     5.5000000        0.00000838        0.00001326
     5.6000000        0.00000976        0.00001031
     5.7000000        0.00000716        0.00001129
     5.8000000        0.00000642        0.00001480
     5.9000000        0.00001359        0.00001712
     6.0000000        0.00001334        0.00001539
     6.1000000        0.00000786        0.00001404
     6.2000000       -0.00000461        0.00001896
     6.3000000       -0.00001803        0.00002830
     6.4000000       -0.00000593        0.00002478
     6.5000000        0.00000392        0.00001888
     6.6000000        0.00000437        0.00002326
     6.7000000        0.00000968        0.00002321
     6.8000000        0.00001450        0.00002041
     6.9000000        0.00001560        0.00002079
     7.0000000        0.00000984        0.00002058
     7.1000000        0.00000454        0.00002035
     7.2000000       -0.00001951        0.00002982
     7.3000000       -0.00003848        0.00003801
     7.4000000       -0.00005188        0.00004045
     7.5000000       -0.00004612        0.00004737
     7.6000000       -0.00003279        0.00003995
     7.7000000       -0.00000879        0.00002515
     7.8000000       -0.00001179        0.00003457
     7.9000000       -0.00004038        0.00006980
     8.0000000       -0.00001969        0.00007918
     8.1000000        0.00000741        0.00009704
     8.2000000        0.00002616        0.00008243
     8.3000000        0.00006839        0.00009145
     8.4000000        0.00009001        0.00012196
     8.5000000        0.00017124        0.00011595
     8.6000000        0.00031831        0.00012238
     8.7000000        0.00051080        0.00011601
     8.8000000        0.00077202        0.00012731
     8.9000000        0.00120801        0.00012400
     9.0000000        0.00184680        0.00014931
     9.1000000        0.00272312        0.00018945
     9.2000000        0.00427190        0.00026516
     9.3000000        0.00654119        0.00043879
     9.4000000        0.01044418        0.00050673
     9.5000000        0.01671131        0.00064152
     9.6000000        0.02734340        0.00068850
     9.7000000        0.04530739        0.00072077
     9.8000000        0.07596675        0.00082629
     9.9000000        0.12953363        0.00101973
    10.0000000        0.22524173        0.00131501
