     0.0000000        2.00000000        0.00000000
     0.1000000        1.76564407        0.00217490
     0.2000000        1.58113274        0.00638900
     0.3000000        1.43810749        0.00471728
     0.4000000        1.31200605        0.00386571
     0.5000000        1.20552168        0.00358899
     0.6000000        1.10433091        0.00600407
     0.7000000        1.02032209        0.00566928
     0.8000000        0.94046417        0.00562720
     0.9000000        0.86782390        0.00447297
     1.0000000        0.80428976        0.00268026
     1.1000000        0.74743133        0.00336166
     1.2000000        0.69913477        0.00755375
     1.3000000        0.65173355        0.00624001
     1.4000000        0.59971037        0.00755011
     1.5000000        0.55683396        0.00821934
     1.6000000        0.51680715        0.01012653
     1.7000000        0.48406939        0.01173494
     1.8000000        0.44951748        0.01143912
     1.9000000        0.41681326        0.00794920
     2.0000000        0.38822511        0.00679267
     2.1000000        0.36138949        0.00928425
     2.2000000        0.33802891        0.00934113
     2.3000000        0.31638297        0.00594008
     2.4000000        0.29915154        0.00678490
     2.5000000        0.28113970        0.00696706
     2.6000000        0.26427873        0.00720201
     2.7000000        0.24654054        0.00628019
     2.8000000        0.22916981        0.00587486
     2.9000000        0.21292235        0.00806293
     3.0000000        0.19949546        0.01033058
     3.1000000        0.18802804        0.01364577
     3.2000000        0.17846338        0.01397153
     3.3000000        0.17119571        0.01333597
     3.4000000        0.16101423        0.01011820
     3.5000000        0.15018926        0.01223318
     3.6000000        0.14515868        0.01282839
     3.7000000        0.14010638        0.00967337
     3.8000000        0.13265755        0.00892064
     3.9000000        0.12993057        0.00741455
     4.0000000        0.12385359        0.00715614
     4.1000000        0.12292258        0.00820038
     4.2000000        0.11526163        0.00754502
     4.3000000        0.10887802        0.00747316
     4.4000000        0.10954907        0.00540081
     4.5000000        0.10475713        0.00456124
     4.6000000        0.10594394        0.00554078
     4.7000000        0.10502786        0.00512206
     4.8000000        0.10288193        0.00590276
     4.9000000        0.09828993        0.00623988
     5.0000000        0.10051074        0.00605743
     5.1000000        0.10237729        0.00684640
     5.2000000        0.10132542        0.00643507
     5.3000000        0.10119315        0.00824754
     5.4000000        0.10806165        0.01016534
     5.5000000        0.11107817        0.01110214
     5.6000000        0.11200590        0.01387541
     5.7000000        0.11686322        0.01121480
     5.8000000        0.11565192        0.01040050
     5.9000000        0.11476482        0.01121396
     6.0000000        0.12168262        0.01306438
     6.1000000        0.12842876        0.01496286
     6.2000000        0.13521467        0.01623287
     6.3000000        0.14668348        0.01364739
     6.4000000        0.15406326        0.01202722
     6.5000000        0.15876080        0.01154992
     6.6000000        0.16204353        0.01079454
     6.7000000        0.17060682        0.01286943
     6.8000000        0.17988261        0.01287978
     6.9000000        0.18767705        0.01688643
     7.0000000        0.19583678        0.01689789
     7.1000000        0.21548331        0.01873253
     7.2000000        0.23162606        0.01906936
     7.3000000        0.24392721        0.01489666
     7.4000000        0.26190777        0.01598913
     7.5000000        0.27827851        0.01268630
     7.6000000        0.29865019        0.01172277
     7.7000000        0.31769412        0.01158528
     7.8000000        0.34135750        0.00594103
     7.9000000        0.37472272        0.00430034
     8.0000000        0.39621525        0.00471424
     8.1000000        0.41875043        0.00708453
     8.2000000        0.44699211        0.01033642
     8.3000000        0.48105184        0.00857908
     8.4000000        0.51907204        0.01018041
     8.5000000        0.55657431        0.01173346
     8.6000000        0.60128211        0.01273186
     8.7000000        0.64651473        0.01235258
     8.8000000        0.69459942        0.00969420
     8.9000000        0.74679245        0.01162527
     9.0000000        0.80296687        0.01398900
     9.1000000        0.87085460        0.01724747
     9.2000000        0.93750478        0.01735039
     9.3000000        1.01354609        0.01392076
     9.4000000        1.10343534        0.01031485
     9.5000000        1.19745925        0.01186859
     9.6000000        1.30160102        0.00705130
     9.7000000        1.42954580        0.00420385
     9.8000000        1.57621533        0.00584122
     9.9000000        1.76808513        0.00323535
    10.0000000        2.00000000        0.00000000
